70
85
98
114
120
150
179
205
267
398
450
453
509
514
580
595
647
690
710
730
826
873
895
936
970
990
1022
1232
1267
1363
1437
1445
1481
1501
1539
1565
1614
1640
1672
1719
1758
1838
1909
1943
1970
1979
2025
2034
2115
2177
2351
2401
2448
2585
2629
2638
2645
2752
2753
2936
2961
3016
3030
3082
3100
3146
3201
3273
3312
3382
3439
3495
3533
3605
3608
3662
3707
3744
3999
4033
4136
4150
4171
4233
4279
4311
4345
4400
4419
4481
4483
4510
4611
4614
4636
4648
4689
4736
4761
4782
4924
4953
4977
4989
4998
5048
5096
5196
5288
5297
5353
5365
5392
5436
5531
5562
5649
5662
5678
5735
5757
5823
5922
6019
6074
6100
6153
6223
6280
6307
6332
6362
6420
6460
6524
6566
6631
6649
6691
6713
6822
6910
6937
6948
7025
7047
7090
7137
7165
7170
7199
7217
7261
7301
7381
7414
7421
7438
7476
7514
7519
7526
7552
7558
7562
7611
7636
7701
7801
7873
7906
7952
8029
8089
8164
8203
8253
8296
8334
8338
8344
8392
8419
8445
8463
8471
8529
8562
8581
8584
8695
8719
8760
8787
8972
8998
9104
9263
9297
9300
9314
9341
9376
9385
9389
9405
9444
9449
9453
9458
9474
9532
9547
9594
9625
9664
9671
9704
9752
9819
9832
9876
9955
9981
10003
10033
10111
10203
10238
10280
10291
10325
10351
10413
10444
10515
10563
10599
10632
10666
10787
10820
10839
10872
10943
10996
11024
11043
11143
11178
11229
11235
11309
11322
11427
11442
11490
11507
11556
11569
11623
11645
11706
11732
11795
11857
11921
11973
12019
12067
12097
12130
12241
12258
12326
12384
12473
12541
12614
12675
12752
12783
12864
12932
12946
12976
13010
13034
13079
13085
13127
13140
13178
13252
13281
13306
13345
13414
13437
13525
13610
13612
13665
13737
13742
13754
13774
13801
13864
13872
13936
13968
14072
14106
14141
14175
14224
14239
14248
14379
14445
14458
14522
14608
14635
14662
14783
14815
14909
14927
14941
15015
15054
15156
15352
15360
15426
15479
15558
15647
15655
15805
15811
15856
15874
15913
15933
16005
16059
16088
16119
16133
16220
16290
16401
16410
16443
16469
16490
16521
16572
16585
16675
16695
16727
16771
16805
16841
16913
17011
17041
17065
17123
17253
17297
17382
17390
17450
17475
17528
17594
17630
17651
17691
17757
17788
17875
17940
18019
18066
18119
18137
18184
18315
18317
18331
18355
18399
18422
18457
18487
18526
18561
18626
18690
18772
18790
18798
18838
18857
18892
19016
19090
19106
19142
19170
19202
19261
19308
19328
19397
19420
19442
19504
19518
19532
19588
19628
19659
19737
19741
19799
19827
19854
19898
20047
20086
20132
20178
20194
20309
20320
20337
20387
20440
20528
20556
20598
20686
20687
20706
20743
20810
20867
20934
21103
21149
21164
21299
21341
21367
21431
21451
21503
21551
21574
21607
21642
21669
21680
21765
21930
21970
21974
22023
22066
22112
22146
22287
22301
22303
22357
22390
22437
22504
22619
22692
22747
22760
22872
22938
23141
23300
23321
23385
23450
23463
23488
23532
23571
23586
23601
23638
23685
23719
23749
23771
23844
23865
23903
23951
24006
24090
24117
24161
24214
24247
24288
24343
24494
24526
24582
24621
24664
24700
24765
24869
24977
25076
25085
25087
25165
25222
25273
25353
25391
25433
25498
25529
25559
25646
25698
25765
25795
25824
25925
26017
26121
26158
26229
26284
26320
26322
26426
26470
26546
26571
26606
26669
26672
26697
26744
26827
26905
26906
26988
27018
27040
27106
27124
27183
27213
27272
27356
27366
27411
27432
27485
27526
27545
27579
27639
27688
27743
27750
27790
27832
27882
27976
28027
28038
28136
28299
28370
28436
28469
28514
28536
28545
28548
28573
28640
28748
28828
28840
28860
28905
28950
28996
29082
29084
29116
29144
29159
29221
29298
29415
29477
29678
29733
29802
29920
29995
30015
30020
30087
30092
30173
30205
30216
30222
30313
30380
30382
30387
30426
30446
30550
30694
30726
30763
30794
30813
30841
30880
30896
30938
30955
31024
31041
31075
31106
31147
31192
31240
31266
31300
31357
31406
31419
31496
31518
31537
31573
31604
31658
31672
31722
31761
31886
31907
31946
31978
32022
32157
32166
32193
32296
32309
32333
32459
32529
32738
32753
32799
32859
32899
32908
32938
33039
33074
33145
33226
33304
33376
33440
33464
33567
33639
33733
33770
33773
33822
33898
33904
33934
33989
34004
34187
34263
34281
34339
34354
34397
34489
34553
34576
34607
34624
34649
34682
34714
34740
34806
34887
34923
34967
35018
35053
35111
35139
35215
35223
35308
35318
35367
35425
35458
35526
35544
35588
35737
35782
35866
35914
35916
35969
36047
36145
36218
36292
36349
36372
36378
36404
36433
36489
36538
36558
36633
36635
36640
36760
36775
36855
36857
36862
36907
36916
36921
36925
36933
36958
36999
37030
37063
37142
37153
37202
37388
37398
37419
37436
37473
37497
37526
37536
37565
37661
37664
37697
37719
37755
37770
37820
37843
37935
38013
38032
38047
38118
38155
38200
38201
38256
38277
38324
38368
38428
38463
38466
38476
38494
38538
38556
38604
38635
38724
38743
38796
38846
38870
38909
38915
38944
39119
39143
39222
39276
39356
39414
39496
39530
39550
39613
39630
39684
39711
39739
39771
39819
39965
39999
40028
40130
40177
40189
40201
40282
40412
40423
40439
40450
40462
40506
40542
40565
40581
40614
40648
40791
40818
40974
40998
41009
41034
41050
41090
41126
41185
41288
41397
41433
41480
41519
41575
41617
41686
41770
41829
41866
41914
41945
42012
42020
42025
42101
42175
42185
42227
42293
42405
42451
42465
42476
42505
42528
42530
42584
42648
42650
42688
42726
42835
42916
42934
42950
42993
43025
43048
43093
43121
43168
43188
43200
43332
43338
43368
43474
43613
43653
43667
43696
43715
43800
43830
43833
43909
43950
43969
43973
44014
44081
44104
44439
44510
44548
44568
44609
44644
44687
44701
44730
44747
44806
44856
44892
44894
44909
44947
45004
45023
45049
45088
45155
45195
45260
45289
45294
45297
45328
45382
45394
45414
45478
45504
45520
45582
45606
45659
45718
45760
45790
45850
45897
45908
45997
46046
46050
46106
46133
46134
46150
46184
46206
46212
46215
46436
46465
46517
46558
46565
46571
46744
46866
46929
46956
46983
47017
47083
47165
47197
47228
47273
47277
47296
47318
47493
47520
47607
47631
47648
47695
47714
47745
47768
47770
47886
47905
47934
48014
48031
48034
48085
48132
48157
48241
48309
48415
48684
48726
48751
48875
48897
48965
49006
49045
49093
49105
49135
49191
49204
49223
49300
49369
49436
49482
49492
49513
49582
49604
49639
49775
49934
49950
50042
50091
50160
50244
50271
50281
50322
50343
50405
50438
50454
50456
50499
50512
50521
50539
50571
50583
50613
50619
50704
50799
50824
50889
50911
50934
51001
51051
51123
51161
51230
51249
51436
51450
51537
51608
51685
51816
51825
51972
51986
52019
52044
52113
52144
52163
52177
52191
52242
52327
52340
52405
52462
52477
52488
52502
52528
52567
52583
52620
52681
52730
52767
52957
53002
53019
53053
53107
53210
53227
53279
53294
53315
53358
53432
53476
53491
53506
53518
53602
53648
53684
53778
53815
53819
53884
53938
53973
54010
54047
54131
54202
54235
54269
54334
54380
54438
54450
54501
54506
54542
54557
54648
54685
54732
54753
54843
54956
54961
54990
55008
55014
55038
55137
55156
55175
55208
55233
55258
55329
55406
55468
55516
55548
55659
55745
55823
55843
55913
55953
55999
56029
56065
56200
56308
56377
56445
56490
56628
56634
56693
56718
56741
56781
56908
56930
56999
57068
57098
57131
57154
57162
57200
57265
57344
57453
57537
57561
57636
57664
57688
57727
57790
57860
57869
57936
57953
57965
58000
58017
58062
58095
58112
58154
58178
58195
58220
58264
58351
58387
58444
58476
58499
58563
58596
58678
58687
58760
58779
58780
58810
58853
58985
58997
59002
59060
59130
59161
59189
59223
59225
59253
59262
59330
59347
59394
59430
59523
59570
59584
59744
59824
59873
59879
59883
59977
60175
60208
60226
60269
60385
60417
60451
60456
60558
60572
60633
60636
60646
60718
60753
60788
60793
60855
60864
60912
60936
60937
61023
61032
61084
61116
61170
61214
61232
61264
61347
61376
61385
61412
61432
61440
61464
61532
61576
61623
61655
61661
61721
61746
61786
61821
61838
61897
61935
61975
62030
62089
62128
62188
62204
62462
62481
62508
62538
62553
62638
62677
62683
62714
62724
62733
62751
62767
62782
62995
63070
63072
63160
63247
63273
63309
63354
63373
63375
63420
63424
63462
63491
63521
63566
63609
63614
63695
63741
63780
63872
63954
64014
64034
64070
64070
64173
64213
64237
64343
64413
64464
64493
64500
64535
64538
64554
64616
64692
64715
64754
64823
64924
64941
64983
65016
65035
65044
65057
65135
65147
65225
65230
65246
65261
65283
65308
65390
65428
65447
65470
65484
65505
65534
65577
65636
65756
65868
65883
65956
66006
66052
66086
66205
66377
66445
66466
66499
66602
66604
66768
66796
66841
67007
67059
67080
67099
67124
67133
67219
67359
67383
67398
67436
67509
67559
67635
67672
67694
67711
67787
68013
68045
68083
68111
68138
68188
68213
68285
68295
68346
68384
68405
68447
68455
68510
68647
68674
68733
68750
68764
68918
68921
68924
68997
69008
69097
69131
69153
69221
69297
69365
69392
69400
69417
69476
69506
69527
69543
69602
69644
69663
69707
69727
69760
69793
69876
69930
69994
70068
70143
70177
70198
70218
70219
70303
70352
70359
70397
70405
70518
70545
70550
70570
70596
70628
70658
70677
70679
70825
70910
71001
71073
71141
71161
71200
71235
71292
71310
71363
71395
71465
71563
71633
71675
71758
71797
71842
71865
71922
71932
72097
72120
72194
72233
72248
72333
72380
72414
72456
72478
72510
72615
72690
72695
72704
72780
72899
72920
72930
72993
73011
73033
73112
73157
73187
73210
73250
73299
73329
73346
73357
73420
73441
73465
73496
73531
73558
73574
73612
73631
73660
73692
73718
73778
73806
73822
73862
73898
73913
73970
73987
74076
74110
74144
74238
74241
74380
74393
74441
74469
74544
74641
74664
74711
74763
74795
74863
74876
74916
74936
74990
75038
75100
75203
75228
75291
75353
75403
75410
75441
75479
75553
75560
75583
75648
75695
75746
75784
75813
75895
75950
75984
76066
76116
76133
76160
76238
76244
76304
76431
76461
76508
76638
76659
76673
76720
76787
76887
76919
76939
76990
77018
77026
77138
77238
77266
77281
77323
77362
77456
77465
77501
77514
77540
77571
77641
77674
77688
77711
77744
77783
77816
77841
77872
77880
77910
77968
78006
78042
78199
78292
78324
78375
78406
78439
78465
78474
78493
78506
78527
78531
78549
78552
78598
78625
78683
78723
78743
78799
78820
78839
78867
78895
78916
78926
78937
78942
78987
79029
79109
79128
79221
79271
79295
79333
79361
79387
79437
79450
79465
79584
79589
79627
79716
79738
79742
79763
79771
79822
79870
79897
79948
79988
80049
80091
80103
80129
80150
80172
80189
80266
80293
80349
80414
80439
80450
80489
80570
80579
80607
80641
80648
80686
80767
80801
80832
80839
80851
80878
80904
80952
81006
81013
81034
81060
81073
81085
81094
81160
81196
81260
81263
81274
81290
81311
81317
81416
81438
81516
81524
81607
81652
81654
81699
81751
81841
81878
81946
82034
82100
82141
82188
82246
82260
82272
82299
82369
82458
82505
82579
82599
82604
82637
82670
82721
82751
82809
82866
82912
82934
83043
83098
83103
83194
83208
83239
83264
83321
83340
83374
83388
83442
83539
83554
83557
83586
83625
83665
83720
83811
83867
83920
83964
84000
84044
84056
84101
84221
84249
84271
84291
84324
84365
84378
84391
84438
84479
84516
84555
84704
84751
84871
84907
84921
84944
84955
85010
85080
85181
85203
85231
85300
85309
85342
85411
85446
85485
85571
85594
85649
85661
85748
85770
85834
85849
85909
85965
85995
86060
86078
86089
86091
86141
86186
86197
86204
86251
86285
86287
86313
86357
86373
86391
86428
86430
86459
86477
86487
86506
86524
86559
86582
86647
86659
86720
86737
86774
86809
86876
86915
86931
86989
87032
87075
87086
87144
87204
87229
87280
87286
87385
87504
87521
87560
87572
87594
87610
87650
87668
87675
87704
87727
87786
87842
87879
87966
87970
87985
88030
88100
88159
88210
88243
88277
88314
88347
88393
88418
88475
88483
88602
88740
88761
88857
88898
89071
89114
89134
89149
89204
89227
89228
89251
89281
89304
89313
89410
89559
89602
89654
89659
89675
89693
89720
89734
89739
89905
90019
90075
90125
90167
90195
90218
90333
90377
90393
90529
90592
90641
90713
90795
90802
90836
90853
90874
90897
90925
90955
91295
91340
91381
91404
91433
91440
91493
91545
91584
91599
91643
91683
91721
91761
91785
91820
91838
91862
91865
91901
91986
92022
92068
92116
92118
92155
92167
92216
92253
92300
92321
92399
92408
92453
92498
92576
92637
92707
92742
92797
92835
92908
92943
92962
93003
93063
93070
93138
93174
93203
93246
93276
93380
93431
93488
93492
93584
93626
93658
93703
93722
93734
93740
93759
93775
93792
93824
93869
93910
93955
93994
94030
94042
94132
94154
94177
94188
94204
94226
94246
94309
94336
94402
94427
94458
94482
94518
94612
94615
94679
94682
94770
94844
94949
94990
95038
95063
95185
95229
95268
95298
95377
95381
95454
95456
95475
95522
95536
95565
95597
95702
95748
95832
95889
95941
95981
96004
96024
96054
96142
96178
96274
96364
96377
96409
96477
96478
96534
96579
96626
96675
96756
96806
96839
96881
96886
96888
96971
96993
97040
97103
97184
97202
97247
97383
97421
97441
97471
97488
97527
97553
97615
97640
97778
97837
97894
97960
97989
98099
98101
98139
98215
98246
98248
98256
98320
98342
98347
98406
98438
98496
98565
98590
98660
98684
98689
98733
98747
98757
98803
98856
98872
98890
98964
99095
99114
99181
99237
99306
99333
99366
99395
99429
99500
99548
99549
99561
99579
99596
99623
99686
99697
99709
99775
99838
99883
99947
99997
100000
100057
100076
100100
100174
100201
100243
100277
100303
100306
100387
100422
100508
100535
100629
100704
100711
100757
100763
100868
100876
100894
100930
100971
101015
101064
101116
101153
101157
101206
101245
101302
101349
101373
101408
101443
101478
101511
101514
101550
101566
101610
101621
101624
101684
101741
101761
101784
101855
101870
101875
102003
102042
102094
102109
102146
102195
102246
102279
102298
102363
102397
102549
102606
102644
102695
102766
102872
102918
103009
103020
103047
103084
103095
103100
103152
103303
103342
103401
103431
103463
103489
103559
103583
103609
103610
103640
103668
103674
103757
103780
103794
103865
103912
103974
104072
104093
104145
104192
104249
104280
104282
104297
104413
104580
104608
104684
104756
104812
104874
104877
104940
104998
105059
105061
105090
105143
105165
105211
105239
105257
105296
105321
105410
105454
105531
105556
105608
105690
105711
105845
105889
105923
106000
106023
106064
106070
106088
106131
106140
106161
106169
106183
106193
106218
106326
106351
106383
106414
106529
106559
106626
106652
106655
106682
106715
106745
106761
106813
106896
106914
106938
107016
107064
107134
107182
107232
107251
107303
107375
107421
107461
107467
107542
107564
107583
107678
107782
107788
107873
107890
107930
107990
107995
108027
108065
108085
108116
108200
108208
108217
108252
108339
108345
108449
108546
108551
108580
108678
108778
108818
108972
109008
109032
109106
109214
109245
109322
109380
109514
109516
109541
109577
109606
109642
109789
109866
109887
109894
109945
109965
109994
110054
110084
110121
110161
110176
110181
110223
110247
110295
110328
110342
110353
110359
110396
110432
110469
110504
110549
110554
110573
110631
110659
110782
110805
110861
110868
110901
110935
110961
111260
111295
111335
111380
111393
111430
111462
111474
111486
111513
111560
111594
111631
111664
111728
111759
111845
111907
111935
111944
112028
112081
112161
112374
112418
112462
112536
112562
112595
112641
112653
112804
112894
112900
112980
112989
113040
113050
113091
113160
113200
113242
113272
113318
113335
113413
113426
113441
113453
113495
113562
113647
113703
113724
113744
113764
113835
113929
114027
114058
114090
114197
114366
114384
114415
114448
114601
114617
114645
114677
114702
114737
114793
114808
114853
114904
114948
114960
114962
115038
115093
115139
115146
115159
115206
115227
115289
115293
115360
115408
115537
115664
115772
115856
115915
115932
115964
116018
116064
116249
116324
116388
116415
116461
116541
116557
116595
116608
116635
116651
116722
116749
116772
116779
116822
116842
116861
116886
116963
117029
117033
117041
117113
117133
117204
117245
117266
117353
117368
117474
117597
117627
117648
117663
117744
117885
117926
118008
118132
118196
118266
118307
118357
118516
118520
118584
118655
118704
118735
118760
118810
118845
118852
118857
118882
118910
118974
118982
118991
119049
119054
119105
119106
119202
119259
119345
119372
119401
119466
119555
119614
119692
119721
119752
119779
119871
120016
120045
120089
120098
120170
120198
120302
120346
120351
120376
120400
120446
120461
120465
120547
120551
120624
120628
120688
120755
120810
120843
120874
120896
120923
120941
120952
120966
120988
121003
121027
121042
121061
121118
121184
121220
121261
121283
121333
121350
121372
121400
121425
121520
121563
121647
121786
121808
121842
121883
121929
121993
122047
122097
122124
122200
122240
122265
122297
122313
122380
122382
122395
122424
122428
122463
122556
122584
122616
122663
122704
122733
122747
122797
122817
122865
122891
122932
122967
123047
123070
123138
123182
123233
123248
123270
123274
123393
123475
123504
123598
123682
123727
123826
123934
123993
124022
124044
124097
124117
124222
124289
124302
124317
124345
124365
124374
124421
124422
124433
124443
124451
124455
124477
124542
124562
124569
124654
124704
124726
124793
124922
124963
124990
125054
125067
125147
125160
125161
125204
125209
125220
125253
125277
125289
125407
125441
125490
125508
125609
125626
125724
125774
125844
125885
125922
125954
125974
125983
126061
126079
126120
126175
126207
126241
126251
126304
126322
126348
126363
126396
126399
126435
126448
126464
126471
126488
126613
126650
126675
126703
126732
126764
126819
126826
126843
126963
126972
126985
126999
127027
127064
127147
127181
127213
127238
127271
127282
127361
127374
127375
127402
127454
127517
127548
127588
127652
127668
127764
127798
127855
127872
127928
127959
127994
128022
128040
128084
128184
128226
128275
128414
128477
128493
128591
128732
128817
128861
128958
128984
128995
129001
129118
129170
129193
129218
129233
129334
129415
129487
129540
129598
129682
129725
129742
129760
129805
129937
129970
130009
130072
130100
130143
130219
130221
130311
130354
130399
130466
130493
130547
130635
130725
130764
130808
130830
130877
130912
131020
131079
131114
131188
131213
131272
131298
131365
131403
131476
131560
131680
131722
131732
131769
131859
132029
132094
132099
132179
132198
132340
132377
132415
132420
132423
132501
132577
132609
132627
132656
132779
132784
132815
132836
132895
132951
133043
133058
133144
133179
133220
133261
133321
133363
133392
133463
133481
133527
133537
133574
133638
133687
133729
133828
133924
134001
134160
134201
134296
134361
134435
134441
134514
134555
134723
134730
134795
134859
134902
134964
134984
135051
135068
135127
135137
135199
135223
135296
135354
135414
135452
135524
135546
135600
135632
135717
135721
135725
135769
135771
135823
135947
136021
136053
136088
136134
136177
136203
136283
136348
136373
136389
136512
136698
136835
136849
136895
136960
137056
137160
137236
137409
137487
137615
137637
137766
137782
137851
137864
138002
138062
138075
138181
138198
138215
138269
138320
138332
138427
138467
138495
138569
138625
138719
138747
138804
138898
138956
139000
139137
139245
139266
139294
139405
139412
139443
139545
139662
139694
139810
139894
139954
139961
140012
140038
140098
140139
140370
140513
140563
140686
140783
140869
140877
140925
140948
140977
141004
141141
141193
141206
141222
141282
141361
141378
141443
141548
141689
141789
141805
141921
142019
142142
142165
142211
142309
142356
142426
142431
142506
142597
142642
142736
142809
142923
142951
143005
143150
143221
143292
143345
143371
143510
143621
143713
143789
143840
143862
143870
143886
143909
143939
144048
144073
144132
144219
144241
144341
144504
144599
144642
144697
144757
144800
144816
144827
144905
145021
145053
145091
145158
145195
145277
145292
145296
145376
145500
145563
145634
145651
145802
145930
146002
146014
146031
146054
146163
146283
146413
146465
146577
146592
146639
146671
146758
146785
146816
146832
146837
146882
146888
146940
147009
147114
147271
147277
147289
147389
147447
147489
147652
147657
147829
147841
147896
147915
147955
147993
148001
148039
148065
148068
148096
148141
148185
148262
148304
148341
148370
148387
148402
148427
148577
148646
148792
148827
148895
148930
148982
149026
149060
149126
149143
149202
149230
149257
149331
149340
149350
149367
149436
149466
149566
149632
149688
149701
149729
149756
149869
149904
149962
150017
150018
150034
150069
150170
150184
150231
150260
150286
150329
150366
150497
150574
150675
150687
150793
150807
150868
151021
151027
151046
151086
151111
151170
151301
151351
151369
151435
151532
151575
151599
151644
151690
151785
151860
151927
151935
152004
152038
152062
152079
152187
152210
152269
152285
152366
152396
152401
152416
152495
152585
152641
152689
152711
152735
152763
152786
152859
152886
152907
152996
153048
153081
153082
153135
153257
153312
153363
153428
153471
153508
153538
153640
153690
153730
153762
153773
153795
153885
153907
153955
154043
154064
154105
154169
154192
154268
154416
154454
154494
154552
154666
154841
154842
154951
155002
155004
155038
155070
155115
155154
155203
155328
155413
155435
155455
155503
155557
155614
155639
155651
155731
155734
155760
155816
155832
155873
155921
156072
156104
156110
156173
156197
156240
156294
156363
156400
156553
156697
156740
156817
156847
156962
157050
157097
157121
157190
157231
157311
157383
157401
157451
157462
157495
157534
157595
157701
157736
157817
157930
158083
158097
158154
158182
158218
158261
158287
158325
158413
158513
158535
158583
158642
158667
158732
158741
158874
158906
158958
158970
159095
159167
159226
159265
159324
159354
159389
159415
159432
159485
159530
159562
159611
159714
159733
159813
159830
159871
159893
159950
159987
160070
160143
160248
160287
160329
160400
160475
160515
160639
160718
160865
160999
161051
161227
161243
161338
161480
161490
161592
161685
161716
161724
161740
161764
161903
161958
161985
162105
162161
162215
162219
162233
162278
162294
162328
162346
162493
162524
162563
162652
162731
162811
162820
162851
162871
162985
163004
163035
163051
163073
163107
163213
163231
163304
163557
163559
163614
163631
163706
163737
163738
163745
163775
163834
163860
163922
163967
163981
164025
164114
164117
164258
164331
164347
164430
164453
164491
164540
164579
164637
164731
164741
164800
164857
164919
164996
165113
165214
165272
165315
165331
165368
165488
165539
165586
165646
165697
165973
166005
166024
166099
166126
166159
166187
166205
166231
166261
166297
166323
166327
166399
166417
166422
166450
166486
166547
166558
166579
166621
166740
166907
167054
167120
167143
167263
167278
167279
167296
167319
167358
167408
167458
167461
167604
167697
167825
167850
167905
167971
168002
168039
168097
168126
168147
168202
168218
168269
168298
168377
168397
168440
168491
168528
168561
168568
168592
168627
168650
168697
168744
168781
168829
168869
168891
168909
168995
169104
169106
169130
169189
169251
169296
169362
169443
169450
169564
169594
169611
169638
169709
169733
169736
169852
169883
169897
169965
169973
170011
170075
170160
170180
170247
170261
170266
170274
170283
170293
170303
170313
170342
170372
170418
170453
170480
170502
170556
170623
170658
170659
170667
170711
170745
170767
170856
170895
170923
170934
170996
171011
171058
171115
171133
171167
171216
171257
171350
171381
171390
171406
171414
171424
171441
171467
171492
171562
171614
171646
171676
171682
171720
171733
171739
171781
171809
171899
171944
171957
171982
172008
172048
172088
172111
172130
172194
172208
172228
172259
172279
172293
172326
172355
172398
172520
172554
172578
172667
172678
172689
172746
172823
172875
172899
173013
173081
173158
173204
173282
173345
173378
173443
173501
173554
173630
173670
173685
173769
173831
173915
173978
173980
174012
174033
174088
174121
174153
174160
174235
174296
174357
174386
174407
174434
174476
174479
174524
174556
174576
174618
174652
174772
174778
174832
174850
174853
174904
174946
174984
175028
175085
175123
175178
175246
175306
175442
175490
175563
175605
175664
175675
175685
175718
175801
175945
175997
176075
176147
176273
176301
176342
176445
176517
176544
176566
176615
176688
176720
176782
176812
176852
176882
176940
176979
177015
177036
177149
177179
177223
177273
177294
177366
177369
177444
177511
177549
177611
177628
177643
177861
177894
177991
178126
178155
178235
178273
178288
178361
178399
178565
178670
178771
178787
178887
178937
178971
179018
179066
179156
179159
179205
179209
179212
179434
179466
179518
179582
179646
179708
179735
179762
179834
179925
179940
179988
179990
180050
180164
180177
180253
180279
180317
180365
180392
180458
180540
180678
180697
180747
180852
180913
180932
181010
181144
181198
181245
181257
181314
181319
181471
181496
181652
181747
181768
181835
181865
181901
181904
182002
182031
182078
182085
182187
182196
182249
182347
182353
182397
182486
182504
182566
182608
182707
182755
182792
182826
182861
182920
182939
183003
183023
183025
183046
183076
183203
183215
183217
183305
183323
183379
183417
183429
183485
183504
183540
183569
183593
183617
183656
183658
183683
183726
183791
183816
183832
183873
183899
183982
183995
184081
184110
184128
184163
184268
184299
184331
184405
184420
184465
184484
184540
184581
184583
184621
184664
184730
184804
184872
184919
184935
184953
185035
185041
185050
185080
185158
185228
185278
185326
185359
185401
185495
185662
185709
185727
185740
185788
185855
185873
185884
185919
185983
186036
186063
186083
186137
186257
186375
186409
186474
186477
186504
186559
186591
186610
186677
186772
186793
186868
186915
187016
187101
187150
187186
187248
187356
187365
187402
187433
187498
187554
187578
187586
187690
187903
187988
188103
188138
188165
188216
188229
188271
188369
188422
188481
188516
188542
188554
188625
188665
188766
188929
188936
188953
189007
189036
189130
189185
189199
189236
189244
189270
189314
189318
189426
189439
189509
189519
189625
189695
189719
189724
189750
189782
189791
189867
189928
189982
190007
190103
190153
190199
190251
190255
190335
190363
190407
190447
190508
190634
190696
190744
190762
190765
190774
190797
190839
190899
190925
190971
191119
191134
191192
191249
191285
191354
191422
191443
191513
191559
191586
191639
191690
191724
191742
191781
191796
191807
191844
191895
191925
191952
192024
192071
192087
192096
192104
192134
192163
192249
192303
192454
192574
192583
192633
192681
192705
192755
192793
192822
192854
192864
192889
192924
192938
192971
193018
193061
193066
193086
193095
193188
193202
193251
193271
193295
193310
193353
193425
193512
193562
193595
193623
193673
193709
193898
193940
194035
194054
194089
194200
194235
194317
194480
194551
194578
194646
194672
194695
194730
194773
194830
194881
194899
194926
194972
195002
195026
195080
195156
195231
195241
195280
195336
195366
195399
195432
195466
195528
195561
195619
195639
195693
195700
195729
195762
195826
195902
195966
196002
196064
196129
196148
196197
196222
196318
196344
196428
196493
196503
196559
196597
196617
196678
196807
196817
196822
196874
196894
196933
196943
196997
197156
197250
197266
197333
197373
197381
197482
197495
197524
197601
197611
197635
197637
197724
197739
197770
197842
197914
197982
198024
198082
198159
198169
198170
198191
198206
198268
198300
198326
198330
198357
198370
198441
198493
198634
198705
198717
198756
198789
198907
198988
199010
199138
199199
199230
199276
199279
199321
199363
199364
199475
199514
199570
199612
199653
199665
199705
199728
199732
199741
199784
199815
199816
199888
199900
199914
199929
199946
200018
200105
200107
200160
200180
200267
200295
200329
200374
200582
200624
200663
200688
200720
200734
200808
200837
200871
200879
200905
200932
200950
200958
201008
201045
201123
201164
201199
201292
201334
201383
201403
201419
201477
201497
201510
201540
201546
201572
201601
201629
201741
201783
201922
201954
201993
202005
202045
202069
202184
202215
202240
202265
202271
202292
202345
202448
202494
202528
202590
202620
202622
202696
202780
202822
202987
203047
203064
203089
203150
203161
203246
203253
203300
203316
203348
203500
203516
203579
203594
203653
203669
203671
203706
203713
203743
203800
203868
203881
203936
203937
203973
203995
204113
204125
204179
204185
204206
204224
204276
204295
204325
204344
204348
204376
204403
204411
204425
204446
204462
204518
204544
204627
204663
204699
204721
204778
204838
204927
204953
204998
205042
205057
205067
205071
205105
205141
205145
205163
205212
205218
205245
205250
205251
205324
205340
205472
205522
205593
205606
205685
205702
205704
205707
205723
205734
205751
205842
205872
205890
205955
205966
205974
205989
206012
206104
206178
206310
206343
206366
206397
206458
206469
206512
206649
206661
206686
206884
206940
206972
206994
207058
207126
207174
207218
207242
207255
207264
207314
207341
207391
207417
207431
207454
207471
207555
207579
207589
207611
207635
207713
207719
207775
207826
207836
207874
207900
207925
208008
208048
208062
208087
208104
208126
208248
208291
208330
208415
208468
208516
208560
208671
208686
208741
208767
208898
208939
208949
208983
209025
209046
209079
209096
209180
209254
209314
209365
209410
209431
209461
209466
209584
209652
209689
209775
209795
209816
209838
209876
209899
209938
209971
209990
210046
210076
210142
210151
210191
210284
210300
210346
210426
210493
210538
210547
210586
210603
210604
210619
210636
210738
210828
210836
210919
210927
210950
211001
211008
211039
211142
211143
211215
211276
211294
211349
211373
211451
211481
211505
211514
211582
211616
211656
211672
211696
211731
211752
211784
211815
211881
211890
211893
211967
211988
212023
212048
212137
212186
212285
212329
212333
212338
212395
212404
212405
212478
212548
212551
212581
212610
212709
212738
212803
212828
212970
213074
213098
213150
213170
213203
213234
213295
213347
213369
213454
213486
213576
213681
213754
213772
213855
213895
213906
213917
213944
213989
214058
214101
214103
214108
214141
214224
214347
214430
214460
214548
214585
214600
214627
214673
214738
214833
214870
214913
214965
215003
215030
215063
215097
215115
215124
215196
215212
215278
215321
215323
215374
215416
215499
215559
215614
215669
215747
215791
215849
215856
215890
215935
215953
215986
216007
216128
216162
216166
216224
216275
216290
216386
216399
216403
216464
216486
216542
216715
216809
216863
216888
216976
217022
217034
217106
217156
217221
217389
217400
217462
217557
217558
217560
217603
217660
217811
217854
217936
217938
217974
217995
218172
218180
218228
218363
218609
218694
218754
218793
218842
218888
218957
218994
219050
219090
219139
219140
219180
219223
219266
219307
219389
219420
219532
219548
219610
219730
219746
219801
219846
219918
219944
220016
220049
220086
220102
220173
220206
220272
220306
220415
220459
220512
220541
220623
220683
220802
220866
220999
221080
221166
221190
221226
221346
221396
221397
221448
221532
221655
221684
221729
221795
221867
221910
221929
221944
221974
222000
222142
222155
222319
222528
222639
222735
222782
222841
222850
222889
222931
222988
223105
223176
223277
223405
223423
223523
223545
223644
223721
223865
223889
223987
224047
224167
224177
224248
224374
224408
224495
224510
224546
224565
224651
224664
224712
224729
224746
224752
224776
224793
224825
224879
224941
224970
224990
224996
225007
225045
225122
225172
225222
225225
225238
225285
225314
225334
225397
225481
225496
225500
225566
225580
225635
225646
225674
225727
225771
225860
225970
226021
226029
226047
226099
226151
226171
226251
226274
226333
226402
226409
226468
226617
226656
226676
226732
226733
226762
226764
226781
226790
226872
226902
226957
227009
227018
227030
227043
227070
227112
227152
227211
227238
227343
227385
227430
227498
227517
227583
227641
227675
227679
227715
227723
227737
227738
227743
227761
227764
227774
227783
227808
227823
227850
227953
227954
228003
228037
228051
228091
228203
228230
228250
228268
228309
228362
228380
228439
228525
228560
228598
228629
228674
228756
228759
228779
228799
228871
228907
228908
228914
228951
228984
229136
229158
229192
229217
229248
229275
229298
229355
229399
229418
229455
229503
229535
229558
229588
229603
229636
229684
229709
229728
229775
229784
229793
229832
229853
229873
229901
229923
229950
230002
230017
230046
230103
230140
230158
230202
230237
230268
230361
230413
230426
230466
230558
230646
230717
230900
230933
230974
230980
231049
231085
231102
231139
231199
231263
231313
231397
231453
231524
231532
231565
231583
231684
231711
231804
231904
231948
231968
231998
232028
232031
232079
232154
232175
232191
232263
232285
232311
232333
232355
232373
232412
232434
232461
232466
232479
232507
232548
232619
232707
232740
232760
232785
232811
232826
232876
232900
232940
232956
232980
233026
233043
233045
233116
233145
233176
233200
233248
233311
233326
233367
233423
233455
233485
233561
233580
233614
233622
233652
233739
233778
233819
233831
233885
233989
234011
234037
234078
234186
234214
234262
234279
234324
234363
234426
234435
234443
234491
234523
234595
234625
234667
234719
234748
234767
234782
234856
234877
234981
235076
235101
235113
235186
235211
235262
235294
235302
235336
235378
235401
235452
235475
235563
235641
235681
235695
235747
235874
235890
235979
236040
236058
236086
236139
236166
236203
236244
236293
236318
236363
236400
236421
236431
236448
236458
236484
236503
236522
236617
236623
236632
236654
236715
236731
236755
236767
236774
236831
236874
236966
237290
237297
237329
237519
237522
237703
237720
237752
237793
237823
237841
237889
237921
237944
238100
238133
238182
238199
238224
238382
238439
238470
238526
238544
238561
238631
238662
238727
238790
238864
238885
239017
239070
239109
239143
239156
239186
239223
239322
239331
239381
239396
239435
239516
239539
239638
239640
239753
239796
239849
239923
240018
240039
240052
240084
240209
240215
240299
240354
240364
240418
240471
240514
240537
240579
240603
240615
240673
240688
240722
240741
240817
240843
240954
240956
240977
241008
241069
241103
241144
241199
241233
241251
241262
241272
241304
241399
241497
241539
241558
241573
241724
241746
241776
241899
241932
241933
241970
242001
242063
242087
242095
242160
242164
242250
242316
242359
242400
242514
242607
242644
242756
242798
242827
242942
242980
243011
243025
243204
243238
243275
243371
243416
243421
243469
243486
243521
243627
243635
243689
243712
243757
243792
243852
243885
243943
243967
244072
244106
244163
244182
244244
244288
244328
244388
244421
244464
244485
244621
244749
244823
244975
245052
245133
245222
245233
245290
245313
245336
245406
245618
245698
245745
245781
245840
245942
246031
246188
246218
246336
246450
246563
246663
246694
246715
246732
246775
246800
246839
246899
246924
246960
246980
247034
247085
247111
247125
247136
247150
247254
247266
247286
247338
247355
247367
247371
247421
247482
247571
247707
247826
247875
247885
247931
247981
248016
248037
248075
248134
248245
248296
248338
248454
248541
248667
248727
248792
248819
248876
248935
249056
249086
249208
249257
249281
249352
249395
249429
249485
249541
249649
249709
249751
249769
249779
249965
250049
250130
250197
250211
250288
250411
250541
250563
250668
250805
250844
250888
250941
251009
251032
251047
251117
251173
251219
251276
251370
251398
251447
251525
251539
251561
251641
251716
251756
251783
251822
251864
251885
251950
251956
251987
252016
252037
252048
252120
252197
252297
252340
252372
252414
252462
252512
252533
252601
252665
252753
252811
252824
252837
252839
252905
252933
252978
253048
253122
253227
253357
253439
253496
253500
253550
253653
253670
253713
253740
253768
253797
253828
253929
253996
254000
254015
254078
254119
254163
254182
254207
254279
254305
254348
254393
254420
254430
254498
254528
254588
254629
254674
254700
254847
254862
254948
254964
255011
255117
255219
255357
255475
255586
255678
255774
255877
255919
255934
255977
256025
256091
256105
256205
256356
256446
256489
256531
256543
256605
256651
256673
256687
256717
256722
256752
256806
256834
256909
257048
257070
257081
257099
257150
257212
257303
257332
257393
257428
257480
257517
257577
257628
257675
257744
257785
257818
257951
257982
257999
258008
258035
258135
258154
258201
258243
258312
258329
258358
258377
258397
258402
258467
258674
258756
258820
258837
258971
258990
259038
259118
259131
259162
259188
259210
259249
259304
259360
259417
259442
259464
259489
259554
259598
259659
259672
259703
259755
259913
259941
259968
260029
260079
260103
260190
260310
260337
260385
260435
260441
260463
260502
260526
260684
260718
260799
260836
260909
260911
260947
261018
261086
261132
261160
261193
261214
261242
261315
261351
261385
261422
261447
261515
261615
261636
261662
261687
261738
261797
261820
261938
262036
262065
262109
262173
262242
262415
262432
262459
262477
262535
262591
262639
262801
262836
262928
262983
263044
263099
263158
263348
263381
263438
263441
263469
263484
263506
263588
263659
263671
263726
263775
263853
263890
263923
263984
264015
264092
264156
264189
264283
264382
264398
264447
264480
264482
264560
264600
264684
264711
264737
264778
264819
264857
264906
264928
264945
265004
265061
265062
265110
265133
265138
265237
265288
265313
265328
265345
265373
265409
265410
265435
265486
265553
265602
265627
265686
265775
265816
265861
265902
265915
265946
266064
266158
266191
266212
266232
266257
266325
266337
266359
266405
266432
266450
266485
266561
266710
266807
266818
266874
266914
266937
266985
267012
267069
267150
267174
267204
267230
267268
267315
267322
267364
267438
267482
267615
267653
267758
267871
267971
267992
268022
268107
268271
268332
268355
268368
268385
268405
268459
268495
268639
268660
268664
268717
268740
268772
268800
268842
268874
268966
268977
269022
269054
269096
269143
269152
269170
269193
269267
269338
269371
269405
269454
269476
269518
269539
269580
269699
269752
269761
269763
269781
269806
269848
269858
269884
269944
269979
270049
270088
270133
270269
270303
270350
270431
270530
270597
270625
270675
270777
270799
270839
270918
270970
270978
270992
271009
271044
271119
271152
271170
271188
271221
271255
271281
271376
271398
271455
271464
271515
271602
271632
271668
271703
271773
271864
271893
271916
272096
272281
272434
272464
272544
272591
272641
272677
272691
272833
272909
272951
273067
273081
273092
273147
273152
273254
273268
273271
273281
273373
273416
273520
273540
273570
273598
273717
273750
273768
273820
273829
273884
273940
274010
274052
274079
274104
274130
274154
274167
274189
274255
274302
274361
274413
274425
274429
274460
274546
274585
274592
274604
274654
274747
274804
274850
274869
275004
275046
275057
275098
275284
275346
275451
275522
275525
275572
275590
275692
275701
275730
275785
275818
275851
275894
275954
276059
276079
276090
276160
276228
276260
276356
276405
276464
276491
276519
276631
276714
276723
276761
276809
276841
276882
276907
276919
276943
276977
276991
277039
277198
277220
277238
277303
277334
277733
277838
277867
277925
277964
277965
277984
278008
278050
278087
278137
278163
278205
278229
278231
278320
278343
278365
278390
278477
278546
278625
278699
278713
278748
278853
278882
278958
278975
279068
279114
279124
279196
279221
279249
279262
279290
279322
279381
279499
279632
279660
279704
279716
279763
279788
279841
279860
279864
279940
279965
280015
280090
280145
280167
280184
280240
280247
280293
280374
280394
280457
280466
280516
280561
280596
280682
280756
280776
280822
280858
280886
280920
280962
281035
281062
281129
281167
281202
281269
281347
281367
281389
281452
281486
281510
281568
281586
281627
281685
281721
281762
281800
281829
281924
282136
282182
282196
282208
282290
282295
282410
282487
282612
282615
282673
282704
282719
282721
282754
282799
282811
282907
283023
283072
283185
283213
283256
283294
283368
283460
283499
283590
283610
283709
283711
283741
283766
283787
283813
283901
283913
283950
283984
284016
284071
284076
284154
284197
284249
284302
284386
284473
284568
284598
284629
284640
284703
284724
284740
284773
284819
284857
284894
284907
284991
285032
285056
285334
285354
285416
285430
285482
285492
285523
285571
285588
285654
285693
285757
285784
285788
285870
285901
285968
286008
286015
286087
286142
286187
286197
286289
286362
286409
286444
286456
286510
286545
286583
286642
286653
286712
286737
286743
286845
286937
287002
287081
287135
287146
287184
287195
287208
287315
287409
287506
287522
287584
287629
287686
287758
287765
287816
287887
287949
288030
288077
288132
288243
288317
288358
288372
288457
288552
288607
288627
288683
288697
288795
288848
288897
288919
288951
288990
289057
289108
289165
289171
289173
289199
289222
289285
289350
289364
289434
289438
289452
289478
289537
289543
289556
289570
289641
289704
289723
289737
289789
289811
289815
289836
289916
289930
289939
289950
289955
290011
290059
290112
290115
290124
290131
290169
290171
290175
290179
290203
290237
290296
290397
290403
290406
290412
290422
290437
290443
290456
290478
290495
290550
290575
290597
290623
290660
290707
290727
290779
290798
290812
290842
290859
290860
290894
290907
290914
290965
290989
291011
291109
291132
291140
291146
291150
291155
291163
291177
291178
291182
291206
291261
291282
291288
291321
291343
291371
291390
291440
291475
291495
291517
291534
291590
291659
291705
291752
291813
291833
291918
291974
291994
292006
292015
292037
292042
292062
292073
292114
292150
292154
292185
292215
292224
292321
292338
292346
292358
292381
292390
292467
292516
292540
292562
292570
292591
292628
292733
292810
292872
292978
292994
293042
293065
293080
293092
293104
293122
293144
293145
293161
293322
293375
293404
293411
293433
293465
293516
293530
293581
293595
293628
293664
293678
293770
293795
293818
293840
293898
293929
293996
294012
294020
294063
294077
294089
294122
294136
294182
294245
294278
294279
294326
294333
294380
294489
294495
294593
294662
294700
294775
294794
294800
294831
294835
294892
294925
294927
294968
295025
295053
295090
295125
295134
295168
295222
295275
295317
295350
295413
295451
295475
295490
295537
295889
296052
296203
296242
296346
296412
296445
296450
296514
296566
296654
296726
296761
296790
296803
296835
296938
296946
296972
296997
297017
297031
297039
297056
297064
297075
297122
297161
297197
297285
297315
297319
297320
297346
297376
297397
297402
297413
297419
297429
297433
297459
297486
297551
297648
297660
297697
297712
297727
297753
297769
297793
297801
297811
297830
297904
297912
297920
297929
297937
297954
297960
297979
297995
298047
298080
298135
298175
298194
298275
298330
298351
298397
298414
298445
298493
298611
298729
298772
298774
298798
298837
298854
298933
298960
298978
299009
299041
299062
299102
299132
299150
299166
299192
299227
299277
299307
299324
299376
299389
299410
299423
299439
299471
299497
299526
299533
299590
299615
299643
299684
299745
299754
299763
299777
299797
299802
299813
299820
299851
299873
299896
299925
299933
299941
299944
299966
299967
299970
299984
299996
300072
300140
300154
300179
300185
300224
300267
300288
300301
300340
300399
300417
300483
300505
300519
300549
300597
300603
300618
300628
300677
300681
300699
300728
300760
300779
300804
300859
300900
300917
300940
300984
301006
301028
301080
301086
301124
301172
301192
301269
301333
301340
301395
301398
301412
301429
301555
301599
301616
301704
301713
301725
301817
301844
301855
301897
301934
301954
302029
302062
302110
302164
302236
302277
302305
302363
302421
302486
302501
302516
302537
302564
302575
302580
302596
302605
302636
302658
302719
302752
302777
302785
302786
302813
302893
302987
302998
303078
303139
303151
303187
303219
303245
303292
303314
303353
303429
303459
303494
303502
303507
303525
303633
303644
303658
303686
303739
303782
303811
303814
303858
303868
303966
303994
304040
304060
304129
304146
304157
304163
304187
304212
304235
304245
304337
304372
304377
304440
304456
304468
304491
304506
304527
304533
304609
304621
304638
304687
304736
304739
304781
304844
304874
304895
304908
304980
305002
305029
305050
305064
305092
305104
305131
305146
305148
305169
305177
305190
305200
305216
305235
305267
305274
305339
305354
305375
305395
305419
305509
305543
305610
305690
305716
305801
305806
305848
305879
305893
305981
306053
306101
306162
306415
306526
306570
306690
306741
306765
306789
306795
306843
306880
306955
306965
307008
307015
307040
307101
307109
307183
307224
307231
307260
307284
307342
307355
307413
307457
307486
307533
307537
307556
307567
307609
307642
307708
307744
307889
307926
307945
307977
307979
307982
308095
308179
308242
308264
308336
308409
308495
308505
308543
308613
308636
308707
308790
308802
308803
308862
308960
309007
309027
309030
309039
309117
309134
309144
309267
309318
309346
309355
309431
309487
309537
309652
309685
309690
309736
309756
309781
309787
309946
309970
310066
310148
310173
310179
310241
310291
310359
310395
310474
310549
310573
310592
310634
310645
310649
310731
310745
310819
310855
310908
310978
311034
311070
311113
311181
311242
311279
311314
311337
311368
311387
311412
311440
311493
311528
311773
312056
312102
312217
312219
312237
312257
312310
312412
312441
312530
312567
312609
312643
312652
312670
312710
312820
312892
312912
312929
312941
312990
313046
313050
313059
313119
313196
313213
313305
313360
313455
313473
313503
313530
313550
313554
313576
313582
313595
313598
313608
313622
313677
313687
313757
313779
313790
313943
314004
314012
314123
314198
314232
314239
314282
314289
314422
314467
314567
314643
314726
314743
314790
314812
314853
314884
314973
315078
315079
315204
315249
315337
315387
315453
315454
315504
315517
315643
315687
315778
315808
315860
315876
315949
316005
316029
316113
316239
316262
316360
316421
316433
316462
316551
316723
316779
316843
316860
316981
317044
317119
317193
317248
317289
317311
317374
317459
317481
317489
317570
317664
317744
317824
317829
317905
317958
318034
318103
318177
318208
318228
318236
318278
318286
318326
318388
318456
318501
318503
318540
318570
318645
318753
318898
318971
319075
319090
319145
319177
319270
319274
319368
319372
319398
319442
319508
319587
319592
319781
319804
319853
319887
319902
319920
319979
320034
320102
320162
320177
320213
320254
320371
320500
320583
320674
320678
320757
320855
320874
320878
320924
321001
321078
321269
321357
321396
321428
321505
321552
321574
321588
321611
321630
321691
321740
321783
321827
321873
321902
321951
321999
322019
322047
322099
322214
322324
322328
322395
322449
322469
322621
322714
322738
322798
322815
322878
322901
322915
322934
322971
322988
323080
323119
323181
323252
323357
323376
323382
323411
323430
323449
323456
323494
323512
323529
323555
323590
323606
323625
323692
323749
323756
323817
323819
323858
323974
324020
324058
324102
324114
324213
324295
324329
324341
324344
324396
324473
324499
324545
324572
324578
324648
324720
324779
324828
324842
324876
325090
325174
325273
325288
325307
325364
325371
325465
325494
325546
325583
325869
325946
326052
326081
326130
326250
326329
326333
326398
326445
326453
326504
326513
326542
326565
326582
326641
326773
326870
326896
326915
327002
327032
327098
327195
327197
327339
327442
327510
327534
327585
327764
327848
327970
328088
328194
328272
328283
328342
328385
328484
328511
328581
328680
328714
328760
328827
328864
328874
328997
329118
329170
329256
329302
329330
329431
329584
329599
329655
329738
329757
329762
329824
329842
329874
329918
329944
330010
330086
330107
330196
330233
330280
330317
330356
330382
330416
330437
330438
330541
330677
330717
330751
330806
330812
330852
330932
331026
331072
331146
331289
331327
331358
331430
331490
331542
331557
331699
331757
331820
331847
331870
331898
331966
331993
332071
332089
332166
332189
332242
332323
332370
332390
332441
332500
332609
332637
332730
332770
332924
332936
332988
333045
333156
333225
333327
333411
333474
333561
333583
333648
333677
333721
333735
333744
333885
334011
334089
334232
334300
334332
334355
334411
334427
334463
334473
334599
334652
334658
334685
334815
334836
334925
334987
335014
335043
335121
335150
335340
335385
335425
335495
335539
335561
335566
335578
335623
335627
335678
335686
335723
335800
335909
335948
335987
336023
336063
336086
336157
336171
336199
336220
336269
336274
336296
336315
336329
336335
336368
336382
336413
336443
336450
336569
336691
336736
336848
336875
336898
336960
337073
337141
337185
337207
337235
337286
337387
337507
337553
337589
337656
337663
337673
337699
337732
337770
337853
337877
337902
337915
338003
338007
338048
338079
338092
338100
338154
338188
338200
338210
338271
338291
338312
338351
338352
338369
338417
338538
338594
338672
338711
338768
338917
339007
339025
339040
339126
339188
339281
339288
339330
339387
339421
339490
339502
339599
339664
339688
339739
339834
339909
339931
339996
340003
340044
340060
340086
340212
340246
340285
340434
340489
340498
340510
340599
340690
340737
340789
340834
340884
341021
341071
341085
341133
341258
341300
341303
341326
341360
341416
341481
341518
341559
341564
341592
341637
341729
341772
341849
341953
342000
342089
342143
342197
342225
342227
342317
342318
342407
342420
342451
342513
342711
342775
342818
342887
342900
343025
343080
343293
343588
343701
343736
343808
343891
343964
344015
344105
344166
344216
344286
344327
344452
344504
344630
344808
344909
345008
345192
345239
345277
345297
345334
345341
345355
345378
345453
345512
345530
345595
345611
345660
345707
345750
345754
345832
345864
345980
346101
346181
346313
346375
346438
346482
346564
346588
346683
346684
346755
346769
346797
347034
347075
347245
347273
347366
347400
347508
347546
347583
347644
347699
347788
347798
347848
347893
348024
348154
348181
348254
348334
348365
348404
348476
348502
348595
348604
348619
348653
348693
348725
348757
348788
348982
348995
349069
349135
349260
349300
349319
349364
349420
349471
349554
349632
349658
349685
349745
349762
349799
349833
349976
350061
350103
350136
350213
350232
350449
350538
350568
350593
350620
350741
350762
350795
350828
350841
350851
350918
351006
351068
351082
351106
351144
351180
351229
351287
351301
351305
351340
351455
351461
351527
351553
351603
351623
351633
351682
351714
351765
351990
352023
352140
352168
352170
352269
352294
352370
352397
352520
352577
352642
352645
352752
352825
352848
352860
352902
352939
352999
353104
353127
353170
353179
353223
353369
353428
353483
353497
353499
353533
353589
353631
353680
353710
353772
353845
353855
353901
353956
353998
354024
354120
354145
354262
354324
354397
354414
354484
354521
354551
354602
354603
354708
354828
354894
354913
354946
354993
355018
355073
355083
355143
355160
355187
355215
355353
355413
355446
355452
355477
355523
355529
355531
355551
355590
355655
355750
355777
355822
355865
355904
355941
355986
356109
356144
356176
356246
356303
356360
356379
356427
356469
356495
356626
356639
356702
356714
356732
356793
356870
356901
356948
357012
357056
357077
357102
357129
357143
357164
357203
357247
357278
357313
357346
357351
357365
357374
357381
357418
357444
357485
357526
357623
357673
357766
357884
357990
358085
358116
358180
358208
358225
358277
358281
358309
358348
358425
358436
358488
358534
358606
358660
358813
358888
358931
358943
358985
359008
359062
359088
359116
359135
359228
359273
359318
359362
359460
359510
359579
359658
359690
359698
359728
359767
359788
359834
359859
359893
359938
359963
359996
360056
360146
360152
360221
360230
360286
360298
360486
360681
360761
360820
360890
360963
361025
361069
361149
361181
361306
361409
361467
361511
361635
361661
361683
361698
361738
361749
361809
361853
361865
361938
361970
362080
362137
362161
362223
362269
362289
362421
362474
362529
362572
362624
362673
362694
362856
363050
363130
363154
363328
363370
363454
363525
363631
363707
363758
363804
363871
363960
363991
364104
364177
364261
364275
364313
364326
364396
364413
364525
364550
364684
364721
364723
364768
364815
365096
365228
365354
365428
365451
365537
365562
365596
365651
365698
365703
365726
365838
365859
365950
366005
366143
366190
366317
366337
366409
366439
366477
366512
366680
366773
366835
366970
367059
367144
367211
367300
367360
367403
367446
367498
367558
367624
367677
367727
367768
367780
367831
367969
