576
5568
9452
12003
15157
17269
23604
27817
32889
36239
39728
41226
43257
44850
48090
52997
58313
61918
67084
73105
79669
82330
86288
91800
96597
101020
104414
110105
117933
123124
130503
134217
139428
143587
148319
152238
155972
162876
164897
168297
173564
176908
180787
184461
191315
194435
197959
203820
207060
208887
212351
217064
222116
227787
233343
238255
242683
246452
247500
253795
258597
262875
265202
268936
276868
282040
286972
293212
298838
303910
306765
310205
313010
316430
320109
323508
326718
329504
334815
338829
343456
348903
353480
360135
365531
370493
373493
376379
379534
385164
388374
392038
396976
403465
409151
413873
417453
422674
426788
431385
436108
439028
444105
447709
451199
457069
460678
465765
468785
470892
471486
472874
475659
481515
483906
487780
489353
492957
498049
502916
508367
512251
515531
518616
523248
527257
531086
535414
541224
546970
551208
555267
562460
566169
571416
576438
581210
585094
588454
592612
598867
