70
115
158
204
240
300
359
415
507
668
750
783
869
904
932
1000
1045
1066
1127
1200
1250
1300
1426
1503
1555
1626
1690
1740
1802
1819
2042
2107
2233
2337
2375
2441
2491
2559
2615
2694
2750
2812
2889
2906
2958
3068
3169
3182
3233
3290
3329
3405
3444
3555
3647
3851
3931
4008
4175
4249
4288
4325
4462
4493
4515
4706
4761
4846
4890
4972
5020
5096
5181
5283
5352
5452
5539
5625
5693
5795
5828
5912
5987
6054
6076
6339
6403
6536
6580
6631
6723
6740
6799
6861
6925
7010
7059
7151
7183
7240
7371
7404
7456
7498
7569
7646
7667
7701
7720
7752
7774
7924
7983
8037
8079
8118
8198
8276
8406
8528
8567
8653
8695
8752
8826
8951
9012
9129
9172
9218
9305
9357
9453
9582
9709
9794
9850
9933
10033
10120
10177
10201
10232
10292
10380
10450
10544
10616
10711
10759
10831
10883
10902
11022
11140
11197
11238
11265
11292
11345
11397
11470
11547
11605
11640
11699
11747
11821
11891
11917
11933
12001
12064
12101
12148
12216
12284
12319
12356
12412
12448
12482
12561
12616
12711
12841
12861
12943
12971
13006
13082
13189
13207
13279
13384
13453
13464
13533
13606
13674
13708
13744
13822
13879
13935
13983
14021
14109
14172
14221
14254
14283
14297
14395
14449
14520
14577
14792
14848
14984
15000
15173
15193
15237
15270
15314
15371
15436
15475
15509
15555
15624
15659
15693
15728
15774
15862
15907
15932
15984
16010
16045
16114
16151
16214
16292
16389
16432
16506
16615
16671
16723
16783
16813
16829
16891
17013
17078
17150
17191
17255
17311
17403
17464
17487
17565
17643
17709
17772
17836
17987
18050
18099
18162
18263
18292
18346
18404
18453
18483
18583
18648
18729
18765
18869
18912
19047
19092
19170
19217
19296
19339
19366
19423
19475
19566
19622
19715
19733
19807
19901
19983
20059
20137
20197
20260
20401
20448
20465
20486
20546
20634
20753
20776
20851
20954
20978
21045
21152
21213
21324
21346
21422
21466
21526
21552
21590
21644
21719
21755
21827
21870
21885
21938
21961
21986
22042
22101
22156
22225
22324
22377
22495
22610
22642
22725
22827
22862
22904
22954
23011
23034
23104
23142
23236
23298
23432
23496
23561
23589
23625
23704
23749
23788
23949
24045
24088
24182
24298
24312
24355
24412
24563
24625
24749
24797
24841
24945
25014
25146
25372
25410
25506
25589
25698
25722
25817
25855
26035
26071
26146
26194
26219
26263
26313
26415
26441
26499
26558
26619
26663
26680
26780
26880
27021
27060
27123
27179
27230
27291
27372
27415
27441
27535
27585
27647
27721
27746
27785
27851
27953
27964
28081
28141
28195
28283
28443
28517
28632
28670
28760
28815
28898
28994
29060
29111
29181
29277
29338
29455
29550
29659
29736
29819
29867
29944
29970
30000
30105
30137
30181
30235
30309
30362
30427
30487
30556
30621
30635
30716
30810
30922
30970
31008
31078
31127
31192
31346
31450
31496
31562
31620
31682
31711
31771
31848
31898
31923
31997
32050
32102
32194
32238
32282
32368
32438
32499
32607
32641
32669
32729
32787
32844
32918
33097
33166
33242
33318
33364
33509
33550
33597
33677
33690
33760
33878
33936
34008
34126
34157
34206
34273
34370
34457
34554
34581
34604
34753
34829
34874
35039
35111
35167
35261
35311
35393
35471
35524
35587
35652
35709
35750
35865
36060
36130
36164
36243
36316
36328
36392
36456
36627
36671
36703
36787
36850
36927
36955
37024
37169
37272
37357
37400
37542
37638
37871
38060
38111
38205
38300
38343
38398
38472
38488
38541
38586
38631
38698
38775
38839
38899
38951
39054
39105
39173
39251
39336
39351
39450
39468
39507
39581
39610
39664
39727
39798
39883
40064
40126
40212
40281
40354
40420
40515
40649
40668
40787
40813
40916
40955
40987
41095
41182
41263
41373
41441
41513
41608
41669
41729
41846
41928
41939
42025
42085
42106
42144
42275
42397
42531
42598
42699
42711
42784
42850
42882
43016
43090
43196
43251
43316
43409
43442
43497
43574
43687
43707
43735
43795
43826
43839
43938
43998
44050
44146
44194
44283
44343
44432
44546
44586
44661
44712
44742
44795
44866
44882
44915
44979
45069
45148
45233
45270
45289
45340
45412
45492
45616
45697
45738
45754
45866
45886
46059
46160
46256
46319
46394
46446
46485
46518
46573
46670
46808
46918
46960
47010
47085
47160
47236
47265
47352
47384
47446
47504
47549
47641
47748
47895
47987
48218
48237
48303
48402
48550
48655
48705
48740
48837
48872
48983
49045
49086
49122
49151
49167
49243
49340
49372
49407
49476
49526
49551
49660
49684
49834
49896
49963
50024
50073
50131
50200
50246
50318
50365
50464
50511
50575
50636
50707
50782
50860
50916
50980
51067
51146
51189
51296
51348
51397
51463
51524
51551
51608
51652
51732
51801
51956
52007
52076
52138
52212
52377
52416
52473
52498
52606
52649
52703
52859
52959
52973
53198
53243
53319
53409
53479
53518
53578
53709
53774
53875
53986
54094
54196
54212
54290
54344
54477
54579
54599
54703
54770
54803
54882
54988
55024
55084
55169
55214
55236
55266
55427
55533
55581
55606
55669
55714
55787
55800
55909
55929
56003
56056
56117
56164
56219
56282
56344
56400
56496
56607
56673
56747
56828
56893
56981
57039
57145
57183
57298
57338
57417
57505
57568
57666
57714
57788
57967
58042
58156
58234
58266
58349
58457
58585
58688
58792
58819
58879
58932
58968
59024
59083
59169
59248
59298
59318
59403
59435
59470
59620
59665
59694
59775
59807
59842
59872
59917
59956
59991
60025
60063
60075
60118
60189
60250
60313
60422
60463
60542
60567
60758
60798
60849
60896
60963
61017
61076
61116
61175
61301
61334
61397
61449
61515
61560
61640
61693
61815
61923
61972
62017
62118
62185
62260
62291
62313
62376
62427
62504
62578
62668
62733
62766
62806
62854
62928
62976
62999
63054
63115
63138
63234
63283
63366
63446
63500
63569
63605
63664
63869
63923
64032
64116
64226
64244
64314
64426
64490
64540
64633
64680
64764
64821
64845
64879
64941
65019
65047
65195
65259
65318
65450
65527
65569
65611
65722
65882
65923
65969
66010
66052
66126
66192
66245
66291
66354
66418
66591
66648
66834
66888
66929
66984
67030
67100
67166
67255
67388
67416
67527
67593
67670
67697
67739
67763
67782
67825
67897
67996
68110
68137
68199
68266
68344
68405
68502
68540
68575
68681
68692
68785
68825
68897
68993
69135
69211
69255
69296
69355
69408
69440
69524
69618
69650
69718
69786
69813
69826
69925
70036
70084
70130
70203
70265
70318
70393
70451
70472
70528
70578
70620
70782
70818
70878
71014
71183
71253
71297
71356
71405
71520
71580
71613
71719
71749
71790
71839
71873
71944
72041
72094
72459
72560
72628
72647
72678
72749
72814
72887
72931
72990
73037
73126
73206
73272
73304
73349
73417
73504
73553
73609
73678
73693
73775
73845
73869
73940
73999
74034
74067
74128
74212
74254
74304
74398
74454
74500
74592
74646
74729
74759
74818
74890
74904
74950
75040
75065
75117
75158
75184
75213
75277
75299
75312
75356
75390
75476
75533
75564
75610
75640
75674
75726
75762
75795
76046
76105
76187
76258
76295
76331
76534
76686
76779
76836
76893
76912
76957
77053
77165
77227
77288
77363
77397
77446
77498
77524
77549
77703
77760
77877
77931
77978
78055
78104
78165
78218
78250
78396
78445
78504
78614
78661
78694
78775
78791
78852
78907
79021
79039
79119
79255
79554
79626
79681
79835
79887
79985
80056
80125
80153
80203
80245
80258
80305
80391
80434
80483
80590
80600
80689
80786
80803
80862
80902
80953
80982
81004
81052
81104
81169
81188
81211
81335
81365
81393
81418
81524
81570
81692
81771
81870
81984
82041
82081
82152
82203
82295
82358
82404
82436
82456
82509
82552
82591
82639
82701
82743
82803
82839
82954
82984
83010
83079
83134
83229
83281
83334
83431
83511
83613
83681
83780
83829
84046
84090
84207
84308
84415
84428
84576
84615
84792
84836
84899
84954
84984
85012
85053
85114
85163
85207
85251
85332
85447
85490
85585
85672
85717
85758
85802
85815
85858
85927
85973
86040
86131
86210
86277
86497
86523
86572
86619
86683
86767
86900
86947
86968
87029
87074
87125
87198
87302
87376
87390
87421
87466
87508
87622
87698
87764
87888
87955
87989
88084
88168
88233
88300
88367
88481
88582
88645
88671
88709
88804
88880
88968
89010
89091
89126
89192
89237
89358
89425
89502
89553
89581
89673
89693
89816
89851
89910
89958
89994
90048
90177
90226
90275
90338
90393
90448
90549
90572
90656
90748
90826
90888
91029
91145
91165
91253
91303
91403
91473
91549
91571
91609
91675
91840
91978
92002
92077
92175
92250
92418
92454
92543
92562
92598
92651
92721
92878
92930
93029
93128
93188
93214
93251
93304
93342
93410
93505
93614
93753
93867
93921
94026
94084
94138
94159
94207
94300
94400
94439
94451
94536
94583
94625
94649
94690
94737
94812
94875
94922
94994
95048
95095
95150
95224
95341
95407
95437
95494
95556
95609
95703
95766
95878
95917
96020
96069
96100
96160
96233
96395
96437
96472
96498
96560
96660
96683
96721
96779
96843
96875
96933
96972
97070
97117
97194
97260
97383
97460
97504
97534
97694
97804
97883
97919
97953
98077
98096
98305
98368
98416
98489
98635
98697
98761
98796
98824
98928
98972
99063
99096
99136
99238
99303
99368
99403
99495
99534
99612
99666
99697
99813
99852
99934
99996
100080
100154
100202
100231
100264
100377
100436
100475
100532
100582
100620
100674
100772
100800
100846
100923
100985
101021
101044
101111
101166
101178
101236
101301
101348
101437
101505
101575
101660
101749
101818
101832
101908
101954
102242
102291
102348
102408
102453
102568
102637
102673
102734
102774
102813
102861
102907
102952
102979
103195
103300
103332
103450
103567
103623
103689
103764
103813
103845
103920
103954
103966
104022
104081
104141
104216
104289
104324
104341
104435
104511
104580
104702
104814
104839
104904
104954
105020
105050
105183
105253
105307
105443
105460
105543
105624
105683
105720
105785
105818
105864
105956
106062
106115
106145
106184
106283
106312
106414
106461
106533
106596
106645
106684
106727
106835
106877
106985
107020
107066
107111
107163
107218
107330
107353
107398
107447
107500
107544
107595
107654
107727
107816
107966
107991
108021
108108
108153
108256
108286
108336
108412
108440
108476
108625
108827
108925
108976
109039
109172
109204
109232
109398
109409
109456
109531
109727
109809
109860
109909
109964
110003
110119
110289
110343
110388
110410
110456
110468
110559
110639
110661
110745
110812
110864
110911
111017
111273
111284
111335
111403
111461
111518
111598
111653
111755
111795
111817
111876
111898
111944
111995
112067
112105
112190
112357
112414
112503
112550
112594
112623
112652
112669
112688
112778
112811
112844
112947
112988
113107
113171
113223
113321
113427
113453
113476
113525
113582
113620
113667
113756
113767
113816
113867
113913
113927
113951
114002
114026
114074
114123
114197
114247
114310
114373
114486
114511
114570
114664
114768
114873
114937
114988
115038
115069
115087
115183
115208
115222
115262
115299
115328
115367
115405
115428
115455
115548
115605
115640
115690
115746
115808
115868
115917
115949
116125
116240
116361
116463
116561
116573
116611
116680
116745
116832
116880
116903
116924
116963
117025
117125
117153
117253
117276
117353
117425
117453
117538
117568
117607
117682
117693
117735
117822
117862
118057
118110
118214
118283
118328
118443
118520
118584
118656
118708
118770
118792
118905
119010
119045
119084
119190
119339
119390
119430
119457
119523
119571
119623
119645
119672
119732
119807
119867
119920
119990
120069
120129
120176
120217
120310
120361
120415
120476
120506
120541
120598
120611
120644
120712
120761
120820
120882
120938
121028
121086
121132
121202
121268
121313
121400
121447
121566
121630
121649
121694
121818
121851
121880
122020
122063
122091
122141
122199
122304
122431
122484
122561
122643
122666
122705
122803
122846
122916
122966
123050
123128
123220
123234
123353
123372
123408
123501
123593
123615
123673
123710
123771
123839
123866
123943
123980
124033
124128
124205
124286
124354
124413
124525
124610
124674
124786
124866
124913
124970
125078
125114
125204
125221
125361
125388
125421
125498
125510
125658
125709
125753
125781
125830
125927
126057
126119
126169
126250
126308
126346
126488
126618
126676
126721
126744
126793
126862
126986
127025
127091
127134
127190
127251
127281
127351
127414
127458
127511
127574
127643
127706
127761
127822
127860
127920
127950
128008
128076
128142
128329
128452
128514
128595
128656
128719
128775
128814
128863
128906
128957
128991
129039
129072
129099
129148
129167
129205
129293
129363
129413
129426
129499
129550
129599
129657
129677
129715
129766
129806
129847
129882
129957
130029
130139
130188
130199
130311
130391
130445
130513
130571
130596
130627
130707
130750
130795
130944
130979
131047
131058
131166
131218
131252
131303
131341
131370
131422
131438
131500
131557
131638
131708
131799
131823
131871
131913
131969
132020
132072
132119
132226
132283
132369
132464
132519
132560
132629
132740
132779
132837
132901
132938
133006
133117
133181
133242
133279
133321
133378
133434
133512
133538
133596
133633
133684
133740
133783
133825
133864
133960
134026
134120
134153
134194
134240
134291
134327
134353
134456
134508
134616
134654
134767
134842
134874
134901
134949
135031
135151
135173
135218
135316
135434
135530
135601
135678
135766
135810
135852
135909
136009
136128
136205
136309
136359
136394
136457
136520
136533
136601
136661
136749
136836
136912
136964
137103
137131
137188
137223
137344
137388
137449
137504
137526
137548
137591
137640
137704
137748
137832
137852
137959
138004
138037
138096
138165
138235
138320
138441
138527
138610
138684
138750
138824
138866
138941
138966
138982
139091
139110
139149
139201
139251
139314
139385
139428
139471
139548
139619
139686
139755
139934
140011
140161
140227
140271
140324
140365
140450
140550
140681
140733
140791
140890
140929
140992
141091
141121
141156
141225
141341
141394
141479
141521
141638
141690
141784
141829
141919
142005
142024
142065
142160
142208
142249
142281
142361
142380
142400
142436
142477
142514
142538
142591
142655
142687
142743
142817
142863
142911
142978
143010
143027
143069
143117
143157
143206
143254
143319
143372
143467
143509
143524
143600
143647
143714
143779
143876
143945
143991
144079
144152
144225
144266
144354
144444
144499
144528
144580
144616
144745
144894
144941
145010
145052
145104
145150
145220
145268
145305
145364
145417
145506
145592
145659
145776
145810
145855
145930
145957
145982
146030
146119
146200
146263
146327
146394
146457
146533
146588
146615
146626
146675
146713
146862
147030
147081
147109
147134
147207
147278
147481
147554
147604
147649
147734
147787
147818
147871
147931
147984
148023
148150
148329
148402
148432
148484
148519
148565
148613
148670
148714
148749
148945
148971
149001
149089
149175
149255
149327
149385
149438
149583
149657
149703
149869
149962
150041
150143
150160
150255
150292
150356
150403
150454
150507
150565
150625
150995
151070
151141
151194
151253
151290
151316
151373
151455
151524
151569
151643
151713
151781
151795
151851
151905
151926
151970
152018
152072
152105
152127
152171
152286
152352
152428
152506
152538
152605
152647
152676
152726
152793
152870
152921
153029
153068
153080
153143
153218
153326
153417
153517
153582
153667
153735
153838
153903
153952
154023
154113
154150
154248
154314
154373
154446
154506
154525
154640
154670
154721
154808
154842
154964
155036
155098
155119
155173
155222
155264
155300
155349
155395
155442
155463
155504
155579
155650
155675
155725
155794
155860
155902
156022
156074
156127
156168
156214
156266
156316
156346
156409
156466
156562
156581
156617
156678
156732
156798
156922
156955
157049
157082
157200
157304
157439
157510
157588
157643
157795
157869
157938
157998
158107
158141
158244
158276
158325
158402
158446
158505
158567
158702
158778
158892
158916
158979
159061
159074
159131
159184
159234
159294
159412
159431
159478
159604
159621
159724
159767
159783
159829
159927
159958
160044
160119
160196
160275
160386
160466
160486
160529
160601
160636
160668
160781
160833
160910
161003
161026
161051
161114
161162
161237
161403
161471
161521
161581
161628
161697
161753
161845
161900
161925
161954
162068
162157
162244
162340
162399
162539
162571
162639
162663
162745
162806
162838
162876
162970
163022
163057
163146
163208
163296
163395
163450
163550
163604
163639
163661
163713
163757
163797
163873
163890
163906
163956
164002
164050
164154
164315
164364
164461
164479
164506
164547
164646
164703
164766
164825
164889
164917
164990
165068
165099
165141
165189
165236
165293
165386
165427
165469
165490
165565
165590
165658
165733
165827
165907
165940
166027
166040
166076
166130
166234
166259
166291
166363
166427
166483
166516
166532
166561
166627
166692
166719
166738
166808
166865
166989
167094
167131
167158
167207
167243
167266
167287
167378
167416
167464
167530
167601
167675
167754
167836
167903
167937
168016
168085
168172
168249
168303
168368
168433
168498
168561
168594
168660
168706
168780
168821
168854
168944
169031
169081
169134
169235
169280
169315
169327
169473
169542
169624
169669
169736
169815
169896
169959
170008
170028
170103
170167
170349
170436
170504
170585
170686
170714
170736
170822
170898
171019
171060
171071
171117
171147
171184
171225
171260
171342
171523
171592
171681
171693
171741
171803
171859
171959
172013
172069
172100
172160
172218
172254
172367
172420
172464
172565
172577
172642
172734
172862
172913
172940
172995
173024
173072
173159
173220
173252
173297
173443
173640
173698
173804
173906
173927
173992
174084
174117
174210
174298
174389
174421
174480
174507
174563
174615
174691
174749
174797
174866
174921
174951
174968
175040
175114
175221
175276
175291
175358
175385
175470
175521
175534
175685
175759
175823
175930
175983
176054
176090
176138
176211
176250
176301
176339
176383
176423
176478
176616
176671
176733
176794
176939
176959
176999
177096
177152
177185
177198
177242
177305
177365
177411
177493
177606
177654
177708
177816
177894
177994
178072
178098
178152
178201
178283
178385
178461
178531
178567
178672
178724
178773
178898
179032
179068
179183
179230
179256
179300
179390
179425
179487
179555
179605
179666
179780
179818
179857
179922
179950
179977
180039
180075
180100
180209
180336
180371
180430
180558
180576
180600
180688
180702
180758
180942
180959
181008
181062
181072
181166
181304
181365
181472
181560
181724
181756
181811
181877
181936
182002
182179
182286
182337
182374
182455
182505
182564
182654
182714
182741
182781
182851
182896
182931
183003
183057
183135
183198
183242
183283
183319
183386
183452
183519
183584
183659
183694
183743
183773
183831
183889
184042
184095
184181
184218
184281
184345
184401
184426
184730
184795
184865
184940
184983
185050
185112
185154
185196
185253
185330
185347
185394
185461
185524
185618
185679
185795
185887
185945
185984
186098
186181
186291
186534
186608
186682
186786
186842
186905
186981
187023
187204
187324
187360
187470
187509
187590
187630
187701
187800
187870
187942
188002
188078
188125
188233
188276
188321
188363
188435
188532
188647
188664
188733
188784
188834
188884
188985
189109
189237
189298
189360
189497
189526
189696
189744
189805
189868
190051
190097
190112
190155
190217
190272
190337
190423
190468
190543
190624
190698
190740
190772
190878
190963
190988
191039
191076
191119
191196
191247
191339
191373
191470
191548
191577
191707
191864
191880
192002
192116
192205
192252
192314
192398
192474
192689
192794
192888
192945
193021
193131
193177
193245
193288
193311
193345
193391
193417
193492
193549
193602
193639
193712
193762
193811
193866
193973
194069
194103
194141
194243
194293
194394
194465
194516
194543
194633
194678
194814
194835
194967
195027
195078
195123
195234
195405
195430
195476
195588
195603
195742
195836
195936
196007
196028
196087
196276
196310
196404
196505
196584
196645
196700
196725
196780
196845
196882
196917
196972
197030
197124
197162
197201
197289
197324
197354
197405
197436
197562
197649
197765
197822
197881
197976
198002
198095
198184
198292
198351
198412
198469
198591
198766
198825
198899
198938
199040
199098
199232
199306
199341
199396
199450
199526
199571
199605
199717
199751
199854
199888
199978
199997
200075
200160
200223
200284
200296
200336
200393
200441
200482
200526
200578
200623
200677
200722
200771
200858
200888
200954
201020
201091
201143
201159
201180
201223
201270
201322
201380
201435
201455
201560
201633
201747
201916
201968
202032
202103
202179
202273
202297
202357
202437
202494
202600
202670
202725
202747
202787
202833
202930
202962
203005
203064
203098
203119
203163
203286
203344
203406
203483
203554
203613
203657
203686
203737
203787
203803
203865
203889
203921
203992
204057
204167
204220
204318
204392
204473
204518
204570
204604
204753
204778
204865
204924
205048
205162
205188
205237
205366
205504
205593
205652
205704
205787
205837
205972
206069
206112
206157
206215
206265
206304
206381
206412
206453
206493
206531
206565
206617
206712
206762
206799
206914
206994
207046
207143
207302
207323
207373
207430
207524
207567
207677
207720
207751
207781
207824
207859
207900
207963
208017
208059
208207
208271
208350
208398
208529
208576
208704
208732
208784
208808
208833
208884
208955
209022
209084
209134
209173
209191
209281
209329
209346
209400
209485
209509
209547
209611
209651
209680
209734
209782
209838
209883
209946
209979
210045
210088
210134
210171
210218
210244
210373
210440
210495
210553
210612
210674
210700
210716
210759
210796
210843
210862
210888
210993
211032
211075
211119
211177
211244
211268
211288
211357
211421
211483
211538
211601
211642
211661
211751
211794
211825
211882
211964
212057
212118
212188
212210
212282
212328
212349
212454
212518
212605
212652
212738
212764
212799
212864
212922
212970
213044
213174
213196
213246
213325
213494
213587
213633
213761
213932
213951
213979
214047
214121
214248
214304
214345
214381
214396
214528
214610
214663
214687
214718
214763
214793
214810
214894
215005
215107
215190
215278
215297
215392
215465
215512
215560
215635
215797
215860
215929
216022
216080
216153
216175
216259
216291
216411
216484
216559
216656
216713
216797
216825
216915
217035
217104
217178
217230
217307
217372
217510
217599
217664
217768
217823
217912
217968
218065
218133
218236
218350
218372
218500
218572
218612
218679
218799
218999
219028
219094
219129
219239
219288
219460
219527
219595
219630
219663
219771
219789
219877
219939
219987
220046
220199
220234
220295
220346
220371
220435
220521
220643
220688
220804
220869
220940
221011
221039
221101
221173
221232
221333
221381
221457
221497
221564
221658
221669
221737
221809
221938
222064
222171
222360
222431
222556
222651
222672
222755
222791
222816
222894
222965
223163
223200
223295
223389
223404
223462
223554
223604
223701
223748
223767
223837
223877
223906
223969
224023
224051
224126
224214
224304
224372
224474
224526
224610
224672
224787
224821
224855
224929
224961
225043
225063
225197
225224
225246
225301
225363
225428
225504
225577
225633
225743
225838
225893
225939
226092
226308
226475
226519
226595
226690
226816
226950
227056
227259
227367
227525
227577
227736
227782
227881
227924
228092
228182
228225
228361
228408
228455
228539
228554
228620
228662
228787
228857
228915
229019
229105
229134
229229
229245
229287
229374
229498
229523
229586
229660
229827
229965
230016
230074
230215
230252
230313
230445
230592
230654
230800
230914
231004
231041
231122
231178
231268
231339
231364
231600
231773
231853
232006
232133
232249
232287
232365
232418
232477
232534
232701
232783
232826
232872
232962
233071
233118
233213
233348
233519
233649
233695
233841
233969
234122
234175
234251
234379
234456
234556
234591
234696
234725
234817
234892
235016
235119
235135
235263
235321
235405
235580
235681
235782
235865
235921
236090
236231
236353
236459
236540
236592
236630
236676
236729
236789
236928
236983
237072
237189
237241
237371
237564
237689
237762
237847
237937
237964
238010
238056
238097
238205
238231
238256
238351
238413
238481
238511
238578
238645
238757
238802
238836
238946
239100
239193
239294
239341
239522
239680
239782
239824
239871
239924
239951
240063
240087
240213
240235
240373
240455
240597
240642
240719
240781
240898
240955
241016
241062
241097
241172
241208
241231
241290
241315
241389
241524
241711
241747
241789
241919
242007
242079
242272
242307
242334
242509
242551
242571
242636
242685
242755
242823
242861
242929
242985
243018
243076
243104
243151
243225
243332
243404
243430
243471
243530
243577
243622
243677
243857
243956
244132
244197
244295
244360
244442
244516
244580
244676
244723
244812
244870
244927
245031
245070
245110
245157
245256
245316
245446
245473
245542
245566
245628
245671
245729
245786
245929
245994
246082
246102
246167
246198
246244
246309
246440
246484
246561
246620
246676
246749
246816
246977
247084
247215
247257
247393
247437
247451
247528
247711
247747
247796
247866
247921
248010
248171
248251
248299
248326
248395
248423
248522
248595
248649
248724
248800
248925
249030
249127
249165
249264
249328
249382
249429
249457
249567
249620
249641
249709
249755
249785
249800
249866
249926
249961
250006
250115
250235
250265
250321
250399
250451
250505
250563
250616
250634
250719
250776
250827
250946
251028
251091
251122
251140
251205
251357
251385
251442
251523
251618
251691
251758
251818
251950
252030
252100
252120
252162
252203
252255
252375
252427
252505
252623
252674
252745
252839
252892
252998
253176
253244
253314
253336
253402
253418
253546
253751
253782
253807
253921
254002
254034
254098
254160
254190
254235
254304
254383
254538
254653
254705
254755
254773
254833
254917
255004
255059
255101
255211
255244
255300
255386
255432
255503
255581
255600
255612
255762
255824
255860
255953
256007
256080
256164
256182
256263
256330
256513
256687
256760
256867
256927
257072
257190
257267
257321
257420
257432
257491
257601
257703
257751
257831
257872
257935
258004
258095
258231
258296
258407
258550
258733
258777
258864
258890
258922
258988
259061
259117
259185
259303
259433
259485
259563
259652
259707
259802
259841
260004
260066
260148
260190
260345
260447
260536
260605
260635
260694
260754
260819
260875
260922
261005
261080
261142
261169
261221
261354
261403
261513
261560
261631
261683
261770
261837
261950
261971
262053
262188
262257
262329
262355
262430
262535
262605
262759
262788
262811
262868
262884
263045
263209
263291
263497
263543
263668
263840
263880
264012
264135
264196
264234
264280
264334
264503
264588
264645
264795
264881
264965
264999
265043
265118
265164
265228
265276
265453
265514
265583
265702
265811
265824
265921
265960
266021
266071
266086
266215
266264
266281
266325
266371
266423
266487
266623
266671
266774
266804
266831
267057
267089
267174
267221
267326
267387
267418
267455
267515
267604
267660
267752
267768
267827
267871
267887
267945
268064
268097
268268
268371
268417
268530
268583
268651
268730
268799
268816
268887
268915
268944
269011
269051
269140
269227
269319
269336
269426
269446
269573
269585
269704
269717
269792
269865
269911
269978
270128
270140
270209
270286
270314
270376
270457
270480
270501
270763
270825
270874
270979
271036
271099
271157
271205
271261
271321
271387
271443
271477
271579
271627
271662
271680
271720
271786
271813
271877
271918
271969
272041
272190
272387
272564
272660
272713
272863
272908
272939
272986
273039
273108
273124
273152
273188
273268
273301
273474
273597
273755
273810
273895
273991
274052
274119
274207
274231
274266
274317
274402
274448
274529
274588
274611
274636
274697
274747
274820
274843
274901
274968
275031
275068
275122
275187
275240
275269
275317
275394
275461
275484
275539
275609
275661
275709
275825
275855
275964
275996
276050
276139
276231
276306
276402
276513
276550
276694
276754
276801
276858
276886
276959
277013
277046
277192
277253
277297
277324
277395
277433
277501
277595
277615
277644
277710
277760
277857
277901
277936
277974
278013
278053
278093
278133
278192
278252
278328
278393
278450
278502
278586
278683
278748
278779
278817
278891
278903
278955
279007
279126
279195
279253
279294
279386
279431
279508
279595
279643
279664
279707
279786
279807
279857
279980
280041
280080
280126
280164
280204
280251
280307
280362
280462
280484
280544
280606
280666
280702
280770
280813
280849
280921
280979
281007
281099
281174
281217
281272
281328
281398
281468
281521
281570
281664
281708
281758
281819
281869
281913
281942
281976
282035
282059
282108
282260
282324
282378
282497
282538
282579
282666
282684
282773
282855
282909
283053
283082
283151
283258
283278
283334
283442
283456
283535
283598
283693
283718
283781
283864
283970
284040
284085
284111
284137
284199
284291
284320
284405
284422
284498
284530
284592
284643
284728
284791
284853
284890
284914
284995
285025
285049
285086
285177
285236
285287
285298
285344
285416
285449
285524
285586
285636
285708
285772
285796
285922
285958
286042
286090
286123
286204
286276
286344
286418
286440
286505
286573
286658
286756
286846
287012
287090
287114
287193
287265
287354
287395
287435
287498
287527
287611
287785
287867
287975
288077
288095
288233
288291
288302
288362
288495
288525
288597
288617
288654
288706
288785
288798
288888
288950
289042
289070
289102
289172
289232
289320
289389
289415
289455
289506
289649
289709
289783
289863
289914
290016
290049
290154
290251
290319
290342
290411
290458
290503
290529
290751
290814
290941
291106
291165
291275
291343
291388
291491
291559
291755
291890
292021
292067
292197
292277
292341
292418
292496
292616
292649
292725
292759
292792
293044
293106
293188
293282
293297
293319
293376
293468
293525
293582
293684
293705
293805
293850
293928
293960
294050
294194
294237
294343
294399
294467
294545
294602
294698
294810
294978
295027
295107
295242
295333
295382
295397
295490
295654
295681
295738
295815
295857
295944
295979
296161
296216
296402
296527
296578
296675
296735
296801
296834
296962
297021
297098
297135
297164
297267
297306
297389
297517
297553
297627
297746
297794
297886
297958
298087
298117
298165
298232
298254
298296
298361
298450
298499
298593
298643
298675
298726
298786
298943
298985
299017
299135
299183
299269
299337
299379
299404
299465
299514
299580
299639
299652
299693
299747
299816
299848
299903
299976
300005
300071
300126
300172
300243
300299
300412
300455
300480
300502
300571
300593
300630
300678
300690
300743
300878
300939
301001
301105
301150
301225
301274
301360
301431
301463
301531
301604
301700
301804
301833
301902
301979
302025
302073
302185
302221
302260
302320
302428
302450
302528
302608
302638
302686
302697
302749
302821
302945
303142
303169
303219
303267
303310
303388
303485
303533
303574
303639
303733
303816
303873
303889
303923
304007
304157
304305
304369
304464
304497
304554
304639
304701
304750
304847
304870
304898
304972
305023
305128
305205
305336
305451
305530
305596
305688
305826
305865
305932
305993
306088
306174
306228
306266
306288
306400
306643
306758
306903
306968
307025
307106
307149
307221
307238
307349
307432
307443
307521
307586
307642
307684
307706
307785
307855
307986
308004
308179
308216
308263
308347
308406
308530
308615
308659
308726
308764
308820
308894
308928
309066
309109
309209
309249
309271
309385
309485
309539
309574
309630
309692
309731
309753
309837
309863
309928
310012
310067
310193
310273
310349
310362
310431
310465
310481
310511
310575
310633
310707
310733
310777
310868
311024
311116
311194
311242
311275
311314
311367
311439
311529
311585
311661
311839
311884
311972
312059
312125
312224
312322
312373
312397
312473
312492
312549
312606
312635
312689
312770
312834
312882
312951
312996
313037
313104
313185
313245
313302
313327
313404
313481
313527
313566
313604
313664
313723
313746
313839
313866
313923
314104
314254
314293
314373
314394
314451
314505
314585
314653
314712
314774
314814
314825
314869
314934
314978
314994
315041
315118
315191
315226
315276
315315
315340
315438
315482
315561
315611
315665
315710
315736
315783
315885
316002
316082
316145
316203
316283
316349
316568
316640
316765
316814
316879
316896
317020
317085
317197
317390
317491
317548
317571
317646
317702
317755
317767
317820
317893
317920
317980
318061
318109
318166
318242
318302
318356
318440
318462
318546
318651
318691
318760
318846
318906
318969
319032
319096
319188
319251
319339
319389
319473
319510
319569
319632
319656
319726
319832
319926
319992
320084
320105
320179
320228
320307
320362
320382
320488
320544
320570
320658
320688
320753
320793
320879
320947
320997
321088
321247
321287
321322
321342
321404
321454
321477
321523
321563
321647
321671
321697
321714
321836
321960
322006
322103
322173
322211
322240
322342
322385
322444
322551
322591
322645
322677
322794
322839
322900
322928
323002
323020
323048
323104
323202
323274
323294
323362
323469
323509
323540
323551
323591
323636
323659
323728
323790
323814
323846
323880
323937
323980
324081
324106
324163
324334
324435
324477
324546
324609
324757
324868
324920
325078
325169
325230
325306
325339
325363
325411
325483
325514
325537
325655
325682
325724
325810
325839
325882
325953
325995
326065
326118
326152
326191
326264
326281
326325
326356
326458
326500
326544
326589
326636
326738
326764
326793
326855
326887
326905
326970
327020
327048
327137
327195
327259
327334
327572
327592
327644
327713
327768
327830
327874
327978
328037
328101
328139
328195
328252
328300
328338
328357
328418
328485
328506
328593
328664
328729
328852
328924
329003
329053
329099
329187
329237
329280
329340
329376
329432
329458
329491
329549
329691
329721
329763
329779
329932
329994
330063
330105
330175
330229
330374
330435
330490
330545
330581
330632
330662
330715
330848
330924
330988
331080
331140
331172
331276
331390
331462
331657
331747
331794
331849
331940
331981
332010
332028
332096
332133
332210
332256
332318
332500
332546
332573
332600
332639
332684
332703
332730
332773
332819
332851
332870
332916
332953
332978
333013
333032
333100
333198
333241
333264
333326
333357
333423
333475
333505
333535
333623
333665
333749
333785
333836
333884
333966
333982
334015
334075
334124
334158
334216
334273
334311
334355
334406
334452
334538
334594
334707
334773
334839
334891
334920
334978
335068
335096
335120
335187
335243
335318
335392
335437
335477
335511
335533
335575
335641
335675
335723
335802
335838
335895
335930
335961
336064
336110
336272
336352
336453
336496
336525
336543
336605
336652
336684
336717
336763
336804
336851
336972
337000
337032
337080
337175
337216
337254
337299
337352
337380
337400
337474
337578
337740
337764
337803
337856
337881
337917
338008
338049
338122
338133
338289
338331
338386
338614
338644
338665
338700
338762
338814
338908
339006
339021
339084
339158
339212
339255
339294
339374
339431
339511
339567
339611
339664
339711
339731
339825
339879
339919
339971
340025
340133
340169
340193
340255
340336
340376
340444
340500
340555
340582
340609
340668
340694
340738
340782
340794
340837
340884
340936
341088
341161
341230
341247
341345
341428
341506
341580
341596
341721
341766
341793
341851
341907
342068
342139
342179
342243
342315
342366
342429
342476
342590
342694
342784
342865
342940
342991
343051
343086
343115
343234
343332
343347
343399
343515
343565
343616
343668
343736
343789
343858
343921
343970
344056
344066
344116
344212
344251
344321
344332
344444
344490
344566
344676
344773
344848
344887
344904
344956
345003
345034
345079
345126
345258
345378
345416
345445
345529
345567
345620
345701
345738
345799
345818
345932
345963
346065
346089
346109
346156
346204
346289
346343
346364
346451
346511
346565
346604
346625
346702
346766
346836
346882
346936
347001
347052
347114
347175
347271
347310
347343
347447
347498
347563
347618
347638
347737
347816
347945
348019
348053
348088
348175
348214
348245
348348
348448
348481
348541
348600
348617
348647
348729
348788
348801
348883
348938
349110
349244
349298
349315
349380
349430
349493
349554
349565
349645
349727
349779
349894
349956
350076
350211
350314
350362
350390
350475
350545
350586
350627
350684
350759
350858
350931
350963
350998
351061
351174
351327
351440
351500
351529
351550
351618
351646
351685
351730
351787
351802
351863
351958
352083
352150
352223
352234
352305
352373
352396
352430
352493
352557
352605
352644
352671
352746
352792
352888
352961
352993
353074
353146
353174
353259
353349
353434
353519
353627
353701
353789
353826
353890
353965
354013
354076
354127
354278
354342
354376
354464
354545
354590
354716
354759
354793
354884
354936
355022
355225
355349
355433
355488
355606
355682
355724
355826
355840
355906
356001
356022
356199
356240
356332
356457
356488
356520
356593
356680
356861
356934
357046
357078
357144
357195
357402
357440
357459
357518
357683
357959
358074
358164
358233
358255
358312
358388
358414
358487
358554
358640
358651
358710
358789
358820
358890
358963
359036
359107
359134
359219
359280
359422
359468
359560
359710
359756
359841
359916
360018
360074
360176
360239
360306
360352
360453
360516
360612
360676
360815
360889
360972
360986
361031
361143
361233
361382
361476
361639
361750
361866
361920
361986
362136
362156
362216
362247
362328
362442
362470
362595
362654
362729
362825
362927
363000
363049
363094
363154
363210
363226
363382
363425
363619
363644
363858
363999
364018
364125
364151
364202
364291
364330
364399
364471
364558
364705
364806
364937
365095
365143
365273
365325
365454
365561
365735
365789
365917
366007
366157
366197
366298
366454
366518
366635
366680
366702
366746
366795
366811
366911
366954
366983
367032
367079
367126
367162
367216
367263
367325
367409
367501
367560
367610
367646
367687
367755
367862
367890
367942
368022
368055
368098
368175
368185
368234
368284
368377
368491
368536
368570
368666
368710
368795
368836
368894
368977
369051
369170
369195
369310
369391
369429
369477
369559
369581
369641
369691
369714
369801
369854
369869
369943
370042
370079
370168
370347
370358
370416
370466
370552
370583
370642
370674
370721
370760
370872
370888
370932
371017
371099
371138
371180
371223
371244
371280
371352
371422
371511
371568
371703
371775
371850
371948
371964
371997
372093
372181
372245
372279
372297
372345
372383
372427
372458
372493
372541
372574
372614
372653
372708
372753
372810
372943
372974
373053
373117
373161
373231
373373
373430
373480
373528
373599
373682
373730
373819
373935
374000
374068
374093
374129
374204
374316
374349
374399
374449
374551
374617
374648
374684
374751
374780
374814
374996
375048
375112
375167
375228
375285
375338
375425
375499
375548
375615
375693
375755
375808
375868
375913
375976
376054
376109
376158
376183
376235
376274
376313
376336
376382
376433
376483
376541
376593
376650
376732
376777
376836
376923
376990
377038
377063
377112
377177
377238
377361
377443
377486
377556
377678
377796
377897
378110
378173
378244
378280
378379
378445
378492
378559
378585
378649
378743
378823
378847
378937
378962
378979
379023
379039
379067
379124
379162
379180
379225
379273
379303
379328
379404
379461
379584
379600
379630
379714
379788
379838
379898
379958
379991
380069
380174
380225
380271
380373
380425
380444
380481
380533
380585
380595
380633
380702
380754
380811
380846
380889
380947
381018
381119
381237
381300
381350
381405
381461
381506
381586
381640
381710
381756
381810
381886
381933
381965
382066
382125
382186
382240
382318
382341
382411
382456
382479
382527
382613
382675
382735
382841
382890
382954
382992
383052
383070
383169
383238
383309
383351
383435
383569
383621
383677
383748
383886
383944
384022
384069
384083
384144
384213
384306
384345
384383
384461
384523
384625
384653
384685
384757
384839
384898
384947
384992
385096
385147
385281
385308
385337
385406
385461
385503
385606
385661
385742
385804
385842
385906
385978
386031
386050
386112
386165
386283
386311
386391
386413
386461
386505
386532
386587
386744
386790
386909
387000
387048
387106
387189
387246
387313
387384
387463
387518
387593
387660
387711
387751
387798
387838
387894
387943
387992
388012
388117
388153
388192
388244
388260
388335
388381
388435
388477
388514
388542
388601
388674
388796
389150
389187
389249
389469
389502
389713
389760
389822
389893
389953
390001
390079
390095
390141
390194
390380
390443
390522
390569
390624
390812
390899
390960
390984
391046
391094
391141
391241
391302
391397
391490
391594
391645
391807
391890
391959
392023
392066
392126
392193
392322
392361
392441
392486
392555
392666
392719
392848
392880
392910
393023
393096
393179
393283
393408
393459
393502
393564
393583
393719
393755
393869
393892
393954
393994
394078
394161
394234
394287
394359
394413
394455
394543
394588
394652
394701
394723
394807
394863
394892
395004
395036
395087
395148
395239
395303
395374
395459
395523
395571
395612
395652
395714
395741
395839
395967
396039
396088
396133
396314
396331
396366
396426
396448
396579
396642
396673
396740
396801
396816
396893
396947
396985
397080
397114
397136
397230
397256
397326
397399
397470
397614
397636
397737
397804
397946
398018
398077
398222
398290
398351
398395
398604
398668
398735
398861
398890
398936
398971
398997
399049
399096
399161
399297
399335
399357
399419
399472
399547
399612
399702
399765
399795
399853
399907
400042
400106
400129
400193
400242
400334
400408
400478
400568
400631
400704
400755
400921
400942
401079
401183
401365
401472
401583
401596
401702
401743
401830
401883
401936
402036
402278
402292
402388
402417
402465
402531
402553
402620
402752
402871
403058
403118
403266
403410
403553
403683
403744
403795
403842
403915
403970
404039
404129
404184
404250
404300
404384
404465
404521
404565
404606
404650
404784
404826
404876
404958
405005
405047
405081
405161
405252
405371
405537
405686
405706
405765
405805
405881
405961
406026
406077
406145
406172
406234
406375
406456
406528
406558
406570
406674
406697
406718
406791
406818
406837
406947
407037
407132
407189
407276
407365
407516
407576
407593
407728
407807
407861
407884
407962
408035
408099
408185
408271
408409
408499
408571
408619
408659
408875
408989
409100
409197
409241
409348
409501
409661
409713
409848
410015
410084
410158
410241
410339
410392
410437
410462
410537
410623
410699
410786
410910
410968
411047
411155
411199
411251
411361
411466
411536
411556
411593
411662
411691
411734
411785
411880
411916
411931
411977
412036
412087
412128
412230
412337
412354
412467
412540
412602
412674
412752
412832
412883
412981
413075
413193
413210
413281
413324
413367
413399
413495
413553
413628
413728
413755
413832
413967
414127
414239
414326
414360
414440
414464
414573
414620
414693
414750
414808
414867
414928
414939
415059
415156
415190
415235
415328
415399
415473
415522
415577
415679
415735
415808
415883
415940
415980
416078
416138
416228
416299
416374
416430
416458
416607
416652
416768
416779
416814
416891
417027
417057
417159
417327
417475
417616
417738
417864
417997
418069
418114
418187
418205
418265
418361
418405
418434
418535
418716
418836
418909
418981
419023
419115
419191
419243
419287
419347
419382
419442
419526
419584
419689
419858
419910
419951
419999
420080
420172
420201
420293
420352
420443
420508
420590
420657
420747
420828
420905
421004
421075
421138
421151
421301
421362
421409
421448
421505
421635
421684
421710
421761
421833
421932
421943
421979
422038
422087
422137
422172
422267
422504
422616
422710
422757
422921
422970
422994
423048
423158
423201
423262
423318
423370
423439
423468
423524
423610
423697
423752
423768
423804
423859
423889
423954
424028
424051
424119
424162
424223
424248
424305
424493
424551
424608
424699
424779
424833
424950
425100
425157
425235
425258
425315
425351
425403
425472
425526
425714
425778
425889
425956
426059
426091
426157
426258
426356
426432
426490
426553
426604
426662
426765
426831
426895
426962
427017
427115
427138
427245
427296
427352
427407
427488
427505
427577
427630
427778
427804
427906
427965
427988
428039
428133
428156
428232
428435
428482
428539
428587
428675
428761
428839
429031
429054
429096
429218
429242
429303
429394
429412
429479
429568
429596
429788
429851
429938
429971
430029
430074
430126
430238
430339
430381
430466
430545
430566
430653
430676
430720
430783
430874
430935
430950
431042
431136
431199
431323
431452
431498
431577
431640
431672
431780
431850
431964
432021
432077
432148
432219
432287
432311
432366
432418
432465
432554
432641
432672
432750
432803
432838
432967
433048
433103
433148
433195
433253
433319
433350
433405
433486
433497
433583
433662
433681
433717
433744
433806
433925
433941
433996
434018
434071
434142
434185
434211
434246
434394
434518
434581
434632
434682
434737
434764
434788
434835
434877
434929
435005
435062
435110
435175
435281
435292
435460
435480
435587
435628
435714
435784
435837
435915
435972
435997
436059
436170
436224
436284
436340
436408
436436
436485
436522
436594
436698
436772
436785
436935
437003
437138
437281
437411
437462
437522
437637
437666
437831
437922
437975
438018
438065
438115
438199
438265
438439
438490
438524
438607
438660
438722
438780
438852
438867
438914
439036
439077
439152
439214
439286
439363
439402
439450
439503
439607
439708
439771
439835
439914
439966
440038
440089
440160
440309
440392
440431
440463
440511
440566
440638
440678
440734
440824
440889
440989
441058
441133
441156
441299
441363
441440
441551
441680
441706
441777
441835
441915
441940
442047
442099
442169
442188
442278
442360
442398
442442
442489
442554
442659
442722
442770
442818
442881
442945
443001
443013
443126
443178
443203
443265
443304
443385
443413
443427
443502
443562
443589
443628
443693
443793
443914
443973
444026
444236
444451
444634
444694
444804
444825
444881
444961
445027
445071
445243
445272
445349
445370
445421
445567
445611
445652
445737
445772
445793
445904
445948
445981
446021
446143
446216
446350
446400
446460
446518
446667
446730
446778
446807
446860
446899
446984
447070
447084
447170
447242
447299
447354
447410
447464
447507
447559
447655
447732
447821
447903
447945
447979
448040
448156
448225
448262
448304
448384
448507
448594
448670
448719
448746
448884
448956
448997
449068
449284
449376
449511
449612
449645
449722
449770
449902
449941
450000
450011
450085
450148
450178
450211
450284
450374
450509
450559
450600
450700
450798
450860
450986
451065
451090
451154
451211
451269
451295
451411
451432
451524
451563
451631
451709
451771
451795
451842
451897
451939
451993
452057
452101
452179
452368
452389
452420
452468
452563
452624
453053
453075
453099
453188
453247
453335
453404
453435
453484
453538
453610
453677
453757
453813
453885
453939
453971
454090
454143
454195
454250
454367
454466
454575
454679
454723
454788
454803
454923
454982
455088
455135
455258
455271
455334
455374
455400
455476
455531
455589
455632
455649
455690
455752
455841
455989
456152
456210
456284
456326
456347
456403
456458
456541
456590
456624
456653
456730
456785
456865
456970
457055
457107
457154
457240
457277
457353
457464
457514
457607
457646
457726
457801
457866
457982
458086
458136
458212
458278
458336
458400
458412
458472
458575
458632
458729
458797
458862
458959
459067
459117
459169
459262
459326
459380
459400
459468
459516
459587
459675
459741
459812
459880
459939
460064
460088
460118
460306
460382
460426
460468
460498
460580
460615
460760
460867
461022
461055
461143
461167
461204
461249
461281
461344
461419
461461
461587
461733
461812
461955
462013
462086
462154
462258
462380
462449
462570
462620
462749
462781
462841
462896
462947
463003
463121
463163
463187
463230
463294
463356
463441
463476
463584
463598
463657
463739
463822
463936
463958
464053
464178
464238
464299
464340
464433
464484
464530
464593
464669
464696
464737
464804
464847
464877
464961
465032
465086
465394
465444
465536
465580
465591
465662
465702
465763
465841
465888
465984
466008
466053
466147
466204
466238
466350
466411
466430
466508
466578
466615
466717
466802
466877
466917
467039
467063
467085
467142
467219
467284
467326
467410
467475
467543
467632
467673
467762
467817
467853
467985
468107
468202
468311
468395
468436
468504
468545
468588
468725
468849
468876
468901
468976
469022
469114
469189
469276
469378
469415
469496
469597
469689
469800
469877
469962
470103
470207
470278
470322
470437
470562
470647
470697
470783
470827
470955
471038
471117
471169
471185
471231
471300
471397
471478
471491
471565
471601
471633
471689
471706
471742
471835
471930
471974
472074
472108
472152
472208
472297
472333
472376
472420
472521
472614
472663
472707
472789
472841
472875
472926
473036
473080
473119
473160
473195
473219
473247
473281
473304
473359
473377
473442
473475
473514
473551
473574
473619
473651
473685
473719
473773
473837
473926
473944
474057
474093
474126
474162
474202
474247
474283
474326
474378
474425
474510
474565
474617
474673
474690
474708
474740
474763
474817
474867
474949
474998
475042
475102
475149
475180
475244
475287
475324
475405
475459
475511
475535
475552
475639
475692
475730
475766
475800
475835
475873
475917
475948
475982
476036
476055
476082
476121
476172
476208
476271
476323
476381
476430
476510
476575
476589
476625
476677
476689
476724
476810
476835
476859
476909
476985
477013
477062
477083
477153
477203
477318
477339
477361
477404
477454
477496
477535
477587
477622
477672
477713
477784
477850
477884
477911
477945
478005
478044
478171
478218
478256
478298
478351
478390
478497
478576
478630
478682
478720
478771
478838
478973
479080
479172
479308
479354
479432
479485
479530
479572
479614
479662
479714
479745
479791
479982
480065
480077
480124
480161
480213
480275
480356
480400
480481
480525
480588
480602
480654
480698
480728
480820
480875
480928
480980
481068
481129
481226
481272
481310
481383
481427
481469
481532
481576
481652
481679
481745
481808
481839
481856
481916
481953
482030
482050
482071
482169
482205
482228
482333
482432
482500
482530
482560
482605
482621
482654
482690
482751
482785
482812
482872
482935
482967
482986
483038
483125
483183
483250
483261
483315
483354
483381
483418
483502
483585
483657
483720
483813
483881
483935
483980
484057
484439
484632
484813
484882
484895
485016
485112
485175
485210
485304
485386
485504
485606
485671
485730
485773
485835
485968
486006
486062
486117
486167
486211
486249
486296
486334
486375
486452
486521
486587
486617
486705
486731
486765
486799
486830
486886
486946
486997
487032
487073
487109
487149
487183
487208
487239
487296
487316
487344
487391
487410
487518
487560
487587
487627
487672
487717
487773
487819
487873
487911
487951
488000
488026
488042
488104
488142
488180
488219
488257
488304
488340
488389
488435
488517
488580
488665
488689
488735
488784
488812
488828
488895
488912
488938
488980
489031
489107
489154
489215
489293
489441
489589
489662
489694
489748
489817
489864
489888
489918
489973
489993
490030
490078
490139
490201
490252
490273
490322
490382
490430
490476
490532
490597
490677
490737
490784
490814
490831
490866
490909
490960
491003
491049
491111
491167
491226
491263
491350
491405
491463
491492
491534
491550
491578
491625
491664
491703
491747
491797
491832
491873
491910
491971
492023
492076
492135
492173
492211
492244
492256
492296
492327
492360
492404
492446
492467
492552
492650
492694
492707
492749
492785
492854
492880
492927
492978
493021
493038
493057
493090
493119
493133
493179
493227
493244
493265
493323
493340
493375
493419
493430
493479
493557
493593
493638
493678
493757
493791
493839
493898
493960
493973
494009
494064
494149
494175
494220
494267
494320
494394
494446
494498
494524
494580
494616
494637
494684
494762
494812
494919
494942
495013
495050
495075
495135
495168
495212
495259
495275
495304
495415
495436
495489
495536
495654
495693
495735
495763
495780
495857
495914
495955
496027
496094
496144
496173
496197
496249
496312
496390
496474
496488
496513
496576
496602
496647
496705
496793
496881
496902
496929
496976
497021
497066
497117
497174
497215
497250
497296
497335
497347
497396
497448
497539
497602
497657
497695
497726
497739
497783
497805
497832
497893
497922
497950
498017
498058
498168
498259
498301
498367
498429
498485
498562
498614
498683
498710
498737
498789
498849
498914
498952
498987
499035
499173
499214
499258
499316
499333
499399
499472
499531
499564
499638
499678
499806
499864
499940
499990
500089
500136
500177
500213
500267
500322
500375
500415
500537
500602
500637
500730
500776
500818
500833
500871
500916
500967
501003
501033
501109
501151
501198
501277
501307
501356
501389
501408
501461
501554
501614
501665
501708
501810
501862
501919
501970
502014
502072
502114
502135
502171
502216
502248
502267
502299
502337
502348
502380
502420
502466
502515
502577
502614
502709
502754
502805
502855
502909
503029
503093
503190
503300
503356
503471
503506
503527
503578
503639
503683
503801
503903
503981
504072
504099
504355
504496
504570
504592
504619
504720
504801
504855
504909
504945
505023
505090
505107
505195
505235
505308
505345
505400
505491
505529
505633
505704
505741
505800
505854
505942
505985
506013
506073
506147
506206
506283
506317
506366
506407
506423
506479
506542
506571
506594
506638
506704
506879
506946
506995
507057
507089
507122
507265
507285
507379
507403
507472
507524
507551
507626
507639
507729
507845
507885
507953
507983
508053
508106
508207
508320
508362
508393
508482
508610
508687
508737
508770
508809
508917
508964
509004
509017
509157
509174
509238
509296
509335
509363
509441
509465
509527
509607
509752
509773
509815
509850
509866
509926
509976
510031
510067
510256
510310
510436
510548
510603
510639
510731
510811
510909
510975
510996
511084
511189
511243
511292
511364
511405
511439
511452
511551
511595
511699
511765
511848
511948
511958
512034
512100
512173
512271
512295
512362
512429
512494
512547
512608
512657
512712
512770
512853
512918
513193
513506
513582
513594
513727
513759
513807
513823
513857
513940
513956
513981
514072
514131
514250
514317
514389
514416
514453
514492
514540
514610
514625
514645
514750
514852
514902
514949
514991
515070
515156
515190
515229
515319
515426
515473
515595
515680
515707
515805
515853
515913
515970
516020
516054
516106
516142
516185
516218
516258
516302
516387
516427
516527
516579
516620
516639
516663
516803
516828
516894
516932
517073
517178
517242
517279
517300
517352
517389
517552
517627
517656
517757
517863
517976
518023
518100
518152
518223
518284
518403
518430
518538
518569
518724
518799
518917
518997
519093
519124
519204
519247
519403
519477
519598
519658
519740
519786
519889
519975
520029
520143
520299
520352
520480
520494
520571
520613
520672
520683
520791
520993
521079
521173
521220
521371
521464
521480
521569
521673
521758
521829
521881
521899
521974
521996
522089
522141
522179
522290
522414
522524
522543
522634
522669
522775
522858
522964
522990
523063
523167
523228
523278
523316
523388
523426
523496
523588
523614
523686
523761
523793
523860
523920
524025
524042
524163
524338
524349
524441
524575
524620
524705
524767
524890
524924
525048
525082
525138
525212
525229
525258
525308
525324
525417
525452
525671
525724
525803
525867
525912
525960
526049
526134
526232
526322
526367
526433
526504
526651
526810
526923
527044
527078
527187
527214
527315
527364
527398
527474
527501
527527
527581
527609
527638
527688
527909
527932
528027
528096
528158
528265
528342
528394
528438
528491
528540
528563
528577
528631
528661
528677
528710
528783
528857
528933
528992
529071
529149
529199
529257
529339
529484
529624
529658
529685
529755
529839
529889
529919
530071
530194
530248
530338
530385
530478
530531
530575
530624
530691
530738
530762
530860
530929
531021
531122
531257
531306
531342
531401
531450
531499
531536
531604
531652
531699
531755
531780
531820
531866
531915
532012
532099
532136
532158
532227
532259
532328
532474
532550
532618
532692
532734
532863
532886
532975
532994
533039
533081
533114
533196
533303
533359
533435
533492
533528
533555
533628
533730
533746
533819
533898
533942
534006
534022
534250
534364
534379
534493
534538
534587
534674
534711
534835
534894
534976
534995
535043
535359
535466
535602
535661
535673
535740
535769
535890
535999
536033
536128
536205
536243
536324
536363
536422
536475
536522
536611
536773
536900
536956
537005
537122
537182
537278
537405
537437
537609
537742
537840
537894
537975
537996
538184
538298
538450
538598
538734
538842
538883
538972
538999
539045
539174
539231
539331
539460
539524
539600
539697
539764
539804
539834
539957
539984
540108
540190
540306
540382
540440
540468
540571
540754
540799
540885
540998
541047
541082
541174
541222
541284
541358
541414
541510
541520
541616
541667
541786
541853
541930
541997
542066
542122
542186
542237
542268
542401
542567
542637
542661
542701
542786
542822
542892
543002
543018
543126
543149
543202
543306
543479
543547
543608
543710
543800
543882
543927
543952
544099
544187
544209
544280
544337
544390
544448
544470
544546
544603
544711
544759
544866
544919
545002
545113
545190
545240
545321
545410
545439
545549
545607
545626
545730
545800
545984
545995
546026
546108
546128
546195
546336
546435
546567
546589
546681
546774
546802
546891
546943
547038
547097
547171
547215
547254
547425
547581
547689
547862
547960
548022
548075
548161
548207
548273
548313
548469
548552
548588
548645
548805
548856
548975
549067
549124
549183
549198
549291
549350
549373
549570
549596
549645
549664
549715
549744
549815
549844
549889
549904
549941
549976
550018
550037
550093
550127
550208
550246
550313
550335
550420
550559
550628
550697
550719
550763
550833
550886
550987
551031
551089
551140
551219
551254
551306
551355
551399
551435
551460
551498
551542
551603
551663
551700
551721
551743
551849
552001
552076
552101
552130
552218
552275
552328
552420
552563
552585
552661
552735
552787
552845
552926
553057
553207
553283
553349
553372
553401
553446
553483
553523
553579
553642
553710
553823
553877
553932
553975
554093
554127
554139
554198
554259
554302
554340
554424
554488
554530
554570
554661
554678
554711
554762
554779
554831
554862
554909
554987
555015
555038
555138
555224
555332
555401
555488
555667
555691
555787
555835
555880
555996
556088
556211
556248
556320
556407
556471
556570
556612
556633
556739
556834
556888
556969
557094
557199
557251
557280
557346
557383
557454
557500
557522
557556
557712
557742
557776
557845
558024
558109
558148
558190
558219
558239
558309
558430
558507
558589
558608
558664
558744
558911
558928
558991
559035
559113
559141
559268
559340
559373
559426
559490
559576
559671
559738
559809
559844
559902
559929
559977
560099
560172
560279
560413
560490
560609
560693
560777
560835
560867
560987
561018
561137
561180
561241
561333
561346
561561
561655
561728
561827
561870
561891
562025
562110
562353
562678
562821
562886
562988
563018
563045
563101
563204
563285
563405
563496
563576
563676
563747
563902
563932
563984
564140
564348
564479
564608
564822
564899
564967
565017
565084
565121
565165
565218
565323
565350
565412
565460
565555
565601
565680
565757
565830
565864
565972
566034
566180
566331
566441
566603
566622
566695
566788
566862
566888
566974
567028
567153
567184
567285
567329
567387
567654
567725
567750
567925
567943
567983
568106
568170
568308
568376
568394
568443
568534
568619
568738
568778
568858
568933
569094
569254
569311
569414
569524
569585
569654
569674
569756
569812
569935
569974
570019
570083
570113
570153
570215
570277
570338
570562
570605
570709
570805
570960
571030
571079
571109
571154
571240
571321
571434
571460
571542
571598
571655
571682
571745
571792
571859
571923
572096
572211
572283
572346
572453
572502
572522
572749
572868
572928
572983
573040
573069
573191
573242
573305
573368
573411
573451
573548
573666
573758
573802
573825
573856
573924
573948
573990
574069
574088
574157
574201
574235
574300
574445
574481
574577
574633
574713
574763
574803
574882
574944
575025
575280
575343
575490
575548
575580
575709
575726
575764
575870
575927
576080
576167
576262
576295
576432
576535
576588
576630
576702
576769
576859
576994
577047
577120
577159
577233
577409
577498
577583
577627
577659
577723
577809
577826
577881
577960
578020
578112
578215
578255
578280
578331
578416
578488
578544
578670
578725
578744
578872
578964
579067
579114
579214
579281
579341
579422
579453
579588
579611
579633
579738
579766
579834
579883
579946
580023
580078
580163
580203
580293
580340
580397
580409
580455
580471
580623
580643
580713
580776
580812
580867
580943
580979
581011
581061
581130
581225
581350
581407
581436
581482
581555
581624
581638
581691
581766
581919
581984
582046
582146
582233
582258
582320
582369
582447
582519
582575
582736
582779
582795
582872
582914
582962
583053
583160
583221
583246
583298
583392
583466
583517
583572
583629
583673
583724
583793
583867
583893
583928
583993
584056
584091
584135
584174
584211
584229
584244
584278
584334
584357
584405
584476
584603
584623
584683
584806
584954
585090
585215
585276
585370
585428
585475
585557
585591
585649
585671
585718
585825
585866
585948
586024
586126
586210
586239
586393
586498
586571
586613
586685
586738
586822
586838
586878
586936
586985
587108
587183
587258
587332
587460
587540
587639
587748
587810
587848
587908
587977
588028
588104
588159
588223
588246
588298
588353
588416
588506
588626
588662
588761
588800
588886
588928
589146
589371
589481
589511
589570
589670
589773
589865
589939
590049
590111
590138
590266
590399
590487
590561
590715
590771
590823
590868
590938
590979
591069
591143
591185
591196
591288
591350
591490
591577
591596
591631
591723
591799
591849
591879
591908
592011
592034
592094
592179
592252
592334
592413
592464
592656
592880
592990
593044
593248
593320
593434
593535
593671
593777
593858
593934
594031
594150
594211
594233
594354
594457
594571
594615
594683
594726
594826
594873
595015
595032
595070
595234
595301
595333
595408
595485
595796
595820
595958
596114
596218
596271
596387
596442
596506
596517
596591
596668
596703
596756
596898
596949
597070
597155
597184
597323
597400
597557
597607
597709
597769
597837
597902
598100
598223
598315
598480
598599
598714
598811
598930
598948
599020
599093
599166
599248
599338
599434
599517
599597
599668
599710
599791
599959
