2343
7515
11034
13315
15911
19880
25950
30538
34771
37706
40816
41490
44401
46532
49852
55643
60370
64309
70025
75865
81571
84536
87894
94380
98035
102757
106202
114174
120364
127048
133248
136478
141375
145568
149467
153975
158353
164523
166725
169560
175555
178246
182754
187366
193591
195468
200720
205263
208263
209676
214588
219420
224207
230398
235539
239648
245139
247046
250176
256546
260774
264059
266425
273359
280382
284047
289578
296077
301683
305013
307948
311268
314443
318611
321596
324197
327911
331910
336073
340501
346122
351758
356236
362461
367398
372325
375600
377507
381760
388055
389837
394684
399671
406306
410694
416115
420168
425300
429633
433846
437770
440526
446666
449367
453919
459031
462805
467772
470323
471142
472485
473343
478220
483377
484995
488993
490086
495013
499761
504663
510868
514832
516264
520543
525649
529279
533043
538429
543800
549526
553260
558077
565196
567852
573288
578984
582703
586202
589822
595867
