27
150
293
517
707
822
1120
1295
1482
1664
1810
1851
1965
2137
2267
2437
2600
2829
2975
3088
3294
3506
3662
3774
4023
4143
4326
4541
4685
4994
5195
5379
5539
5713
5873
6101
6355
6470
6643
6722
6911
7087
7228
7326
7718
7824
7967
8363
8560
8752
8893
9074
9198
9597
9841
10017
10176
10268
10368
10619
10716
10892
11063
11237
11389
11531
11711
11856
12035
12166
12367
12475
12629
12730
12936
13081
13229
13400
13530
13703
13828
13953
14134
14332
14450
14591
14722
14880
14973
15069
15226
15540
15641
15679
15818
15963
16122
16233
16395
16541
16716
16804
16894
17061
17359
17544
17727
17869
18023
18150
18446
18460
18567
18839
19002
19175
19368
19569
19666
19765
20000
20191
20460
20767
20922
21067
21597
21966
22171
22365
22517
22664
22863
22956
23100
23293
23486
23827
23973
24063
24296
24435
24626
24842
24948
25123
25280
25449
25759
25989
26164
26348
26509
26707
26897
27064
27170
27250
27408
27819
28127
28221
28373
28657
28775
28940
29092
29260
29453
29590
29761
30062
30259
30378
30554
30678
30788
30906
31526
31752
32025
32187
32340
32457
32688
32851
33019
33144
33181
33446
33617
33714
33877
34044
34184
34390
34674
34834
34961
35075
35276
35403
35630
35719
35883
36039
36263
36389
36683
36903
37135
37264
37490
37633
37785
37943
38133
38225
38422
38469
38644
38806
38896
38990
39236
39360
39609
39805
39971
40210
40416
40687
40854
40986
41220
41492
41702
41954
42070
42266
42536
42675
42938
43039
43184
43338
43511
43694
43821
43894
44161
44268
44445
44573
44757
44943
45237
45434
45548
45726
45833
46107
46334
46438
46582
46736
46906
47048
47280
47394
47558
47788
47994
48189
48316
48461
48645
48778
48891
49033
49310
49484
49608
49846
50036
50211
50363
50553
50646
50731
50927
51132
51353
51521
51668
51775
52099
52312
52420
52525
52683
52807
52963
53198
53442
53655
53871
54122
54341
54513
54664
54789
54915
55132
55306
55428
55611
55848
56239
56420
56570
56823
57012
57140
57364
57599
57820
57947
58362
58542
58780
58992
59138
59344
59642
59811
59899
59989
60104
60589
60640
60785
61033
61203
61402
61671
61785
61912
62116
62236
62395
62552
62730
62869
63062
63329
63493
63612
63952
64081
64212
64437
64663
64886
65002
65134
65403
65595
65818
65957
66115
66421
66619
66750
67003
67218
67319
67509
67733
68068
68299
68472
68703
68815
68952
69225
69382
69578
69767
69895
70098
70335
70511
70783
70899
71064
71197
71410
71620
71790
71909
72218
72313
72424
72677
72880
73001
73118
73159
73324
73528
73726
73847
74041
74279
74413
74570
74728
74858
75036
75198
75359
75519
75649
75792
75939
76058
76224
76348
76533
76701
76871
77068
77219
77311
77498
77706
77826
77998
78173
78509
78618
78791
78975
79119
79287
79578
79798
79934
80069
80256
80426
80600
80761
80876
81017
81117
81196
81323
81480
81586
81685
81885
82089
82229
82359
82474
82584
82697
82820
83054
83223
83443
83594
83712
83921
84010
84352
84450
84686
84872
85063
85201
85401
85594
85862
86057
86434
86608
86817
86909
87098
87269
87579
87720
87933
88229
88415
88710
88986
89336
89474
89590
89826
90182
90365
90530
90775
90893
91037
91220
91356
91522
91716
91916
92139
92265
92473
92618
92835
93021
93164
93373
93700
93809
94031
94237
94484
94627
94815
94966
95107
95249
95460
95637
95801
95941
96101
96261
96434
96712
96859
96944
97178
97336
97635
97777
97919
98045
98210
98425
98671
98842
99041
99210
99421
99534
99701
99913
100075
100284
100533
100748
100931
101034
101182
101437
101632
101831
102002
102244
102444
102497
102597
102811
102988
103121
103294
103530
103784
103995
104170
104351
104525
104646
104811
104966
105193
105533
105686
105858
105898
106042
106178
106283
106391
106529
106710
106835
107096
107189
107219
107376
107507
107711
108035
108220
108394
108559
108734
108890
109112
109284
109452
109549
109666
109828
110052
110157
110317
110458
110620
110737
111027
111191
111326
111476
111726
111892
112157
112320
112547
112657
112773
113212
113642
113770
113889
114022
114182
114285
114431
114579
114749
114877
115008
115163
115378
115571
115683
115833
115976
116110
116258
116404
116507
116663
116752
116907
117019
117071
117226
117372
117531
117609
117831
117957
118115
118289
118423
118537
118664
118842
118938
119061
119168
119322
119488
119650
119754
119909
120053
120201
120404
120565
120751
120911
121099
121225
121391
121527
121660
121900
122016
122153
122316
122471
122658
122776
122914
123066
123246
123643
123864
124099
124234
124408
124622
124707
124855
125000
125128
125247
125535
125828
126261
126372
126548
126681
126813
126895
127036
127171
127316
127534
127711
127947
128147
128309
128385
128559
128654
128789
129011
129252
129404
129632
129803
130118
130310
130506
130617
130751
130901
131053
131301
131595
131770
131977
132059
132186
132431
132651
132839
133182
133256
133459
133624
133858
134104
134314
134583
134644
134854
134972
135102
135255
135417
135580
135932
136105
136292
136505
136723
136879
137025
137230
137440
137615
137796
138040
138171
138342
138493
138676
138812
138991
139176
139304
139524
139833
140016
140174
140272
140372
140560
140737
140881
141001
141283
141428
141734
141924
142123
142297
142483
142764
142909
143115
143256
143566
143731
143966
144166
144364
144547
144726
144886
145010
145328
145512
145735
145979
146096
146340
146518
146699
146917
147051
147241
147337
147453
147559
147726
147885
148070
148325
148515
148740
148893
149163
149563
149760
149928
150124
150275
150442
150607
150817
151091
151282
151512
151645
151878
152050
152165
152280
152486
152698
152855
153026
153165
153352
153462
153577
153743
153922
154055
154227
154327
154467
154575
154798
154872
155068
155281
155448
155709
155826
156023
156279
156478
156720
156868
157081
157251
157502
157752
157929
158079
158231
158367
158574
158682
158869
159037
159206
159523
159642
159866
160063
160274
160452
160692
160855
161036
161188
161381
161527
161663
161863
162008
162136
162378
162563
163154
163360
163490
163617
163722
163866
164007
164159
164323
164497
164614
164772
164921
165086
165230
165356
165509
165653
165799
165952
166158
166227
166329
166430
166549
166794
167005
167141
167415
167550
167668
167903
168034
168187
168408
168532
168677
168863
169041
169234
169396
169569
169792
170008
170133
170259
170423
170585
170804
171055
171314
171497
171687
171831
172110
172319
172575
172734
172953
173210
173434
173693
173903
174027
174310
174456
174637
174755
174960
175139
175335
175373
175485
175712
175898
176063
176138
176423
176819
177149
177376
177605
177698
177941
178065
178286
178678
178818
178969
179143
179312
179470
179569
179661
179825
180002
180234
180437
180613
180908
181064
181283
181427
181576
181698
181868
181979
182103
182260
182460
182596
182743
182911
183082
183179
183359
183836
184043
184270
184486
184647
184763
184956
185235
185388
185618
185866
185993
186133
186225
186395
186578
186803
187014
187160
187593
187702
187915
188107
188296
188436
188606
188871
189016
189195
189435
189582
189777
190008
190273
190403
190503
190666
190819
191199
191301
191473
191645
191773
191919
192109
192313
192427
192637
192909
193108
193286
193375
193510
193709
193791
194093
194283
194385
194549
194788
194886
195115
195258
195393
195553
195688
195931
196107
196249
196456
196588
196809
197073
197228
197344
197438
197697
197827
197979
198209
198393
198627
198816
198981
199157
199335
199505
199763
199894
200121
200270
200380
200538
200716
200952
201112
201264
201437
201631
201794
202006
202170
202449
202621
202817
202985
203255
203435
203636
203740
203899
204008
204114
204325
204536
204678
204990
205124
205319
205387
205610
205747
205861
205978
205991
206081
206199
206349
206573
206713
206875
207029
207151
207230
207329
207517
207658
207748
207859
208000
208158
208184
208425
208529
208622
208830
208970
209081
209213
209331
209480
209577
209797
209912
210009
210164
210314
210518
210677
210858
211097
211246
211431
211526
211673
211832
211888
212101
212275
212475
212643
212739
212999
213107
213269
213379
213528
213727
213827
213992
214215
214377
214542
214641
214810
214971
215138
215310
215480
215579
215778
215999
216180
216461
216723
216847
217049
217238
217436
217613
217816
218064
218220
218377
218508
218737
218918
219064
219226
219401
219506
219615
219651
219764
219975
220122
220229
220423
220620
220833
221039
221165
221332
221501
221815
222033
222192
222423
222716
223040
223253
223549
223712
223856
224026
224104
224340
224466
224730
225046
225167
225417
225492
225652
225917
226220
226345
226673
226881
227173
227298
227442
227584
227772
227917
228064
228370
228525
228659
228905
229068
229174
229373
229633
229770
229959
230162
230347
230777
230951
231098
231247
231399
231652
231933
232063
232408
232516
233041
233259
233473
233670
233763
234117
234273
234511
234687
234910
235045
235225
235391
235565
235726
235965
236228
236448
236573
236818
236954
237081
237159
237402
237564
237759
237945
238102
238248
238444
238608
238791
239005
239125
239323
239484
239649
239824
239934
240056
240265
240411
240673
240797
241009
241196
241397
241580
241753
241856
242089
242281
242412
242620
242854
243071
243268
243451
243649
243825
244004
244215
244412
244650
244797
244935
245097
245233
245355
245531
245713
245907
246097
246355
246462
246597
246746
246950
247078
247222
247371
247544
247747
247912
248112
248215
248410
248577
248692
248921
249112
249382
249535
249671
249771
249959
250149
250285
250433
250573
250693
250878
251062
251321
251513
251675
251894
252080
252271
252456
252636
252802
252973
253168
253461
253582
253752
253989
254099
254393
254642
254791
255013
255122
255326
255417
255556
255782
255959
256134
256301
256427
256590
256819
257016
257199
257263
257506
257666
257890
258029
258256
258373
258597
258826
258985
259260
259398
259545
259770
259868
259956
260111
260315
260563
260756
260920
261043
261173
261346
261553
261760
261965
262147
262277
262473
262587
262771
262930
263052
263175
263279
263419
263586
263756
263860
264053
264179
264332
264446
264642
265086
265234
265298
265500
265668
265825
265960
266131
266290
266453
266584
266692
266802
266943
267101
267218
267420
267559
267745
267911
268081
268264
268413
268526
268698
268855
269015
269164
269247
269345
269508
269665
269850
270180
270320
270521
270697
270868
271004
271140
271288
271373
271441
271606
271721
271845
272069
272240
272570
272785
272935
273198
273356
273523
273678
273844
273997
274242
274407
274499
274689
274827
275059
275356
275480
275597
275777
275954
276088
276299
276459
276605
276763
276956
277171
277296
277512
277675
277850
277985
278086
278243
278327
278590
278719
278762
278911
279112
279165
279332
279520
279687
279853
280028
280111
280280
280391
280518
280689
280818
280977
281171
281423
281556
281767
281914
282045
282248
282471
282665
282828
282967
283092
283313
283587
283710
283865
284051
284211
284333
284559
284756
284816
285046
285133
285348
285511
285707
285985
286171
286339
286574
286709
286991
287005
287113
287287
287468
287691
287848
288083
288246
288449
288701
288877
289087
289283
289512
289695
289768
289971
290141
290363
290608
290873
291158
291318
291651
291823
292078
292233
292441
292642
292876
293114
293515
293698
293847
294181
294333
294521
294772
294993
295189
295350
295491
295689
295885
296063
296297
296551
296796
296944
297073
297236
297510
297717
298094
298278
298522
298685
298839
298962
299158
299332
299465
299730
299891
300129
300308
300471
300831
300976
301238
301457
301602
301846
301990
302195
302298
302333
302448
302631
302803
303040
303244
303452
303533
303726
303858
304039
304272
304433
304557
304925
305025
305383
305595
305785
305944
306124
306386
306489
306690
306909
307060
307213
307408
307583
307772
308067
308226
308462
308612
308772
308941
309212
309415
309560
309757
309913
310166
310339
310536
310779
310965
311199
311455
311557
311765
311902
312038
312260
312483
312600
312739
313016
313176
313416
313577
313742
313911
314089
314264
314466
314595
314744
314920
315149
315241
315528
315716
316005
316234
316446
316599
316890
317019
317212
317358
317482
317602
317752
318016
318267
318556
318723
319016
319250
319441
319567
319698
319869
320012
320306
320620
320850
321005
321121
321471
321606
321815
321964
322074
322179
322329
322450
322633
322732
322820
323177
323390
323482
323614
323704
323804
324093
324318
324461
324650
324791
324974
325266
325374
325568
325771
325990
326104
326260
326447
326815
326840
327061
327246
327383
327524
327826
327950
328192
328406
328549
328819
328969
329102
329227
329335
329436
329543
329671
329739
329826
329964
330052
330263
330408
330589
330732
330982
331097
331383
331623
331747
331846
332059
332205
332385
332416
332639
332829
333064
333347
333480
333662
333803
334043
334227
334323
334620
334794
335020
335199
335372
335471
335587
335670
336064
336160
336394
336538
336727
336849
337037
337331
337508
337810
338082
338261
338408
338661
338916
339079
339287
339525
339806
340040
340151
340307
340521
340651
340811
341295
341456
341662
341863
342085
342242
342401
342620
342923
343105
343413
343624
343936
344187
344445
344628
344884
345061
345290
345431
345666
345844
345956
346179
346366
346523
346734
346940
347327
347469
347708
347983
348259
348429
348504
348702
348823
348985
349141
349277
349529
349729
349918
350137
350350
350548
350729
350917
351272
351588
351698
351825
352003
352225
352446
352640
352931
353118
353391
353633
353905
354028
354161
354382
354519
354830
355173
355381
355569
355782
355943
356200
356333
356443
356672
356853
357098
357277
357470
357660
357832
358008
358150
358436
358623
358833
359155
359372
359499
359734
359914
360001
360158
360326
360520
360639
360757
360929
361095
361226
361391
361548
361692
361895
362034
362182
362273
362500
362668
362869
363044
363274
363448
363658
363893
364059
364249
364484
364715
364847
365057
365203
365303
365473
365585
365805
365926
366065
366285
366363
366518
366667
366741
366902
367076
367238
367362
367567
367818
368015
368179
368334
368509
368686
368837
369261
369323
369467
369663
369806
370007
370122
370306
370405
370636
370768
370963
371137
371274
371414
371531
371656
371852
372006
372170
372271
372439
372629
372734
372908
373106
373247
373370
373594
373763
373882
374052
374263
374434
374560
374771
374932
375124
375302
375494
375675
375849
375976
376166
376310
376563
376738
376919
377149
377325
377495
377711
377841
378089
378176
378365
378437
378656
378768
378934
379312
379677
379791
379940
380127
380553
380663
380822
381019
381192
381395
381631
381826
381994
382098
382573
382833
382971
383101
383405
383545
383622
383853
384014
384187
384552
384663
384873
384998
385195
385393
385723
385855
386088
386266
386457
386557
386775
386970
387129
387312
387398
387526
387634
387816
387950
388054
388134
388245
388379
388548
388688
388817
388897
389229
389379
389508
389608
389761
389897
390150
390180
390325
390453
390692
390918
391099
391272
391506
391687
391767
391986
392221
392446
392726
392881
393042
393439
393548
393620
393826
394053
394212
394386
394597
394749
395055
395202
395370
395599
395774
395988
396270
396502
396588
396762
396927
397034
397285
397460
397707
397867
397995
398135
398306
398411
398590
398861
399127
399354
399573
399732
399870
400018
400204
400358
400485
400608
400834
401084
401329
401497
401718
401847
402129
402284
402457
402639
402789
402977
403115
403271
403560
403760
403973
404146
404332
404672
404832
405015
405308
405493
405649
405839
406016
406204
406344
406526
406849
407092
407236
407442
407719
407884
408149
408241
408380
408596
408770
409022
409263
409382
409607
409887
410059
410232
410404
410574
410702
410926
411159
411318
411506
411700
411889
412120
412317
412602
412859
412999
413157
413286
413422
413705
413843
414013
414151
414415
414623
414795
415003
415185
415337
415537
415726
415933
416176
416388
416502
416752
416951
417208
417349
417602
417713
417888
418078
418320
418562
418669
418956
419092
419346
419481
419595
419773
419981
420150
420270
420486
420606
420857
420964
421148
421339
421509
421650
421810
422076
422255
422428
422691
422988
423213
423431
423645
423831
424050
424162
424360
424559
424810
424974
425147
425240
425438
425628
425775
426114
426327
426427
426548
426746
426900
427061
427190
427353
427457
427657
427809
427960
428393
428546
428958
429118
429264
429381
429589
429781
430017
430157
430290
430602
430820
430926
431235
431472
431671
431890
432109
432286
432488
432610
432793
432999
433185
433421
433535
433613
433765
433919
434011
434058
434164
434294
434545
434674
434887
435165
435263
435475
435628
435709
435854
435973
436324
436490
436680
436901
437129
437231
437381
437479
437629
437840
438047
438290
438423
438647
438810
438974
439118
439303
439652
439756
440003
440188
440366
440486
440607
440782
440964
441252
441440
441646
441859
442134
442385
442621
442816
443076
443317
443465
443652
443866
444084
444206
444336
444609
444781
445018
445108
445314
445461
445685
445905
446092
446361
446509
446622
446759
446967
447235
447618
447769
447931
448014
448269
448397
448531
448730
448886
449021
449199
449278
449454
449645
449889
449939
450174
450462
450688
450854
451049
451194
451343
451652
451776
451933
452247
452360
452507
452652
452791
452914
453079
453219
453343
453459
453660
453833
454026
454202
454389
454535
454622
454754
454902
455115
455249
455421
455630
455766
455962
456159
456326
456480
456658
456740
456964
457075
457168
457340
457555
457699
457933
458084
458286
458434
458594
458799
458923
459091
459187
459420
459566
459737
459994
460125
460268
460410
460629
460745
460984
461362
461544
461789
462012
462195
462325
462658
462841
462960
463206
463428
463601
463724
463829
463961
464115
464451
464680
464847
465039
465111
465291
465426
465762
465942
466032
466168
466471
466615
466771
466963
467144
467234
467408
467525
467760
467847
467940
468296
468524
468756
468892
469050
469200
469385
469545
469682
469870
470124
470248
470379
470530
470658
470886
471040
471179
471433
471645
471761
472032
472162
472296
472374
472475
472559
472680
472734
472806
473162
473344
473521
473642
473753
473964
474113
474233
474473
474677
474782
474901
475053
475203
475343
475460
475611
475703
475862
475978
476081
476204
476312
476455
476550
476597
476716
476807
476953
477107
477200
477317
477437
477554
477675
477790
477897
478034
478129
478256
478353
478506
478596
478679
478754
478876
478988
479187
479266
479437
479561
479630
479752
479905
480074
480190
480254
480392
480495
480638
480767
480893
480965
481148
481272
481361
481496
481619
481771
481877
482045
482069
482172
482217
482371
482487
482790
483111
483232
483352
483488
483633
483718
484019
484152
484633
484838
485230
485355
485629
485846
485969
486101
486237
486486
486615
486720
486878
487002
487132
487214
487341
487458
487515
487640
487714
487809
487893
487998
488090
488188
488272
488446
488538
488637
488753
488822
488995
489195
489290
489351
489411
489541
489665
489743
489828
489934
490082
490283
490481
490687
490932
491016
491150
491277
491443
491564
491767
491914
492046
492199
492297
492435
492552
492641
492782
492978
493075
493176
493394
493483
493657
493764
493911
494033
494301
494392
494525
494690
494780
495035
495181
495395
495570
495663
495827
495889
496039
496202
496380
496528
496692
496734
496817
496944
497101
497189
497428
497601
497772
497934
498132
498306
498409
498507
498590
498625
498740
498928
499118
499290
499493
499534
499683
499831
500083
500258
500327
500515
500623
500796
500967
501380
501574
501776
501903
502072
502211
502384
502538
502629
502818
502890
503038
503161
503302
503425
503612
503787
503971
504147
504294
504460
504625
504978
505070
505292
505350
505571
505835
505925
506023
506228
506320
506534
506648
506787
506928
507094
507312
507448
507634
507868
507983
508191
508272
508398
508526
508822
508907
509048
509195
509332
509523
509536
509747
509850
509989
510162
510270
510421
510643
510733
510856
510958
511062
511283
511416
511516
511683
511830
512029
512196
512389
512605
512757
512933
513100
513197
513373
514048
514205
514409
514500
514652
514735
514849
514916
515246
515374
515447
515548
515661
515775
516046
516169
516500
516628
516743
516972
517097
517375
517530
517764
517942
518137
518395
518615
518774
518977
519159
519368
519573
519704
519933
520104
520324
520475
520693
520859
521024
521194
521382
521539
521717
522006
522132
522268
522544
522682
522805
522939
523191
523379
523599
523871
524073
524362
524558
524722
524873
525044
525132
525343
525527
525690
525776
526154
526390
526542
526656
526761
526897
527080
527177
527503
527673
527914
528250
528483
528638
528837
529146
529402
529679
529830
530008
530159
530318
530503
530820
530983
531170
531279
531390
531637
531866
532003
532201
532409
532658
532878
533057
533204
533495
533789
534038
534159
534357
534562
534702
534948
535292
535506
535752
536009
536254
536388
536554
536673
536886
537009
537254
537515
537682
537855
538074
538436
538677
538958
539097
539303
539603
539805
540082
540246
540439
540674
540879
541104
541345
541730
541915
542063
542357
542688
543002
543232
543403
543634
543786
544043
544369
544541
544844
545228
545445
545645
545938
546086
546299
546636
546892
547190
547421
547746
548252
548595
548768
548987
549251
549517
549786
549979
550123
550219
550375
550515
550909
551010
551176
551417
551623
551871
552046
552394
552531
552819
553064
553320
553579
554100
554280
554451
554593
554762
554963
555180
555430
555632
555855
556072
556348
556511
556740
556939
557074
557201
557330
557434
557578
557821
558015
558191
558458
558721
558890
559166
559284
559527
559916
560086
560212
560404
560515
560879
561089
561352
561542
561757
561986
562184
562340
562597
562766
563154
563382
563964
564169
564315
564531
564772
564957
565387
565519
565714
566020
566251
566470
566644
567173
567429
567603
567887
568085
568394
568626
568779
568974
569302
569540
569712
569883
570076
570209
570523
570813
571177
571344
571440
571663
571859
572139
572501
572724
572872
573032
573181
573721
573902
574280
574493
574720
575013
575424
575665
575951
576100
576246
576445
576658
576831
577059
577235
577410
577620
577853
578002
578368
578590
578779
578871
579094
579351
579463
579643
579855
580077
580219
580440
580599
580773
581005
581172
581357
581511
581664
581857
582054
582330
582568
582799
582958
583169
583375
583656
583924
583984
584141
584246
584448
584543
584834
585006
585189
585507
585656
585920
586051
586203
586339
586511
586727
586805
586954
587125
587455
587731
587892
588135
588451
588685
588902
589133
589424
589865
589996
590243
590472
590747
590898
591146
591280
591507
591639
591739
591923
592329
592713
592977
593230
593454
593607
593802
593934
594189
594411
594550
594846
595033
595268
595539
595715
596269
596606
596903
597153
597375
597675
597977
598306
598523
598809
599168
599402
599737
599892
