106
306
357
516
984
2105
2303
2471
3175
3246
3313
3452
3570
3713
3725
3903
4020
4065
4203
4411
4525
4654
4884
5096
5188
5368
5483
5814
5832
6229
6356
6952
7293
7403
7439
7686
7831
8143
8214
8310
8392
8404
8577
8738
8768
8928
9129
9221
9670
10446
10726
11361
11752
11816
11926
12447
12745
13139
13641
13830
14091
14211
14978
16421
17122
17211
17527
17802
18010
18092
18548
19040
19810
19959
21645
22978
23044
23381
23504
23720
24677
25953
25973
25975
25990
26024
26077
26099
26128
26605
26676
27087
27360
28212
28503
28534
28652
28694
29115
29557
30227
30590
30828
30930
31519
32411
32471
32628
33328
34251
34300
34725
35077
35145
35589
35639
35748
35873
36119
36312
36556
36928
37114
37561
37801
38590
38690
39080
39267
39530
40048
40113
40150
40396
40610
40988
41577
41759
42140
42277
42428
42853
43119
43319
43792
43901
43974
44142
44736
44795
44942
45072
45166
45289
45300
45540
45640
45788
45857
45962
46494
46835
46996
47055
47808
47958
48085
48442
48527
48553
48899
49006
49084
49255
49588
49648
49865
49949
50094
50265
50490
50503
51734
52123
52403
52581
52660
52730
53306
53808
53937
54082
54105
54423
54604
54632
54712
54892
55156
55213
55490
56051
56241
56353
56542
56734
56831
56911
57011
57084
57157
57343
57402
57584
58419
58495
58512
58827
58907
59229
59281
60419
60496
60576
60740
61472
61641
61864
62104
62229
63732
64075
64381
64765
65190
65232
65421
66158
66549
66710
66887
67106
67450
67656
67813
68039
68064
68388
68506
68883
69080
69424
69438
69503
69678
69846
70020
70268
70703
70820
71004
71348
71501
71650
72140
72304
72333
72701
73512
73815
73966
74873
75470
75581
75621
75697
75959
76495
76607
77169
77200
77572
77842
78070
78567
79437
79610
79975
81197
81344
81630
81707
81784
81869
82005
82056
82406
82655
82662
83573
84396
84979
85448
85679
86748
87430
87734
87838
88082
88222
89141
89410
89487
89824
90773
91413
91933
92519
92943
94192
94219
94664
94701
95038
95500
95535
95724
95825
95900
95905
96003
97204
97591
98160
98262
98699
99112
99710
100058
100111
100134
100627
100943
101255
101289
101357
101515
101630
101711
101827
102077
102977
103224
103545
103647
103719
103960
104444
106252
107384
108648
108894
109180
109451
109542
109633
109702
109830
110019
110082
110669
111845
112047
112140
112263
112510
112545
114314
114594
114730
115671
115757
115782
115838
116055
116611
117027
117143
117802
117952
118057
118130
118848
119326
119623
120089
120163
120575
120671
120767
120800
121110
121569
122221
122930
123359
123830
124267
124571
124736
124976
125684
126165
126931
128817
128940
129223
129377
129900
130143
131511
131831
132069
132142
132274
132372
132600
132731
132792
133037
133222
133339
133732
134142
134184
134344
134353
135791
136179
136540
136775
137663
138942
139505
141061
141428
141700
141776
142834
145536
145628
146632
146722
148321
148952
150301
152276
152763
153320
153799
154530
154956
155095
156143
157657
157951
158358
158623
158877
158946
159014
159262
159685
160098
160900
162399
162463
162595
162841
162901
162960
163065
163385
163419
163433
163622
163650
163702
163856
164237
164364
164398
164604
164700
164762
164962
165041
165111
165208
165285
165306
165360
165521
165676
165727
165978
166189
166483
166524
166558
166581
166878
167006
167048
167070
167075
167175
167282
167775
168084
168171
168368
168415
168439
168518
168601
168726
168865
168982
169022
169237
169323
169418
169523
169547
169579
169585
169617
169715
169859
170618
170673
170844
171062
171985
172640
173037
173131
173549
173705
173796
173834
174021
174276
174480
174635
174839
174938
175395
176235
176533
176605
176614
176663
176852
177026
177093
177220
177511
178000
178105
178414
178634
178820
178986
179090
179392
179758
179889
181188
181247
181386
181868
182169
182252
182446
183215
183662
184364
185086
185571
186424
187627
188112
188557
189447
190204
190520
191021
191176
191253
191368
191567
191639
191742
191873
192729
192940
193311
193682
193744
193792
195860
196073
196351
198046
198119
198255
198487
198644
198750
198797
199081
199123
199431
199900
200921
201986
202056
202153
202357
202541
202834
202991
203069
203460
204642
204853
206369
206936
206954
207193
207393
207623
207732
207798
207887
207974
208018
208077
208174
208190
208218
208242
208411
208592
208627
208803
208920
209013
209089
209479
209705
209789
209981
210021
210218
210409
210650
210806
210965
211553
211678
211887
211929
211979
212035
212253
212287
212295
212394
212436
212485
212550
212622
212677
212762
212845
212888
213103
213214
213287
213473
213625
213831
213884
214158
214392
214431
214532
214694
214797
214806
214896
214950
215012
215153
215202
215504
215560
215650
215714
215849
215902
216011
216079
216316
216387
216659
216941
217475
218961
219137
219157
219215
219238
219301
219408
219454
219571
219819
219906
220082
220094
220142
220165
220237
220346
220374
220389
220462
220468
220487
220495
220508
220527
220544
220647
220678
220699
220701
220754
220808
220824
220912
221050
221112
221176
221193
221291
221363
221372
221392
221490
221507
221589
221700
221827
221884
221929
221974
222048
222217
222351
222376
222502
222774
222838
222926
223029
223676
223721
223966
224147
224500
225066
225189
225255
225372
225536
225677
225736
225838
225966
225985
226159
226213
226259
226323
226389
226438
226543
226555
226672
226765
226794
226938
226979
227040
227186
227610
227771
227974
228280
228368
228446
228531
228609
228765
228828
228925
228983
229059
229192
229224
229236
229394
229403
229451
229511
229877
229947
230040
230095
230128
230300
230332
230341
230513
230583
230674
231144
231419
231632
231901
232261
232436
232950
233135
233337
233620
233708
233888
233983
234075
234191
234505
234678
234810
234889
234957
234975
234984
235084
235246
235305
235373
235465
235745
236170
236817
236857
236989
237065
237179
237207
237292
237405
237455
237525
237587
237706
237831
237885
237928
237934
237966
238016
238234
238287
238376
238430
238496
238610
238695
238737
238785
238889
238969
239082
239125
239271
239304
239377
240074
240282
240342
240498
240514
240610
240619
240750
240843
240879
240883
240915
241007
241448
241555
241927
243647
243679
243827
244056
244129
244207
244511
244618
244711
245040
245256
245563
245702
245920
246454
246516
246644
246834
246885
247068
247126
247467
247732
247972
248660
249223
249332
249479
249710
249784
249942
250002
250461
250488
251458
251618
251836
251877
251946
252023
252125
252154
252526
252735
252856
252986
253092
253173
253383
253473
253708
253866
254066
254130
254224
254336
254490
254969
255767
256118
256420
256624
257378
257655
257811
257877
257980
258200
258255
258280
258464
258672
258763
258928
259027
259190
259334
259398
259576
260668
261069
261210
261217
261699
261939
262040
262183
262316
262340
262982
263173
263846
264622
264717
264754
264845
264883
264932
264966
265045
265097
265139
265306
265492
265657
265700
265759
267436
267979
268087
268151
268222
268248
268286
268329
268351
268388
268474
268649
268736
268767
268978
269214
269290
270216
270422
270463
270499
270681
270783
271115
271313
271370
271668
271707
272196
272302
272330
272356
272517
272890
273180
273205
273264
273267
273582
273859
273933
273990
274113
274177
274247
274325
274329
274413
274497
274926
275063
275111
275132
275234
275357
275471
275650
275789
275846
275925
275926
276044
276175
276257
276527
276630
276915
276973
277049
277151
277271
277589
277932
278006
278572
278777
278903
278937
279180
279323
279351
279431
280129
280178
280359
280794
280820
280863
280928
281118
281420
281704
281950
282107
282600
282718
283216
283594
283647
284321
284886
285127
285263
285264
285394
285699
285812
285881
286852
286911
287069
287245
287293
287348
287459
287471
287525
287706
287873
288064
288139
288311
288391
288450
288571
288686
288741
288843
288923
288958
288970
288996
289092
289134
289167
289230
289295
289340
289351
289356
289505
289663
289667
289684
289718
289873
289909
289990
290079
290106
290133
290181
290217
290503
290698
290800
290852
290962
291099
291199
291344
291500
291533
291593
291653
292145
292165
292255
292317
292782
292894
293025
293138
293427
293492
293541
293610
293712
294009
294733
296670
296703
296749
296818
297019
297122
297299
297387
297426
297672
297890
297980
298315
300822
300904
300916
301168
301364
301565
302461
302593
302810
303051
303210
303258
303324
303411
303553
303696
303759
303768
303816
303878
304012
304065
304082
304161
304186
304216
304305
304318
304385
304416
304481
304573
304715
304814
305004
305151
305268
305397
305617
305622
305678
305808
305943
306010
306057
306106
306141
306200
306283
306394
306431
306455
306548
306937
307065
307220
307247
307410
307483
307680
307908
308472
308532
308543
308615
308696
308771
308875
308921
308998
309079
309191
309407
309610
309657
309687
309966
310143
310163
310313
310668
310886
310946
311042
311147
311192
311256
311627
311721
312753
312869
313538
313832
314217
314588
315073
315304
315573
315686
315964
316158
316232
316491
316554
316621
316702
317001
317070
317219
319258
319379
319513
319603
319805
319877
319966
320014
320115
320164
320260
320326
320640
320843
320887
321026
321145
321409
321599
321844
321946
322099
322335
322481
322732
324276
324514
324723
324783
325006
325018
325162
325306
325348
325423
325785
325859
326050
326461
326540
327261
327294
327308
327400
327633
327664
327768
328158
328242
328439
328499
328683
328833
329248
329293
329332
329462
329641
329713
329887
330198
330290
330425
330443
330599
330976
331030
331094
331636
331687
331804
331899
332118
332215
332254
332343
333341
333505
333779
333879
334563
334831
334932
335549
335623
335658
335746
336111
336123
336529
336979
337199
338017
338162
338607
339032
339189
339273
339982
340209
340832
341073
341179
341223
341749
341852
341918
342017
342145
342266
342404
342742
342887
343316
343373
343647
343779
344068
344109
344357
344419
344485
344523
344911
344944
345281
345424
345431
346902
347174
347499
347572
347914
347987
348158
348537
349241
349381
349598
349665
349803
349910
349975
350180
350473
350984
351232
351274
352010
352331
352420
352481
352572
352616
352727
352840
353005
353022
353142
353234
353321
353690
353803
354133
354142
354243
354550
354572
354673
354706
354984
355647
355771
356128
356252
356463
356467
356626
356891
357017
357735
358141
358215
358474
358517
358556
358957
359029
359123
359398
359504
360130
360395
360725
360781
360936
361045
361636
361817
362207
362538
362600
362873
362915
363192
363276
363492
363635
363647
364172
364177
364449
364897
364967
365075
366452
366641
366708
367052
367777
367871
367898
368002
368401
368494
368513
368563
368717
368758
368858
369101
369440
369703
369940
370097
371742
371937
372093
372137
372179
372374
372489
372555
372715
373552
373802
374275
374688
374769
374841
375111
375209
375506
375543
375641
375789
375945
376029
376109
376167
377272
377506
377559
378065
378620
379085
379172
379443
379644
379827
380059
380710
380718
381247
381390
381733
382001
382038
382435
382544
383828
384161
384215
384367
384466
384772
385255
386407
386531
386733
386781
386922
387003
387088
387286
387587
387685
387800
387911
388429
388731
388865
389139
389296
389545
390861
391000
391154
391319
391701
391766
392422
393175
393272
393609
393703
395414
395569
395758
395884
395969
396081
396425
396506
397385
397668
397754
397888
398730
399424
399467
399634
400204
400289
400333
401608
402147
402601
403677
404371
404585
404598
404684
405194
407084
408256
408729
409212
409359
409949
411274
411425
411455
411535
411941
412116
412186
412348
412417
412504
412887
412965
413089
413372
413392
413518
413578
414201
414719
415181
415321
415507
415675
416447
416535
416970
416971
417272
417626
417940
418040
419938
420173
420349
420352
420470
420588
422250
422540
423121
423508
423611
424351
424397
424697
424934
425046
426469
426661
427614
427969
428080
428268
428439
428742
429133
429277
430228
430344
430702
430969
431055
431204
431494
431539
432678
432821
432909
432999
433116
433242
433945
434338
434434
434650
434951
434973
435130
435216
435408
435555
435899
436407
436675
436777
436869
437079
437171
437450
437785
437835
438109
439226
439441
439852
440008
440315
440496
440982
441059
441125
441193
441323
441510
441633
441679
441877
441940
442517
443095
443193
443637
443981
444088
444306
444459
445522
445686
445754
445938
446513
446595
447043
447528
448284
448376
448867
448909
448933
449023
449436
449530
449569
449854
449949
449993
450096
450185
450410
451606
452367
452750
452835
453463
453731
454517
454736
454893
455854
455984
456019
456433
456455
456466
456492
456629
456844
457024
457098
457197
457248
457347
457431
457476
457779
457823
457917
457949
458112
458198
458300
458680
458928
459106
459130
459395
459417
459559
459808
460067
461117
461618
461643
461718
462065
462497
462515
462562
462749
463115
463310
463484
463672
463736
463829
463922
463952
464652
465074
465315
465508
465621
465693
465931
466109
466115
466499
466550
466607
466930
467673
468052
468125
468312
468486
468592
468703
470197
471334
471666
471740
471823
472437
472514
472730
473020
473114
473218
473242
473435
473521
473875
474060
474217
474629
474679
475261
475955
476344
477159
477661
477668
477745
477765
478073
478205
478291
478323
479020
479175
479448
479612
480094
480160
480317
480682
480866
480874
480933
481106
481197
481284
481466
481479
481553
483573
484181
484401
484500
484574
484625
485557
485677
485785
485988
486511
486588
486878
487136
487704
487900
488043
488115
488203
488223
488334
488411
488476
488793
488867
489150
489188
489556
489668
489749
489975
490335
490412
490593
490957
491212
491315
491407
491520
491585
491648
491663
491874
492004
492018
492471
492563
492631
492860
492971
493179
493921
494868
495353
495395
495776
495802
495852
495947
495968
496050
496490
496837
496908
497466
498262
498336
498390
498723
498769
499066
499230
499750
499892
500084
500350
500636
500684
500881
501072
501177
501208
501406
501615
501846
501941
501961
502056
502245
502412
502565
502618
502840
502939
503016
503184
503341
503406
503472
503606
503802
504191
504630
504768
504948
505076
505209
505349
505848
507270
507374
507497
507850
507977
508014
508562
508786
508843
508942
509034
509486
510070
510383
510547
510677
510703
511307
511557
511887
511972
512289
512333
512799
512961
513794
513968
514329
514736
514870
515431
516190
516251
516374
516523
517019
518080
519007
519183
519372
519503
519552
519619
519991
520294
520473
520876
521048
521676
521783
522175
522626
523190
523398
523550
523598
523657
523950
524062
525672
526270
526327
526538
526625
528228
528540
528746
528838
528882
528955
531061
531128
532338
532936
533207
533291
533882
534761
535413
536326
537306
537448
537700
537828
538478
538840
539844
540591
540713
541051
541105
541422
541494
541889
541950
542163
542276
542560
543091
543546
543854
544011
544385
544995
545166
545325
545662
545702
545750
545920
546206
546660
547084
547197
547357
547803
549175
549250
549377
549521
549600
549702
549958
549966
550261
550635
550812
551204
551615
551700
551781
551818
552735
552867
552971
553107
553199
553248
553441
553517
553672
553754
554215
554254
554600
554720
554902
555114
555181
555705
555867
556345
556580
556660
556898
556948
557131
557889
557952
558294
558459
558497
558847
559092
559694
559873
559937
560059
560164
560944
561003
561929
561991
562234
563168
563578
563661
563893
564192
564358
564389
564609
564664
565139
565904
565981
566376
566396
566944
567188
567383
568656
568926
569934
570071
570412
570493
571219
571419
572020
572173
572444
572689
572811
572957
573374
573629
574140
575110
575214
575273
575659
575752
575990
576660
577561
577899
578403
578499
578552
578872
578965
579009
579088
579110
579433
580355
580493
580580
580673
580765
581378
581584
581880
581969
582363
582524
582703
582853
582929
583058
583134
583461
583701
583819
583992
584215
584296
584363
584746
584750
584928
584997
585158
585249
585310
585446
585666
585758
585805
585861
585895
585938
585977
586158
586192
586198
586301
586560
586698
586825
586844
586911
587085
587216
587268
587331
587417
587518
587530
587626
587797
588005
588185
588490
589027
589244
589444
589561
589659
589666
589838
589912
589937
590050
590114
590178
590311
590477
590526
590810
590903
590931
590983
591079
591469
591583
591690
591992
592044
592115
592235
592293
592375
592378
592453
592480
592546
592573
592615
592712
592783
592860
592928
592965
593016
593094
593259
593319
593339
593390
593612
593778
593907
593967
594083
594964
595132
595217
595361
595739
595833
595858
596168
596229
596266
596321
596363
596382
596497
596663
596718
596821
596915
596919
597060
597110
597308
597352
597387
597403
597464
597467
597504
597620
597650
597684
597717
597947
599052
599445
599482
599530
599568
599804
599841
599928
600089
600145
600161
600228
600298
600402
600511
600556
600703
600823
600972
601075
601118
601207
601241
601245
601302
602013
602093
602122
602166
602286
602296
602374
602464
602523
602603
602710
602750
602951
603524
603574
603652
603794
604200
604569
604622
604754
604793
604906
604952
604961
605091
605197
605221
605283
605305
605535
605560
605673
606047
606161
606192
606459
606523
606676
606719
606767
606831
606932
606974
607052
607138
607220
607293
607394
607447
607485
607504
607629
607676
607789
607824
607867
607942
608055
608149
608257
608299
608307
608471
608529
608623
608662
608675
608706
608936
609072
609171
609185
609281
609320
609520
609611
609791
609868
609977
610089
610244
610297
610306
610318
610673
610764
610794
610916
610978
610998
611045
611098
611176
611249
611367
611522
611642
612019
612410
612909
613438
614257
614265
614666
614753
614820
614893
615046
615056
615175
615219
615340
615948
616083
616320
616349
616391
616492
616697
617242
617608
617656
617846
617982
618735
618745
618862
619064
619375
619444
619531
619604
619644
619692
619959
620014
620096
620179
620237
620271
620435
620483
620553
620601
620741
620949
621222
621337
621601
621634
621698
621951
622225
622311
622474
622921
623042
623260
623318
623416
623463
623469
623785
623818
623841
623879
623964
624041
624097
624198
624257
624392
624562
624589
624717
624977
625053
625097
625106
625188
625390
625545
625716
625744
625882
626068
626145
626198
626232
626493
626655
626710
626841
626864
627001
627370
627767
627826
627993
628012
628134
628200
628308
628321
628512
628524
628591
628852
628936
628972
628985
629047
629164
629332
629376
629386
629424
629512
629614
629738
629882
629995
630116
630254
630534
630749
630789
631605
632117
632309
632436
632638
632804
633056
633202
633250
633279
633363
633384
633506
633553
633679
634009
634103
634257
634609
634757
634845
634916
635534
635609
635699
635743
636008
636084
636394
636470
636542
636884
637331
637545
637735
638360
638414
638951
639244
639294
639819
639841
640509
640613
640702
641023
641123
641266
641487
641610
641658
641885
641936
642133
642499
642889
642974
643017
643108
643348
643552
643573
643630
644094
644124
644404
644453
644526
644639
644658
644725
644897
645163
645297
645334
645894
645896
646511
646935
647224
647259
647445
647515
647519
647551
647842
647902
647913
647970
648067
648309
648466
648688
648868
649668
650316
651072
651757
651865
652072
652097
652123
652334
652593
652904
654097
654807
654947
655156
657000
658293
658525
659024
659180
659713
660010
660217
660538
660707
660901
661054
661098
661477
661963
662191
662734
662890
662954
663073
664427
665549
665853
665914
666082
667048
668137
668279
668308
668439
668508
669132
669795
670498
670884
671306
671428
672309
672590
672668
672839
672860
672949
673375
673522
674008
674075
674429
674522
674691
674717
674753
674813
675264
675511
675766
675855
676212
676235
676271
676345
676778
676870
677254
677436
677821
677985
678115
678313
678681
679946
680448
680465
680609
680708
681049
681188
681987
682856
682969
683019
684164
684590
684932
684966
685533
685872
685959
686360
686401
686551
686700
686803
686834
686926
687898
687991
688112
688474
688803
690201
690654
691105
691414
691606
692000
692174
692630
692969
693870
694163
694668
694933
696099
696247
696467
696513
696604
697159
697263
697419
697698
698284
698587
698863
698983
699067
699184
699266
699313
699452
699767
699874
700129
700177
700336
700566
700925
700931
701034
701113
701268
701430
701532
701567
702180
702419
702444
702788
702856
703168
703581
703632
704698
705096
705249
705706
705759
706051
706236
706356
706889
707118
707245
707300
707342
707391
707587
707691
707757
707789
707790
707829
707919
707927
708070
708086
708178
708300
708335
708796
708937
709143
709324
709611
709925
710146
710825
710913
711009
711150
711336
711476
711594
711750
711936
712024
712185
712504
712744
713065
713308
713383
714096
714184
714516
714739
714882
715049
715123
715375
715437
715493
715550
715725
715787
715861
716104
716249
716542
716658
716852
717275
717673
717778
717827
718032
718245
718322
718584
718651
719299
719507
719682
720105
720287
723066
723485
723736
724034
724362
724653
725207
727008
728249
728541
728906
728942
729040
729355
729421
729601
729831
729948
730029
730697
730904
731154
731190
731368
731431
731449
731475
731915
731992
732212
732555
732613
732764
733428
733585
734252
734573
735028
735075
735348
735360
735546
735720
735984
736115
736266
736483
736536
736817
736972
737211
737248
737458
737526
737600
737684
737774
737869
737989
738117
738225
738271
738551
738745
738871
739128
739196
739349
739384
740329
740885
741313
741727
741779
741929
742010
742364
742517
742757
743441
743681
744283
744977
745034
745124
746973
747182
747611
747780
747939
748268
748798
750335
750402
750466
750938
751127
751233
751294
751419
751655
752029
752151
752454
753518
753682
754031
754210
755171
755412
755703
756023
756621
759078
760094
761224
762671
762808
763013
763150
763243
763778
763837
764072
764189
764289
764341
764616
764746
765167
765456
766434
766923
767549
768817
769251
769334
769388
770291
770750
771000
771423
771686
772126
772766
773132
773326
773483
773697
774159
775037
775199
775724
776119
776658
777604
777783
778100
778588
778646
778834
778960
779025
779749
779873
780282
780428
780645
780803
780895
781127
781300
781477
781492
781821
782442
782569
782979
783370
783506
783628
783843
783937
784813
784956
785032
785299
785515
786369
786554
787547
787686
787826
788003
788183
788290
788696
788762
788820
789264
789725
789858
790348
790502
791042
792320
792353
792563
793323
793959
794983
795550
795609
795918
797174
797554
798001
798063
798167
798697
799014
799066
799167
799577
799865
799994
800204
800499
800644
801285
801449
801573
802028
802107
802652
802771
803085
803118
803296
803391
803958
804211
804778
805464
805927
806028
806102
807312
807725
808395
808485
808712
808766
809091
809165
809291
809418
809438
809563
809644
811194
811389
811619
811772
812439
812561
812910
812998
813182
813407
813420
813475
813783
814252
815527
815594
815829
815980
816068
816930
817660
818029
818089
818283
818292
818420
818457
818543
818630
818742
818782
818944
819126
819145
819227
819291
819387
819546
819642
819715
819971
820621
820892
820939
820966
821320
821529
821728
821930
822279
822800
823092
823559
823751
823773
824101
824193
824243
824674
824946
825144
825206
825310
825558
826137
826200
826609
826765
827069
827761
828153
828182
828301
828376
828708
828784
828818
829022
829053
829101
829256
829377
829487
829791
829885
829948
830035
830046
830168
830220
830319
830415
830604
830975
831192
831242
831665
831869
832134
832226
832284
832398
832576
832635
832684
833193
833298
833512
833659
834174
835253
835295
835354
836108
836343
836906
837008
837081
837139
837267
837314
837457
837963
838212
839355
839680
839807
839843
840409
840779
840845
840957
841207
841625
841776
841877
841919
842585
843162
843206
843839
844108
844285
844723
844784
845075
845141
845727
845801
845951
846360
846515
846729
846817
846871
846940
848656
849365
849673
849722
849752
849867
850150
850499
850577
851085
852420
852662
852755
852939
853401
853531
853692
854307
854427
854474
854751
854852
854969
855221
855470
855759
855835
855910
856106
856231
856329
856460
856947
857241
858306
858363
858581
858818
858883
858956
859352
859520
859963
860143
860206
860319
860449
860788
860969
861048
861191
862146
862811
863091
863139
863777
864037
865200
865475
865571
865689
865749
865933
866023
866196
866197
866394
866645
866836
866861
866949
867378
867469
868133
868526
868865
869223
869915
870466
870713
870846
870867
871042
871248
871373
871795
871916
873512
873579
873726
874155
874185
874686
875077
875175
875265
875808
876080
876339
876428
877233
877989
878037
878119
878187
878618
879504
879514
879667
879825
879951
880097
880789
880980
881530
881601
882002
882127
882242
882471
882535
882680
882832
883010
883289
883364
883618
883639
883713
883717
883797
883980
884072
884320
885194
886179
886311
886547
886599
887416
887599
887744
888000
888173
888233
888449
888588
888685
888980
889281
889726
889861
890024
890471
890655
890704
891064
891341
891681
891916
892584
892855
893027
893090
893798
894089
894369
894606
894666
894951
895329
895436
896083
896181
896711
896723
897038
897456
897526
897552
898564
899146
899485
899614
899684
899823
899852
899871
900188
900364
901370
901422
901532
901628
901787
902181
902206
902233
902244
902281
902406
902469
902981
902987
903350
903454
903494
903625
903710
903825
904112
904359
904502
904556
904646
904966
905098
905404
905497
905606
905631
905883
905939
906337
906420
907038
907270
907302
907916
908380
908492
908702
908797
908863
909049
909184
909306
910232
910267
910429
910530
911206
911470
911556
911572
911695
911715
911726
911772
911849
911916
911995
912005
912100
912213
912299
912466
912526
912651
912716
912757
912790
912830
912929
913016
913039
913269
913376
913429
913633
913673
914044
914191
914255
914272
914292
914384
914743
915002
915145
915196
915315
915602
915858
915986
916007
916110
916330
916417
916526
917175
917458
917472
917579
917668
917783
917838
918050
918195
918370
918470
919142
919328
919366
919586
919611
919725
919937
920035
920079
920280
920466
920898
921408
921695
921811
922102
922236
922277
922298
922315
922340
922395
922586
922641
922733
922983
923041
923116
923166
923536
923591
923600
923704
924271
924421
924740
924869
924974
925047
925155
925171
925225
925286
925589
925786
926278
926374
926739
926958
927001
927090
927163
927374
927591
927709
927812
927932
928024
928236
929541
929630
930230
930323
930730
930809
931009
931353
931654
931879
931960
932239
932660
933081
933335
933481
934601
935128
935247
935402
935688
936135
936328
936640
936740
936875
936934
937336
937365
937512
938546
939496
939596
939759
940153
940526
940892
940989
941240
941293
941764
941887
941988
942195
942370
942501
942641
942702
943506
943697
943814
943903
944159
944230
944525
944832
945262
946121
946707
946803
947177
947635
947950
948149
948850
949037
949504
950864
951603
951851
952025
952524
953119
953139
953609
954211
954563
954960
955232
955307
955311
955581
955752
955822
956196
956386
957314
957635
958080
958619
959498
959914
961566
962620
963077
964508
964786
964993
965097
965484
965757
966193
966453
966700
966896
966981
967113
967237
968653
968829
969154
969254
969452
970287
970743
971339
971859
972199
972504
972809
973884
974026
974129
974198
974339
974408
974450
974894
975633
976050
976743
977137
977550
977740
977926
978084
978456
978934
979116
979496
979582
979808
979890
979960
979969
981327
981857
981892
982050
982179
982271
982784
982836
984170
984220
984259
984462
984658
984944
985054
985110
985443
985935
987478
988256
988979
989099
990107
990768
990838
992384
992438
992643
992985
993022
993131
993150
993613
993766
994249
994454
995001
995207
995326
995409
995671
995712
995870
995947
996194
996254
996271
996370
996537
996720
996813
996895
997117
997181
997786
998085
998638
999060
999315
999451
999529
999647
999918
1000071
1000598
1000671
1000808
1001086
1001229
1001506
1001803
1002011
1002248
1002347
1002452
1002918
1003217
1003379
1003499
1003546
1004126
1004292
1004375
1004676
1005030
1005134
1005387
1005547
1005737
1005993
1006046
1006395
1006561
1006932
1007023
1007157
1007219
1008092
1008325
1009191
1009275
1009396
1009551
1010775
1011054
1011693
1011859
1011952
1012011
1013261
1013714
1013747
1014039
1014128
1014180
1014292
1014503
1014771
1015229
1015480
1015565
1015660
1015750
1015909
1016097
1016299
1016453
1016565
1016634
1016696
1016845
1016916
1016921
1017283
1017371
1017443
1017556
1017974
1018173
1018292
1018469
1019207
1019605
1019736
1020459
1021236
1022227
1022629
1023156
1023270
1023768
1024743
1024877
1024929
1025010
1025247
1025304
1025634
1025705
1025741
1026307
1026841
1026887
1026967
1027198
1027287
1027714
1028102
1028369
1028777
1028850
1028947
1029360
1029411
1029584
1029588
1029682
1029924
1029951
1030034
1030070
1030149
1030155
1030207
1030492
1030521
1030592
1030737
1030856
1031066
1031145
1031269
1031343
1031393
1031506
1031580
1031823
1031961
1032262
1032610
1032904
1033790
1033864
1034067
1034289
1034388
1034544
1034621
1034827
1034870
1034968
1035021
1035615
1035686
1035753
1035892
1035964
1036082
1036172
1036340
1036415
1036514
1036728
1037301
1037480
1037633
1038089
1038148
1038202
1038326
1038605
1038736
1038830
1038959
1039052
1039077
1039717
1039838
1040351
1040469
1040540
1040560
1040730
1040738
1040852
1041315
1041552
1041601
1041871
1043278
1043436
1043776
1044233
1044727
1045141
1045316
1045424
1045618
1045679
1046337
1046494
1046881
1047403
1047931
1048154
1048188
1048228
1048362
1048650
1048791
1049044
1049263
1049871
1050002
1050444
1050509
1050655
1051265
1051813
1051869
1052346
1052539
1052555
1052660
1052782
1053056
1053542
1053565
1054090
1054597
1054681
1055185
1055591
1055997
1056154
1056247
1056537
1056694
1056855
1057105
1057169
1057375
1057614
1057682
1057891
1057982
1058044
1058132
1058240
1058338
1058484
1058811
1059148
1059587
1059636
1059650
1059728
1060085
1060127
1060148
1060209
1060291
1060403
1060565
1060794
1060960
1061013
1061148
1061233
1061361
1061495
1061719
1062048
1062133
1062521
1062682
1062966
1063190
1063649
1064071
1064393
1064804
1064890
1065110
1065319
1065635
1065846
1065890
1065954
1066139
1066216
1066350
1066478
1066496
1066604
1066637
1066709
1066993
1067127
1067515
1067621
1068074
1068253
1068349
1068492
1068512
1068804
1068828
1068927
1068941
1068961
1069070
1069471
1069696
1069781
1069957
1070146
1070262
1070341
