1683
4239
7054
8961
11207
13733
16299
18526
20902
22679
24945
26683
29398
31086
32923
34400
36756
38953
41050
43326
45462
49446
51543
54169
56535
58472
60848
62625
66179
70383
72908
75255
77581
79837
82084
84490
86377
88673
91099
93036
95193
97459
99576
101583
103709
106035
108342
110348
112605
114811
117048
119564
121680
123937
126323
128380
130147
132643
134650
136616
139192
142158
144673
146131
148567
150510
153310
154957
157353
159510
162006
164352
166908
169274
171391
173188
177351
179108
184360
186906
190230
193206
196720
198757
202201
204478
206944
209999
212375
215111
217367
219853
222349
224545
227291
228729
230995
232992
237165
238653
239721
241448
249565
251642
254338
257243
259569
262565
264661
268016
269843
272888
276173
278799
281245
284030
286566
289132
291279
293755
296141
298437
299845
302790
303858
305007
306085
307283
308631
311157
313812
314511
315719
317586
319663
320961
328489
331873
334819
337415
339262
344044
346220
350494
352630
356115
359319
361037
363333
366588
369703
372289
374775
377650
379627
382223
386156
389361
392237
395392
396111
402011
404537
407303
408740
409819
411156
412484
413742
415090
416079
418065
420931
423887
426582
428778
431294
433960
436326
438293
440420
443125
445441
447838
450443
452929
455266
457512
459669
462284
464491
466897
469283
471909
474465
477121
479267
481114
483660
485807
488083
490639
493085
495731
498207
500583
503019
504836
508281
510717
512923
514840
517266
520092
522827
525343
527949
530635
533440
535677
537873
539920
542666
544772
548896
552081
554217
558530
560487
564720
567286
570152
572708
575313
577779
579876
582562
584868
587694
590090
592376
594892
597029
599525
601781
604107
606074
607891
610806
613033
615080
617356
619523
621489
623267
624235
625104
628029
630605
633710
636256
638842
642226
644193
647697
651521
654137
657661
660387
661875
663492
665629
670072
672248
673187
677050
678318
679906
682312
683799
685686
688342
691737
693254
693863
696359
698216
700263
706254
707661
709019
710996
712713
714860
716507
718384
720371
721239
723346
727400
728927
733320
735996
738771
741417
743214
745161
747707
750453
753178
755325
757841
760027
762144
764670
766846
768993
771060
773316
775143
777499
779616
781792
783839
786535
789530
790159
791407
792735
800163
802839
805295
809049
809798
811195
814979
815798
817515
819951
821409
825522
827339
830405
834378
838822
841497
844582
846369
849803
852010
854825
857361
861794
864290
868663
870940
873216
875343
877669
880155
881822
884488
886285
888262
890638
892795
895211
897387
899334
901710
904166
906463
907611
910346
912812
915019
917495
919711
922028
923815
926391
929226
931622
934328
937084
939639
942405
944442
947108
949414
951730
954066
956283
958689
960696
963162
965408
967914
970610
972996
975522
977858
979975
982431
984358
986494
988761
991526
993773
996209
998855
1001281
1003557
1006023
1008499
1010596
1012503
1015957
1017744
1020720
1022786
1026171
1029486
1033928
1036674
1038581
1040827
1044422
1047227
1049404
1053088
1055414
1058090
1060386
1062373
1064799
1067395
1069761
1072337
1074583
1077618
1079585
1081931
1084208
1086943
1088940
1091097
1094072
1095899
1098794
1100821
1103507
1106113
1108409
1110845
1113451
1115977
1118004
1120689
1123006
1125881
1128736
1131123
1133998
1136204
1138691
1140957
1143273
1146218
1148555
1150571
1152528
1153577
1157840
1160685
1164329
1166802
1169541
1172377
1175062
1177468
1180523
1183169
1186045
1187862
1189709
1192394
1193573
1196468
1198305
