161
366
497
614
784
934
1079
1281
1447
1627
1785
1926
2348
2524
2642
2852
3034
3185
3416
3630
3752
3969
4122
4243
4353
4534
4657
4923
5060
5139
5250
5497
5632
5988
6164
6386
6601
6734
6844
6921
7060
7299
7489
7675
7800
7929
8137
8243
8386
8515
8659
8745
8818
8941
9084
9278
9470
9672
9848
10032
10226
10375
10627
10807
10870
10995
11135
11315
11460
11591
11758
11859
12046
12237
12365
12603
12835
13036
13227
13398
13533
13658
13780
13894
14045
14200
14371
14525
14860
15060
15240
15431
15771
15868
15980
16117
16206
16377
16575
16811
16934
17072
17209
17373
17814
18088
18227
18302
18447
18621
18955
19094
19210
19351
19506
19821
20143
20250
20432
20537
20684
20809
20993
21166
21280
21377
21506
21642
21802
22000
22124
22284
22478
22589
22697
22843
22994
23182
23421
23546
24020
24244
24427
24628
24721
24811
24910
25263
25420
25536
25856
26032
26188
26433
26533
26631
26738
26867
26955
27082
27256
27345
27555
27656
27801
27871
27969
28112
28226
28323
28399
28459
28600
28675
28713
28762
28809
28885
29022
29147
29312
29679
29780
29906
30090
30276
30449
30578
30647
30717
31076
31373
31496
31626
31791
31968
32126
32235
32378
32525
32680
32828
32960
33064
33369
33582
33705
33864
33973
34153
34273
34422
34549
34670
34796
34931
35117
35379
35531
35740
36003
36132
36255
36404
36547
36704
36867
37060
37201
37432
37561
37811
37989
38183
38364
38569
38688
38909
39048
39168
39341
39467
39744
39942
40342
40443
40548
40636
40725
40981
41209
41300
41478
41707
41898
42097
42226
42305
42436
42585
42686
42797
42967
43117
43294
43438
43618
43733
44016
44231
44415
44505
44645
44855
44947
45046
45144
45351
45521
45668
45830
46004
46248
46405
46574
46704
46847
46946
47123
47241
47470
47619
47733
47921
48175
48273
48361
48509
48615
48731
49028
49107
49224
49353
49470
49614
49759
49864
50042
50226
50348
50566
50871
51007
51144
51217
51388
51568
51700
51822
51966
52081
52191
52324
52444
52596
52740
52916
53065
53289
53428
53509
53640
53746
54014
54178
54324
54447
54617
54740
54985
55411
55538
55697
55812
55896
56028
56125
56209
56487
56603
56732
56914
57140
57270
57432
57665
57836
58038
58142
58251
58447
58726
58904
58991
59103
59261
59344
59490
59733
59874
60009
60192
60304
60359
60451
60532
60630
60731
60855
61113
61251
61409
61545
61717
62020
62160
62409
62486
62606
62665
62992
63097
63219
63333
63779
63938
64038
64138
64287
64383
64507
64613
64740
64913
65034
65227
65329
65433
65588
65775
66001
66162
66270
66427
66612
66968
67091
67198
67299
67390
67620
67776
67930
68015
68259
68489
68663
68783
68910
68989
69134
69306
69536
69770
69902
70052
70185
70309
70494
70612
70717
70846
71063
71272
71529
71702
71863
72175
72304
72428
72576
72893
73142
73355
73458
73602
73834
74015
74281
74417
74587
74711
74865
75004
75157
75284
75362
75524
75715
75816
75963
76100
76234
76455
76663
76799
76948
77076
77170
77259
77442
77725
77883
77960
78146
78287
78428
78548
78768
79121
79270
79382
79535
79719
79882
79993
80203
80347
80480
80724
80823
81182
81344
81510
81729
81852
81972
82061
82242
82360
82531
82613
82847
83127
83267
83409
83671
83837
83949
84105
84240
84339
84428
84558
84678
84819
84928
85015
85155
85368
85623
85888
86074
86214
86329
86436
86556
86665
86825
87009
87237
87509
87595
87761
88142
88358
88487
88582
88674
88829
88901
89053
89174
89355
89480
89664
89831
90161
90460
90585
90675
90793
90903
91162
91346
91418
91560
91662
91875
92020
92422
92584
92706
92819
92961
93092
93400
93510
93662
93754
93923
94120
94257
94381
94512
94721
94949
95068
95158
95276
95431
95542
95650
95815
96001
96275
96473
96599
96802
96970
97159
97288
97384
97483
97635
97785
97938
98086
98261
98510
98677
98882
99069
99168
99362
99481
99595
99809
99935
100092
100248
100382
100477
100690
100845
101072
101343
101445
101595
101769
101884
101967
102107
102268
102460
102625
102771
103145
103247
103437
103519
103668
103744
103815
103900
104044
104210
104322
104399
104570
104909
105059
105173
105430
105524
105807
105886
106012
106264
106391
106515
106649
106823
106913
107160
107328
107548
107705
107951
108045
108162
108211
108390
108503
108601
108739
108935
109051
109158
109400
109598
109749
109914
110152
110241
110344
110470
110654
110848
110956
111165
111354
111491
111677
111796
112007
112238
112367
112497
112580
112654
112705
113051
113166
113491
113647
113761
114021
114243
114429
114620
114721
114895
115065
115192
115317
115443
115579
115675
115817
115950
116145
116400
116552
116852
116968
117110
117223
117353
117544
117714
117852
117985
118164
118262
118398
118734
118880
119142
119252
119355
119477
119704
119907
120116
120298
120361
120456
120687
120854
121016
121242
121395
121571
121670
121754
121912
122130
122313
122493
122675
122816
122977
123172
123292
123477
123594
123735
123847
123980
124168
124322
124517
124629
124726
124864
124952
125082
125339
125589
125754
125956
126038
126137
126225
126311
126459
126613
126742
126931
127066
127261
127785
127944
128048
128181
128368
128484
128665
128789
128918
129073
129274
129490
129779
129953
130218
130304
130408
130547
130644
130874
130994
131169
131303
131438
131563
131672
131789
132106
132218
132375
132450
132553
132708
132844
133154
133287
133375
133527
133674
133828
133943
134056
134283
134621
134707
134786
134943
135066
135181
135309
135429
135535
135765
135909
136020
136352
136534
136726
136871
137010
137116
137241
137332
137535
137617
137718
137973
138084
138313
138420
138607
138749
138868
138988
139149
139337
139476
139581
139664
139820
139961
140067
140328
140441
140545
140702
141048
141223
141420
141542
141694
141828
141949
142140
142349
142494
142574
142750
142908
143037
143167
143412
143589
143775
143861
143970
144144
144267
144549
144681
144810
144977
145119
145234
145344
145443
145555
145686
146028
146179
146319
146521
146598
146750
146899
147089
147255
147388
147472
147789
148034
148253
148385
148526
148631
148745
149093
149185
149300
149482
149670
149821
149931
150118
150305
150503
150717
150823
150931
151075
151280
151425
151579
151765
151897
152090
152258
152408
152550
152651
152735
152851
153079
153199
153345
153465
153580
153756
153882
154020
154175
154436
154593
154754
154937
155050
155143
155243
155339
155537
155772
155917
156086
156195
156314
156493
156739
156829
157088
157181
157326
157398
157539
157664
157799
157888
158015
158120
158234
158444
158684
158887
159042
159224
159374
159509
159592
159676
159768
159920
160110
160256
160392
160551
160675
160778
160881
161006
161235
161489
161666
161816
161962
162101
162188
162326
162547
162678
162817
162978
163107
163281
163446
163703
163826
164036
164198
164288
164388
164478
164591
164721
164839
164973
165076
165146
165255
165445
165598
165733
165820
165956
166172
166297
166439
166672
166776
166907
167011
167106
167247
167404
167777
167930
168074
168277
168541
168717
168886
169045
169143
169250
169318
169428
169596
169770
169905
170028
170167
170380
170498
170845
170976
171163
171324
171503
171610
171686
171820
172158
172390
172537
172815
173016
173175
173455
173529
173596
174249
174391
174517
174676
174831
174930
175040
175175
175324
175526
175829
176065
176195
176474
176594
176866
177096
177192
177378
177482
177705
177834
177964
178095
178328
178491
178663
178758
178861
178969
179053
179204
179362
179504
179591
179687
179895
180090
180204
180344
180420
180585
180720
180794
180948
181099
181337
181522
181714
181985
182196
182331
182537
182681
182854
183131
183303
183443
183581
183790
183896
184086
184943
185302
185482
185610
185741
185819
186043
186155
186294
186416
186636
186818
186938
187109
187230
187373
187589
187742
187850
188040
188155
188267
188432
188566
188685
188814
188997
189148
189306
189437
189542
189711
189991
190191
190302
190560
190648
190812
191172
191280
191421
191538
191666
191775
191917
192149
192283
192460
192605
192731
192825
192949
193103
193230
193425
193534
193693
193809
193920
194340
194572
194719
194816
194939
195035
195124
195270
195434
195591
195730
195896
196054
196161
196295
196402
196480
196683
196814
197100
197197
197300
197389
197548
197679
197999
198181
198607
198668
198891
199090
199340
199499
199732
199881
200004
200195
200423
200646
200804
200991
201220
201446
201662
201807
201924
202013
202136
202335
202503
202640
202816
202928
203048
203141
203348
203545
203758
203887
204046
204183
204495
204556
204664
204815
204960
205081
205381
205508
205673
205952
206121
206229
206385
206549
206712
206895
207120
207252
207400
207572
207663
207778
207862
207965
208118
208279
208417
208535
208634
208822
208951
209092
209245
209378
209551
209721
209785
209894
209976
210109
210256
210362
210476
210628
210803
210980
211084
211303
211454
211620
211775
211939
212068
212206
212306
212406
212509
212722
212886
213115
213282
213396
213486
213583
213741
213915
214259
214419
214747
214863
214936
215032
215168
215324
215379
215506
215673
215854
215952
216172
216314
216528
216747
216836
216924
217077
217207
217362
217530
217634
217822
217913
218044
218166
218303
218400
218566
218861
219089
219254
219527
219641
219754
219845
219949
220124
220280
220366
220504
220648
220886
221012
221182
221378
221610
221699
221876
221976
222058
222207
222304
222441
222597
222733
222863
222963
223091
223162
223390
223516
223689
223908
224088
224218
224382
224489
224580
224661
224782
224905
224997
225099
225317
225400
225471
225600
225675
225804
225964
226364
226484
226575
226692
226775
226993
227072
227210
227388
227472
227631
227945
228147
228231
228334
228518
228664
228790
229094
229249
229488
229617
229839
230107
230332
230458
230663
230758
230883
231029
231329
231614
231762
231826
231969
232108
232256
232472
232573
232992
233124
233423
233494
233768
233995
234408
234554
234647
234796
234919
235191
235375
235667
235783
235874
236070
236525
236728
237164
239091
240295
240671
240793
241361
241544
241778
242142
242304
242573
242713
242810
242994
243121
243238
243305
243751
243942
244181
244404
244772
245032
245192
245455
245567
245775
246017
246257
246530
246659
246779
247024
247194
247556
247686
247851
248180
248393
248571
249110
249308
249453
249587
249924
250363
250531
250708
250922
251216
251398
251543
251902
252232
252347
252540
252951
253090
253197
253304
253538
253729
253839
254049
254207
254351
254812
254900
255027
255447
255595
255743
255861
255958
256149
256388
256466
256580
256794
256954
257179
257306
257492
257624
257803
257948
258358
258468
258767
258922
259086
259274
259529
259715
260034
260143
260256
260336
260574
260708
260827
260960
261191
261434
261645
261870
261978
262107
262199
262343
262535
262709
262866
262965
263122
263327
263447
263657
264284
264516
264878
264957
265254
265558
265759
265819
266118
266272
266452
266586
266719
266848
266931
267059
267174
267396
267564
267690
268039
268351
268614
268760
269020
269563
269760
269905
270147
270307
270449
271026
271283
271386
271729
272139
272416
272805
273245
273453
273687
273842
273959
274262
274487
274911
275080
275222
275366
275552
275684
275862
276179
276306
276729
276882
276982
277177
277608
277846
277987
278188
278342
278447
278730
278936
279015
279133
279412
279571
279707
280063
280285
281245
281384
281483
281629
281727
282115
282415
282782
283000
283223
283384
283647
283766
284073
284197
284477
284651
284914
285291
285494
285825
286229
286532
287354
287453
287595
287867
288384
288534
288701
288985
289109
289374
289461
289673
289842
290214
290479
290855
291181
291658
292016
292146
292604
293124
293447
293581
293743
293916
294225
294332
294441
294578
294677
295156
295314
295650
295792
295950
296113
296318
296410
296533
296800
296932
297222
297648
297817
297965
298063
298171
298241
298358
298548
298675
298776
298940
299276
299457
299569
299703
299840
299958
300264
300667
300759
300857
301195
301407
301521
301682
301811
302057
302646
302879
303070
303273
303464
303672
303945
304219
304381
304460
304615
304863
305007
305175
305491
305851
305992
306110
306527
306673
306857
307012
307302
307437
307699
307965
308070
308366
308545
308676
308802
308944
309142
309388
309513
309665
309775
309917
310045
310232
310419
310529
310749
311182
311311
311563
311673
311809
312043
312502
312626
312904
313265
313441
313543
313698
313827
313945
314207
314322
314561
315015
315146
315384
315560
315664
315828
316004
316438
316576
316696
316811
316935
317020
317182
317268
317556
317684
318118
318299
318615
318737
319032
319238
319386
319549
319660
319873
320027
320164
320325
320434
320585
320710
320931
321261
321410
321483
321600
321899
322259
322496
322641
322791
323092
323301
323501
323660
323868
323991
324729
324859
325048
325309
325518
325960
326060
326159
326427
326533
326666
326753
327125
327318
327563
327743
327916
328066
328398
328646
328743
328956
329141
329362
330058
330452
330588
330749
331136
331463
331636
332181
332494
332657
332960
333122
333323
333625
333748
333845
334086
334173
334260
334329
334466
334683
334808
334890
334959
335105
335323
335463
335540
336132
336278
336460
336607
336667
336870
336973
337042
337147
337235
337337
337636
337714
337787
337903
338091
338392
338714
338854
338955
339038
339264
339374
339679
339807
339956
340087
340205
340377
340466
340628
340728
340852
341038
341213
341343
341518
341698
341840
341926
342133
342232
342434
342636
343102
343437
343537
343784
343959
344119
344277
344463
344678
345003
345269
345382
345539
345620
346059
346227
346362
346604
346828
346961
347098
347327
347448
347578
347691
347839
347924
348089
348648
348887
349041
349195
349331
349488
349657
349796
350208
350332
350442
350697
350809
350984
351107
351232
351353
351560
351656
351936
352172
352290
352441
352525
352640
352765
352987
353080
353365
353662
353853
354122
354455
354613
354690
354913
355032
355360
355482
355707
355816
355962
356079
356185
356361
356563
356654
356806
357018
357195
357397
357587
357702
357824
358345
358693
358802
358897
359051
359137
359226
359551
359690
359784
359953
360157
360281
360556
360731
360870
360993
361124
361258
361528
361836
362001
362125
362257
362380
362562
362641
362728
362827
363522
364102
364214
364316
364543
364658
364774
364871
364979
365151
365290
365435
365583
365739
365954
366088
366178
366357
366543
366665
366761
367131
367340
367465
367669
368063
368296
368441
368581
368700
368949
369102
369264
369423
369625
369714
369859
370125
370499
370700
370862
371047
371143
371799
372077
372283
372461
372706
372856
372998
373152
373269
373412
373556
373760
373914
374129
374242
374360
374604
374764
374945
375238
375462
375593
375797
375918
376053
376200
376335
376577
376787
376977
377119
377272
377544
377719
377890
378134
378385
378533
378724
378822
378995
379122
379344
379471
379609
379757
380032
380220
380474
380575
380677
380810
380985
381207
381468
381642
381816
381923
382543
382626
382781
382938
383105
383199
383375
383528
383906
384141
384245
384357
384619
384807
385016
385309
385591
385926
386030
386179
386589
386834
387349
387525
387682
387843
388030
388105
388272
388368
388553
388819
388987
389077
389183
389345
389523
389648
389905
390104
390310
390446
390640
390787
390996
391109
391395
391548
391685
391832
391957
392179
392369
392665
392786
392953
393065
393185
393902
394022
394120
394528
394689
394850
394981
395195
396242
396331
396497
396631
396781
396874
397288
397419
397589
397764
398011
398114
398432
398602
398662
398829
399117
399455
399584
399948
400159
400344
400465
400573
400717
400866
401017
401167
401358
401487
401620
401857
401961
402178
402329
402517
402700
402805
403005
403405
403544
403656
403871
404168
404289
404409
404524
404896
405067
405181
405247
405388
405546
405743
405863
406001
406484
406617
406739
406831
407241
407341
407498
407603
407815
407920
408083
408254
408408
408523
408730
408827
408979
409407
409856
409989
410451
410600
410677
410783
410912
411076
411148
411449
411590
411670
411778
412021
412136
412280
412635
412909
413204
413320
413400
413492
413596
413839
414189
414531
414637
414906
415123
415281
415516
415684
416020
416179
416383
416562
416738
416912
417060
417233
417414
417609
417743
418079
418189
418361
418521
418666
419393
419608
419735
419828
420172
420313
420448
420660
420892
421057
421150
421342
421564
422002
422192
422418
422602
422797
422997
423123
423333
423634
423794
423891
424301
424468
424702
424979
425127
425236
425297
425451
425686
425863
426080
426345
426528
426706
426862
427083
427242
427401
427560
427777
427893
428012
428096
428280
428441
428608
428837
428943
429081
429216
429351
429933
430172
430355
430685
430809
430910
431062
431222
431339
431538
431681
431807
432277
432543
432846
433056
433365
433534
433680
433952
434135
434224
434374
434504
434623
434807
435150
435375
435587
435737
435851
436204
436328
436463
436626
436809
437148
437253
437570
437731
437859
438235
438372
438731
438895
439124
439233
439409
439528
439696
439883
440265
440471
440596
440727
440845
440987
441157
441361
441593
441749
441836
442057
442238
442412
442572
442687
442820
442925
443020
443131
443205
443418
443629
443768
443924
444320
444451
444564
444708
445148
445323
445431
445660
445809
446030
446237
446380
446530
446709
446851
447055
447261
447426
447506
447605
447900
448060
448163
448427
448633
449063
449247
449520
449672
449968
450131
450239
450585
450703
450961
451199
451616
451766
452033
452222
452361
452548
452692
452815
452896
453256
453368
453538
453667
453807
453914
454281
454456
454632
454801
454920
455116
455229
455317
455480
455641
455805
455956
456072
456272
456401
456581
456858
457231
457331
457449
457585
457670
457949
458070
458164
458288
458406
458592
458956
459148
459387
459632
459727
459903
460031
460173
460330
460467
460578
460766
461185
461693
462043
462118
462257
462455
462581
462832
462977
463092
463196
463597
463837
464090
464219
464399
464482
464617
464894
465017
465135
465297
465427
465572
465807
466006
466123
466291
466498
466680
466790
466945
467092
467415
467591
467722
467897
467996
468130
468497
468731
468862
468978
469166
469242
469507
469612
470092
470325
470481
470576
470744
471048
471231
471424
471540
471689
471812
471963
472046
472213
472355
472513
472620
473003
473128
473298
473456
473665
473791
473851
473950
474091
474306
474420
474527
474685
474986
475088
475201
475522
475722
475930
476107
476270
476481
476608
476692
476821
476986
477101
477233
477503
477617
477810
477952
478144
478308
478777
478930
479014
479110
479429
479604
479824
480290
480502
480596
480792
480903
481060
481196
481314
481518
481614
481745
482457
482649
482812
483036
483244
483393
483557
483998
484187
484314
484543
484959
485183
485485
485602
485686
485818
485941
486097
486187
486311
486469
486641
487003
487299
487623
487783
487851
487958
488084
488231
488446
488584
488713
488817
488942
489041
489186
489322
489541
489883
490015
490172
490276
490368
490609
490834
490948
491055
491152
491291
491447
491545
491715
491937
492162
492343
492449
492607
492792
492903
493045
493150
493224
493354
493880
494012
494212
494494
494619
494823
495034
495155
495316
495436
495560
495649
495783
495947
496059
496158
496290
496610
496784
497146
497377
497606
497715
497907
498046
498145
498249
498335
498536
498628
498890
499140
499320
499595
499746
499879
500041
500262
500391
500554
500657
500737
500901
501215
501317
501495
501899
502061
502226
502400
502508
502725
502834
502985
503134
503517
503685
503779
503893
504239
504668
504764
504858
504962
505243
505365
505633
505874
506012
506250
506451
506643
506915
507326
507449
507571
507671
507790
508035
508204
508414
508511
508697
508824
509033
509160
509555
509709
509892
510032
510156
510279
510780
510986
511128
511265
511384
511457
511555
511741
511900
512039
512173
512445
512581
512675
512804
512906
513197
513336
513574
513745
514173
514313
514461
514567
514653
514925
515024
515168
515258
515391
515797
515946
516089
516198
516365
516584
516725
517009
517120
517222
517413
517510
517620
517776
517931
518063
518155
518232
518402
518679
518985
519255
519626
519879
520011
520082
520206
520339
520538
520685
520823
520978
521090
521275
521383
521539
521845
521986
522158
522477
522575
522704
522954
523095
523197
523447
523604
523699
523818
524041
524299
524491
524667
524826
525040
525260
525540
525641
525959
526093
526180
526326
526797
526984
527297
527447
527818
527934
528047
528213
528353
528453
528721
528964
529555
529659
529766
530003
530253
530464
530719
530831
530888
531175
531354
531641
531759
531883
532099
532300
532481
532660
532855
533189
533294
533363
533451
533548
533712
533875
534055
534162
534258
534375
534636
535007
535175
535472
535696
535807
535944
536168
536320
536548
536646
536902
537022
537192
537330
537501
537676
537959
538047
538123
538272
538502
538684
538819
539004
539204
539289
539371
539557
539728
539871
540091
540194
540520
540639
540735
540877
541027
541115
541435
541592
541825
541971
542085
542251
542394
542594
542928
543094
543405
543590
543794
544071
544306
544426
544567
544741
545141
545309
545422
545542
545774
546195
546306
546388
546640
546880
547019
547134
547304
547512
547620
547733
547851
548054
548206
548421
548584
548689
548877
548993
549128
549260
549384
549594
549725
549875
549988
550115
550258
550501
550638
550838
551056
551209
551533
551664
551822
551926
552128
552559
552677
552789
552948
553129
553608
553902
554055
554137
554264
554388
554474
554625
554747
554950
555218
555415
555511
555819
555979
556143
556280
556400
556555
556655
557026
557293
557607
557965
558202
558387
558504
558615
558948
559092
559294
559556
559833
560099
560189
560267
560423
560552
560684
560884
561211
561424
561647
561785
561992
562534
562686
562865
562992
563194
563310
563402
563916
564066
564229
564377
564525
564705
564939
565042
565220
565409
565580
566033
566238
566329
566438
566682
566798
566900
567042
567167
567332
567468
567614
567872
568080
568212
568437
568578
568905
569049
569165
569320
569546
569621
569756
569926
570120
570484
570624
570794
570909
571019
571162
571268
571424
572356
572500
572616
572721
572838
572981
573158
573293
573466
573580
573755
574036
574150
574366
574517
574785
574915
575020
575132
575365
575521
575682
575887
575997
576127
576247
576512
576619
577108
577281
577430
577547
577785
577890
578095
578279
578593
578752
578979
579128
579272
579432
579654
579744
580023
580195
580300
580380
580792
580920
581248
581680
581919
582075
582211
582311
582412
582696
582853
582992
583351
583460
583611
583745
583913
584132
584291
584482
584610
584754
585005
585152
585457
585606
585729
585846
585958
586149
586332
586543
586938
587144
587254
587387
587491
587630
587752
587917
588013
588377
588483
588621
588795
588992
589250
589657
590025
590138
590209
590384
590534
590707
590872
590947
591288
591405
591575
591688
591950
592077
592240
592458
592553
592678
592872
593282
593884
594089
594241
594418
594550
594643
594735
594875
595009
595226
595353
595444
595577
595734
596248
596462
596585
596924
597046
597153
597267
597381
597831
597931
598103
598429
598648
598884
599011
599119
599257
599584
599770
599889
600121
600317
600515
600710
600820
601038
601196
601340
601571
601673
601765
601878
602207
602337
602563
602672
602765
602861
602994
603196
603309
603472
603596
603803
603903
604014
604079
604236
604514
604703
604842
604975
605213
605458
605602
605688
605971
606202
606314
606449
606597
606804
606954
607424
607681
607828
607935
608078
608211
608377
608479
608677
609045
609175
609310
609429
609920
610110
610255
610513
610630
610816
610940
611063
611374
611643
611851
612025
612151
612298
612494
612673
612846
613001
613103
613445
613630
613755
613985
614349
614650
614759
614868
614954
615178
615799
615958
616068
616191
616576
616768
617135
617267
617409
617582
617689
617784
617934
618128
618275
618442
618544
618770
618988
619185
619379
619684
619882
620112
620241
620525
620852
621058
621168
621265
621464
621610
621816
621942
622064
622175
622326
622408
622528
622616
622757
622951
623049
623158
623308
623504
623661
623807
623903
624027
624147
624379
624531
624662
624965
625115
625329
625537
625664
625797
626010
626245
626402
626570
626770
627007
627120
627253
627640
627774
627924
628082
628206
628298
628447
628554
628693
628829
629007
629093
629237
629413
629536
629758
629977
630149
630269
630460
630709
630908
631142
631223
631328
631520
631651
631886
632090
632198
632335
632803
633001
633251
633377
633513
633615
633748
633866
634041
634221
634331
634452
634656
634799
635100
635255
635405
635575
635870
635980
636142
636358
636515
636633
636862
636973
637081
637233
637373
637573
637844
637956
638028
638328
638496
638768
638878
639116
639232
639368
639498
639649
639777
639894
639984
640097
640356
640656
640838
641083
641192
641355
641532
641658
641787
641882
642076
642244
642432
642554
642868
643070
643159
643335
643640
643969
644187
644353
644566
644701
644811
645132
645357
645990
646109
646338
646537
646669
646792
646968
647224
647360
647469
647625
647747
648047
648212
648365
648582
648747
649022
649294
649361
649462
649673
650052
650186
650272
650364
650491
650588
650919
651094
651315
651421
651723
651864
651986
652137
652488
652916
653059
653215
653325
653494
653694
653799
653931
654096
654248
654385
654590
654848
655261
655377
655499
655888
656089
656426
656578
656696
656950
657177
657360
657488
657641
657719
657853
658193
658363
658543
658696
659627
659753
659831
659987
660140
660220
660314
660507
660718
660828
661444
661640
661782
661903
662043
662412
662807
663026
663195
663315
663638
663808
664030
664179
664379
664650
664835
664913
665137
665301
665409
665605
665733
665998
666503
666733
666888
667010
667141
667383
667519
667847
668044
668161
668244
668309
668745
668908
669086
669159
669264
669393
669616
669946
670116
670221
670360
670492
670582
670665
670776
670946
671090
671354
671595
671663
671765
671827
671908
672157
672450
672568
672680
672769
672927
673049
673425
673523
673745
673872
673980
674036
674197
674410
674701
674913
675408
675496
675570
675830
675945
676123
676232
676342
676445
676612
676758
676889
676969
677093
677231
677390
677531
677670
677763
678013
678176
678396
678612
678741
678867
679251
679397
679860
680006
680064
680148
680311
680388
680454
680652
680829
680994
681051
681143
681267
681444
681632
681944
682324
682477
683001
683322
683455
684233
684378
684544
684807
684883
685095
685183
685389
685499
685611
685824
685977
686075
686192
686376
686546
686751
686972
687086
687188
687425
687675
687821
687999
688134
688267
688374
688495
688693
688878
688988
689163
689319
689433
689633
689764
689993
690093
690268
690387
690466
690728
690858
691023
691169
691269
691422
691549
691695
692313
692433
692606
692687
692830
693156
693341
693420
693541
693813
694013
694148
694285
694638
694757
694892
695015
695161
695394
695520
695610
695743
695862
695963
696301
696429
696592
696770
696907
697129
697278
697425
697666
697843
698013
698189
698368
698532
698737
698936
699163
699280
699390
699548
699779
700088
700492
700589
700683
700791
701011
701295
701429
701530
701791
701940
702085
702287
702430
702558
702677
702798
702907
703013
703148
703247
703351
703512
703641
703829
704003
704115
704264
704445
704555
704689
704802
704994
705104
705246
705392
705840
705947
706088
706245
706441
706604
706830
707038
707150
707225
707329
707557
707728
707836
707982
708126
708282
708451
708601
708779
708980
709156
709284
709624
709765
709988
710227
710351
710536
710839
710984
711296
711490
711737
712036
712167
712363
712467
712915
713086
713227
713416
713631
713764
713864
713969
714231
714361
714449
714700
715073
715233
715353
715501
715658
715802
716026
716163
716368
716501
716673
716811
717038
717183
717385
717574
717676
717791
717888
718002
718145
718309
718483
718606
718801
719032
719179
719277
719479
719708
719892
720038
720187
720308
720471
720604
720735
720880
721003
721209
721354
721572
721768
721935
722043
722151
722293
722374
722610
722858
722982
723163
723317
723428
723561
723871
724038
724267
724352
724613
724744
724898
725023
725271
725637
725771
725890
726108
726287
726710
726898
726991
727137
727229
727378
727556
727747
727826
728275
728407
728508
728673
728792
728881
729220
729581
729863
730048
730147
730301
730452
730639
730767
731013
731209
731408
731566
731664
731881
731997
732139
732211
732414
732547
732734
732907
733044
733251
733409
733561
733648
733765
733911
734062
734176
734258
734393
734607
734802
734971
735220
735320
735446
735716
735840
735992
736114
736228
736411
736553
736895
737060
737206
737775
737979
738139
738283
738468
738600
738708
738866
738980
739090
739277
739458
739541
739757
739887
740108
740278
740448
740618
740792
740930
741036
741253
741479
741563
741690
741856
741989
742138
742344
742474
742664
742840
742989
743097
743279
743436
743585
743761
743931
744113
744632
744724
745030
745114
745283
745448
745570
745789
745953
746106
746356
746558
746773
746899
747020
747131
747295
747512
747650
747824
747973
748100
748260
748443
748638
748762
748882
748950
749048
749317
749442
749809
750007
750101
750224
750392
750585
750809
750980
751097
751247
751352
751520
751754
752017
752117
752320
752509
752648
752771
753036
753202
753424
753615
753816
753967
754158
754301
754492
754646
754790
755020
755144
755268
755389
755586
755752
755877
755971
756100
756390
756573
756769
756885
757232
757333
757461
757654
757805
757965
758184
758329
758453
758821
758937
759127
759475
759643
759900
760044
760208
760369
760544
760676
760802
761010
761387
761553
761673
761775
761876
762012
762180
762297
762379
762483
762613
762732
762843
763033
763170
763370
763497
763690
763899
764065
764164
764260
764387
764502
764641
764803
764939
765115
765281
765394
765519
765717
765884
766223
766444
766552
766664
766752
766875
767005
767191
767353
767487
767650
767801
767987
768171
768299
768433
768639
768766
768871
769009
769228
769404
769640
769745
769942
770076
770242
770447
770581
770746
770854
770962
771109
771431
771629
771727
771812
771925
772042
772221
772571
772734
772865
772992
773127
773238
773439
773638
773823
773952
774262
774461
774582
774769
774893
774982
775134
775265
775382
775496
775644
775750
775869
775981
776233
776412
776892
777073
777187
777243
777340
777451
777617
777793
778016
778153
778314
778510
778774
779001
779176
779274
779405
779515
779674
779803
780037
780242
780376
780527
780749
780984
781176
781334
781454
781564
781692
781807
781918
782184
782312
782421
782709
782914
783087
783321
783612
783749
784000
784172
784342
784424
784663
784855
785083
785475
785647
785774
785918
786061
786314
786522
786685
786799
786942
787037
787172
787450
787570
787859
787965
788147
788248
788355
788577
788715
788998
789154
789310
789410
789578
789687
789835
789917
790072
790263
790446
790582
790696
791235
791405
791541
791719
791846
792046
792288
792380
792547
792740
792905
793019
793191
793381
793578
793953
794091
794229
794394
794635
794937
795166
795558
795720
795899
796695
796885
797070
797209
797365
797486
797635
797760
797889
798130
798259
798398
798525
798660
798853
798979
799074
799321
799507
799624
799812
799924
800261
800384
800557
800715
801011
801263
801419
801546
801741
801929
802070
802158
802337
802507
802715
802914
803080
803208
803454
803582
803731
803853
804159
804289
804458
804614
804764
804914
805022
805290
805445
805743
805958
806240
806602
806812
807138
807363
807483
807560
807768
807879
807972
808367
808490
808614
808712
808826
808934
809083
809163
809268
809430
809548
809737
809988
810120
810298
810402
810495
810578
810870
810998
811117
811252
811365
811489
811680
811845
812114
812283
812435
812517
812638
812807
812965
813152
813291
813426
813493
813597
813923
814035
814188
814278
814412
814621
814741
814871
815029
815159
815358
815583
815722
815857
816004
816204
816349
816511
816648
816742
816896
817005
817211
817341
817462
817580
817729
817909
818011
818135
818258
818386
818595
818804
819059
819227
819333
819438
819558
819715
819836
819998
820156
820280
820404
820530
820675
820919
821090
821333
821459
821638
821774
821909
822111
822325
822634
822746
822841
823073
823195
823278
823383
823912
824033
824165
824578
824687
824774
824938
825080
825178
825297
825405
825517
825618
825759
825915
826111
826316
826511
826688
826966
827122
827258
827488
827609
827757
828062
828246
828426
828642
828902
829039
829125
829208
829539
829646
830079
830351
830719
830836
831107
831187
831259
831368
831452
831542
831657
831863
832054
832175
832289
832590
832745
832960
833154
833312
833373
833557
833688
833798
833866
834243
834330
834409
834531
834676
834792
834881
835019
835183
835328
835450
835506
835645
835727
835915
836067
836194
836376
836568
836686
836905
837060
837282
837470
837592
837760
837903
838069
838237
838388
838493
838635
838830
838963
839140
839270
839429
839614
839817
840063
840342
840601
840758
840932
841045
841223
841357
841501
841652
841851
842025
842223
842403
842643
842824
843247
843436
843569
843733
843860
844004
844174
844378
844644
844821
844991
845257
845350
845458
845597
845752
845937
846118
846240
846468
846656
846787
846929
847062
847242
847359
847553
847724
847814
847927
848042
848172
848261
848362
848547
848875
849036
849202
849420
849514
849701
849801
849947
850088
850212
850361
850523
850763
850987
851176
851321
851593
851699
851800
851963
852113
852280
852438
852533
852646
852750
852923
853076
853232
853364
853508
853765
853893
854089
854284
854417
854535
854654
854809
854956
855108
855237
855359
855549
855662
855805
855931
856024
856168
856363
856577
856754
856879
857027
857198
857304
857436
857553
857665
857792
857923
858087
858233
858419
858573
858710
859077
859267
859409
859567
859693
859869
860008
860201
860337
860468
860630
860799
860944
861072
861294
861537
861676
861761
862017
862147
862283
862516
862619
862749
862917
863037
863178
863322
863451
863587
863758
863893
864080
864263
864364
864497
864626
864871
864984
865176
865293
865419
865616
865805
865937
866097
866222
866379
866481
866573
866705
866874
867082
867241
867373
867462
867573
867730
867840
868053
868390
868565
868667
868880
869001
869148
869303
869467
869643
869882
870067
870404
870565
870662
870862
870965
871070
871242
871413
871592
871794
871923
872057
872164
872347
872493
872620
872834
873107
873265
873395
873531
873625
873764
873855
874038
874122
874311
874490
874593
874781
874896
875014
875204
875293
875385
875538
875819
875952
876070
876196
876344
876481
876598
876769
877203
877292
877457
877561
877644
877870
878004
878137
878271
878431
878663
878750
878918
879062
879215
879371
879570
879680
879833
879944
880066
880202
880389
880521
880767
880899
881290
881516
881754
881947
882043
882149
882283
882400
882530
882705
882876
882975
883072
883210
883341
883456
883577
883722
883869
884128
884298
884424
884524
884804
885033
885154
885251
885416
885705
885939
886169
886288
886377
886522
886894
887019
887141
887275
887479
887738
887896
888090
888261
888417
888535
888638
888754
888886
889014
889195
889387
889575
889699
889851
890109
890274
890454
890779
890891
891007
891193
891365
891540
891702
891835
892139
892276
892492
892730
892860
892971
893079
893295
893414
893521
893608
893674
893833
893944
894078
894151
894343
894550
894687
894976
895067
895157
895277
895646
895763
895937
896019
896116
896238
896390
896536
896739
896957
897170
897267
897350
897448
897537
897618
897775
897919
898053
898160
898401
898546
898699
898915
899160
899344
899580
899704
899814
899942
900116
900239
900372
900512
900642
900937
901075
901234
901463
901588
901749
901858
901957
902084
902311
902437
902566
902705
902939
903219
903381
903542
903719
903836
903946
904016
904134
904432
904688
904826
904933
905047
905214
905356
905536
905647
905887
905991
906236
906446
906779
906852
907003
907241
907568
907727
907845
907965
908067
908172
908344
908539
908646
908820
909019
909212
909335
909509
909812
909918
910180
910302
910537
910720
910804
910906
911004
911240
911391
911578
911878
912016
912103
912322
912468
912571
912691
912894
913070
913207
913351
913562
913746
913888
914116
914301
914380
914594
914730
914852
914912
915060
915202
915395
915512
915611
915744
915897
916007
916122
916316
916529
916688
916829
916989
917190
917290
917369
917538
917741
917878
918013
918128
918266
918385
918503
918735
918921
919086
919248
919325
919451
919523
919677
919993
920122
920225
920331
920441
920541
920814
920927
921056
921175
921291
921373
921588
921713
921837
921938
922038
922222
922329
922466
922624
922807
923058
923370
923463
923643
923897
924162
924385
924494
924600
924748
924911
925043
925184
925560
925691
925876
926025
926158
926351
926527
926736
926864
927011
927108
927456
927576
927656
927816
927973
928194
928342
928465
928567
928811
928938
929092
929245
929383
929549
929639
929876
930032
930193
930336
930590
930786
930879
931020
931127
931231
931356
931483
931814
931968
932081
932209
932316
932528
932652
932805
932937
933013
933189
933345
933662
933890
934031
934131
934227
934332
934422
934628
934737
934846
935015
935162
935306
935467
935576
935697
935838
936000
936152
936255
936402
936620
936743
936877
936998
937219
937362
937484
937652
937872
938028
938138
938270
938441
938562
938716
938840
938995
939115
939244
939406
939671
939838
940021
940107
940271
940375
940486
940599
940771
940881
941010
941178
941506
941609
941753
941928
942029
942123
942196
942302
942447
942590
942742
942866
942987
943104
943248
943399
943711
943886
943983
944131
944263
944405
944463
944641
944775
944916
945066
945180
945300
945431
945619
945728
945876
946155
946265
946396
946543
946716
946858
947085
947338
947458
947607
947717
947851
947949
948138
948275
948348
948626
948775
948876
949076
949298
949401
949488
949584
949728
949882
949965
950042
950142
950220
950304
950433
950525
950655
950771
950898
951056
951210
951364
951495
951576
951725
951869
952073
952358
952456
952611
952693
953001
953380
953547
953710
953843
953916
953998
954093
954209
954374
954473
954587
954782
954905
955023
955137
955353
955605
955710
955858
956041
956250
956331
956418
956549
956644
956851
956962
957030
957112
957204
957364
957456
957586
957710
958000
958106
958236
958407
958489
958605
958714
958832
959127
959278
959473
959577
959716
959954
960068
960175
960332
960450
960654
960803
960914
961108
961316
961425
961557
961709
961864
961977
962083
962345
962505
962695
962820
962954
963028
963126
963213
963411
963575
963718
963809
964001
964104
964194
964281
964502
964712
964949
965082
965232
965362
965511
965640
965791
965896
966033
966103
966209
966372
966563
966744
966833
966967
967131
967287
967428
967619
967770
967860
968019
968156
968304
968454
968604
968756
968861
968997
969140
969251
969406
969653
969991
970121
970229
970316
970432
970577
970640
970803
970968
971097
971201
971380
971648
971779
972066
972415
972593
972736
972880
972994
973080
973170
973282
973470
973631
973753
973927
974205
974344
974582
974771
975083
975211
975309
975619
975867
975990
976090
976193
976315
976465
976567
976842
977017
977190
977345
977436
977553
977667
977823
977993
978095
978245
978507
978625
978724
978878
979016
979171
979440
979614
979705
979835
979926
980009
980294
980516
980683
980810
980935
981090
981225
981473
981657
981845
981950
982072
982215
982371
982510
982639
982745
982905
983043
983231
983486
983738
983926
984046
984207
984294
984384
984528
984668
984816
984929
984992
985305
985462
985596
985881
986105
986263
986386
986514
986673
986861
987026
987187
987340
987459
987574
987839
987990
988220
988411
988547
988643
988739
988849
989005
989230
989406
989534
989688
989844
989958
990121
990245
990580
990950
991063
991148
991258
991373
991481
991593
991691
991812
991962
992125
992266
992319
992491
992598
992716
992967
993355
993533
993652
993757
993945
994093
994233
994390
994565
994701
994907
994987
995287
995423
995671
995859
996007
996103
996236
996364
996484
996576
996692
996820
996926
997039
997171
997362
997474
997644
997891
998063
998146
998277
998361
998522
998630
998699
998801
998886
999000
999131
999315
999445
999707
999851
1000096
1000279
1000456
1000587
1000767
1000874
1000975
1001138
1001198
1001339
1001497
1001667
1001845
1001935
1002032
1002205
1002351
1002487
1002661
1002788
1003024
1003176
1003362
1003550
1003838
1003956
1004125
1004221
1004380
1004516
1004705
1004894
1005087
1005277
1005414
1005687
1005838
1005959
1006080
1006194
1006310
1006437
1006556
1006721
1006859
1007133
1007259
1007464
1007581
1007713
1007814
1007964
1008054
1008159
1008303
1008475
1008576
1008777
1009114
1009307
1009439
1009627
1009911
1010190
1010472
1010682
1010873
1011030
1011169
1011269
1011327
1011522
1011843
1011938
1012185
1012317
1012557
1012731
1012829
1012974
1013210
1013440
1013629
1013913
1014049
1014327
1014539
1014890
1015107
1015217
1015456
1015660
1015794
1015910
1016033
1016232
1016409
1016553
1016724
1016885
1017049
1017324
1017610
1017829
1017970
1018113
1018408
1018586
1018900
1019063
1019206
1019410
1019538
1019787
1019930
1020169
1020291
1020530
1020725
1020975
1021114
1021275
1021375
1021494
1021619
1021779
1021971
1022205
1022356
1022500
1022615
1022728
1022908
1023273
1023501
1023758
1023889
1024060
1024283
1024487
1024755
1024917
1025176
1025355
1025900
1026128
1026275
1026429
1026579
1026683
1026863
1026988
1027062
1027220
1027449
1027613
1027706
1027854
1028042
1028324
1028471
1028629
1028809
1028995
1029080
1029239
1029477
1029966
1030146
1030283
1030425
1030624
1030747
1030865
1030984
1031108
1031215
1031421
1031588
1031849
1031973
1032078
1032366
1032486
1032644
1032799
1033007
1033136
1033258
1033556
1033768
1033883
1033975
1034089
1034281
1034403
1034543
1034730
1034862
1035032
1035158
1035330
1035469
1035646
1035754
1035927
1036078
1036263
1036462
1036608
1036740
1036869
1036989
1037242
1037445
1037565
1037700
1037936
1038008
1038206
1038472
1038576
1038682
1038954
1039109
1039269
1039440
1039562
1039735
1039828
1039979
1040110
1040274
1040426
1040506
1040647
1040821
1040960
1041111
1041210
1041345
1041593
1041786
1042014
1042093
1042310
1042468
1042582
1042773
1042960
1043081
1043218
1043347
1043486
1043591
1043800
1043947
1044161
1044353
1044526
1044708
1044826
1044989
1045325
1045471
1045598
1045760
1045885
1045985
1046090
1046227
1046317
1046410
1046552
1046738
1046897
1046983
1047082
1047277
1047398
1047527
1047632
1047791
1047932
1048072
1048218
1048397
1048552
1048694
1048844
1049043
1049150
1049282
1049418
1049550
1049635
1049754
1049858
1049998
1050113
1050214
1050397
1050531
1050670
1050775
1050913
1051034
1051089
1051301
1051523
1051636
1051857
1051974
1052244
1052417
1052517
1052626
1052809
1052944
1053051
1053194
1053306
1053423
1053556
1053658
1053821
1053970
1054076
1054197
1054357
1054480
1054622
1054941
1055045
1055208
1055300
1055415
1055636
1055780
1055926
1056172
1056468
1056602
1056789
1056969
1057121
1057305
1057405
1057607
1057811
1057994
1058066
1058382
1058521
1058591
1058733
1058862
1059019
1059215
1059306
1059425
1059638
1059745
1059891
1059993
1060079
1060273
1060468
1060609
1060760
1060908
1061015
1061151
1061258
1061435
1061647
1061797
1061977
1062149
1062268
1062461
1062605
1062841
1062971
1063107
1063205
1063308
1063450
1063556
1063754
1063924
1064366
1064594
1064708
1064830
1064936
1065025
1065165
1065304
1065439
1065567
1065772
1065982
1066083
1066168
1066340
1066557
1066741
1066965
1067163
1067271
1067399
1067493
1067702
1067848
1068001
1068228
1068327
1068558
1068671
1068758
1068940
1069148
1069303
1069441
1069578
1069672
1069840
1069998
1070113
1070236
1070387
1070488
1070659
1070769
1070909
1071017
1071288
1071461
1071717
1071861
1071954
1072093
1072204
1072277
1072485
1072619
1072799
1073148
1073230
1073443
1073681
1073802
1073931
1074216
1074453
1074557
1074709
1074869
1075061
1075213
1075405
1075508
1075679
1075879
1076060
1076256
1076397
1076633
1076752
1076927
1077205
1077326
1077460
1077571
1077706
1077851
1077935
1078057
1078173
1078260
1078414
1078663
1078859
1079042
1079250
1079350
1079467
1079582
1079714
1079867
1080001
1080229
1080390
1080511
1080628
1080795
1081024
1081226
1081399
1081585
1081721
1081823
1081936
1082163
1082404
1082523
1082723
1082815
1082916
1083068
1083207
1083402
1083600
1083893
1084011
1084153
1084272
1084366
1084459
1084573
1084728
1084970
1085108
1085238
1085380
1085557
1085731
1085844
1085979
1086187
1086321
1086435
1086538
1086681
1086909
1087084
1087278
1087419
1087501
1087832
1088069
1088236
1088345
1088478
1088594
1088705
1088843
1088961
1089079
1089274
1089426
1089546
1089675
1089796
1089920
1090180
1090390
1090539
1090672
1090783
1090903
1091025
1091167
1091292
1091505
1091700
1092080
1092222
1092393
1092545
1092661
1092822
1092976
1093108
1093250
1093410
1093567
1093686
1093809
1093980
1094098
1094227
1094324
1094449
1094570
1094743
1094895
1095095
1095474
1095669
1095759
1095904
1096095
1096193
1096319
1096413
1096613
1096737
1096859
1097212
1097339
1097485
1097732
1097866
1097996
1098163
1098298
1098387
1098549
1098688
1098840
1099010
1099252
1099339
1099469
1099652
1099868
1099985
1100195
1100343
1100470
1100617
1100810
1101031
1101174
1101319
1101443
1101506
1101770
1101912
1102044
1102255
1102364
1102549
1102660
1102876
1103059
1103193
1103263
1103375
1103598
1103790
1103899
1104019
1104138
1104292
1104438
1104579
1104747
1105069
1105178
1105437
1105587
1105702
1105799
1105923
1106086
1106186
1106321
1106439
1106691
1106867
1106983
1107143
1107254
1107462
1107622
1107889
1108193
1108309
1108424
1108615
1108786
1108947
1109073
1109181
1109335
1109452
1109540
1109643
1109795
1109982
1110123
1110250
1110438
1110595
1110725
1110813
1110958
1111180
1111283
1111397
1111609
1111784
1111935
1112177
1112319
1112582
1112740
1112876
1112980
1113190
1113340
1113517
1113638
1113781
1113862
1114015
1114196
1114355
1114694
1114882
1115087
1115230
1115324
1115472
1115728
1115939
1116088
1116193
1116360
1116491
1116713
1116874
1117289
1117477
1117740
1117878
1117982
1118106
1118253
1118366
1118491
1118691
1118835
1119020
1119240
1119409
1119585
1119824
1120021
1120128
1120346
1120488
1120632
1120737
1120865
1121120
1121369
1121512
1121621
1121756
1122031
1122214
1122478
1122683
1122849
1123007
1123112
1123255
1123421
1123612
1123755
1123878
1123994
1124094
1124284
1124495
1124797
1124903
1125228
1125354
1125490
1125674
1125776
1125881
1126072
1126193
1126344
1126463
1126592
1126789
1126979
1127348
1127535
1127728
1127953
1128096
1128202
1128384
1128549
1128753
1128940
1129037
1129166
1129232
1129376
1129476
1129673
1129791
1129962
1130319
1130456
1130556
1130708
1130843
1130943
1131046
1131179
1131356
1131493
1131700
1131809
1132072
1132219
1132367
1132597
1132744
1132909
1133145
1133303
1133387
1133667
1133930
1134101
1134224
1134380
1134524
1134647
1134855
1134999
1135189
1135581
1135736
1135904
1136023
1136137
1136265
1136378
1136496
1136645
1136751
1136868
1136964
1137140
1137242
1137397
1137624
1137812
1137959
1138123
1138307
1138539
1138702
1138883
1139027
1139139
1139231
1139341
1139515
1139818
1140148
1140305
1140497
1140580
1140703
1140792
1141034
1141233
1141439
1141781
1141914
1142011
1142371
1142496
1142668
1142832
1142950
1143032
1143101
1143252
1143452
1143524
1143667
1143772
1143955
1144114
1144290
1144474
1144658
1144870
1145050
1145190
1145303
1145436
1145592
1145783
1145907
1146016
1146102
1146259
1146383
1146558
1146649
1146934
1147157
1147463
1147692
1147820
1147957
1148084
1148206
1148333
1148614
1148781
1148928
1149158
1149498
1149657
1149868
1150041
1150164
1150301
1150427
1150590
1150702
1150866
1150984
1151081
1151211
1151387
1151639
1152006
1152124
1152316
1152498
1152627
1152895
1153087
1153275
1153427
1153629
1153756
1154005
1154120
1154351
1154716
1154923
1155122
1155214
1155330
1155440
1155621
1155826
1155923
1156101
1156375
1156529
1156763
1156917
1157152
1157366
1157608
1157753
1157850
1158056
1158232
1158371
1158658
1158836
1158981
1159218
1159362
1159468
1159600
1159832
1159951
1160077
1160235
1160332
1160476
1160645
1160846
1161042
1161156
1161373
1161648
1161902
1162029
1162365
1162575
1162803
1162985
1163094
1163191
1163361
1163529
1163693
1163784
1163912
1164015
1164130
1164238
1164338
1164488
1164650
1164816
1165006
1165144
1165484
1165676
1165921
1166079
1166231
1166362
1166535
1166649
1166761
1166887
1166981
1167064
1167202
1167325
1167412
1167553
1167718
1167865
1168163
1168380
1168567
1168908
1169035
1169171
1169292
1169622
1169767
1169883
1170069
1170226
1170463
1170614
1170809
1171112
1171275
1171414
1171525
1171609
1171726
1171861
1171995
1172213
1172361
1172532
1172634
1172813
1172957
1173088
1173234
1173374
1173521
1173748
1173960
1174098
1174230
1174355
1174470
1174588
1174709
1174879
1175035
1175182
1175336
1175514
1175654
1175830
1175990
1176123
1176202
1176404
1176586
1176755
1176963
1177037
1177173
1177254
1177364
1177517
1177659
1177766
1177880
1178061
1178192
1178300
1178474
1178761
1178902
1179111
1179352
1179592
1179728
1179842
1179954
1180129
1180309
1180470
1180578
1180769
1180952
1181152
1181405
1181569
1181690
1181841
1181977
1182350
1182489
1182637
1182816
1182930
1183047
1183187
1183436
1183585
1183705
1183905
1184073
1184275
1184642
1184728
1184871
1184993
1185190
1185332
1185746
1185901
1186070
1186258
1186359
1186489
1186640
1186860
1187095
1187245
1187511
1187648
1187813
1187986
1188115
1188396
1188628
1189013
1189210
1189327
1189620
1189748
1189901
1190047
1190227
1190431
1190546
1190687
1191059
1191335
1191498
1191641
1191853
1191983
1192070
1192329
1192592
1192849
1193201
1193368
1193537
1193638
1193796
1193996
1194125
1194297
1194472
1194646
1194799
1195071
1195237
1195394
1195541
1195636
1195772
1195938
1196077
1196301
1196459
1196591
1197063
1197370
1197518
1197646
1197750
1198057
1198223
1198372
1198594
1198713
1198996
1199184
1199501
1199611
1199843
1199979
