379
9427
13711
14967
19722
24591
25663
28916
37513
43801
49731
53545
66360
73759
78407
86379
89350
97467
102299
110192
124125
133380
136842
139476
141324
145679
146614
148790
155230
162760
166585
174315
176976
180988
193465
209743
215869
219868
225187
226913
227791
232063
232841
242356
252057
254803
256124
264634
267300
270954
275655
281791
291421
297782
298668
307266
310153
313119
320030
322160
329039
331238
352355
357528
359548
361556
366449
376953
385428
394900
395465
396582
401706
407876
409794
413493
420691
425573
429629
441221
445175
449098
455428
469315
471348
472955
476887
493243
503081
504161
514428
514563
520755
522944
528473
533516
538000
542447
547181
547450
556641
557447
563425
566944
572953
575324
582479
583500
609219
615147
619565
626800
630537
642011
649676
650833
655623
657027
668861
672704
679799
680118
689051
694189
703070
710434
724510
730053
737939
738897
741103
743215
751513
761750
773280
779580
782570
787707
791007
796351
797279
809075
813414
819369
822032
826346
833004
842461
844267
857618
864284
865479
873398
882479
884571
892801
904287
911486
916198
920029
923226
940535
941755
949763
949859
956185
958743
971539
973042
997083
1001554
1011797
1012613
1019480
1031759
1040464
1047266
1058641
1067656
1068223
1074603
1081786
1083974
1090158
1099621
1108424
1110004
1112572
1123767
1125937
1139245
1148309
1150180
1166509
1171969
1180954
1181708
1188705
1193627
