161
336
437
524
664
784
899
1071
1207
1357
1485
1596
1988
2134
2222
2402
2554
2675
2876
3060
3152
3339
3462
3553
3633
3784
3877
4113
4220
4269
4350
4567
4672
4998
5144
5336
5521
5624
5704
5751
5860
6069
6229
6385
6480
6579
6757
6833
6946
7045
7159
7215
7258
7351
7464
7628
7790
7962
8108
8262
8426
8545
8767
8917
8950
9045
9155
9305
9420
9521
9658
9729
9886
10047
10145
10353
10555
10726
10887
11028
11133
11228
11320
11404
11525
11650
11791
11915
12220
12390
12540
12701
13011
13078
13160
13267
13326
13467
13635
13841
13934
14042
14149
14283
14694
14938
15047
15092
15207
15351
15655
15764
15850
15961
16086
16371
16663
16740
16892
16967
17084
17179
17333
17476
17560
17627
17726
17832
17962
18130
18224
18354
18518
18599
18677
18793
18914
19072
19281
19376
19820
20014
20167
20338
20401
20461
20530
20853
20980
21066
21356
21502
21628
21843
21913
21981
22058
22157
22215
22312
22456
22515
22695
22766
22881
22921
22989
23102
23186
23253
23299
23329
23440
23485
23493
23512
23529
23575
23682
23777
23912
24249
24320
24416
24570
24726
24869
24968
25007
25047
25376
25643
25736
25836
25971
26118
26246
26325
26438
26555
26680
26798
26900
26974
27249
27432
27525
27654
27733
27883
27973
28092
28189
28280
28376
28481
28637
28869
28991
29170
29403
29502
29595
29714
29827
29954
30087
30250
30361
30562
30661
30881
31029
31193
31344
31519
31608
31799
31908
31998
32141
32237
32484
32652
33022
33093
33168
33226
33285
33511
33709
33770
33918
34117
34278
34447
34546
34595
34696
34815
34886
34967
35107
35227
35374
35488
35638
35723
35976
36161
36315
36375
36485
36665
36727
36796
36864
37041
37181
37298
37430
37574
37788
37915
38054
38154
38267
38336
38483
38571
38770
38889
38973
39131
39355
39423
39481
39599
39675
39761
40028
40077
40164
40263
40350
40464
40579
40654
40802
40956
41048
41236
41511
41617
41724
41767
41908
42058
42160
42252
42366
42451
42531
42634
42724
42846
42960
43106
43225
43419
43528
43579
43680
43756
43994
44128
44244
44337
44477
44570
44785
45181
45278
45407
45492
45546
45648
45715
45769
46017
46103
46202
46354
46550
46650
46782
46985
47126
47298
47372
47451
47617
47866
48014
48071
48153
48281
48334
48450
48663
48774
48879
49032
49114
49139
49201
49252
49320
49391
49485
49713
49821
49949
50055
50197
50470
50580
50799
50846
50936
50965
51262
51337
51429
51513
51929
52058
52128
52198
52317
52383
52477
52553
52650
52793
52884
53047
53119
53193
53318
53475
53671
53802
53880
54007
54162
54488
54581
54658
54729
54790
54990
55116
55240
55295
55509
55709
55853
55943
56040
56089
56204
56346
56546
56750
56852
56972
57075
57169
57324
57412
57487
57586
57773
57952
58179
58322
58453
58735
58834
58928
59046
59333
59552
59735
59808
59922
60124
60275
60511
60617
60757
60851
60975
61084
61207
61304
61352
61484
61645
61716
61833
61940
62044
62235
62413
62519
62638
62736
62800
62859
63012
63265
63393
63440
63596
63707
63818
63908
64098
64421
64540
64622
64745
64899
65032
65113
65293
65407
65510
65724
65793
66122
66254
66390
66579
66672
66762
66821
66972
67060
67201
67253
67457
67707
67817
67929
68161
68297
68379
68505
68610
68679
68738
68838
68928
69039
69118
69175
69285
69468
69693
69928
70084
70194
70279
70356
70446
70525
70655
70809
71007
71249
71305
71441
71792
71978
72077
72142
72204
72329
72371
72493
72584
72735
72830
72984
73121
73421
73690
73785
73845
73933
74013
74242
74396
74438
74550
74622
74805
74920
75292
75424
75516
75599
75711
75812
76090
76170
76292
76354
76493
76660
76767
76861
76962
77141
77339
77428
77488
77576
77701
77782
77860
77995
78151
78395
78563
78659
78832
78970
79129
79228
79294
79363
79485
79605
79728
79846
79991
80210
80347
80522
80679
80748
80912
81001
81085
81269
81365
81492
81618
81722
81787
81970
82095
82292
82533
82605
82725
82869
82954
83007
83117
83248
83410
83545
83661
84005
84077
84237
84289
84408
84454
84495
84550
84664
84800
84882
84929
85070
85379
85499
85583
85810
85874
86127
86176
86272
86494
86591
86685
86789
86933
86993
87210
87348
87538
87665
87881
87945
88032
88051
88200
88283
88351
88459
88625
88711
88788
89000
89168
89289
89424
89632
89691
89764
89860
90014
90178
90256
90435
90594
90701
90857
90946
91127
91328
91427
91527
91580
91624
91645
91961
92046
92341
92467
92551
92781
92973
93129
93290
93361
93505
93645
93742
93837
93933
94039
94105
94217
94320
94485
94710
94832
95102
95188
95300
95383
95483
95644
95784
95892
95995
96144
96212
96318
96624
96740
96972
97052
97125
97217
97414
97587
97766
97918
97951
98016
98217
98354
98486
98682
98805
98951
99020
99074
99202
99390
99543
99693
99845
99956
100087
100252
100342
100497
100584
100695
100777
100880
101038
101162
101327
101409
101476
101584
101642
101742
101969
102189
102324
102496
102548
102617
102675
102731
102849
102973
103072
103231
103336
103501
103995
104124
104198
104301
104458
104544
104695
104789
104888
105013
105184
105370
105629
105773
106008
106064
106138
106247
106314
106514
106604
106749
106853
106958
107053
107132
107219
107506
107588
107715
107760
107833
107958
108064
108344
108447
108505
108627
108744
108868
108953
109036
109233
109541
109597
109646
109773
109866
109951
110049
110139
110215
110415
110529
110610
110912
111064
111226
111341
111450
111526
111621
111682
111855
111907
111978
112203
112284
112483
112560
112717
112829
112918
113008
113139
113297
113406
113481
113534
113660
113771
113847
114078
114161
114235
114362
114678
114823
114990
115082
115204
115308
115399
115560
115739
115854
115904
116050
116178
116277
116377
116592
116739
116895
116951
117030
117174
117267
117519
117621
117720
117857
117969
118054
118134
118203
118285
118386
118698
118819
118929
119101
119148
119270
119389
119549
119685
119788
119842
120129
120344
120533
120635
120746
120821
120905
121223
121285
121370
121522
121680
121801
121881
122038
122195
122363
122547
122623
122701
122815
122990
123105
123229
123385
123487
123650
123788
123908
124020
124091
124145
124231
124429
124519
124635
124725
124810
124956
125052
125160
125285
125516
125643
125774
125927
126010
126073
126143
126209
126377
126582
126697
126836
126915
127004
127153
127369
127429
127658
127721
127836
127878
127989
128084
128189
128248
128345
128420
128504
128684
128894
129067
129192
129344
129464
129569
129622
129676
129738
129860
130020
130136
130242
130371
130465
130538
130611
130706
130905
131129
131276
131396
131512
131621
131678
131786
131977
132078
132187
132318
132417
132561
132696
132923
133016
133196
133328
133388
133458
133518
133601
133701
133789
133893
133966
134006
134085
134245
134368
134473
134530
134636
134822
134917
135029
135232
135306
135407
135481
135546
135657
135784
136127
136250
136364
136537
136771
136917
137056
137185
137253
137330
137368
137448
137586
137730
137835
137928
138037
138220
138308
138625
138726
138883
139014
139163
139240
139286
139390
139698
139900
140017
140265
140436
140565
140815
140859
140896
141519
141631
141727
141856
141981
142050
142130
142235
142354
142526
142799
143005
143105
143354
143444
143686
143886
143952
144108
144182
144375
144474
144574
144675
144878
145011
145153
145218
145291
145369
145423
145544
145672
145784
145841
145907
146085
146250
146334
146444
146490
146625
146730
146774
146898
147019
147227
147382
147544
147785
147966
148071
148247
148361
148504
148751
148893
149003
149111
149290
149366
149526
150353
150682
150832
150930
151031
151079
151273
151355
151464
151556
151746
151898
151988
152129
152220
152333
152519
152642
152720
152880
152965
153047
153182
153286
153375
153474
153627
153748
153876
153977
154052
154191
154441
154611
154692
154920
154978
155112
155442
155520
155631
155718
155816
155895
156007
156209
156313
156460
156575
156671
156735
156829
156953
157050
157215
157294
157423
157509
157590
157980
158182
158299
158366
158459
158525
158584
158700
158834
158961
159070
159206
159334
159411
159515
159592
159640
159813
159914
160170
160237
160310
160369
160498
160599
160889
161041
161437
161468
161661
161830
162050
162179
162382
162501
162594
162755
162953
163146
163274
163431
163630
163826
164012
164127
164214
164273
164366
164535
164673
164780
164926
165008
165098
165161
165338
165505
165688
165787
165916
166023
166305
166336
166414
166535
166650
166741
167011
167108
167243
167492
167631
167709
167835
167969
168102
168255
168450
168552
168670
168812
168873
168958
169012
169085
169208
169339
169447
169535
169604
169762
169861
169972
170095
170198
170341
170481
170515
170594
170646
170749
170866
170942
171026
171148
171293
171440
171514
171703
171824
171960
172085
172219
172318
172426
172496
172566
172639
172822
172956
173155
173292
173376
173436
173503
173631
173775
174089
174219
174517
174603
174646
174712
174818
174944
174969
175066
175203
175354
175422
175612
175724
175908
176097
176156
176214
176337
176437
176562
176700
176774
176932
176993
177094
177186
177293
177360
177496
177761
177959
178094
178337
178421
178504
178565
178639
178784
178910
178966
179074
179188
179396
179492
179632
179798
180000
180059
180206
180276
180328
180447
180514
180621
180747
180853
180953
181023
181121
181162
181360
181456
181599
181788
181938
182038
182172
182249
182310
182361
182452
182545
182607
182679
182867
182920
182961
183060
183105
183204
183334
183704
183794
183855
183942
183995
184183
184232
184340
184488
184542
184671
184955
185127
185181
185254
185408
185524
185620
185894
186019
186228
186327
186519
186757
186952
187048
187223
187288
187383
187499
187769
188024
188142
188176
188289
188398
188516
188702
188773
189162
189264
189533
189574
189818
190015
190398
190514
190577
190696
190789
191031
191185
191447
191533
191594
191760
192185
192358
192764
194661
195835
196181
196273
196811
196964
197168
197502
197634
197873
197983
198050
198204
198301
198388
198425
198841
199002
199211
199404
199742
199972
200102
200335
200417
200595
200807
201017
201260
201359
201449
201664
201804
202136
202236
202371
202670
202853
203001
203510
203678
203793
203897
204204
204613
204751
204898
205082
205346
205498
205613
205942
206242
206327
206490
206871
206980
207057
207134
207338
207499
207579
207759
207887
208001
208432
208490
208587
208977
209095
209213
209301
209368
209529
209738
209786
209870
210054
210184
210379
210476
210632
210734
210883
210998
211378
211458
211727
211852
211986
212144
212369
212525
212814
212893
212976
213026
213234
213338
213427
213530
213731
213944
214125
214320
214398
214497
214559
214673
214835
214979
215106
215175
215302
215477
215567
215747
216344
216546
216878
216927
217194
217468
217639
217669
217938
218062
218212
218316
218419
218518
218571
218669
218754
218946
219084
219180
219499
219781
220014
220130
220360
220873
221040
221155
221367
221497
221609
222156
222383
222456
222769
223149
223396
223755
224165
224343
224547
224672
224759
225032
225227
225621
225760
225872
225986
226142
226244
226392
226679
226776
227169
227292
227362
227527
227928
228136
228247
228418
228542
228617
228870
229046
229095
229183
229432
229561
229667
229993
230185
231115
231224
231293
231409
231477
231835
232105
232442
232630
232823
232954
233187
233276
233553
233647
233897
234041
234274
234621
234794
235095
235469
235742
236534
236603
236715
236957
237444
237564
237701
237955
238049
238284
238341
238523
238662
239004
239239
239585
239881
240328
240656
240756
241184
241674
241967
242071
242203
242346
242625
242702
242781
242888
242957
243406
243534
243840
243952
244080
244213
244388
244450
244543
244780
244882
245142
245538
245677
245795
245863
245941
245981
246068
246228
246325
246396
246530
246836
246987
247069
247173
247280
247368
247644
248017
248079
248147
248455
248637
248721
248852
248951
249167
249726
249929
250090
250263
250424
250602
250845
251089
251221
251270
251395
251613
251727
251865
252151
252481
252592
252680
253067
253183
253337
253462
253722
253827
254059
254295
254370
254636
254785
254886
254982
255094
255262
255478
255573
255695
255775
255887
255985
256142
256299
256379
256569
256972
257071
257293
257373
257479
257683
258112
258206
258454
258785
258931
259003
259128
259227
259315
259547
259632
259841
260265
260366
260574
260720
260794
260928
261074
261478
261586
261676
261761
261855
261910
262042
262098
262356
262454
262858
263009
263295
263387
263652
263828
263946
264079
264160
264343
264467
264574
264705
264784
264905
265000
265191
265491
265610
265653
265740
266009
266339
266546
266661
266781
267052
267231
267401
267530
267708
267801
268509
268609
268768
268999
269178
269590
269660
269729
269967
270043
270146
270203
270545
270708
270923
271073
271216
271336
271638
271856
271923
272106
272261
272452
273118
273482
273588
273719
274076
274373
274516
275031
275314
275447
275720
275852
276023
276295
276388
276455
276666
276723
276780
276819
276926
277113
277208
277260
277299
277415
277603
277713
277760
278322
278438
278590
278707
278737
278910
278983
279022
279097
279155
279227
279496
279544
279587
279673
279831
280102
280394
280504
280575
280628
280824
280904
281179
281277
281396
281497
281585
281727
281786
281918
281988
282082
282238
282383
282483
282628
282778
282890
282946
283123
283192
283364
283536
283972
284277
284347
284564
284709
284839
284967
285123
285308
285603
285839
285922
286049
286100
286509
286647
286752
286964
287158
287261
287368
287567
287658
287758
287841
287959
288014
288149
288678
288887
289011
289135
289241
289368
289507
289616
289998
290092
290172
290397
290479
290624
290717
290812
290903
291080
291146
291396
291602
291690
291811
291865
291950
292045
292237
292300
292555
292822
292983
293222
293525
293653
293700
293893
293982
294280
294372
294567
294646
294762
294849
294925
295071
295243
295304
295426
295608
295755
295927
296087
296172
296264
296755
297073
297152
297217
297341
297397
297456
297751
297860
297924
298063
298237
298331
298576
298721
298830
298923
299024
299128
299368
299646
299781
299875
299977
300070
300222
300271
300328
300397
301062
301612
301694
301766
301963
302048
302134
302201
302279
302421
302530
302645
302763
302889
303074
303178
303238
303387
303543
303635
303701
304041
304220
304315
304489
304853
305056
305171
305281
305370
305589
305712
305844
305973
306145
306204
306319
306555
306899
307070
307202
307357
307423
308049
308297
308473
308621
308836
308956
309068
309192
309279
309392
309506
309680
309804
309989
310072
310160
310374
310504
310655
310918
311112
311213
311387
311478
311583
311700
311805
312017
312197
312357
312469
312592
312834
312979
313120
313334
313555
313673
313834
313902
314045
314142
314334
314431
314539
314657
314902
315060
315284
315355
315427
315530
315675
315867
316098
316242
316386
316463
317053
317106
317231
317358
317495
317559
317705
317828
318176
318381
318455
318537
318769
318927
319106
319369
319621
319926
320000
320119
320499
320714
321199
321345
321472
321603
321760
321805
321942
322008
322163
322399
322537
322597
322673
322805
322953
323048
323275
323444
323620
323726
323890
324007
324186
324269
324525
324648
324755
324872
324967
325159
325319
325585
325676
325813
325895
325985
326672
326762
326830
327208
327339
327470
327571
327755
328772
328831
328967
329071
329191
329254
329638
329739
329879
330024
330241
330314
330602
330742
330772
330909
331167
331475
331574
331908
332089
332244
332335
332413
332527
332646
332767
332887
333048
333147
333250
333457
333531
333718
333839
333997
334150
334225
334395
334765
334874
334956
335141
335408
335499
335589
335674
336016
336157
336241
336277
336388
336516
336683
336773
336881
337334
337437
337529
337591
337971
338041
338168
338243
338425
338500
338633
338774
338898
338983
339160
339227
339349
339747
340166
340269
340701
340820
340867
340943
341042
341176
341218
341489
341600
341650
341728
341941
342026
342140
342465
342709
342974
343060
343110
343172
343246
343459
343779
344091
344167
344406
344593
344721
344926
345064
345370
345499
345673
345822
345968
346112
346230
346373
346524
346689
346793
347099
347179
347321
347451
347566
348263
348448
348545
348608
348922
349033
349138
349320
349522
349657
349720
349882
350074
350482
350642
350838
350992
351157
351327
351423
351603
351874
352004
352071
352451
352588
352792
353039
353157
353236
353267
353391
353596
353743
353930
354165
354318
354466
354592
354783
354912
355041
355170
355357
355443
355532
355586
355740
355871
356008
356207
356283
356391
356496
356601
357153
357362
357515
357815
357909
357980
358102
358232
358319
358488
358601
358697
359137
359373
359646
359826
360105
360244
360360
360602
360755
360814
360934
361034
361123
361277
361590
361785
361967
362087
362171
362494
362588
362693
362826
362979
363288
363363
363650
363781
363879
364225
364332
364661
364795
364994
365073
365219
365308
365446
365603
365955
366131
366226
366327
366415
366527
366667
366841
367043
367169
367226
367417
367568
367712
367842
367927
368030
368105
368170
368251
368295
368478
368659
368768
368894
369260
369361
369444
369558
369968
370113
370191
370390
370509
370700
370877
370990
371110
371259
371371
371545
371721
371856
371906
371975
372240
372370
372443
372677
372853
373253
373407
373650
373772
374038
374171
374249
374565
374653
374881
375089
375476
375596
375833
375992
376101
376258
376372
376465
376516
376846
376928
377068
377167
377277
377354
377691
377836
377982
378121
378210
378376
378459
378517
378650
378781
378915
379036
379122
379292
379391
379541
379788
380131
380201
380289
380395
380450
380699
380790
380854
380948
381036
381192
381526
381688
381897
382112
382177
382323
382421
382533
382660
382767
382848
383006
383395
383873
384193
384238
384347
384515
384611
384832
384947
385032
385106
385477
385687
385910
386009
386159
386212
386317
386564
386657
386745
386877
386977
387092
387297
387466
387553
387691
387868
388020
388100
388225
388342
388635
388781
388882
389027
389096
389200
389537
389741
389842
389928
390086
390132
390367
390442
390892
391095
391221
391286
391424
391698
391851
392014
392100
392219
392312
392433
392486
392623
392735
392863
392940
393293
393388
393528
393656
393835
393931
393961
394030
394141
394326
394410
394487
394615
394886
394958
395041
395332
395502
395680
395827
395960
396141
396238
396292
396391
396526
396611
396713
396953
397037
397200
397312
397474
397608
398047
398170
398224
398290
398579
398724
398914
399350
399532
399596
399762
399843
399970
400076
400164
400338
400404
400505
401187
401349
401482
401676
401854
401973
402107
402518
402677
402774
402973
403359
403553
403825
403912
403966
404068
404161
404287
404347
404441
404569
404711
405043
405309
405603
405733
405771
405848
405944
406061
406246
406354
406453
406527
406622
406691
406806
406912
407101
407413
407515
407642
407716
407778
407989
408184
408268
408345
408412
408521
408647
408715
408855
409047
409242
409393
409469
409597
409752
409833
409945
410020
410064
410164
410660
410762
410932
411184
411279
411453
411634
411725
411856
411946
412040
412099
412203
412337
412419
412488
412590
412880
413024
413356
413557
413756
413835
413997
414106
414175
414249
414305
414476
414538
414770
414990
415140
415385
415506
415609
415741
415932
416031
416164
416237
416287
416421
416705
416777
416925
417299
417431
417566
417710
417788
417975
418054
418175
418294
418647
418785
418849
418933
419249
419648
419714
419778
419852
420103
420195
420433
420644
420752
420960
421131
421293
421535
421916
422009
422101
422171
422260
422475
422614
422794
422861
423017
423114
423293
423390
423755
423879
424032
424142
424236
424329
424800
424976
425088
425195
425284
425327
425395
425551
425680
425789
425893
426135
426241
426305
426404
426476
426737
426846
427054
427195
427593
427703
427821
427897
427953
428195
428264
428378
428438
428541
428917
429036
429149
429228
429365
429554
429665
429919
430000
430072
430233
430300
430380
430506
430631
430733
430795
430842
430982
431229
431505
431745
432086
432309
432411
432452
432546
432649
432818
432935
433043
433168
433250
433405
433483
433609
433885
433996
434138
434427
434495
434594
434814
434925
434997
435217
435344
435409
435498
435691
435919
436081
436227
436356
436540
436730
436980
437051
437339
437443
437500
437616
438057
438214
438497
438617
438958
439044
439127
439263
439373
439443
439681
439894
440455
440529
440606
440813
441033
441214
441439
441521
441548
441805
441954
442211
442299
442393
442579
442750
442901
443050
443215
443519
443594
443633
443691
443758
443892
444025
444175
444252
444318
444405
444636
444977
445115
445382
445576
445657
445764
445958
446080
446278
446346
446572
446662
446802
446910
447051
447196
447449
447507
447553
447672
447872
448024
448129
448284
448454
448509
448561
448717
448858
448971
449161
449234
449530
449619
449685
449797
449917
449975
450265
450392
450595
450711
450795
450931
451044
451214
451518
451654
451935
452090
452264
452511
452716
452806
452917
453061
453431
453569
453652
453742
453944
454335
454416
454468
454690
454900
455009
455094
455234
455412
455490
455573
455661
455834
455956
456141
456274
456349
456507
456593
456698
456800
456894
457074
457175
457295
457378
457475
457588
457801
457908
458078
458266
458389
458683
458784
458912
458986
459158
459559
459647
459729
459858
460009
460458
460722
460845
460897
460994
461088
461144
461265
461357
461530
461768
461935
462001
462279
462409
462543
462650
462740
462865
462935
463276
463513
463797
464125
464332
464487
464574
464655
464958
465072
465244
465476
465723
465959
466019
466067
466193
466292
466394
466564
466861
467044
467237
467345
467522
468034
468156
468305
468402
468574
468660
468722
469206
469326
469459
469577
469695
469845
470049
470122
470270
470429
470570
470993
471168
471229
471308
471522
471608
471680
471792
471887
472022
472128
472244
472472
472650
472752
472947
473058
473355
473469
473555
473680
473876
473921
474026
474166
474330
474664
474774
474914
474999
475079
475192
475268
475394
476296
476410
476496
476571
476658
476771
476918
477023
477166
477250
477395
477646
477730
477916
478037
478275
478375
478450
478532
478735
478861
478992
479167
479247
479347
479437
479672
479749
480208
480351
480470
480557
480765
480840
481015
481169
481453
481582
481779
481898
482012
482142
482334
482394
482643
482785
482860
482910
483292
483390
483688
484090
484299
484425
484531
484601
484672
484926
485053
485162
485491
485570
485691
485795
485933
486122
486251
486412
486510
486624
486845
486962
487237
487356
487449
487536
487618
487779
487932
488113
488478
488654
488734
488837
488911
489020
489112
489247
489313
489647
489723
489831
489975
490142
490370
490747
491085
491168
491209
491354
491474
491617
491752
491797
492108
492195
492335
492418
492650
492747
492880
493068
493133
493228
493392
493772
494344
494519
494641
494788
494890
494953
495015
495125
495229
495416
495513
495574
495677
495804
496288
496472
496565
496874
496966
497043
497127
497211
497631
497701
497843
498139
498328
498534
498631
498709
498817
499114
499270
499359
499561
499727
499895
500060
500140
500328
500456
500570
500771
500843
500905
500988
501287
501387
501583
501662
501725
501791
501894
502066
502149
502282
502376
502553
502623
502704
502739
502866
503114
503273
503382
503485
503693
503908
504022
504078
504331
504532
504614
504719
504837
505014
505134
505574
505801
505918
505995
506108
506211
506347
506419
506587
506925
507025
507130
507219
507680
507840
507955
508183
508270
508426
508520
508613
508894
509133
509311
509455
509551
509668
509834
509983
510126
510251
510323
510635
510790
510885
511085
511419
511690
511769
511848
511904
512098
512689
512818
512898
512991
513346
513508
513845
513947
514059
514202
514279
514344
514464
514628
514745
514882
514954
515150
515338
515505
515669
515944
516112
516312
516411
516665
516962
517138
517218
517285
517454
517570
517746
517842
517934
518015
518136
518188
518278
518336
518447
518611
518679
518758
518878
519044
519171
519287
519353
519447
519537
519739
519861
519962
520235
520355
520539
520717
520814
520917
521100
521305
521432
521570
521740
521947
522030
522133
522490
522594
522714
522842
522936
522998
523117
523194
523303
523409
523557
523613
523727
523873
523966
524158
524347
524489
524579
524740
524959
525128
525332
525383
525458
525620
525721
525926
526100
526178
526285
526723
526891
527111
527207
527313
527385
527488
527576
527721
527871
527951
528042
528216
528329
528600
528725
528845
528985
529250
529330
529462
529648
529775
529863
530062
530143
530221
530343
530453
530623
530864
530946
530988
531258
531396
531638
531718
531926
532012
532118
532218
532339
532437
532524
532584
532667
532896
533166
533318
533533
533612
533745
533892
533988
534087
534152
534316
534454
534612
534704
534988
535160
535219
535365
535640
535939
536127
536263
536446
536551
536631
536922
537117
537720
537809
538008
538177
538279
538372
538518
538744
538850
538929
539055
539147
539417
539552
539675
539862
539997
540242
540484
540521
540592
540773
541122
541226
541282
541344
541441
541508
541809
541954
542145
542221
542493
542604
542696
542817
543138
543536
543649
543775
543855
543994
544164
544239
544341
544476
544598
544705
544880
545108
545491
545577
545669
546028
546199
546506
546628
546716
546940
547137
547290
547388
547511
547559
547663
547973
548113
548263
548386
549287
549383
549431
549557
549680
549730
549794
549957
550138
550218
550804
550970
551082
551173
551283
551622
551987
552176
552315
552405
552698
552838
553030
553149
553319
553560
553715
553763
553957
554091
554169
554335
554433
554668
555143
555343
555468
555560
555661
555873
555979
556277
556444
556531
556584
556619
557025
557158
557306
557349
557424
557523
557716
558016
558156
558231
558340
558442
558502
558555
558636
558776
558890
559124
559335
559373
559445
559477
559528
559747
560010
560098
560180
560239
560367
560459
560805
560873
561065
561162
561240
561266
561397
561580
561841
562023
562488
562546
562590
562820
562905
563053
563132
563212
563285
563422
563538
563639
563689
563783
563891
564020
564131
564240
564303
564523
564656
564846
565032
565131
565227
565581
565697
566130
566246
566274
566328
566461
566508
566544
566712
566859
566994
567021
567083
567177
567324
567482
567764
568114
568237
568731
569022
569125
569873
569988
570124
570357
570403
570585
570643
570819
570899
570981
571164
571287
571355
571442
571596
571736
571911
572102
572186
572258
572465
572685
572801
572949
573054
573157
573234
573325
573493
573648
573728
573873
573999
574083
574253
574354
574553
574623
574768
574857
574906
575138
575238
575373
575489
575559
575682
575779
575895
576483
576573
576716
576767
576880
577176
577331
577380
577471
577713
577883
577988
578095
578418
578507
578612
578705
578821
579024
579120
579180
579283
579372
579443
579751
579849
579982
580130
580237
580429
580548
580665
580876
581023
581163
581309
581458
581592
581767
581936
582133
582220
582300
582428
582629
582908
583282
583349
583413
583491
583681
583935
584039
584110
584341
584460
584575
584747
584860
584958
585047
585138
585217
585293
585398
585467
585541
585672
585771
585929
586073
586155
586274
586425
586505
586609
586692
586854
586934
587046
587162
587580
587657
587768
587895
588061
588194
588390
588568
588650
588695
588769
588967
589108
589186
589302
589416
589542
589681
589801
589949
590120
590266
590364
590674
590785
590978
591187
591281
591436
591709
591824
592106
592270
592487
592756
592857
593023
593097
593515
593656
593767
593926
594111
594214
594284
594359
594591
594691
594749
594970
595313
595443
595533
595651
595778
595892
596086
596193
596368
596471
596613
596721
596918
597033
597205
597364
597436
597521
597588
597672
597785
597919
598063
598156
598321
598522
598639
598707
598879
599078
599232
599348
599467
599558
599691
599794
599895
600010
600103
600279
600394
600582
600748
600885
600963
601041
601153
601204
601410
601628
601722
601873
601997
602078
602181
602461
602598
602797
602852
603083
603184
603308
603403
603621
603957
604061
604150
604338
604487
604880
605038
605101
605217
605279
605398
605546
605707
605756
606175
606277
606348
606483
606572
606631
606940
607271
607523
607678
607747
607871
607992
608149
608247
608463
608629
608798
608926
608994
609181
609267
609379
609421
609594
609697
609854
609997
610104
610281
610409
610531
610588
610675
610791
610912
610996
611048
611153
611337
611502
611641
611860
611930
612026
612266
612360
612482
612574
612658
612811
612923
613235
613370
613486
614025
614199
614329
614443
614598
614700
614778
614906
614990
615070
615227
615378
615431
615617
615717
615908
616048
616188
616328
616472
616580
616656
616843
617039
617093
617190
617326
617429
617548
617724
617824
617984
618130
618249
618327
618479
618606
618725
618871
619011
619163
619652
619714
619990
620044
620183
620318
620410
620599
620733
620856
621076
621248
621433
621529
621620
621701
621835
622022
622130
622274
622393
622490
622620
622773
622938
623032
623122
623160
623228
623467
623562
623899
624067
624131
624224
624362
624525
624719
624860
624947
625067
625142
625280
625484
625717
625787
625960
626119
626228
626321
626556
626692
626884
627045
627216
627337
627498
627611
627772
627896
628010
628210
628304
628398
628489
628656
628792
628887
628951
629050
629310
629463
629629
629715
630032
630103
630201
630364
630485
630615
630804
630919
631013
631351
631437
631597
631915
632053
632280
632394
632528
632659
632804
632906
633002
633180
633527
633663
633753
633825
633896
634002
634140
634227
634279
634353
634453
634542
634623
634783
634890
635060
635157
635320
635499
635635
635704
635770
635867
635952
636061
636193
636299
636445
636581
636664
636759
636927
637064
637373
637564
637642
637724
637782
637875
637975
638131
638263
638367
638500
638621
638777
638931
639029
639133
639309
639406
639481
639589
639778
639924
640130
640205
640372
640476
640612
640787
640891
641026
641104
641182
641299
641591
641759
641827
641882
641965
642052
642201
642521
642654
642755
642852
642957
643038
643209
643378
643533
643632
643912
644081
644172
644329
644423
644482
644604
644705
644792
644876
644994
645070
645159
645241
645463
645612
646062
646213
646297
646323
646390
646471
646607
646753
646946
647053
647184
647350
647584
647781
647926
647994
648095
648175
648304
648403
648607
648782
648886
649007
649199
649404
649566
649694
649784
649864
649962
650047
650128
650364
650462
650541
650799
650974
651117
651321
651582
651689
651910
652052
652192
652244
652453
652615
652813
653175
653317
653414
653528
653641
653864
654042
654175
654259
654372
654437
654542
654790
654880
655139
655215
655367
655438
655515
655707
655815
656068
656194
656320
656390
656528
656607
656725
656777
656902
657063
657216
657322
657406
657915
658055
658161
658309
658406
658576
658788
658850
658987
659150
659285
659369
659511
659671
659838
660183
660291
660399
660534
660745
661017
661216
661578
661710
661859
662625
662785
662940
663049
663175
663266
663385
663480
663579
663790
663889
663998
664095
664200
664363
664459
664524
664741
664897
664984
665142
665224
665531
665624
665767
665895
666161
666383
666509
666606
666771
666929
667040
667098
667247
667387
667565
667734
667870
667968
668184
668282
668401
668493
668769
668869
669008
669134
669254
669374
669452
669690
669815
670083
670268
670520
670852
671032
671328
671523
671613
671660
671838
671919
671982
672347
672440
672534
672602
672686
672764
672883
672933
673008
673140
673228
673387
673608
673710
673858
673932
673995
674048
674310
674408
674497
674602
674685
674779
674940
675075
675314
675453
675575
675627
675718
675857
675985
676142
676251
676356
676393
676467
676763
676845
676968
677028
677132
677311
677401
677501
677629
677729
677898
678093
678202
678307
678424
678594
678709
678841
678948
679012
679136
679215
679391
679491
679582
679670
679789
679939
680011
680105
680198
680296
680475
680654
680879
681017
681093
681168
681258
681385
681476
681608
681736
681830
681924
682020
682135
682349
682490
682703
682799
682948
683054
683159
683331
683515
683794
683876
683941
684143
684235
684288
684363
684862
684953
685055
685438
685517
685574
685708
685820
685888
685977
686055
686137
686208
686319
686445
686611
686786
686951
687098
687346
687472
687578
687778
687869
687987
688262
688416
688566
688752
688982
689089
689145
689198
689499
689576
689979
690221
690559
690646
690887
690937
690979
691058
691112
691172
691257
691433
691594
691685
691769
692040
692165
692350
692514
692642
692673
692827
692928
693008
693046
693393
693450
693499
693591
693706
693792
693851
693959
694093
694208
694300
694326
694435
694487
694645
694767
694864
695016
695178
695266
695455
695580
695772
695930
696022
696160
696273
696409
696547
696668
696743
696855
697020
697123
697270
697370
697499
697654
697827
698043
698292
698521
698648
698792
698875
699023
699127
699241
699362
699531
699675
699843
699993
700203
700354
700747
700906
701009
701143
701240
701354
701494
701668
701904
702051
702191
702427
702490
702568
702677
702802
702957
703108
703200
703398
703556
703657
703769
703872
704022
704109
704273
704414
704474
704557
704642
704742
704801
704872
705027
705325
705456
705592
705780
705844
706001
706071
706187
706298
706392
706511
706643
706853
707047
707206
707321
707563
707639
707710
707843
707963
708100
708228
708293
708376
708450
708593
708716
708842
708944
709058
709285
709383
709549
709714
709817
709905
709994
710119
710236
710358
710457
710549
710709
710792
710905
711001
711064
711178
711343
711527
711674
711769
711887
712028
712104
712206
712293
712375
712472
712573
712707
712823
712979
713103
713210
713547
713707
713819
713947
714043
714189
714298
714461
714567
714668
714800
714939
715054
715152
715344
715557
715666
715721
715947
716047
716153
716356
716429
716529
716667
716757
716868
716982
717081
717187
717328
717433
717590
717743
717814
717917
718016
718231
718314
718476
718563
718659
718826
718985
719087
719217
719312
719439
719511
719573
719675
719814
719992
720121
720223
720282
720363
720490
720570
720753
721060
721205
721277
721460
721551
721668
721793
721927
722073
722282
722437
722744
722875
722942
723112
723185
723260
723402
723543
723692
723864
723963
724067
724144
724297
724413
724510
724694
724937
725065
725165
725271
725335
725444
725505
725658
725712
725871
726020
726093
726251
726336
726424
726584
726643
726705
726828
727079
727182
727270
727366
727484
727591
727678
727819
728223
728282
728417
728491
728544
728740
728844
728947
729051
729181
729383
729440
729578
729692
729815
729941
730110
730190
730313
730394
730486
730592
730749
730851
731067
731169
731530
731726
731934
732097
732163
732239
732343
732430
732530
732675
732816
732885
732952
733060
733161
733246
733337
733452
733569
733798
733938
734034
734104
734354
734553
734644
734711
734846
735105
735309
735509
735598
735657
735772
736114
736209
736301
736405
736579
736808
736936
737100
737241
737367
737455
737528
737614
737716
737814
737965
738127
738285
738379
738501
738729
738864
739014
739309
739391
739477
739633
739775
739920
740052
740155
740429
740536
740722
740930
741030
741111
741189
741375
741464
741541
741598
741634
741763
741844
741948
741991
742153
742330
742437
742696
742757
742817
742907
743246
743333
743477
743529
743596
743688
743810
743926
744099
744287
744470
744537
744590
744658
744717
744768
744895
745009
745113
745190
745401
745516
745639
745825
746040
746194
746400
746494
746574
746672
746816
746909
747012
747122
747222
747487
747595
747724
747923
748018
748149
748228
748297
748394
748591
748687
748786
748895
749099
749349
749481
749612
749759
749846
749926
749966
750054
750322
750548
750656
750733
750817
750954
751066
751216
751297
751507
751581
751796
751976
752279
752322
752443
752651
752948
753077
753165
753255
753327
753402
753544
753709
753786
753930
754099
754262
754355
754499
754772
754848
755080
755172
755377
755530
755584
755656
755724
755930
756051
756208
756478
756586
756643
756832
756948
757021
757111
757284
757430
757537
757651
757832
757986
758098
758296
758451
758500
758684
758790
758882
758912
759030
759142
759305
759392
759461
759564
759687
759767
759852
760016
760199
760328
760439
760569
760740
760810
760859
760998
761171
761278
761383
761468
761576
761665
761753
761955
762111
762246
762378
762425
762521
762563
762687
762973
763072
763145
763221
763301
763371
763614
763697
763796
763885
763971
764023
764208
764303
764397
764468
764538
764692
764769
764876
765004
765157
765378
765660
765723
765873
766097
766332
766525
766604
766680
766798
766931
767033
767144
767490
767591
767746
767865
767968
768131
768277
768456
768554
768671
768738
769056
769146
769196
769326
769453
769644
769762
769855
769927
770141
770238
770362
770485
770593
770729
770789
770996
771122
771253
771366
771590
771756
771819
771930
772007
772081
772176
772273
772574
772698
772781
772879
772956
773138
773232
773355
773457
773503
773649
773775
774062
774260
774371
774441
774507
774582
774642
774818
774897
774976
775115
775232
775346
775477
775556
775647
775758
775890
776012
776085
776202
776390
776483
776587
776678
776869
776982
777074
777212
777402
777528
777608
777710
777851
777942
778066
778160
778285
778375
778474
778606
778841
778978
779131
779187
779321
779395
779476
779559
779701
779781
779880
780018
780316
780389
780503
780648
780719
780783
780826
780902
781017
781130
781252
781346
781437
781524
781638
781759
782041
782186
782253
782371
782473
782585
782613
782761
782865
782976
783096
783180
783270
783371
783529
783608
783726
783975
784055
784156
784273
784416
784528
784725
784948
785038
785157
785237
785341
785409
785568
785675
785718
785966
786085
786156
786326
786518
786591
786648
786714
786828
786952
787005
787052
787122
787170
787224
787323
787385
787485
787571
787668
787796
787920
788044
788145
788196
788315
788429
788603
788858
788926
789051
789103
789381
789730
789867
790000
790103
790146
790198
790263
790349
790484
790553
790637
790802
790895
790983
791067
791253
791475
791550
791668
791821
792000
792051
792108
792209
792274
792451
792532
792570
792622
792684
792814
792876
792976
793070
793330
793406
793506
793647
793699
793785
793864
793952
794217
794338
794503
794577
794686
794894
794978
795055
795182
795270
795444
795563
795644
795808
795986
796065
796167
796289
796414
796497
796573
796805
796935
797095
797190
797294
797338
797406
797463
797631
797765
797878
797939
798101
798174
798234
798291
798482
798662
798869
798972
799092
799192
799311
799410
799531
799606
799713
799753
799829
799962
800123
800274
800333
800437
800571
800697
800808
800969
801090
801150
801279
801386
801504
801624
801744
801866
801941
802047
802160
802241
802366
802583
802891
802991
803069
803126
803212
803327
803360
803493
803628
803727
803801
803950
804188
804289
804546
804865
805013
805126
805240
805324
805380
805440
805522
805680
805811
805903
806047
806295
806404
806612
806771
807053
807151
807219
807499
807717
807810
807880
807953
808045
808165
808237
808482
808627
808770
808895
808956
809043
809127
809253
809393
809465
809585
809817
809905
809974
810098
810206
810331
810570
810714
810775
810875
810936
810989
811244
811436
811573
811670
811765
811890
811995
812213
812367
812525
812600
812692
812805
812931
813040
813139
813215
813345
813453
813611
813836
814058
814216
814306
814437
814494
814554
814668
814778
814896
814979
815012
815295
815422
815526
815781
815975
816103
816196
816294
816423
816581
816716
816847
816970
817059
817144
817379
817500
817700
817861
817967
818033
818099
818179
818305
818500
818646
818744
818868
818994
819078
819211
819305
819610
819950
820033
820088
820168
820253
820331
820413
820481
820572
820692
820825
820936
820959
821101
821178
821266
821487
821845
821993
822082
822157
822315
822433
822543
822670
822815
822921
823097
823147
823417
823523
823741
823899
824017
824083
824186
824284
824374
824436
824522
824620
824696
824779
824881
825042
825124
825264
825481
825623
825676
825777
825831
825962
826040
826079
826151
826206
826290
826391
826545
826645
826877
826991
827206
827359
827506
827607
827757
827834
827905
828038
828068
828179
828307
828447
828595
828655
828722
828865
828981
829087
829231
829328
829534
829656
829812
829970
830228
830316
830455
830521
830650
830756
830915
831074
831237
831397
831504
831747
831868
831959
832050
832134
832220
832317
832406
832541
832649
832893
832989
833164
833251
833353
833424
833544
833604
833679
833793
833935
834006
834177
834484
834647
834749
834907
835161
835410
835662
835842
836003
836130
836239
836309
836337
836502
836793
836858
837075
837177
837387
837531
837599
837714
837920
838120
838279
838533
838639
838887
839069
839390
839577
839657
839866
840040
840144
840230
840323
840492
840639
840753
840894
841025
841159
841404
841660
841849
841960
842073
842338
842486
842770
842903
843016
843190
843288
843507
843620
843829
843921
844130
844295
844515
844624
844755
844825
844914
845009
845139
845301
845505
845626
845740
845825
845908
846058
846393
846591
846818
846919
847060
847253
847427
847665
847797
848026
848175
848690
848888
849005
849129
849249
849323
849473
849568
849612
849740
849939
850073
850136
850254
850412
850664
850781
850909
851059
851215
851270
851399
851607
852066
852216
852323
852435
852604
852697
852785
852874
852968
853045
853221
853358
853589
853683
853758
854016
854106
854234
854359
854537
854636
854728
854996
855178
855263
855325
855409
855571
855663
855773
855930
856032
856172
856268
856410
856519
856666
856744
856887
857008
857163
857332
857448
857550
857649
857739
857962
858135
858225
858330
858536
858578
858746
858982
859056
859132
859374
859499
859629
859770
859862
860005
860068
860189
860290
860424
860546
860596
860707
860851
860960
861081
861150
861255
861473
861636
861834
861883
862070
862198
862282
862443
862600
862691
862798
862897
863006
863081
863260
863377
863561
863723
863866
864018
864106
864239
864545
864661
864758
864890
864985
865055
865130
865237
865297
865360
865472
865628
865757
865813
865882
866047
866138
866237
866312
866441
866552
866662
866778
866927
867052
867164
867284
867453
867530
867632
867738
867840
867895
867984
868058
868168
868253
868324
868477
868581
868690
868765
868873
868964
868989
869171
869363
869446
869637
869724
869964
870107
870177
870256
870409
870514
870591
870704
870786
870873
870976
871048
871181
871300
871376
871467
871597
871690
871802
872091
872165
872298
872360
872445
872636
872750
872866
873082
873348
873452
873609
873759
873881
874035
874105
874277
874451
874604
874646
874932
875041
875081
875193
875292
875419
875585
875646
875735
875918
875995
876111
876183
876239
876403
876568
876679
876800
876918
876995
877101
877178
877325
877507
877627
877777
877919
878008
878171
878285
878491
878591
878697
878765
878838
878950
879026
879194
879334
879746
879944
880028
880120
880196
880255
880365
880474
880579
880677
880852
881032
881103
881158
881300
881487
881641
881835
882003
882081
882179
882243
882422
882538
882661
882858
882927
883128
883211
883268
883420
883598
883723
883831
883938
884002
884140
884268
884353
884446
884567
884638
884779
884859
884969
885047
885288
885431
885657
885771
885834
885943
886024
886067
886245
886349
886499
886818
886870
887053
887261
887352
887451
887706
887913
887987
888109
888239
888401
888523
888685
888758
888899
889069
889220
889386
889497
889703
889792
889937
890185
890276
890380
890461
890566
890681
890735
890827
890913
890970
891094
891313
891479
891632
891810
891880
891967
892052
892154
892277
892381
892579
892710
892801
892888
893025
893224
893396
893539
893695
893801
893873
893956
894153
894364
894453
894623
894685
894756
894878
894987
895152
895320
895583
895671
895783
895872
895936
895999
896083
896208
896420
896528
896628
896740
896887
897031
897114
897219
897397
897501
897585
897658
897771
897969
898114
898278
898389
898441
898742
898949
899086
899165
899268
899354
899435
899543
899631
899719
899884
900006
900096
900195
900286
900380
900610
900790
900909
901012
901093
901183
901275
901387
901482
901665
901830
902180
902292
902433
902555
902641
902772
902896
902998
903110
903240
903367
903456
903549
903690
903778
903877
903944
904039
904130
904273
904395
904565
904914
905079
905139
905254
905415
905483
905579
905643
905813
905907
905999
906322
906419
906535
906752
906856
906956
907093
907198
907257
907389
907498
907620
907760
907972
908029
908129
908282
908468
908555
908735
908853
908950
909067
909230
909421
909534
909649
909743
909776
910010
910122
910224
910405
910484
910639
910720
910906
911059
911163
911203
911285
911478
911640
911719
911809
911898
912022
912138
912249
912387
912679
912758
912987
913107
913192
913259
913353
913486
913556
913661
913749
913971
914117
914203
914333
914414
914592
914722
914959
915233
915319
915404
915565
915706
915837
915933
916011
916135
916222
916280
916353
916475
916632
916743
916840
916998
917125
917225
917283
917398
917590
917663
917747
917929
918074
918195
918407
918519
918752
918880
918986
919060
919240
919360
919507
919598
919711
919762
919885
920036
920165
920474
920632
920807
920920
920984
921102
921328
921509
921628
921703
921840
921941
922133
922264
922649
922807
923040
923148
923222
923316
923433
923516
923611
923781
923895
924050
924240
924379
924525
924734
924901
924978
925166
925278
925392
925467
925565
925790
926009
926122
926201
926306
926551
926704
926938
927113
927249
927377
927452
927565
927701
927862
927975
928068
928154
928224
928384
928565
928837
928913
929208
929304
929410
929564
929636
929711
929872
929963
930084
930173
930272
930439
930599
930938
931095
931258
931453
931566
931642
931794
931929
932103
932260
932327
932426
932462
932576
932646
932813
932901
933042
933369
933476
933546
933668
933773
933843
933916
934019
934166
934273
934450
934529
934762
934879
934997
935197
935314
935449
935655
935783
935837
936087
936320
936461
936554
936680
936794
936887
937065
937179
937339
937701
937826
937964
938053
938137
938235
938318
938406
938525
938601
938688
938754
938900
938972
939097
939294
939452
939569
939703
939857
940059
940192
940343
940457
940539
940601
940681
940825
941098
941398
941525
941687
941740
941833
941892
942104
942273
942449
942761
942864
942931
943261
943356
943498
943632
943720
943772
943811
943932
944102
944144
944257
944332
944485
944614
944760
944914
945068
945250
945400
945510
945593
945696
945822
945983
946077
946156
946212
946339
946433
946578
946639
946894
947087
947363
947562
947660
947767
947864
947956
948053
948304
948441
948558
948758
949068
949197
949378
949521
949614
949721
949817
949950
950032
950166
950254
950321
950421
950567
950789
951126
951214
951376
951528
951627
951865
952027
952185
952307
952479
952576
952795
952880
953081
953416
953593
953762
953824
953910
953990
954141
954316
954383
954531
954775
954899
955103
955227
955432
955616
955828
955943
956010
956186
956332
956441
956698
956846
956961
957168
957282
957358
957460
957662
957751
957847
957975
958042
958156
958295
958466
958632
958716
958903
959148
959372
959469
959775
959955
960153
960305
960384
960451
960591
960729
960863
960924
961022
961095
961180
961258
961328
961448
961580
961716
961876
961984
962294
962456
962671
962799
962921
963022
963165
963249
963331
963427
963491
963544
963652
963745
963802
963913
964048
964165
964433
964620
964777
965088
965185
965291
965382
965682
965797
965883
966039
966166
966373
966494
966659
966932
967065
967174
967255
967309
967396
967501
967605
967793
967911
968052
968124
968273
968387
968488
968604
968714
968831
969028
969210
969318
969420
969515
969600
969688
969779
969919
970045
970162
970286
970434
970544
970690
970820
970923
970972
971144
971296
971435
971613
971657
971763
971814
971894
972017
972129
972206
972290
972441
972542
972620
972764
973021
973132
973311
973522
973732
973838
973922
974004
974149
974299
974430
974508
974669
974822
974992
975215
975349
975440
975561
975667
976010
976119
976237
976386
976470
976557
976667
976886
977005
977095
977265
977403
977575
977912
977968
978081
978173
978340
978452
978836
978961
979100
979258
979329
979429
979550
979740
979945
980065
980301
980408
980543
980686
980785
981036
981238
981593
981760
981847
982110
982208
982331
982447
982597
982771
982856
982967
983309
983555
983688
983801
983983
984083
984140
984369
984602
984829
985151
985288
985427
985498
985626
985796
985895
986037
986182
986326
986449
986691
986827
986954
987071
987136
987242
987378
987487
987681
987809
987911
988353
988630
988748
988846
988920
989197
989333
989452
989644
989733
989986
990144
990431
990511
990713
990819
