106
336
417
606
1104
2255
2483
2681
3415
3516
3613
3782
3930
4103
4145
4353
4500
4575
4743
4981
5125
5284
5544
5786
5908
6118
6263
6624
6672
7099
7256
7882
8253
8393
8459
8736
8911
9253
9354
9480
9592
9634
9837
10028
10088
10278
10509
10631
11110
11916
12226
12891
12919
13312
13406
13546
14097
14425
14849
15381
15600
15891
16041
16838
18311
19042
19161
19507
19812
20050
20162
20648
21170
21970
22149
23865
25228
25324
25691
25844
26090
27077
28383
28433
28465
28510
28574
28591
28657
28709
28768
29275
29376
29817
30120
31002
31323
31384
31532
31604
32055
32527
33227
33620
33888
34020
34639
35561
35651
35838
36568
37521
37600
38055
38437
38535
39009
39089
39228
39383
39659
39882
40156
40558
40774
41251
41521
42340
42470
42890
43107
43400
43948
44043
44110
44386
44630
45038
45657
45869
46280
46447
46628
47083
47379
47609
48112
48251
48354
48552
49176
49265
49442
49602
49726
49879
49920
50190
50320
50498
50597
50732
51294
51665
51856
51945
52728
52908
53065
53452
53567
53623
53999
54136
54244
54445
54808
54898
55145
55259
55434
55635
55890
55933
57194
57613
57923
58131
58240
58340
58946
59478
59637
59812
59865
60213
60424
60482
60592
60802
61096
61183
61490
62081
62301
62443
62662
62884
63011
63121
63251
63354
63457
63673
63762
63974
64839
64945
64992
65337
65447
65799
65881
67049
67156
67266
67460
68222
68421
68674
68944
69099
70632
71005
71341
71755
72210
72282
72501
73268
73689
73880
74087
74336
74710
74946
75133
75389
75444
75798
75946
76353
76580
76954
76998
77093
77298
77496
77700
77978
78443
78590
78804
79178
79361
79540
80060
80254
80313
80711
81552
81885
82066
83003
83630
83771
83841
83947
84239
84805
84947
85539
85600
86002
86302
86560
87087
87987
88190
88585
89837
90014
90330
90437
90544
90659
90825
90906
91286
91565
91602
92543
93396
94009
94508
94769
95868
96580
96914
97048
97322
97492
98441
98740
98847
99214
100193
100863
101413
102029
102483
103762
103819
104294
104361
104728
105220
105285
105504
105635
105740
105775
105903
107134
107551
108150
108282
108749
109192
109820
110198
110281
110334
110857
111203
111545
111609
111707
111895
112040
112151
112297
112577
113507
113784
114135
114267
114369
114640
115154
116992
118154
119448
119724
120040
120341
120462
120583
120682
120840
121059
121152
121769
122975
123207
123330
123483
123760
123825
125624
125934
126100
127071
127187
127242
127328
127575
128161
128607
128753
129442
129622
129757
129860
130608
131116
131443
131939
132043
132485
132611
132737
132800
133140
133629
134311
135050
135509
136010
136477
136811
137006
137276
138014
138525
139321
141237
141390
141703
141887
142440
142713
144111
144461
144729
144832
144994
145122
145380
145541
145632
145907
146122
146269
146692
147132
147204
147394
147433
148901
149319
149710
149975
150893
152202
152795
154381
154778
155080
155186
156274
159006
159128
160162
160282
161911
162572
163951
165956
166473
167060
167569
168330
168786
168955
170033
171577
171901
172338
172633
172917
173016
173114
173392
173845
174288
175120
176649
176743
176905
177181
177271
177360
177495
177845
177909
177953
178172
178230
178312
178496
178907
179064
179128
179364
179490
179582
179812
179921
180021
180041
180148
180255
180306
180390
180581
180766
180847
181128
181369
181693
181764
181828
181881
182208
182366
182438
182490
182525
182655
182792
183315
183654
183771
183998
184075
184129
184238
184351
184506
184675
184822
184892
185137
185253
185378
185513
185567
185629
185665
185727
185855
186029
186818
186903
187104
187352
188305
188990
189417
189541
189989
190175
190296
190364
190581
190866
191100
191285
191519
191648
192135
193005
193333
193435
193474
193553
193772
193976
194073
194230
194551
195070
195205
195544
195794
196010
196206
196340
196672
197068
197229
198558
198647
198816
199328
199659
199772
199996
200795
201272
202004
202756
203271
204154
205387
205902
206377
207297
208084
208430
208961
209146
209253
209398
209627
209729
209862
210023
210909
211150
211551
211952
212044
212122
214220
214463
214771
216496
216599
216765
217027
217214
217350
217427
217741
217813
218151
218650
219701
220796
220896
221023
221257
221471
221794
221981
222089
222510
223722
223963
225509
226106
226154
226423
226653
226913
227052
227148
227267
227384
227458
227547
227674
227720
227778
227832
228031
228242
228307
228513
228660
228783
228889
229309
229565
229679
229901
229971
230198
230419
230690
230876
231065
231683
231838
232077
232149
232229
232315
232563
232627
232665
232794
232866
232892
232945
233040
233142
233227
233342
233455
233528
233773
233914
234017
234233
234415
234651
234734
234763
235038
235302
235371
235502
235694
235827
235866
235986
236070
236162
236333
236412
236744
236830
236950
237044
237209
237292
237431
237529
237796
237897
238199
238511
239075
240591
240797
240847
240935
240988
241081
241218
241294
241441
241719
241836
242042
242084
242162
242215
242317
242456
242514
242559
242662
242698
242747
242785
242828
242877
242924
243057
243118
243169
243201
243284
243368
243414
243532
243700
243792
243886
243933
244061
244163
244202
244252
244380
244427
244539
244680
244837
244924
244999
245074
245178
245196
245377
245541
245596
245752
246054
246148
246266
246399
247076
247151
247163
247426
247637
248020
248616
248769
248865
249012
249206
249377
249466
249598
249756
249805
250009
250093
250169
250263
250359
250438
250573
250615
250762
250885
250944
251118
251189
251280
251456
251910
252101
252334
252670
252788
252896
253011
253119
253305
253398
253525
253613
253719
253882
253944
253986
254174
254213
254291
254381
254777
254877
255000
255085
255148
255350
255412
255451
255653
255753
255874
256374
256679
256922
257221
257611
257816
258360
258575
258807
259120
259238
259448
259573
259695
259841
260185
260388
260550
260659
260757
260805
260844
260974
261166
261255
261353
261475
261785
262240
262917
262987
263149
263255
263399
263457
263572
263715
263795
263895
263987
264136
264291
264375
264448
264484
264546
264626
264874
264957
265076
265160
265256
265400
265515
265587
265665
265799
265909
266052
266125
266301
266364
266467
267194
267432
267522
267708
267754
267880
267919
267937
268080
268203
268269
268303
268365
268487
268958
269095
269497
271247
271309
271487
271746
271849
271957
272291
272428
272551
272910
273156
273493
273662
273910
274474
274566
274724
274944
275025
275238
275326
275697
275992
276262
276980
277573
277712
277889
278150
278254
278442
278532
279021
279078
280078
280268
280516
280587
280686
280793
280925
280984
281386
281625
281776
281936
282072
282183
282423
282543
282808
282996
283226
283320
283444
283586
283770
284279
285107
285488
285820
286054
286838
287145
287331
287427
287560
287810
287895
287950
288164
288402
288523
288718
288847
289040
289214
289308
289516
290638
291069
291240
291277
291789
292059
292190
292363
292526
292580
293252
293473
294176
294982
295107
295174
295295
295363
295442
295506
295615
295697
295769
295966
296182
296204
296377
296450
296539
298246
298819
298957
299051
299152
299208
299276
299349
299401
299468
299584
299789
299906
299967
300208
300474
300580
301536
301772
301843
301909
302121
302253
302615
302843
302930
303258
303327
303846
303982
304040
304096
304287
304690
305010
305065
305154
305187
305532
305839
305943
306030
306060
306183
306277
306304
306377
306485
306519
306633
306747
307206
307373
307451
307502
307634
307787
307931
308140
308309
308396
308505
308536
308684
308702
308845
308957
309257
309390
309705
309793
309899
310031
310181
310529
310902
311006
311602
311837
311993
312057
312330
312503
312561
312671
313399
313478
313689
314154
314210
314283
314378
314598
314930
315244
315520
315707
316230
316378
316906
317314
317397
318101
318696
318967
319133
319164
319324
319659
319802
319901
320902
320991
321179
321385
321463
321548
321689
321731
321815
322026
322223
322444
322549
322751
322861
322950
323101
323246
323331
323463
323573
323638
323680
323736
323862
323934
323997
324019
324090
324185
324260
324301
324336
324515
324703
324737
324784
324848
325033
325099
325210
325329
325386
325443
325521
325587
325903
326128
326260
326342
326482
326649
326779
326954
327140
327203
327293
327383
327905
327955
328075
328167
328662
328804
328965
329108
329427
329522
329601
329700
329832
330159
330913
332880
332943
333019
333118
333349
333482
333689
333807
333876
334152
334400
334520
334885
337422
337452
337534
337576
337858
338084
338315
339241
339403
339650
339921
340110
340188
340284
340401
340573
340746
340839
340878
340956
341048
341212
341295
341342
341451
341506
341566
341685
341728
341825
341886
341981
342103
342275
342404
342624
342801
342948
343107
343357
343392
343478
343638
343803
343900
343977
344056
344121
344210
344323
344464
344531
344585
344708
345127
345285
345470
345527
345720
345823
346050
346308
346902
346992
347033
347135
347246
347351
347485
347561
347668
347779
347921
348167
348400
348477
348537
348846
349053
349103
349283
349668
349916
350006
350132
350267
350342
350436
350837
350961
352023
352169
352868
353192
353607
354008
354523
354784
355083
355226
355534
355758
355862
356151
356244
356341
356452
356781
356880
357059
359128
359279
359443
359563
359795
359897
360016
360094
360225
360304
360430
360526
360870
361103
361177
361346
361495
361789
362009
362284
362416
362599
362865
363041
363322
364896
365164
365403
365493
365746
365788
365962
366136
366208
366313
366705
366809
367030
367471
367580
368331
368394
368438
368560
368823
368884
369018
369438
369552
369779
369869
370083
370263
370708
370723
370783
370852
371012
371221
371323
371527
371868
371990
372155
372203
372389
372796
372880
372974
373546
373627
373774
373899
374148
374275
374344
374463
375491
375685
375989
376119
376833
377131
377262
377909
378013
378078
378196
378591
378633
379069
379549
379799
380647
380822
381297
381752
381939
382053
382792
383049
383702
383973
384109
384183
384739
384872
384968
385097
385255
385406
385574
385942
386117
386576
386663
386967
387129
387448
387519
387797
387889
387985
388053
388471
388534
388901
389074
389111
390612
390914
391269
391372
391744
391847
392048
392457
393191
393361
393608
393705
393873
394010
394105
394340
394663
395204
395482
395554
396320
396671
396790
396881
397002
397076
397217
397240
397360
397555
397602
397752
397874
397991
398011
398390
398533
398893
398932
399063
399400
399452
399583
399646
399954
400647
400801
401188
401342
401583
401617
401806
402101
402257
403005
403441
403545
403834
403907
403976
404407
404509
404633
404938
405074
405730
406025
406385
406471
406656
406795
407416
407627
408047
408408
408500
408803
408875
409182
409296
409542
409715
409757
410312
410347
410649
411127
411227
411365
412772
412991
413088
413110
413462
414217
414341
414398
414532
414961
415084
415133
415213
415397
415468
415598
415871
416240
416533
416800
416987
418662
418887
419073
419147
419219
419444
419589
419685
419875
420742
421022
421525
421968
422079
422181
422481
422609
422936
423003
423131
423309
423495
423609
423719
423807
424942
425206
425289
425825
426410
426905
427022
427323
427554
427767
428029
428710
428748
429307
429480
429853
430151
430218
430645
430784
432098
432461
432545
432727
432856
433192
433705
434887
435041
435273
435351
435522
435633
435748
435976
436307
436435
436580
436721
437269
437601
437765
438069
438256
438535
439881
440050
440234
440429
440841
440936
441622
442405
442532
442899
443023
444764
444949
445168
445324
445343
445439
445581
445955
446066
446975
447288
447404
447568
448440
449164
449237
449434
450034
450149
450223
451528
452097
452581
453687
454411
454655
454698
454814
455354
457274
458476
458979
459492
459669
460289
461644
461825
461885
461995
462431
462636
462736
462928
463027
463144
463557
463665
463819
464132
464182
464338
464428
465081
465629
466121
466291
466507
466705
467507
467625
468090
468121
468452
468836
469180
469310
471238
471503
471518
471709
471742
471890
472038
473730
474050
474661
475078
475091
475211
475981
476057
476387
476654
476796
478249
478471
479454
479839
479980
480198
480399
480732
481153
481327
482308
482454
482842
483139
483255
483434
483754
483829
484998
485171
485289
485409
485556
485712
486445
486868
486994
487240
487571
487623
487640
487810
487926
488148
488325
488699
489237
489535
489667
489789
490029
490151
490460
490825
490905
491209
492356
492601
493042
493228
493565
493776
494292
494399
494495
494593
494753
494970
495123
495199
495427
495451
495520
496127
496735
496863
497337
497711
497848
498096
498279
499372
499566
499664
499878
500483
500595
501073
501588
502374
502496
503017
503089
503143
503263
503706
503830
503899
504214
504339
504413
504546
504665
504920
506146
506937
507350
507465
508123
508421
509237
509486
509673
510664
510824
510889
511333
511385
511426
511482
511649
511894
512104
512208
512337
512418
512547
512661
512736
513069
513143
513267
513329
513522
513638
513770
514180
514458
514666
514720
515015
515067
515239
515518
515807
516887
517418
517473
517578
517955
518417
518465
518542
518759
519155
519380
519584
519802
519896
520019
520142
520202
520932
521384
521655
521878
522021
522123
522391
522599
522635
523049
523130
523217
523570
524343
524752
524855
525072
525276
525412
525553
527077
528244
528606
528710
528823
529467
529574
529820
530140
530264
530398
530452
530675
530791
531175
531390
531577
532019
532099
532711
533435
533854
534699
535231
535268
535375
535425
535763
535925
536041
536103
536830
537015
537318
537512
538024
538120
538307
538702
538916
538954
539043
539246
539367
539484
539696
539739
539843
541893
542531
542781
542910
543014
543095
544057
544207
544345
544578
545131
545238
545558
545846
546444
546670
546688
546843
546945
547063
547113
547254
547361
547456
547803
547907
548220
548288
548686
548828
548939
549195
549585
549692
549903
550297
550582
550715
550837
550980
551075
551168
551213
551454
551614
551658
552141
552263
552361
552620
552761
552999
553771
554748
555263
555335
555746
555802
555882
556007
556058
556170
556640
557017
557118
557706
558532
558636
558720
559083
559159
559486
559511
559680
560230
560402
560624
560920
561236
561314
561541
561762
561897
561958
562186
562425
562686
562811
562861
562986
563205
563402
563585
563668
563920
564049
564156
564354
564541
564636
564732
564896
565122
565541
566010
566178
566388
566546
566709
566879
567408
568860
568994
569147
569530
569687
569754
570332
570586
570673
570802
570924
571406
572020
572363
572557
572717
572773
573407
573687
574047
574162
574509
574583
575079
575271
576134
576338
576729
577166
577330
577921
578710
578801
578954
579133
579659
580750
581707
581913
582132
582293
582372
582469
582871
583204
583413
583846
584048
584706
584843
585265
585746
586340
586578
586760
586838
586927
587250
587392
589032
589660
589747
589988
590105
591738
592080
592316
592438
592512
592615
594751
594848
596088
596716
597017
597131
597752
598661
599343
600286
601296
601468
601750
601908
602588
602980
604014
604791
604943
605311
605395
605742
605844
606269
606360
606603
606746
607060
607621
608106
608444
608631
609035
609675
609876
610065
610432
610502
610580
610780
611096
611580
612034
612177
612367
612843
614245
614350
614507
614681
614790
614922
615208
615246
615571
615975
616182
616604
617045
617160
617271
617338
618285
618447
618581
618747
618869
618948
619171
619277
619462
619574
620065
620134
620510
620660
620872
621114
621211
621765
621957
622465
622730
622840
623108
623188
623401
624189
624282
624654
624849
624917
625297
625572
626204
626413
626507
626659
626794
627604
627693
628649
628741
629014
629978
630418
630531
630793
631122
631318
631379
631629
631714
632219
633014
633121
633546
633596
634174
634448
634673
635976
636276
637314
637481
637852
637963
638719
638949
639580
639763
640064
640339
640491
640667
641114
641399
641940
642940
643074
643163
643579
643702
643970
644670
645601
645969
645980
646503
646629
646712
647062
647185
647259
647368
647420
647773
648725
648893
649010
649133
649255
649898
650134
650460
650579
651003
651194
651403
651583
651689
651848
651954
652311
652581
652729
652932
653185
653296
653393
653806
653840
654048
654147
654338
654459
654550
654716
654966
655088
655165
655251
655315
655388
655407
655457
655476
655668
655732
655768
655901
656190
656358
656515
656564
656661
656684
656865
657026
657108
657201
657317
657448
657490
657616
657817
658055
658265
658600
659167
659414
659644
659791
659919
659956
660158
660262
660317
660460
660554
660648
660811
661007
661086
661400
661523
661581
661663
661789
662209
662353
662490
662822
662904
663005
663155
663243
663271
663355
663388
663493
663550
663646
663703
663775
663902
664003
664110
664208
664275
664356
664464
664659
664749
664799
664880
665132
665328
665487
665577
665723
666634
666832
666947
667121
667529
667653
667708
668048
668139
668206
668291
668363
668412
668557
668753
668838
668971
669095
669129
669300
669380
669608
669682
669747
669793
669884
669917
669984
670130
670190
670254
670317
670577
671712
672135
672202
672280
672348
672614
672681
672798
672822
672989
673075
673121
673141
673218
673318
673452
673473
673591
673666
673843
673993
674172
674305
674378
674497
674561
674595
674682
675423
675447
675533
675592
675666
675816
675856
675964
676084
676173
676283
676420
676490
676721
676751
677324
677404
677512
677684
678120
678519
678602
678630
678764
678833
678976
679052
679091
679251
679387
679441
679533
679585
679845
679900
680043
680447
680591
680652
680949
681043
681226
681299
681377
681471
681602
681674
681782
681898
681920
682010
682113
682244
682327
682395
682444
682599
682676
682819
682884
682957
683062
683205
683329
683467
683539
683577
683771
683859
683983
684052
684095
684156
684416
684582
684711
684755
684881
684950
685180
685301
685325
685511
685618
685757
685899
686084
686167
686206
686248
686633
686754
686814
686966
687058
687108
687185
687268
687376
687479
687627
687812
687962
688369
688790
689319
689878
690727
690765
691196
691313
691410
691513
691696
691736
691885
691959
692110
692748
692913
693180
693239
693311
693442
693677
694252
694648
694726
694946
695112
695895
695935
696082
696314
696655
696754
696871
696974
697044
697122
697419
697504
697616
697729
697817
697881
698075
698153
698253
698331
698501
698739
699042
699187
699481
699544
699638
699921
700225
700341
700534
701011
701162
701410
701498
701626
701703
701739
702085
702148
702201
702269
702384
702491
702577
702708
702797
702962
703162
703219
703377
703667
703773
703847
703886
703998
704230
704415
704616
704674
704842
705058
705165
705248
705312
705603
705795
705880
706041
706094
706261
706660
707087
707176
707373
707422
707574
707670
707808
707851
708072
708114
708211
708502
708616
708682
708725
708817
708964
709162
709236
709276
709344
709462
709594
709748
709922
710065
710216
710384
710694
710939
711009
711855
712397
712619
712776
713008
713204
713486
713662
713740
713799
713913
713964
714116
714193
714214
714349
714709
714833
715017
715399
715577
715695
715796
716444
716549
716669
716743
717038
717144
717484
717590
717692
718064
718541
718785
719005
719660
719744
720311
720634
720714
721269
721321
721334
722019
722153
722272
722623
722753
722926
723177
723330
723408
723665
723746
723973
724369
724789
724904
724977
725098
725368
725602
725653
725740
726234
726294
726604
726683
726786
726929
726978
727075
727277
727573
727737
727804
728394
728426
729071
729525
729844
729909
730125
730225
730259
730321
730642
730732
730773
730860
730987
731259
731446
731698
731908
732738
733416
734202
734917
735055
735292
735347
735403
735644
735933
736274
737497
738237
738407
738646
740520
741843
742105
742634
742820
743383
743710
743947
744298
744497
744721
744904
744978
745387
745903
746161
746734
746920
747014
747163
748547
749699
750033
750124
750322
751318
752437
752609
752668
752829
752928
753582
754275
755008
755424
755876
756028
756939
757250
757358
757559
757610
757729
758185
758362
758878
758975
759359
759482
759681
759737
759803
759893
760374
760651
760936
761055
761442
761495
761561
761665
762128
762250
762664
762876
763291
763485
763645
763873
764271
765566
766098
766145
766319
766448
766819
766988
767817
768716
768859
768939
770114
770570
770942
771006
771603
771972
772089
772520
772591
772771
772950
773083
773144
773266
774268
774391
774542
774934
775293
776721
777204
777685
778024
778246
778670
778874
779360
779729
780660
780983
781518
781813
783009
783187
783437
783513
783634
784219
784353
784539
784848
785464
785797
786103
786253
786367
786514
786626
786703
786872
787217
787354
787639
787717
787906
788166
788555
788591
788724
788833
789018
789210
789342
789407
790050
790319
790374
790748
790846
791188
791631
791712
792808
793236
793419
793906
793989
794311
794526
794676
795239
795498
795525
795655
795740
795812
795891
796117
796251
796347
796409
796440
796509
796629
796667
796840
796886
797008
797160
797225
797716
797887
798123
798334
798651
798995
799246
799955
800073
800199
800370
800586
800756
800904
801090
801306
801424
801615
801964
802234
802585
802858
802963
803706
803824
804186
804439
804612
804809
804913
805195
805287
805373
805460
805665
805757
805861
806134
806309
806632
806778
807002
807455
807883
808018
808097
808332
808575
808682
808974
809071
809749
809987
810192
810645
810857
813666
814115
814396
814724
815082
815403
815987
817818
819089
819411
819806
819872
820000
820345
820441
820651
820911
821058
821169
821867
822104
822384
822450
822658
822751
822799
822855
823325
823432
823682
824055
824143
824324
825018
825205
825902
826253
826738
826815
827118
827160
827376
827580
827874
828035
828216
828463
828546
828857
829042
829311
829378
829618
829716
829820
829934
830054
830179
830329
830487
830625
830701
831011
831235
831391
831678
831776
831959
832024
832999
833585
834043
834487
834569
834749
834860
835244
835427
835697
836411
836681
837313
838037
838124
838244
840123
840362
840821
841020
841209
841568
842128
843695
843792
843886
844388
844607
844743
844834
844989
845255
845659
845811
846144
847238
847432
847811
848020
849011
849282
849603
849953
850581
853068
854114
855274
856751
856918
857153
857320
857443
858008
858097
858362
858509
858639
858721
859026
859186
859637
859956
860964
861483
862139
863437
863901
864014
864098
865031
865520
865800
866253
866546
867016
867686
868082
868306
868493
868737
869229
870137
870329
870884
871309
871878
872854
873063
873410
873928
874016
874234
874390
874485
875239
875393
875832
876008
876255
876443
876565
876827
877030
877237
877282
877641
878292
878449
878889
879310
879476
879628
879873
879997
880903
881076
881182
881479
881725
882609
882824
883847
884016
884186
884393
884603
884740
885176
885272
885360
885834
886325
886488
887008
887192
887762
889070
889133
889373
890163
890829
891883
892480
892569
892908
894194
894604
895081
895173
895307
895867
896214
896296
896427
896867
897185
897344
897584
897909
898084
898755
898949
899103
899588
899697
900272
900421
900765
900828
901036
901161
901191
901758
902041
902638
903354
903847
903978
904082
905322
905765
906465
906585
906842
906926
907281
907385
907541
907698
907748
907903
908014
909594
909819
910079
910262
910959
911111
911490
911608
911822
912077
912120
912205
912543
913042
914347
914444
914709
914890
915008
915900
916660
917059
917149
917373
917412
917570
917637
917753
917870
918012
918082
918274
918486
918535
918647
918741
918867
919056
919182
919285
919571
920251
920552
920629
920686
921070
921309
921538
921770
922149
922700
923022
923519
923741
923793
924151
924273
924353
924814
925116
925344
925436
925570
925848
926457
926550
926989
927175
927509
928231
928653
928712
928861
928966
929328
929434
929498
929732
929793
929871
930056
930207
930347
930681
930805
930898
931015
931056
931208
931290
931419
931545
931764
932165
932412
932492
932945
933179
933474
933596
933684
933828
934036
934125
934204
934743
934878
935122
935299
935844
936953
937025
937114
937898
938163
938756
938888
938991
939079
939237
939314
939487
940023
940302
941475
941830
941987
942053
942649
943049
943145
943287
943567
944015
944196
944327
944399
945095
945702
945776
946439
946738
946945
947413
947504
947825
947921
948537
948641
948821
949260
949445
949689
949807
949891
949990
951736
952475
952813
952892
952952
953097
953410
953789
953897
954435
955800
956072
956195
956409
956901
957061
957252
957897
958047
958124
958431
958562
958709
958991
959270
959297
959589
959695
959800
960026
960181
960309
960470
960987
961311
962406
962493
962741
963008
963035
963103
963206
963632
963830
964303
964513
964606
964749
964909
965278
965489
965598
965771
966756
967451
967761
967839
968507
968797
969990
970295
970421
970569
970659
970873
970993
971196
971227
971454
971735
971956
972011
972129
972588
972709
973403
973826
974195
974583
975305
975886
976163
976326
976377
976582
976818
976973
977425
977576
979202
979299
979476
979935
979995
980526
980947
981075
981195
981768
982070
982359
982478
983313
984099
984177
984289
984387
984848
985764
985804
985987
986175
986331
986507
987229
987450
988030
988131
988562
988717
988862
989121
989215
989390
989572
989780
990089
990194
990478
990529
990633
990667
990777
990990
991112
991390
992294
993309
993471
993737
993819
994666
994879
995054
995340
995543
995633
995879
996048
996175
996500
996831
997306
997471
997664
998141
998355
998434
998824
999131
999501
999766
1000464
1000765
1000967
1001060
1001089
1001798
1002119
1002429
1002696
1002786
1003101
1003509
1003646
1004323
1004451
1005011
1005053
1005398
1005846
1005946
1006002
1007044
1007656
1008025
1008184
1008284
1008453
1008512
1008561
1008908
1009114
1010150
1010232
1010372
1010498
1010687
1011111
1011166
1011223
1011264
1011331
1011486
1011579
1012121
1012157
1012550
1012684
1012754
1012915
1013030
1013175
1013492
1013769
1013942
1014026
1014146
1014496
1014658
1014994
1015117
1015256
1015311
1015593
1015679
1016107
1016220
1016868
1017130
1017192
1017836
1018330
1018472
1018712
1018837
1018933
1019149
1019314
1019466
1020422
1020487
1020679
1020810
1021516
1021810
1021926
1021972
1022125
1022175
1022216
1022292
1022399
1022496
1022605
1022645
1022770
1022792
1022913
1023029
1023226
1023316
1023471
1023566
1023637
1023700
1023770
1023899
1024016
1024069
1024329
1024359
1024466
1024549
1024783
1024853
1025254
1025431
1025525
1025572
1025622
1025744
1026133
1026422
1026595
1026676
1026825
1027142
1027428
1027586
1027637
1027770
1028020
1028137
1028276
1028955
1029268
1029312
1029449
1029568
1029713
1029798
1030040
1030215
1030420
1030550
1031252
1031468
1031536
1031786
1031841
1031985
1032227
1032355
1032429
1032660
1032876
1033338
1033878
1034195
1034341
1034662
1034826
1034897
1034948
1034995
1035050
1035135
1035356
1035441
1035563
1035843
1035931
1036036
1036116
1036516
1036601
1036640
1036774
1037371
1037551
1037900
1038059
1038194
1038297
1038435
1038481
1038565
1038656
1038989
1039216
1039738
1039864
1040259
1040508
1040581
1040700
1040803
1041044
1041291
1041439
1041572
1041722
1041844
1042086
1043421
1043540
1044170
1044293
1044730
1044839
1045069
1045443
1045774
1046029
1046140
1046449
1046900
1047351
1047635
1047811
1048961
1049518
1049667
1049852
1050168
1050645
1050868
1051210
1051340
1051505
1051594
1052026
1052085
1052262
1053326
1054306
1054436
1054629
1055053
1055456
1055852
1055979
1056260
1056343
1056844
1056997
1057128
1057365
1057570
1057731
1057901
1057992
1058826
1059047
1059194
1059313
1059599
1059700
1060025
1060362
1060822
1061711
1062327
1062453
1062857
1063345
1063690
1063919
1064650
1064867
1065364
1066754
1067523
1067801
1068005
1068534
1069159
1069209
1069709
1070341
1070723
1071150
1071452
1071557
1071591
1071891
1072092
1072192
1072596
1072816
1073774
1074125
1074600
1075169
1076078
1076524
1078206
1079290
1079777
1081238
1081546
1081783
1081917
1082334
1082637
1083103
1083393
1083670
1083896
1084011
1084173
1084327
1085773
1085979
1086334
1086464
1086692
1087557
1088043
1088669
1089219
1089589
1089924
1090259
1091364
1091536
1091669
1091768
1091939
1092038
1092110
1092584
1093353
1093800
1094523
1094947
1095390
1095610
1095826
1096014
1096416
1096924
1097136
1097546
1097662
1097918
1098030
1098130
1098169
1099557
1100117
1100182
1100370
1100529
1100651
1101194
1101276
1102640
1102720
1102789
1103022
1103248
1103564
1103704
1103790
1104153
1104675
1106248
1107056
1107809
1107959
1108997
1109688
1109788
1111364
1111448
1111683
1112055
1112122
1112261
1112310
1112803
1112986
1113499
1113513
1113734
1114311
1114547
1114696
1114809
1115101
1115172
1115360
1115467
1115744
1115834
1115881
1116010
1116207
1116420
1116543
1116655
1116907
1117001
1117636
1117965
1118548
1119000
1119285
1119451
1119559
1119707
1120008
1120191
1120748
1120851
1121018
1121326
1121499
1121806
1122133
1122371
1122638
1122767
1122902
1123398
1123727
1123919
1124069
1124146
1124756
1124952
1125065
1125396
1125780
1125914
1126197
1126387
1126607
1126893
1126976
1127355
1127551
1127952
1128073
1128237
1128329
1129232
1129495
1130391
1130505
1130656
1130841
1132095
1132404
1133073
1133269
1133392
1133481
1134761
1135244
1135307
1135629
1135748
1135830
1135972
1136213
1136511
1136999
1137280
1137395
1137520
1137640
1137829
1138047
1138279
1138463
1138605
1138704
1138796
1138975
1139076
1139111
1139503
1139621
1139723
1139866
1140314
1140543
1140692
1140899
1141667
1142095
1142256
1143009
1143816
1144837
1145269
1145826
1145970
1146498
1147503
1147667
1147749
1147860
1148127
1148214
1148574
1148675
1148741
1149337
1149901
1149977
1150087
1150348
1150467
1150924
1151342
1151639
1152077
1152180
1152307
1152750
1152831
1153034
1153068
1153192
1153464
1153521
1153634
1153700
1153809
1153845
1153927
1154242
1154301
1154402
1154577
1154726
1154966
1155075
1155229
1155333
1155413
1155556
1155660
1155933
1156101
1156432
1156810
1157134
1158050
1158154
1158387
1158639
1158768
1158954
1159061
1159297
1159370
1159498
1159581
1160205
1160306
1160403
1160572
1160674
1160822
1160942
1161140
1161245
1161374
1161618
1162221
1162430
1162613
1163099
1163188
1163272
1163426
1163735
1163896
1164020
1164179
1164302
1164357
1165027
1165178
1165721
1165869
1165970
1166020
1166220
1166258
1166402
1166895
1167162
1167241
1167541
1168978
1169166
1169536
1170023
1170547
1170991
1171196
1171334
1171558
1171649
1172337
1172524
1172941
1173493
1174051
1174304
1174368
1174438
1174602
1174630
1174920
1175091
1175374
1175623
1176261
1176422
1176894
1176989
1177165
1177805
1178383
1178469
1178976
1179199
1179245
1179380
1179532
1179836
1180352
1180405
1180960
1181497
1181611
1182145
1182581
1183017
1183204
1183327
1183647
1183834
1184025
1184305
1184399
1184635
1184904
1185002
1185241
1185362
1185454
1185572
1185710
1185838
1186014
1186371
1186738
1187207
1187286
1187330
1187438
1187825
1187897
1187948
1188039
1188151
1188293
1188485
1188744
1188940
1189023
1189188
1189303
1189461
1189625
1189879
1190238
1190353
1190771
1190962
1191276
1191530
1192019
1192471
1192823
1193264
1193380
1193630
1193869
1194215
1194456
1194530
1194624
1194839
1194946
1195110
1195268
1195316
1195454
1195517
1195619
1195933
1196097
1196515
1196651
1197134
1197343
1197469
1197642
1197692
1198014
1198068
1198197
1198241
1198291
1198430
1198861
1199116
1199231
1199437
1199656
1199802
1199911
