28869
29531
30852
31997
33219
45799
46795
47482
62687
64215
64755
65427
127933
173704
174852
176420
177383
177998
178630
180073
180611
181977
231623
235446
237701
238694
239657
240443
242382
301187
302726
303861
305019
305675
306641
307204
307897
308826
314460
315173
315694
316771
317332
317982
318660
319540
320108
321342
322183
323416
324761
325673
326500
327247
328513
329700
330227
332170
332851
333459
334562
336052
337163
337931
338535
339684
409403
410562
411832
412580
503379
507798
510184
512908
513522
514144
515899
516472
517065
547223
549675
550932
557227
558215
612254
620935
621763
622695
623831
624384
626652
627240
643831
668300
669205
669841
670659
671701
672603
673666
674172
674919
675961
676868
677496
679107
680421
681795
682804
684357
684899
689118
690223
691026
691549
692530
693725
694271
695111
695675
696305
697081
707113
708268
708839
709606
710111
710878
711421
712218
713847
714410
715464
716086
717059
717608
718299
719184
719721
786896
787555
788113
788628
789284
789997
790585
792121
805572
807084
808684
809181
809683
810249
813073
813686
829859
830394
831179
831767
833226
834015
834671
835431
836056
836755
837352
844089
844739
845508
846583
847218
847943
848735
920349
921056
921656
983877
984544
1011805
1012341
1013342
1014837
1017356
1018679
1019913
1020494
1021105
1021923
1022460
1023020
1023640
1024308
1024873
1025378
1025949
1027308
1028003
1029239
1029777
1038466
1058358
1060270
1110261
1111183
1115013
1116975
1148040
1189183
