2951
5706
7903
10129
12485
14911
17138
19564
21571
23807
25854
27811
30656
31525
33781
35818
37845
39722
41718
44175
46022
51103
52531
54847
56964
59320
61557
63364
68296
71311
74097
75974
78300
80776
82972
85249
87415
89592
91768
93985
95991
98238
100434
102501
104727
107074
109290
111507
113653
115760
118106
120313
122739
125035
127002
129218
131135
133392
135628
138074
140191
142647
145782
147459
149735
151493
153999
156045
158521
160598
163104
165590
167866
170442
172569
174096
177790
183461
185079
188264
192167
194294
197489
200754
203020
205686
208471
211087
213493
216089
218695
220911
223447
225953
228260
229438
231724
235298
237894
239452
240420
244733
250634
252601
255306
258102
261237
263403
266338
269050
270841
274166
277231
279807
282463
285049
287574
290060
292357
294863
297049
299236
300823
303559
304348
305456
306654
307792
309529
313423
314292
315130
316748
318585
320172
325663
329367
333601
335727
337884
343086
344803
347229
351173
354687
357972
360348
361985
365050
368046
371001
373477
376212
378579
381284
383790
387624
391049
393225
395872
399785
402790
405775
408181
409289
410827
411486
412704
414860
415380
417277
419573
422388
424375
427291
429567
432013
434679
437315
439711
441937
444213
446550
449175
451332
453848
456164
458501
460707
463293
465499
467965
470747
472768
475344
477810
480475
481853
484719
486765
489032
491677
494183
496889
499215
501611
503868
506294
509179
511615
514022
516258
518524
521410
523896
526671
529417
532103
534678
536905
538702
541527
543664
546430
550643
553039
555355
559469
562554
565639
568514
571180
573995
576771
578548
581014
583520
586086
588702
591198
593474
595950
598307
600463
602640
604816
606823
609489
611625
613932
616168
618514
620341
621809
623895
624734
626601
629357
632582
635108
637713
640619
643135
645181
648496
652590
654796
659169
661335
662733
664072
669013
671040
672558
676571
677759
679377
681823
682791
684309
686905
688831
692356
693494
695241
697238
699704
701441
707252
708490
709738
711954
714051
715279
717066
719782
720890
721948
726561
728218
729486
734488
737394
739930
742126
743933
746229
749275
751920
754147
756693
758859
760986
763132
765499
767635
770091
772028
774245
776301
778318
780435
782521
784868
787274
789899
790588
792276
796399
801740
804456
806732
809318
810177
814250
815349
816477
818564
820850
822318
826361
828528
832741
837433
840029
842555
845940
847737
850383
853547
855964
860686
863052
867545
870141
872038
874085
876620
878677
881023
883370
885187
887373
889620
891567
893993
895940
898366
900662
902809
905165
907002
908829
911365
913731
916407
918473
920640
922707
925003
927848
930195
932870
935846
938142
941007
943274
945670
948066
950452
952629
955095
957481
959598
961614
963861
966556
968893
971359
974164
976211
978727
981013
983150
985326
987473
989999
992615
994941
997367
999883
1002379
1004585
1007141
1009348
1011804
1013242
1016946
1018273
1021388
1024034
1026500
1030115
1035516
1037353
1039679
1041616
1045011
1048475
1051600
1054056
1056592
1058799
1061324
1063561
1065987
1068523
1071039
1073465
1075921
1078337
1080614
1083239
1085236
1087592
1089729
1091696
1094951
1096967
1099473
1102059
1104206
1106931
1109397
1111774
1114150
1116786
1118832
1121588
1124573
1127089
1129625
1132161
1134707
1137233
1139379
1141766
1144511
1147097
1149224
1151570
1153267
1154515
1158788
1161973
1165178
1168253
1170420
1173335
1176011
1178477
1181462
1183978
1186724
1188830
1190458
1193053
1194601
1196997
