5
101
185
453
617
834
940
1145
1219
1309
1403
1417
1501
1548
1615
1877
1959
2053
2163
2552
2645
2725
2863
2970
3113
3293
3434
3581
3718
3954
4053
4205
4299
4499
4546
4717
4805
4925
5066
5199
5270
5379
5479
5565
5655
5786
5975
6154
6292
6421
6554
6708
6934
6995
7118
7183
7344
7381
7509
7634
7768
7872
8032
8179
8277
8419
8603
8809
8924
9024
9088
9207
9307
9440
9536
9729
9882
10078
10188
10286
10414
10595
10648
10753
10879
10985
11090
11326
11394
11546
11692
11751
11934
12059
12303
12426
12512
12581
12751
12858
12918
13072
13155
13242
13334
13420
13565
13616
13752
13870
14062
14167
14382
14475
14643
14769
14818
14954
15083
15269
15384
15536
15674
15769
15801
15935
16123
16235
16390
16550
16642
16692
16806
16843
16931
17006
17197
17264
17409
17529
17594
17808
18024
18208
18300
18333
18400
18524
18683
18782
18875
18954
19054
19118
19380
19451
19565
19683
19981
20042
20110
20239
20330
20385
20548
20645
20862
21009
21117
21238
21408
21448
21547
21624
21750
21861
21991
22037
22117
22199
22288
22439
22526
22712
22830
22936
23194
23622
23908
24482
24517
24678
24817
25128
25209
25341
25578
25848
26087
26209
26269
26388
26727
26837
26965
27116
27328
27524
27592
27671
27754
27884
27990
28127
28384
28474
28771
28829
29095
29314
29514
29711
29814
29935
30058
30211
30390
30546
30852
30934
31160
31360
31535
31696
31843
31972
32050
32202
32286
32442
32550
32624
32750
32915
33022
33190
33286
33387
33670
33751
33961
34286
34531
34727
34871
35030
35098
35293
35397
35479
35605
35667
35832
36076
36220
36400
36572
36711
36918
37041
37321
37593
37775
37930
38058
38237
38358
38509
38587
38695
38788
38865
39008
39060
39161
39203
39312
39391
39537
39636
39817
39906
40041
40178
40276
40467
40554
40648
40730
40893
41006
41216
41666
41805
41992
42042
42219
42368
42422
42521
42710
42837
42959
43064
43271
43525
43732
43906
44365
44460
44581
44708
44905
45019
45231
45541
45668
45915
46203
46312
46485
46660
46819
46869
47030
47172
47218
47354
47545
47749
47937
48030
48260
48335
48467
48598
48891
48927
49115
49171
49428
49629
49758
49848
49935
50266
50397
50492
50741
50966
51126
51381
51468
51812
51896
51965
52165
52320
52400
52594
52937
52978
53030
53132
53342
53568
53663
53809
53953
54141
54283
54466
54576
54735
54972
55143
55319
55438
55591
55653
55781
55975
56142
56386
56658
56909
56984
57153
57207
57311
57396
57615
57709
57832
57951
58119
58266
58388
58510
58586
58695
58803
59031
59117
59282
59283
59509
59578
59667
59729
59819
59994
60058
60229
60347
60485
60642
60752
60810
61081
61206
61366
61499
61707
61814
61922
62001
62134
62264
62362
62449
62525
62629
62806
62968
63146
63192
63393
63478
63599
63675
63763
63872
63941
64038
64171
64264
64384
64574
64846
65031
65175
65380
65479
65624
65656
65862
66005
66127
66286
66396
66559
66641
66697
66855
67101
67235
67366
67426
67581
67624
67747
67915
67967
68120
68157
68326
68516
68780
68903
69013
69107
69230
69376
69519
69684
69819
69877
69944
70082
70207
70424
70475
70655
70816
71057
71145
71338
71471
71583
71679
71793
72008
72114
72274
72457
72601
72696
72831
72908
72971
73130
73185
73215
73372
73435
73761
73890
74074
74141
74272
74438
74530
74640
74761
74798
74894
75022
75130
75296
75449
75562
75643
76052
76168
76340
76469
76546
76699
76772
76965
77115
77196
77288
77484
77562
77650
77734
77828
78001
78156
78239
78357
78422
78501
78574
78734
78811
78962
79066
79190
79323
79402
79495
79618
79690
79904
79958
80048
80251
80359
80533
80628
80794
80879
81104
81421
81541
81689
81780
82047
82143
82249
82466
82914
83007
83156
83283
83455
83543
83617
83674
83749
83877
84021
84117
84262
84334
84496
84829
85067
85177
85271
85355
85424
85525
85645
85784
85870
85964
86091
86251
86433
86534
86839
87003
87127
87257
87338
87400
87420
87551
87639
87738
87940
88071
88174
88363
88446
88572
88702
88781
88874
89011
89050
89146
89269
89378
89464
89584
89679
89772
89922
89974
90139
90258
90402
90680
90744
90836
91038
91116
91211
91329
91466
91571
91660
91734
91896
92042
92120
92281
92380
92473
92605
92648
92769
92852
93036
93151
93220
93366
93504
93669
93850
93936
94056
94272
94336
94541
94634
94814
94882
95055
95204
95348
95416
95568
95660
95737
95922
96089
96211
96333
96458
96604
96742
96795
97004
97061
97141
97309
97412
97581
97656
97874
98064
98191
98308
98374
98551
98739
98833
98910
99031
99130
99289
99422
99562
99659
99761
99825
99946
100115
100260
100395
100512
100611
100702
100867
100964
101092
101277
101390
101494
101537
101620
101850
101936
102062
102191
102318
102372
102509
102577
102705
102761
102907
103022
103123
103230
103334
103553
103620
103719
103765
103910
104034
104180
104299
104423
104538
104626
104782
104872
105025
105094
105212
105270
105367
105521
105610
105713
105861
106013
106171
106269
106436
106478
106562
106602
106630
106655
106760
106887
106996
107077
107176
107377
107521
107641
107842
107979
108075
108149
108326
108435
108488
108746
108847
108951
109221
109313
109395
109527
109596
109754
109938
110002
110280
110333
110450
110584
110698
110815
110981
111042
111154
111295
111400
111447
111513
111844
112029
112037
112096
112307
112403
112468
112578
112643
112762
112911
113008
113081
113148
113336
113437
113573
113628
113758
113847
113935
114009
114145
114216
114410
114502
114653
114767
114913
114990
115177
115341
115631
115713
115806
115949
116043
116143
116209
116348
116507
116604
116710
116809
117007
117116
117333
117402
117523
117627
117694
117779
117876
118006
118114
118230
118389
118493
118646
118704
118825
119115
119285
119347
119487
119642
119901
120120
120198
120249
120386
120424
120497
120612
120687
120778
120861
120911
121071
121232
121309
121520
121578
121673
121846
121977
122045
122255
122299
122429
122509
122685
122854
122923
123021
123085
123165
123220
123386
123552
123661
123738
123810
123948
123965
124078
124213
124294
124405
124536
124607
124719
124797
124884
125022
125102
125219
125345
125488
125695
125797
125966
126086
126234
126371
126500
126625
126814
126950
127080
127294
127412
127558
127643
127805
127932
128041
128224
128309
128536
128600
128674
128804
128936
129068
129204
129293
129486
129584
129861
129966
130061
130278
130313
130447
130544
130715
130906
130969
131086
131144
131294
131382
131592
131759
131887
132015
132092
132242
132401
132528
132604
132842
132939
133037
133159
133252
133451
133594
133711
133857
133947
134118
134209
134392
134501
134760
134807
134891
135012
135103
135280
135440
135519
135766
135987
136098
136268
136304
136393
136574
136651
136863
136963
137085
137231
137353
137478
137584
137771
137934
137985
138058
138120
138278
138414
138560
138713
138807
138920
139145
139329
139437
139511
139644
139819
139950
140078
140186
140300
140371
140493
140584
140801
140855
141022
141173
141259
141421
141614
141732
141925
142349
142440
142574
142729
143040
143489
143713
144038
144259
144959
145165
145323
145375
145594
145629
145759
145934
146117
146184
146451
146607
146731
146828
147251
147680
147864
147943
148487
148687
148772
148967
149044
149147
149291
149386
149703
149798
150031
150123
150178
150422
150526
150672
150777
150887
151046
151120
151229
151400
151527
151646
151806
152066
152172
152245
152373
152430
152561
152674
152920
153030
153131
153323
153461
153586
153757
153880
153940
154053
154155
154356
154526
154816
154940
155055
155179
155287
155430
155522
155596
155707
155850
156013
156102
156289
156476
156608
156834
156962
157076
157226
157344
157462
157576
157685
157820
158226
158263
158322
158490
158739
158973
159066
159171
159249
159324
159393
159522
159586
159733
159884
160042
160153
160270
160424
160604
160676
160871
160945
161254
161340
161531
161673
161759
161868
162009
162092
162184
162290
162374
162550
162601
162702
162821
162971
163096
163154
163297
163397
163513
163588
163804
163878
163962
164108
164217
164369
164477
164590
164786
164904
164955
165138
165263
165499
165616
165696
165815
165905
166048
166154
166300
166466
166618
166744
166897
167022
167115
167177
167235
167359
167420
167480
167700
167829
167988
168113
168239
168356
168444
168590
168703
168769
168904
169048
169128
169284
169336
169474
169546
169650
169739
169844
169955
170057
170172
170277
170374
170498
170653
170815
170926
171027
171155
171626
171717
171820
172005
172075
172271
172421
172508
172582
172751
172854
172993
173145
173220
173432
173517
173587
173674
173792
173882
173991
174153
174238
174335
174422
174561
174680
174818
174959
175100
175211
175329
175388
175460
175532
175645
175794
175895
176066
176206
176285
176439
176555
176693
176832
176914
177072
177192
177302
177426
177492
177671
177759
177847
177953
178021
178227
178362
178505
178562
178680
178784
178886
179000
179135
179245
179318
179634
179731
179893
180020
180150
180271
180388
180462
180725
180827
180933
181025
181191
181335
181411
181506
181578
181713
181751
182024
182222
182318
182401
182492
182655
182834
182958
183109
183204
183285
183417
183555
183638
183748
183998
184110
184223
184411
184742
185145
185241
185561
185686
185865
185978
186250
186525
186733
186834
187025
187190
187355
187562
187766
188016
188085
188240
188345
188569
188688
188818
189007
189332
189977
190245
190411
190485
190798
190840
191020
191063
191159
191179
191249
191296
191399
191508
191541
191626
191719
191839
191903
192046
192080
192164
192245
192408
192502
192596
192748
192879
192937
193170
193207
193314
193388
193464
193622
193694
193818
193932
194007
194121
194239
194333
194471
194536
194677
194780
194899
195111
195178
195283
195326
195443
195613
195684
195781
195899
196043
196159
196239
196388
196485
196646
196723
196835
196983
197069
197153
197271
197374
197543
197644
197835
198060
198140
198226
198295
198425
198536
198669
198833
198953
199026
199096
199235
199401
199586
199845
199936
200023
200075
200164
200311
200446
200591
200754
200914
201026
201070
201387
201520
201642
201797
201918
202025
202092
202199
202389
202501
202573
202686
202975
203140
203296
203390
203477
203615
203819
204072
204162
204211
204488
204610
204704
204858
204968
205019
205125
205206
205283
205469
205567
205758
206112
206200
206396
206588
206771
206912
206992
207047
207164
207265
207365
207765
207810
207904
208041
208329
208474
208516
208545
208796
208902
208985
209121
209372
209440
209535
209633
209773
209861
209976
210115
210294
210435
210636
210703
210801
210954
211217
211328
211503
211687
211757
211893
212063
212148
212202
212339
212545
212665
212782
212896
212990
213053
213161
213285
213446
213569
213808
213876
214078
214168
214235
214508
214670
214834
214906
215049
215229
215392
215551
215652
215905
215967
216126
216372
216468
216679
216804
216951
217081
217225
217357
217491
217606
217678
218004
218016
218157
218415
218552
218651
218937
219281
219361
219509
219659
219802
219939
220020
220177
220315
220432
220542
220708
220902
221089
221227
221284
221738
221874
222019
222139
222269
222372
222453
222537
222590
222714
222831
223019
223111
223220
223322
223475
223594
223931
224059
224303
224457
224628
224710
224863
225046
225135
225224
225376
225590
225724
225865
225954
226030
226227
226336
226485
226561
226632
226711
226821
227074
227167
227414
227536
227659
227708
227794
227964
228145
228244
228329
228429
228603
228680
228754
228898
229028
229191
229272
229399
229508
229579
229665
229775
229900
229968
230077
230461
230584
230684
230794
230932
231081
231194
231363
231579
231708
231869
231991
232047
232100
232235
232318
232441
232525
232667
232776
232897
232989
233225
233342
233470
233564
233748
233878
233929
234066
234177
234269
234369
234503
234551
234622
234814
234955
235029
235178
235364
235474
235578
235755
235910
235992
236113
236278
236477
236573
236689
236754
236830
236986
237061
237226
237347
237613
237783
237929
238037
238121
238335
238372
238468
238592
238671
238805
238945
239084
239125
239294
239441
239535
239659
239732
239841
239986
240177
240279
240340
240450
240632
240770
240864
240975
241137
241221
241454
241609
241719
241883
241955
242161
242254
242387
242513
242602
242777
243002
243130
243986
244092
244252
244394
244539
244635
244710
244817
244858
244949
245048
245239
245300
245551
245690
245849
245965
246130
246213
246463
246559
246684
246755
246900
247019
247146
247333
247523
247720
247914
248000
248317
248423
248537
248663
248908
249032
249184
249339
249630
249729
249763
249849
249962
250108
250221
250396
250564
250773
250918
250992
251167
251379
251469
251531
251623
251865
252035
252282
252420
252644
252765
253038
253274
253379
253576
253851
254229
254452
254558
254705
254844
255172
255271
255348
255500
255710
255896
256049
256217
256364
256470
256583
256677
256792
256879
257108
257195
257614
257732
257889
257993
258158
258206
258555
258682
258772
259012
259121
259249
259388
259557
260115
260189
260272
260365
260685
260896
261119
261443
261619
261783
261883
262017
262083
262238
262549
262624
262805
262968
263019
263226
263381
263522
263670
263675
263860
264068
264209
264277
264474
264823
265019
265115
265288
265384
265490
265699
265904
266112
266307
266828
266915
267081
267219
267542
267735
267857
267949
268174
268269
268396
268500
268626
268782
268895
269023
269126
269303
269405
269943
270177
270296
270441
270573
270721
270843
270924
271196
271274
271391
271525
271710
271796
271891
271968
272049
272149
272217
272271
272404
272602
272680
272894
273114
273293
273492
273612
273754
273922
274007
274083
274245
274593
274653
274959
275207
275545
275603
275716
275819
275876
275999
276084
276291
276469
276601
276745
276824
276872
277143
277288
277363
277520
277646
277909
278005
278136
278273
278395
278517
278680
278745
278839
279078
279201
279344
279487
279604
279691
279840
280026
280109
280171
280286
280429
280607
280686
281006
281606
281718
281883
281997
282396
282527
282706
282830
282916
283072
283301
283503
283581
283686
283800
283878
283988
284083
284216
284358
284517
284602
284799
285050
285302
285394
285487
285576
285778
286076
286217
286552
286619
286742
286797
286945
287120
287196
287306
287406
287485
287543
287627
287735
287856
288121
288241
288353
288534
288604
288813
288907
288986
289303
289390
289512
289592
289671
289781
289904
290059
290227
290360
290505
290596
290725
290795
290904
291007
291116
291233
291417
291497
291615
291733
291869
291915
292064
292171
292257
292365
292434
292521
292690
292846
292945
293052
293115
293379
293493
293607
293694
293775
293934
294117
294275
294483
294573
294723
294851
295147
295304
295352
295571
295711
295836
295878
296035
296047
296122
296303
296457
296673
296744
296966
297069
297187
297321
297368
297511
297573
297704
297810
297908
298007
298136
298208
298343
298453
298575
298729
298875
298964
299108
299224
299353
299411
299539
299668
299810
299953
300030
300114
300251
300428
300570
300705
300823
301015
301150
301235
301335
301460
301753
302049
302122
302366
302474
302625
302795
302921
303073
303121
303409
303491
303586
303664
303835
304056
304225
304263
304353
304414
304607
304705
304883
305012
305083
305176
305370
305448
305544
305763
305929
306010
306109
306249
306365
306453
306713
306839
306963
307080
307263
307316
307406
307521
307581
307638
307750
307894
307998
308126
308227
308284
308420
308610
308682
308837
309007
309273
309397
309495
309575
309644
309735
309893
310023
310137
310216
310374
310454
310621
310787
310938
311079
311229
311370
311460
311619
311725
311812
311918
312054
312178
312315
312409
312594
312712
312784
312895
312993
313119
313259
313433
313540
313603
313690
313819
313969
314102
314239
314347
314458
314618
314815
314901
314992
315088
315172
315234
315354
315552
315776
316153
316295
316382
316487
316619
316860
316958
317040
317249
317424
317536
317722
318041
318116
318415
318568
318810
318902
318956
318997
319052
319222
319474
319565
319682
319888
320001
320190
320304
320399
320488
320580
320659
320770
320917
321012
321118
321234
321349
321441
321510
321679
321805
321976
322087
322194
322278
322390
322526
322632
322768
322829
322969
323052
323173
323233
323385
323517
323772
323946
324251
324442
324591
324780
324852
325191
325309
325385
325501
325771
325961
326117
326300
326386
326594
327007
327125
327253
327329
327482
327646
327836
327954
328107
328236
328346
328538
328628
328744
328868
329024
329130
329193
329266
329503
329610
329751
329953
330088
330199
330276
330459
330548
330628
330789
330914
331026
331194
331333
331413
331527
331657
331759
331911
332084
332253
332373
332449
332579
332621
332705
332849
332983
333142
333308
333379
333493
333545
333661
333787
333915
334036
334092
334257
334498
334537
334609
334721
334937
335077
335210
335292
335374
335645
335725
335988
336074
336243
336297
336583
336698
336821
336944
337019
337073
337380
337392
337520
337584
337672
337971
338073
338251
338489
338634
338779
339411
339570
339703
339934
340154
340407
340470
340533
340714
340891
341369
341518
341666
341812
341874
341963
342093
342226
342375
342512
342608
342728
342773
342881
343020
343082
343200
343343
343475
343650
343761
343894
343966
344064
344184
344284
344406
344503
344594
344665
344759
344792
345214
345556
345692
345760
345920
346044
346122
346332
346468
346531
346625
346878
346949
347074
347135
347250
347402
347514
347635
347846
348111
348197
348296
348504
348567
348678
348769
348829
348937
349063
349205
349306
349395
349477
349644
349750
349831
349981
350071
350158
350311
350430
350623
350702
350905
351049
351168
351252
351334
351486
351540
351633
351781
351933
352020
352295
352466
352565
352683
353027
353102
353303
353395
353521
353664
353844
353934
354079
354176
354286
354473
354603
354746
354826
354941
355071
355209
355284
355361
355474
355658
355775
355853
355986
356074
356166
356249
356447
356618
356728
356901
357040
357147
357269
357411
357608
357638
357741
357831
358089
358299
358434
358509
358866
359072
359144
359300
359388
359545
359700
359763
359885
359998
360121
360242
360386
360517
360655
360714
360731
360959
361018
361111
361234
361313
361454
361536
361800
361949
362057
362195
362342
362434
362577
362734
362834
362978
363124
363167
363235
363311
363435
363527
363655
363887
364008
364151
364294
364528
364686
364775
364974
365096
365190
365325
365488
365588
365667
365956
366238
366466
366558
366676
366854
366897
366980
367093
367222
367335
367424
367528
367662
367830
367886
368028
368077
368192
368338
368487
368638
368766
368920
369097
369191
369261
369365
369454
369622
369741
369854
370227
370272
370585
370701
370816
370909
370991
371109
371187
371298
371419
371518
371671
371711
371926
372021
372093
372338
372444
372596
372734
372846
372995
373023
373153
373369
373486
373596
373843
373967
374102
374204
374359
374561
374721
374806
374910
374990
375114
375288
375474
375569
375756
375831
375925
376088
376301
376438
376498
376647
376743
376805
376956
377085
377149
377250
377335
377458
377593
377652
377857
377943
377959
378204
378354
378509
378654
378777
378888
379108
379246
379389
379538
379678
379884
379986
380096
380199
380344
380510
380585
380620
380664
380764
380877
380934
381052
381178
381317
381395
381551
381703
381828
381941
382043
382095
382166
382287
382406
382522
382686
382754
382960
383028
383180
383377
383459
383553
383675
383722
383767
383949
384071
384242
384353
384528
384618
384787
384956
385115
385199
385291
385445
385706
385855
386041
386169
386309
386448
386505
386581
386794
386923
387041
387157
387310
387562
387801
387970
388045
388156
388284
388376
388470
388602
388720
388892
388950
389182
389287
389381
389519
389622
389749
389873
390047
390136
390245
390349
390463
390596
390736
390855
390956
391067
391267
391400
391452
391619
391708
391821
391890
392173
392227
392349
392471
392733
392887
393046
393137
393302
393607
393696
393797
394042
394060
394199
394286
394389
394493
394670
394787
394900
395100
395240
395343
395498
395591
395681
395780
395898
396023
396183
396266
396364
396519
396596
396682
396806
396994
397093
397166
397293
397356
397466
397559
397723
397774
397981
398083
398205
398346
398656
398909
399044
399213
399290
399383
399477
399581
399701
399960
400067
400191
400319
400396
400561
400612
400783
400849
401088
401227
401294
401372
401534
401612
401821
401898
402008
402103
402243
402319
402431
402721
402803
402899
403163
403251
403378
403438
403652
403762
403833
404031
404158
404312
404402
404460
404589
404671
404782
404989
405083
405285
405439
405516
405634
405678
405714
405859
406012
406115
406274
406391
406582
406671
406762
406928
407104
407166
407357
407508
407616
407711
407774
407916
408031
408142
408257
408353
408499
408630
408733
408866
408978
409206
409325
409446
409579
409723
409868
409960
410161
410252
410434
410634
410729
410829
410996
411111
411346
411448
411598
412093
412265
412415
412575
412626
413003
413149
413295
413423
413581
413660
413828
413996
414038
414090
414295
414556
414650
414752
414876
414990
415146
415330
415461
415647
415803
415865
415997
416123
416261
416489
416596
416720
416893
416974
417102
417196
417296
417403
417559
417677
417805
417898
418043
418122
418201
418293
418452
418511
418626
418829
418948
419135
419279
419353
419651
419728
419981
420156
420224
420393
420539
420651
420773
420915
420996
421189
421270
421441
421560
421634
421762
421875
421979
422178
422343
422496
422603
422675
422915
423055
423163
423358
423447
423662
423787
423852
423979
424204
424369
424465
424557
424665
424734
424978
425156
425350
425525
425815
425877
425977
426111
426186
426392
426595
426793
426885
426938
427089
427279
427395
427465
427545
427607
427702
427792
427916
428013
428122
428298
428379
428553
428565
428616
428845
428928
429023
429250
429346
429387
429491
429602
429699
429820
429982
430110
430195
430283
430465
430529
430707
430800
430922
431055
431186
431332
431389
431597
431758
431863
431964
432032
432162
432296
432407
432511
432765
432919
433108
433240
433350
433449
433594
433832
434044
434226
434368
434570
434632
434706
434779
434904
435043
435172
435280
435345
435622
435756
435895
436023
436092
436165
436363
436462
436577
436661
436754
436898
437040
437227
437408
437627
437715
437822
437940
438105
438241
438266
438305
438408
438549
438666
438723
438856
438895
439001
439199
439364
439471
439552
439752
439909
440060
440153
440297
440559
440677
440819
441074
441143
441235
441303
441461
441596
441670
441808
441889
441979
442107
442189
442298
442407
442462
442573
442749
442889
443070
443148
443268
443330
443445
443569
443741
443865
444121
444288
444512
444583
444767
444800
445000
445131
445286
445455
445566
445684
445734
445870
446004
446111
446330
446401
446544
446616
446733
446825
447142
447258
447329
447370
447579
447748
448009
448200
448395
448560
448654
448811
448990
449253
449467
449530
449664
449764
450002
450039
450094
450191
450357
450461
450554
450624
450779
450930
451087
451207
451325
451412
451543
451613
451701
451821
452077
452175
452280
452427
452476
452553
452711
452854
453041
453110
453250
453462
453651
453742
453858
454026
454151
454259
454411
454527
454655
454773
454934
455107
455162
455343
455474
455535
455897
456057
456196
456493
456662
456838
457027
457122
457377
457428
457652
457862
458040
458322
458462
458619
458738
458830
459088
459482
459833
459948
460111
460358
460519
460713
460808
460963
461110
461266
461561
461751
462021
462095
462242
462410
462661
462845
462987
463166
463324
463412
463628
463700
463906
464021
464154
464272
464624
464740
465000
465049
465206
465321
465566
465850
465950
466043
466143
466322
466455
466579
466685
466808
466915
467007
467093
467207
467280
467452
467573
467634
467727
467915
468014
468145
468211
468360
468469
468598
468713
468855
468928
469272
469585
469633
469801
469880
469995
470174
470315
470411
470491
470580
470722
470809
471035
471242
471434
471554
471629
471735
471956
472095
472349
472420
472536
472700
472773
472947
473084
473216
473412
473560
473683
473751
473874
473991
474169
474416
474460
474654
474710
474776
474887
474992
475126
475172
475489
475660
475793
475919
476013
476092
476158
476369
476474
476650
476804
476908
477020
477283
477364
477519
477600
477704
477822
477933
478071
478162
478270
478404
478559
478630
478780
478943
479033
479133
479266
479441
479532
479691
479864
479975
480154
480259
480374
480468
480654
480748
480887
481045
481127
481234
481385
481450
481578
481772
481828
481916
482036
482149
482236
482337
482513
482661
482927
483009
483077
483231
483416
483589
483651
483758
483847
484025
484167
484344
484476
484594
484722
484845
484967
485052
485252
485356
485464
485485
485530
485609
485721
485924
486087
486123
486409
486466
486548
486637
486754
486875
486986
487130
487225
487333
487400
487517
487731
487933
488004
488151
488254
488497
488703
488795
488937
489020
489241
489296
489421
489566
489663
489817
489986
490072
490159
490350
490437
490604
490741
490872
491036
491123
491217
491329
491728
491844
491916
492086
492241
492431
492624
492681
492913
492981
493080
493142
493352
493493
493686
493785
493890
493993
494115
494228
494424
494495
494605
494676
494735
494863
494955
495058
495129
495259
495563
495650
495786
496083
496383
496495
496578
496715
496837
496915
496979
497181
497324
497654
497751
497826
497948
498052
498182
498279
498364
498420
498622
498818
499035
499102
499434
499631
499767
499866
500034
500168
500423
500497
500597
500708
500785
500928
501009
501223
501354
501473
501592
501698
501847
501932
501994
502072
502138
502265
502434
502571
502698
502787
502944
503112
503225
503436
503517
503566
503847
503912
503984
504106
504270
504469
504619
504738
504867
504938
505193
505271
505416
505539
505609
505784
505866
505978
506143
506301
506361
506495
506637
506738
506872
507047
507112
507228
507540
507675
507721
508033
508081
508160
508295
508468
508654
508720
508902
509204
509383
509580
509694
509991
510148
510336
510458
510611
510751
511014
511072
511381
511544
511763
511891
511985
511991
512136
512268
512386
512462
512590
512724
512887
513027
513298
513588
513727
514007
514193
514327
514396
514498
514690
514824
514943
515058
515185
515401
515519
515644
515759
515962
516091
516273
516452
516512
516682
516754
516927
517063
517147
517204
517396
517496
517557
517684
517791
517875
517961
518027
518084
518234
518407
518503
518726
518814
518935
518993
519113
519302
519489
519715
519839
520069
520136
520289
520487
520613
520662
520861
521013
521177
521274
521347
521427
521553
521705
521854
522021
522130
522203
522270
522442
522587
522738
522804
522901
523149
523319
523508
523576
523766
523884
524021
524130
524275
524372
524543
524662
524726
524868
524923
525070
525176
525260
525343
525462
525515
525604
525687
526020
526145
526254
526411
526541
526662
526792
526944
527098
527261
527425
527555
527722
527786
527897
527983
528083
528257
528427
528515
528675
528843
528961
529068
529155
529313
529439
529628
530040
530177
530316
530513
530596
530848
530989
531142
531276
531513
531644
531785
531852
531904
531993
532081
532292
532412
532640
533203
533438
533640
533825
533924
534061
534173
534368
534650
534842
535042
535096
535334
535408
535568
535691
535859
535982
536097
536218
536305
536417
536595
536873
537029
537155
537328
537984
538062
538280
538446
538472
538733
539212
539542
539689
539767
539885
540008
540220
540359
540571
540645
540719
540798
540882
540966
541137
541213
541305
541517
541614
541913
542106
542336
542518
542688
542799
542953
543149
543273
543408
543529
543624
543732
544061
544174
544282
544441
544627
544766
544864
544986
545110
545153
545230
545377
545480
545635
545706
545842
546057
546157
546373
546482
546571
546732
546872
547029
547168
547288
547372
547454
547576
547715
547898
547995
548111
548206
548545
548806
548963
549031
549099
549223
549261
549341
549575
549900
550072
550160
550340
550549
550764
550792
550901
550990
551027
551122
551213
551428
551846
551929
552124
552190
552413
552442
552565
552665
552762
552864
552945
553162
553320
553460
553580
553617
553757
553837
553955
554050
554164
554278
554353
554585
554716
554876
554925
555051
555139
555245
555436
555640
555763
555889
556070
556221
556475
556543
556773
556870
556941
557078
557204
557208
557389
557572
557653
557731
558014
558182
558321
558676
558840
558899
559048
559050
559085
559143
559340
559533
559633
559744
559930
560061
560182
560321
560422
560495
560872
561006
561060
561196
561222
561288
561434
561793
561874
562007
562163
562245
562495
562732
562774
562840
563159
563350
563535
563737
563831
563953
564121
564302
564402
564625
564853
565157
565234
565384
565676
565852
565927
565975
566166
566321
566507
566620
566744
566936
567052
567207
567239
567445
567491
567703
567848
568000
568034
568122
568235
568418
568451
568691
568914
569353
569444
569538
569616
569699
569841
569911
570079
570229
570299
570408
570524
570614
570723
570805
571007
571210
571275
571428
571548
571864
571965
572115
572207
572318
572513
572660
572809
573089
573286
573517
573658
573816
574023
574244
574354
574547
574624
574904
575218
575297
575564
575834
576047
576123
576264
576338
576625
576945
577107
577258
577335
577625
577713
577948
578078
578450
578611
578657
578772
578906
579072
579141
579210
579323
579383
579470
579591
580027
580102
580209
580365
580454
581289
581465
582077
582243
582418
582769
582876
583002
583162
583228
583450
583524
583671
584255
584361
584564
584635
584776
584994
585104
585188
585264
585440
585553
585674
585805
585920
586034
586091
586238
586351
586573
586654
586778
587024
587260
587361
587517
587630
587892
587980
588000
588100
588220
588290
588430
588538
588739
588853
589107
589237
589439
589539
589731
589968
590337
590511
590827
590964
591110
591333
591379
591491
591621
591676
591748
591802
591935
592012
592149
592250
592330
592477
592578
592738
592850
593028
593259
593356
593444
593528
593611
593729
593811
593919
594192
595000
595214
595325
595496
595543
595686
595793
595996
596116
596229
596318
596478
596692
596857
596977
597173
597216
597341
597484
597544
597729
598052
598140
598295
598446
598617
598714
598969
599169
599273
599343
599599
599752
599851
599894
599949
600031
600126
600205
600316
600497
600596
600671
600869
600951
601172
601360
601408
601517
601647
601786
601884
601981
602137
602275
602439
602601
602829
602880
603041
603197
603304
603509
603632
603697
603777
603859
604018
604073
604169
604260
604438
604501
604610
604817
604884
605008
605128
605333
605402
605495
605564
605674
605906
606043
606140
606215
606281
606414
606589
606646
606777
606856
606989
607093
607216
607280
607451
607600
607796
608086
608195
608260
608412
608580
608629
608699
608882
608979
609123
609228
609358
609519
609653
609759
609856
610097
610308
610408
610552
610700
610817
611023
611074
611248
611317
611435
611540
611604
611839
611924
611995
612090
612216
612346
612460
612580
612826
612892
613017
613089
613176
613330
613460
613599
613820
613905
614012
614060
614238
614373
614497
614639
614756
614862
614969
615013
615173
615251
615379
615455
615526
615685
615796
615928
616035
616173
616266
616365
616508
616621
616841
616896
617057
617173
617318
617415
617580
617703
617809
617867
617931
618056
618153
618237
618344
618464
618701
618817
618945
619013
619117
619290
619307
619435
619542
619653
619731
619834
619917
620119
620224
620337
620431
620531
620645
620720
620837
620947
621007
621292
621457
621583
621648
621757
621911
622028
622197
622235
622307
622425
622512
622598
622708
622939
623044
623174
623264
623460
623488
623582
623700
623830
623936
624063
624217
624334
624446
624636
624957
625035
625117
625188
625332
625448
625554
625632
625710
625791
625909
626013
626124
626413
626588
626717
626810
626880
627021
627103
627324
627420
627592
627714
627846
627988
628210
628303
628468
628553
628655
628756
628818
628906
629066
629182
629327
629402
629550
629763
629848
629941
630088
630239
630354
630475
630727
630808
630895
631031
631203
631323
631427
631486
631651
631803
631906
632119
632220
632334
632420
632526
632639
632734
632802
632864
633025
633179
633235
633324
633415
633519
633598
633717
633808
633930
634025
634282
634400
634551
634719
634826
634922
635075
635193
635300
635408
635515
635630
635688
635853
635919
635982
636078
636140
636204
636344
636443
636523
636698
636821
636957
637051
637136
637200
637375
637429
637595
637651
637743
637865
637920
638077
638160
638301
638430
638637
638711
638819
638863
638950
639015
639145
639216
639312
639373
639516
639676
639792
639899
640250
640278
640427
640477
640546
640608
640706
640815
640958
641037
641143
641337
641609
641742
641828
642039
642167
642268
642354
642451
642504
642624
642812
642911
642989
643151
643221
643340
643529
643604
643765
643850
643986
644136
644299
644432
644513
644795
644867
644977
645047
645266
645306
645368
645419
645729
646377
646586
646705
647020
647340
647904
647982
648213
648515
648805
649029
649148
649338
649605
650091
650392
650932
650986
651208
651368
651572
651685
651871
652001
652076
652687
652771
652828
652991
653068
653391
653493
653782
653924
653968
654292
654464
654722
654792
654969
655099
655271
655423
655499
655570
655759
655862
656004
656076
656237
656355
656506
656632
656802
656949
657103
657274
657462
657630
657756
657849
658024
658183
658309
658422
658517
658666
658753
658940
659018
659067
659184
659280
659330
659559
659650
659792
659843
659918
660022
660090
660242
660340
660476
660661
660919
660967
661026
661106
661161
661241
661337
661606
661652
661871
661986
662069
662186
662338
662489
662543
662681
663124
663277
663906
664099
664468
664595
664813
664979
665063
665297
665411
665677
665814
665931
666086
666360
666525
667068
667582
667815
668079
668175
668348
668488
668659
668793
668914
669012
669087
669170
669320
669401
669512
669674
669780
670013
670133
670208
670396
670477
670693
670930
670993
671054
671197
671283
671398
671479
671583
671756
671846
671972
672206
672320
672395
672656
672738
672839
673000
673317
673399
673595
673725
673977
674063
674301
674381
674475
674586
674948
675027
675151
675354
675488
675647
675847
676228
676340
676489
676560
676853
676978
677087
677188
677362
677492
677636
677692
677831
677893
677975
678097
678265
678497
678583
678653
678751
678828
678964
679112
679357
679433
679554
679848
679936
680039
680200
680341
680541
680746
680824
680966
681216
681399
681487
681561
681587
681646
681738
681950
682113
682313
682404
682495
682560
682816
683063
683108
683284
683450
683548
684068
684288
684474
684527
684713
684915
685416
685584
685682
685794
686013
686217
686326
686452
686615
686799
687032
687197
687241
687368
687558
687702
687769
687841
687922
688020
688132
688246
688430
688509
688821
688926
689115
689231
689283
689422
689493
689628
689772
689881
690067
690373
690511
690592
690733
690811
690869
690990
691064
691158
691296
691434
691560
691828
691917
692040
692193
692265
692593
692683
692810
692972
693324
693485
693563
693636
693818
693908
694035
694139
694220
694366
694499
694633
694667
694908
695025
695122
695191
695345
695508
695707
695788
696073
696179
696263
696370
696543
696688
696806
696911
696975
697084
697252
697302
697393
697483
697552
697715
697839
697939
698007
698158
698235
698359
698564
698679
698758
698934
699008
699062
699212
699341
699461
699580
699659
699817
699929
700043
700119
700155
700312
700428
700504
700707
700829
700936
701064
701213
701317
701418
701522
701588
701692
701804
701941
702060
702152
702228
702346
702421
702517
702563
702687
702843
702925
703065
703157
703325
703414
703525
703633
704035
704255
704368
704565
704654
704781
704876
704948
705066
705234
705322
705507
705641
705786
705889
705944
706057
706144
706289
706421
706528
706609
706724
706855
706896
707080
707208
707283
707395
707474
707575
707674
707804
707861
707989
708050
708161
708266
708414
708592
708691
708846
709022
709094
709154
709323
709385
709501
709627
709745
709809
709940
710058
710350
710559
710697
710779
710897
711045
711168
711284
711350
711497
711600
711670
711837
711961
712114
712208
712347
712489
712601
712660
712803
712910
713154
713219
713364
713425
713499
713632
713754
713928
714209
714308
714430
714558
714650
714807
714870
714947
715075
715188
715291
715365
715516
715675
715906
715994
716076
716152
716318
716373
716473
716729
716900
717011
717129
717209
717293
717453
717622
717763
717909
718037
718178
718320
718442
718589
718695
718772
718916
719005
719055
719182
719315
719379
719464
719628
719765
719873
719964
720075
720195
720284
720398
720547
720684
720764
720919
721193
721482
721599
721758
721818
721893
721992
722081
722183
722260
722424
722546
722652
722760
722895
723020
723162
723278
723612
723672
723783
723874
724048
724139
724368
724426
724677
724769
724924
725018
725162
725366
725432
725508
725712
725799
725965
726021
726126
726260
726413
726538
726721
726882
726984
727108
727174
727356
727411
727544
727609
727690
727872
727998
728129
728294
728453
728616
728722
728819
728915
729015
729293
729439
729552
729642
729770
729884
730019
730098
730294
730398
730517
730617
730699
730784
730940
731095
731198
731338
731425
731563
731740
731861
732027
732090
732447
732591
732731
732797
732935
733084
733239
733297
733363
733481
733618
733753
734004
734139
734257
734384
734680
734776
734871
735019
735213
735327
735473
735558
735770
735862
735910
736068
736162
736218
736294
736363
736612
736723
736919
736981
737098
737255
737381
737462
737590
737731
737796
737909
738047
738198
738368
738512
738655
738772
738872
739015
739135
739250
739340
739459
739570
739662
739762
739900
739952
740229
740307
740409
740468
740685
740800
740892
741012
741146
741250
741334
741409
741535
741718
741861
742002
742213
742361
742444
742768
742896
743023
743205
743376
743537
743611
743717
743873
744008
744149
744251
744536
744587
744711
744933
745045
745218
745285
745448
745675
745872
745982
746087
746246
746334
746481
746617
746710
746911
747006
747077
747206
747296
747399
747706
747958
748044
748140
748284
748359
748525
748598
748697
748779
748914
748981
749037
749176
749241
749414
749580
749659
749832
750019
750100
750158
750284
750374
750480
750618
750690
750827
750885
750980
751110
751197
751456
751627
751791
751936
752240
752348
752456
752580
752781
752865
752952
753020
753154
753204
753415
753460
753682
753767
753876
754032
754270
754421
754807
754865
755064
755145
755227
755387
755499
755618
755749
755938
756007
756412
756491
756865
756946
757316
757559
757738
757845
757978
758075
758228
758411
758493
758648
758751
758904
759028
759196
759380
759480
759703
759873
759933
760038
760180
760307
760442
760527
760653
760695
760782
760893
760974
761097
761413
761548
761680
761786
761922
762133
762210
762260
762574
762766
762829
762928
763164
763423
763534
763763
763820
763859
763943
764008
764176
764280
764449
764537
764666
764784
764936
765040
765177
765231
765248
765331
765548
765674
765910
766041
766093
766336
766394
766555
766648
766909
767017
767096
767239
767318
767394
767496
767632
767678
767807
767914
768117
768214
768291
768381
768482
768566
768743
768807
768872
768946
769073
769160
769381
769427
769508
769649
769742
769929
770045
770181
770248
770396
770604
770753
770885
770958
771078
771440
771519
771602
771695
771833
771995
772522
772625
772682
772795
772937
773104
773197
773364
773549
773741
773873
773949
774233
774337
774435
774573
774658
774792
774839
774931
774984
775054
775223
775333
775443
775516
775757
775893
776130
776307
776438
776653
776722
776879
776973
777096
777223
777356
777543
777720
777835
777989
778196
778225
778306
778482
778616
778744
779087
779220
779318
779503
779675
779819
779967
780182
780320
780434
780501
780558
780639
780776
780936
781042
781160
781243
781306
781385
781459
781894
782043
782130
782293
782393
782510
782645
782802
782982
783073
783176
783269
783545
783594
783643
783758
783805
784034
784214
784324
784411
784701
784759
785070
785156
785234
785309
785495
785616
785754
785884
785980
786146
786433
786581
786708
786848
786950
787061
787225
787396
787624
787698
787870
787986
788070
788200
788386
788543
788749
788829
788951
789033
789216
789413
789555
789667
789742
789914
790011
790128
790288
790432
790494
790578
790781
790907
791028
791091
791239
791368
791454
791560
791643
791755
791919
792006
792084
792247
792347
792416
792517
792593
792774
792876
793045
793132
793304
793416
793500
793624
793711
793950
794053
794168
794238
794537
794584
794691
794807
795085
795165
795205
795297
795513
795606
795732
795859
795948
796158
796285
796496
796828
796963
797072
797246
797425
797614
797738
797859
798222
798292
798485
798677
798838
798907
799104
799278
799387
799538
799676
799772
799901
800088
800187
800257
800371
800500
800657
800808
801055
801194
801310
801482
801623
801741
801833
801998
802076
802224
802333
802409
802714
802775
802962
803084
803271
803492
803634
803806
803981
804097
804300
804413
804648
804726
804798
804985
805074
805246
805335
805422
805681
805834
805987
806164
806262
806507
806690
806890
807101
807258
807441
807671
807759
807897
808072
808184
808225
808312
808395
808605
808768
808914
809046
809177
809287
809482
809603
809805
810011
810130
810218
810322
810458
810649
810750
810873
810999
811077
811197
811341
811385
811502
811701
811752
811878
811985
812057
812256
812301
812400
812522
812702
812944
812981
813080
813221
813304
813526
813590
813686
813865
813972
814065
814206
814316
814410
814534
814737
814857
814972
815068
815189
815471
815602
815743
815852
815905
816024
816201
816328
816477
816679
816751
816860
817009
817163
817249
817403
817514
817664
817820
817977
818071
818150
818322
818431
818605
818735
818860
818937
819044
819203
819235
819376
819460
819542
819701
819818
819934
820094
820223
820323
820391
820488
820667
820842
821097
821151
821402
821514
821732
821793
821927
822084
822271
822426
822469
822602
822763
822922
822973
823173
823277
823439
823563
823781
823863
823986
824141
824215
824376
824503
824604
824727
824891
824965
825067
825179
825328
825474
825569
825799
825878
825932
826110
826221
826283
826407
826797
826864
827046
827234
827392
827459
827541
827880
827980
828160
828385
828496
828616
828677
828807
828949
829068
829262
829573
829705
829976
830131
830364
830474
830663
830886
831343
831555
831737
831884
832010
832192
832451
832667
832803
832917
833099
833257
833392
833563
833799
833892
834072
834503
834591
834714
834841
835016
835344
835433
835519
835651
835843
836231
836291
836502
836706
836769
836864
836992
837058
837296
837491
837675
837753
837918
838020
838102
838306
838479
839003
839071
839191
839479
839528
839648
839837
840060
840192
840287
840494
840673
840972
841090
841359
841466
841753
841954
842158
842379
842557
842787
842952
843155
843285
843502
843732
843819
844763
844820
844937
845047
845132
845233
845336
845562
845717
845802
845981
846116
846209
846343
846442
846594
846692
847102
847311
847356
847478
847556
847844
848004
848100
848242
848458
848577
848745
848853
848982
849215
849283
849704
849788
849926
850069
850260
850446
850596
850670
850844
850950
851056
851190
851292
851410
851614
851830
852008
852109
852381
852519
852575
852709
852852
852984
853089
853167
853290
853421
853571
853676
853811
853930
854056
854264
854375
854527
854646
854763
854915
855004
855370
855536
855651
855747
855792
855902
856140
856312
856599
856742
856869
856922
857118
857235
857328
857489
857578
857717
857896
857988
858184
858260
858544
858725
858796
858923
859072
859246
859321
859478
859528
859680
859856
859989
860064
860171
860256
860440
860628
860745
860884
861212
861337
861439
861636
861789
861834
861944
862028
862125
862200
862285
862410
862458
862544
862618
862842
862953
863062
863151
863256
863331
863544
863645
863761
863908
864048
864106
864193
864270
864402
864585
864663
864913
865014
865100
865202
865278
865445
865649
865768
865929
866045
866135
866198
866389
866471
866579
866747
866805
866889
866958
867059
867221
867367
867487
867563
867750
867828
868073
868189
868243
868389
868481
868618
868751
869100
869213
869323
869431
869550
869753
869902
870006
870180
870278
870388
870490
870620
870740
870786
870897
871001
871270
871460
871538
871612
871689
871798
871841
871956
872120
872212
872517
872562
872690
872834
872896
873002
873112
873211
873455
873562
873686
873765
873896
873980
874036
874103
874198
874324
874499
874595
874658
874797
874878
875007
875163
875393
875450
875617
875704
875779
875889
876057
876324
876414
876502
876719
876822
876828
876872
876999
877125
877226
877432
877485
877637
877742
877843
877928
878047
878234
878324
878377
878530
878653
878764
878888
878984
879122
879182
879302
879411
879514
879603
879742
879871
880022
880071
880160
880278
880358
880459
880535
880616
880747
880792
880946
881133
881276
881340
881420
881530
881789
881889
882040
882121
882190
882207
882297
882465
882573
882665
882831
882904
883029
883127
883200
883340
883406
883460
883530
883696
883754
883962
884107
884203
884333
884400
884465
884624
884749
884893
885010
885176
885208
885361
885450
885561
885677
885714
885785
885829
885958
886041
886111
886203
886314
886450
886592
886730
886865
887006
887179
887414
887498
887621
887774
887883
888051
888172
888270
888330
888412
888515
888683
888797
888851
889168
889265
889359
889447
889547
889659
889706
889813
889950
890047
890178
890296
890421
890544
890876
890956
891051
891141
891235
891367
891476
891609
891721
891859
892014
892137
892305
892383
892569
892648
892754
892812
892987
893072
893179
893296
893362
893469
893560
893730
893820
893928
894127
894302
894456
894670
894751
895066
895190
895424
895522
895768
895818
895986
896068
896148
896222
896397
896555
896720
896804
896977
897020
897114
897235
897294
897509
897578
897772
897916
897994
898291
898413
898474
898662
898727
898875
899010
899090
899292
899429
899560
899649
899745
899894
900009
900130
900221
900422
900519
900667
900825
900995
901064
901177
901301
901377
901477
901581
901828
901976
902096
902246
902426
902579
902648
902788
902921
902996
903089
903211
903337
903468
903564
903715
903726
903819
903927
904075
904345
904403
904458
904630
904752
904842
904933
905059
905152
905248
905445
905506
905691
905758
905855
905992
906101
906279
906426
906567
906623
906833
906994
907117
907201
907273
907403
907555
907644
907736
907850
907973
908137
908303
908385
908526
908643
908730
908910
909041
909134
909219
909315
909451
909530
909655
909769
909885
910166
910335
910471
910555
910673
910811
910859
911028
911185
911383
911471
911643
911778
911920
912086
912365
912483
912586
912697
912777
913007
913086
913239
913452
913509
913661
913761
913919
914089
914252
914399
914807
914934
915244
915338
915410
915529
915676
915770
915979
916162
916279
916414
916599
916715
916864
916970
917034
917232
917366
917501
917737
917839
917991
918192
918281
918367
918452
918536
918679
918810
918881
919010
919195
919339
919533
919664
919765
919832
919974
920085
920247
920427
920607
920705
920801
920877
921121
921244
921387
921660
921822
921862
921906
921996
922233
922362
922422
922636
922788
922984
923061
923167
923387
923473
923606
923716
923793
924027
924150
924237
924576
924666
924745
924883
925021
925124
925215
925319
925407
925565
925687
925799
925871
925990
926155
926252
926351
926502
926603
926707
926803
926899
927090
927172
927300
927423
927465
927551
927730
927937
928019
928156
928317
928622
928758
928839
929015
929246
929398
929491
929621
929709
929937
930015
930159
930240
930367
930511
930717
930793
930896
931007
931130
931256
931404
931503
931580
931780
931897
931968
932129
932193
932309
932376
932563
932721
932794
932984
933307
933391
933459
933557
933682
933823
933952
934142
934254
934468
934534
934709
934796
934880
934969
935139
935254
935411
935628
935760
935863
936007
936136
936237
936291
936372
936529
936691
936785
936919
937025
937117
937204
937269
937523
937598
937735
937956
938122
938176
938401
938563
938619
938797
938919
939014
939156
939331
939507
939582
939730
939826
939960
940127
940239
940327
940465
940659
940774
940877
941012
941185
941226
941651
941848
941978
942075
942149
942246
942402
942642
942698
942824
943107
943215
943337
943427
943536
943653
943830
944128
944296
944461
944574
944672
944850
944969
945312
945523
945721
945873
946115
946282
946409
946715
947040
947098
947205
947363
947447
947621
947825
947900
948044
948290
948404
948639
948842
948985
949083
949274
949436
949602
949819
949964
950097
950228
950327
950454
950634
950707
950811
950923
951000
951142
951394
951483
951622
951785
951907
952034
952161
952271
952372
952562
952636
952705
952876
953005
953320
953499
953607
953826
953910
954042
954121
954289
954424
954530
954645
954792
954984
955034
955145
955262
955404
955481
955587
955737
955916
956167
956287
956368
956461
956716
956820
956969
957092
957245
957334
957461
957585
957747
957852
957947
958025
958173
958278
958398
958507
958621
958740
958906
958981
959096
959236
959384
959526
959599
959757
959874
960025
960156
960250
960397
960472
960642
960735
960827
961085
961168
961299
961347
961452
961534
961722
961877
961979
962163
962271
962474
962629
962741
962808
962935
963070
963132
963295
963435
963513
963708
963831
963955
963985
964228
964449
964576
964662
964798
964894
965018
965131
965248
965328
965434
965581
965704
965768
965986
966101
966197
966282
966500
966599
966759
966852
966949
967068
967232
967302
967399
967468
967542
967696
967781
967930
968083
968351
968482
968586
968685
969087
969256
969350
969406
969550
969681
969791
969942
970045
970153
970301
970452
970536
970631
970847
970968
971203
971303
971419
971582
971648
971653
971819
971901
971995
972098
972203
972369
972532
972714
972856
973029
973187
973530
973667
973835
974141
974249
974363
974937
975000
975084
975309
975420
975684
975789
975981
976078
976338
976468
976754
976857
977052
977212
977261
977451
977553
977679
977895
978070
978371
978481
978661
978836
978975
979210
979429
979649
979747
980016
980145
980236
980379
980539
980714
980893
981042
981234
981856
981955
982169
982245
982501
982723
982809
983000
983080
983185
983318
983510
983686
983837
983998
984139
984221
