5
131
245
543
737
984
1120
1355
1459
1579
1703
1747
1861
1938
2035
2327
2439
2563
2703
3122
3245
3355
3523
3660
3833
4043
4214
4391
4558
4824
4953
5135
5259
5489
5566
5767
5885
6035
6206
6369
6470
6609
6739
6855
6975
7136
7355
7564
7732
7891
8054
8238
8494
8585
8738
8833
9024
9091
9249
9404
9568
9702
9892
10069
10197
10369
10583
10819
10964
11094
11188
11337
11467
11630
11756
11979
12162
12388
12528
12656
12814
13025
13108
13243
13399
13535
13670
13936
14034
14216
14392
14481
14694
14849
15123
15276
15392
15491
15691
15828
15918
16102
16215
16332
16454
16570
16745
16826
16992
17140
17362
17497
17742
17865
18063
18219
18298
18464
18623
18839
18984
19166
19334
19459
19521
19685
19903
20045
20230
20420
20542
20622
20766
20833
20951
21056
21277
21374
21549
21699
21794
22038
22284
22498
22620
22683
22780
22934
23123
23252
23375
23484
23614
23708
24000
24101
24245
24393
24721
24812
24910
25069
25190
25275
25468
25595
25842
26019
26157
26308
26508
26578
26707
26814
26970
27111
27271
27347
27457
27569
27688
27869
27986
28202
28350
28486
28774
29232
29548
30152
30217
30408
30577
30918
31029
31191
31458
31758
32027
32179
32269
32418
32787
32927
33085
33266
33508
33734
33832
33941
34054
34214
34350
34517
34804
34924
35251
35339
35635
35884
36114
36341
36474
36625
36778
36961
37170
37356
37692
37804
38060
38290
38495
38686
38863
39022
39130
39312
39426
39612
39750
39854
40010
40205
40342
40540
40666
40797
41110
41221
41461
41816
42091
42317
42491
42680
42778
43003
43137
43249
43405
43497
43692
43966
44140
44350
44552
44721
44958
45111
45421
45723
45935
46120
46278
46487
46638
46819
46927
47065
47188
47295
47468
47550
47681
47753
47892
48001
48177
48306
48517
48636
48801
48968
49096
49317
49434
49558
49670
49863
50006
50246
50726
50895
51112
51192
51399
51578
51662
51791
52010
52167
52319
52454
52691
52975
53212
53416
53905
54030
54181
54338
54565
54709
54951
55291
55448
55725
56043
56182
56385
56590
56779
56859
57050
57222
57298
57464
57685
57919
58137
58260
58520
58625
58787
58948
58975
59271
59337
59555
59641
59928
60159
60318
60438
60555
60916
61077
61202
61481
61736
61926
62211
62226
62328
62702
62816
62915
63145
63330
63440
63664
64037
64108
64190
64322
64562
64818
64943
65119
65293
65511
65683
65896
66036
66225
66492
66693
66899
67048
67231
67323
67481
67705
67902
68176
68478
68759
68864
69063
69147
69281
69396
69645
69769
69922
70071
70269
70446
70598
70750
70856
70995
71133
71391
71507
71702
71733
71989
72088
72207
72299
72419
72624
72718
72919
73067
73235
73422
73562
73650
73951
74106
74296
74459
74697
74834
74972
75081
75244
75404
75532
75649
75755
75889
76096
76288
76496
76572
76803
76918
77069
77175
77293
77432
77531
77658
77821
77944
78094
78314
78616
78831
79005
79240
79369
79544
79606
79842
80015
80167
80356
80496
80689
80801
80887
81075
81351
81515
81676
81766
81951
82024
82177
82375
82457
82640
82707
82906
83126
83420
83573
83713
83837
83990
84166
84339
84534
84699
84787
84884
85052
85207
85454
85535
85745
85936
86207
86325
86548
86711
86853
86979
87123
87368
87504
87694
87907
88081
88206
88371
88478
88571
88760
88845
88905
89092
89185
89541
89700
89914
90011
90172
90368
90490
90630
90781
90848
90974
91132
91270
91466
91649
91792
91903
92342
92488
92690
92849
92956
93139
93242
93465
93645
93756
93878
94104
94212
94330
94444
94568
94771
94956
95069
95217
95312
95421
95524
95714
95821
96002
96136
96290
96453
96562
96685
96838
96940
97184
97268
97388
97621
97759
97963
98088
98284
98399
98654
99001
99151
99329
99450
99747
99873
100009
100256
100734
100857
101036
101193
101395
101513
101617
101704
101809
101967
102141
102267
102442
102544
102736
103099
103367
103507
103631
103745
103844
103975
104125
104294
104410
104534
104691
104881
105093
105224
105559
105753
105907
106067
106178
106270
106320
106481
106599
106728
106960
107121
107254
107473
107586
107742
107902
108011
108134
108301
108370
108496
108649
108788
108904
109054
109179
109302
109482
109564
109759
109908
110082
110390
110484
110606
110838
110946
111071
111219
111386
111521
111640
111744
111936
112112
112220
112411
112540
112663
112825
112898
113049
113162
113376
113521
113620
113796
113964
114159
114370
114486
114636
114882
114976
115211
115334
115544
115642
115845
116024
116198
116296
116478
116600
116707
116922
117119
117271
117423
117578
117754
117922
118005
118244
118331
118441
118639
118772
118971
119076
119324
119544
119701
119848
119944
120151
120369
120493
120600
120751
120880
121069
121232
121402
121529
121661
121755
121906
122105
122280
122445
122592
122721
122842
123037
123164
123322
123537
123680
123814
123887
124000
124260
124376
124532
124691
124848
124932
125099
125197
125355
125441
125617
125762
125893
126030
126164
126413
126510
126639
126715
126890
127044
127220
127369
127523
127668
127786
127972
128092
128275
128374
128522
128610
128737
128921
129040
129173
129351
129533
129721
129849
130046
130118
130232
130302
130360
130415
130550
130707
130846
130957
131086
131317
131491
131641
131872
132039
132165
132269
132476
132615
132698
132986
133117
133251
133551
133673
133785
133947
134046
134234
134448
134542
134850
134933
135080
135244
135388
135535
135731
135822
135964
136135
136270
136347
136443
136804
137019
137057
137146
137387
137513
137608
137748
137843
137992
138171
138298
138401
138498
138716
138847
139013
139098
139258
139377
139495
139599
139765
139866
140090
140212
140393
140537
140713
140820
141037
141231
141551
141663
141786
141959
142083
142213
142309
142478
142667
142794
142930
143059
143287
143426
143673
143772
143923
144057
144154
144269
144396
144556
144694
144840
145029
145163
145346
145434
145585
145905
146105
146197
146367
146552
146841
147090
147198
147279
147446
147514
147617
147762
147867
147988
148101
148181
148371
148562
148669
148910
148998
149123
149326
149487
149585
149825
149899
150059
150169
150375
150574
150673
150801
150895
151005
151090
151286
151482
151621
151728
151830
151998
152045
152188
152353
152464
152605
152766
152867
153009
153117
153234
153402
153512
153659
153815
153988
154225
154357
154556
154706
154884
155051
155210
155365
155584
155750
155910
156154
156302
156478
156593
156785
156942
157081
157294
157409
157666
157760
157864
158024
158186
158348
158514
158633
158856
158984
159291
159426
159551
159798
159863
160027
160154
160355
160576
160669
160816
160904
161084
161202
161442
161639
161797
161955
162062
162242
162431
162588
162694
162962
163089
163217
163369
163492
163721
163894
164041
164217
164337
164538
164659
164872
165011
165300
165377
165491
165642
165763
165970
166160
166269
166546
166797
166938
167138
167204
167323
167534
167641
167883
168013
168165
168341
168493
168648
168784
169001
169194
169275
169378
169470
169658
169824
170000
170183
170307
170450
170705
170919
171057
171161
171324
171529
171690
171848
171986
172130
172231
172383
172504
172751
172835
173032
173213
173329
173521
173744
173892
174115
174569
174690
174854
175039
175380
175859
176113
176468
176719
177449
177685
177873
177955
178204
178269
178429
178634
178847
178944
179241
179427
179581
179708
180161
180620
180834
180943
181517
181747
181862
182087
182194
182327
182501
182626
182973
183098
183361
183483
183568
183842
183976
184152
184287
184427
184616
184720
184859
185060
185217
185366
185556
185846
185982
186085
186243
186330
186491
186634
186910
187050
187181
187403
187571
187726
187927
188080
188170
188313
188445
188676
188876
189196
189350
189495
189649
189787
189960
190082
190186
190327
190500
190693
190812
191029
191246
191408
191664
191822
191966
192146
192294
192442
192586
192725
192890
193326
193393
193482
193680
193959
194223
194346
194481
194589
194694
194793
194952
195046
195223
195404
195592
195733
195880
196064
196274
196376
196601
196705
197044
197160
197381
197553
197669
197808
197979
198092
198214
198350
198464
198670
198751
198882
199031
199211
199366
199454
199627
199757
199903
200008
200254
200358
200472
200648
200787
200969
201107
201250
201476
201624
201705
201918
202073
202339
202486
202596
202745
202865
203038
203174
203350
203546
203728
203884
204067
204222
204345
204437
204525
204679
204770
204860
205110
205269
205458
205613
205769
205916
206034
206210
206353
206449
206614
206788
206898
207084
207166
207334
207436
207570
207689
207824
207965
208097
208242
208377
208504
208658
208843
209035
209176
209307
209465
209966
210087
210220
210435
210535
210761
210941
211058
211162
211361
211494
211663
211845
211950
212192
212307
212407
212524
212672
212792
212931
213123
213238
213365
213482
213651
213800
213968
214139
214310
214451
214599
214688
214790
214892
215035
215214
215345
215546
215716
215825
216009
216155
216323
216492
216604
216792
216942
217082
217236
217332
217541
217659
217777
217913
218011
218247
218412
218585
218672
218820
218954
219086
219230
219395
219535
219638
219984
220111
220303
220460
220620
220771
220918
221022
221315
221447
221583
221705
221901
222075
222181
222306
222408
222573
222641
222944
223172
223298
223411
223532
223725
223934
224088
224269
224394
224505
224667
224835
224948
225088
225368
225510
225653
225871
226232
226665
226791
227141
227296
227505
227648
227950
228255
228493
228624
228845
229040
229235
229472
229706
229986
230085
230270
230405
230659
230808
230968
231187
231542
232217
232515
232711
232815
233158
233230
233440
233513
233639
233689
233789
233866
233999
234138
234201
234316
234439
234589
234683
234856
234920
235034
235145
235338
235462
235586
235768
235929
236017
236280
236347
236484
236588
236694
236882
236984
237138
237282
237387
237531
237679
237803
237971
238066
238237
238370
238519
238761
238858
238993
239066
239213
239413
239514
239641
239789
239963
240109
240219
240398
240525
240716
240823
240965
241143
241259
241373
241521
241654
241853
241984
242205
242460
242570
242686
242785
242945
243086
243249
243443
243593
243696
243796
243965
244161
244376
244665
244786
244903
244985
245104
245281
245446
245621
245814
246004
246146
246220
246567
246730
246882
247067
247218
247355
247452
247589
247809
247951
248053
248196
248515
248710
248896
249020
249137
249305
249539
249822
249942
250021
250328
250480
250604
250788
250928
251009
251145
251256
251363
251579
251707
251928
252312
252430
252656
252878
253091
253262
253372
253457
253604
253735
253865
254295
254370
254494
254661
254979
255154
255226
255285
255566
255702
255815
255981
256262
256360
256485
256613
256783
256901
257046
257215
257424
257595
257826
257923
258051
258234
258527
258668
258873
259087
259187
259353
259553
259668
259752
259919
260155
260305
260452
260596
260720
260813
260951
261105
261296
261449
261718
261816
262048
262168
262265
262568
262760
262954
263056
263229
263439
263632
263821
263952
264235
264327
264516
264792
264918
265159
265314
265491
265651
265825
265987
266151
266296
266398
266754
266796
266967
267255
267422
267551
267867
268241
268351
268529
268709
268882
269049
269160
269347
269515
269662
269802
269998
270222
270439
270607
270694
271178
271344
271519
271669
271829
271962
272073
272187
272270
272424
272571
272789
272911
273050
273182
273365
273514
273881
274039
274313
274497
274698
274810
274993
275206
275325
275444
275626
275870
276034
276205
276324
276430
276657
276796
276975
277081
277182
277291
277431
277714
277837
278114
278266
278419
278498
278614
278814
279025
279154
279269
279399
279603
279710
279814
279988
280148
280341
280452
280609
280748
280849
280965
281105
281260
281358
281497
281911
282064
282194
282334
282502
282681
282824
283023
283269
283428
283619
283771
283857
283940
284105
284218
284371
284485
284657
284796
284947
285069
285335
285482
285640
285764
285978
286138
286219
286386
286527
286649
286779
286943
287021
287122
287344
287515
287619
287798
288014
288154
288288
288495
288680
288792
288943
289138
289367
289493
289639
289734
289840
290026
290131
290326
290477
290773
290973
291149
291287
291401
291645
291712
291838
291992
292101
292265
292435
292604
292675
292874
293051
293175
293329
293432
293571
293746
293967
294099
294190
294330
294542
294710
294834
294975
295167
295281
295544
295729
295869
296063
296165
296401
296524
296687
296843
296962
296984
297167
297422
297580
298466
298602
298792
298964
299139
299265
299370
299507
299578
299699
299828
300049
300140
300421
300590
300779
300925
301120
301233
301513
301639
301794
301895
302070
302219
302376
302593
302813
303040
303264
303380
303727
303863
304007
304163
304438
304592
304774
304959
305280
305409
305473
305589
305732
305908
306051
306256
306454
306693
306868
306972
307177
307419
307539
307631
307753
308025
308225
308502
308670
308924
309075
309378
309644
309779
310006
310311
310719
310972
311108
311285
311454
311812
311941
312048
312230
312470
312686
312869
313067
313244
313380
313523
313647
313792
313909
314168
314285
314734
314882
315069
315203
315398
315476
315855
316012
316132
316402
316541
316699
316868
317067
317655
317759
317872
317995
318345
318586
318839
319193
319399
319593
319723
319887
319983
320168
320509
320614
320825
321018
321099
321336
321521
321692
321870
321905
322120
322358
322529
322627
322854
323233
323459
323585
323788
323914
324050
324289
324524
324762
324987
325538
325655
325851
326019
326372
326595
326747
326869
327124
327249
327406
327540
327696
327882
328025
328183
328316
328523
328655
329223
329487
329636
329811
329973
330151
330303
330414
330716
330824
330971
331135
331350
331466
331591
331698
331809
331939
332037
332121
332284
332512
332620
332864
333114
333323
333552
333702
333874
334072
334187
334293
334485
334863
334953
335289
335567
335935
336023
336166
336299
336386
336539
336654
336891
337099
337261
337435
337544
337622
337923
338098
338203
338390
338546
338839
338965
339126
339293
339445
339597
339790
339885
340009
340278
340431
340604
340777
340924
341041
341220
341436
341549
341641
341786
341959
342167
342276
342626
343256
343398
343593
343737
344166
344327
344536
344690
344806
344992
345251
345483
345591
345726
345870
345978
346118
346243
346406
346578
346767
346882
347109
347390
347672
347794
347917
348036
348268
348596
348767
349132
349229
349382
349467
349645
349850
349956
350096
350226
350335
350423
350537
350675
350826
351121
351271
351413
351624
351724
351963
352087
352196
352543
352660
352812
352922
353031
353171
353324
353509
353707
353870
354045
354166
354325
354425
354564
354697
354836
354983
355197
355307
355455
355603
355769
355845
356024
356161
356277
356415
356514
356631
356830
357016
357145
357282
357375
357669
357813
357957
358074
358185
358374
358587
358775
359013
359133
359313
359328
359471
359797
359984
360062
360311
360481
360636
360708
360895
360937
361042
361253
361437
361683
361784
362036
362169
362317
362481
362558
362731
362823
362984
363120
363248
363377
363536
363638
363803
363943
364095
364279
364455
364574
364748
364894
365053
365141
365299
365458
365630
365803
365910
366024
366191
366398
366570
366735
366883
367105
367270
367385
367515
367670
367993
368319
368422
368696
368834
369015
369215
369371
369553
369631
369949
370061
370186
370294
370495
370746
370945
371013
371133
371224
371447
371575
371783
371942
372043
372166
372390
372498
372624
372873
373069
373180
373309
373479
373625
373743
374033
374189
374343
374490
374703
374786
374906
375051
375141
375228
375370
375544
375678
375836
375967
376054
376220
376440
376542
376727
376927
377223
377377
377505
377615
377714
377835
378023
378183
378327
378436
378624
378734
378931
379127
379308
379479
379659
379830
379950
380139
380275
380392
380528
380694
380848
381015
381139
381354
381502
381604
381745
381873
382029
382199
382403
382540
382633
382750
382909
383089
383252
383419
383557
383698
383888
384115
384231
384352
384478
384592
384684
384834
385062
385316
385723
385895
386012
386147
386309
386580
386708
386820
387059
387264
387406
387622
387971
388076
388405
388588
388860
388982
389066
389137
389222
389422
389704
389825
389972
390208
390351
390570
390714
390839
390958
391080
391189
391330
391507
391632
391768
391914
392059
392181
392280
392479
392635
392836
392977
393114
393228
393370
393536
393672
393838
393929
394099
394212
394363
394453
394635
394797
395082
395286
395621
395842
396021
396240
396342
396711
396859
396965
397111
397411
397631
397817
398030
398146
398384
398827
398975
399133
399239
399422
399616
399836
399984
400167
400326
400466
400688
400808
400954
401108
401294
401430
401523
401626
401893
402030
402201
402433
402598
402739
402846
403059
403178
403288
403479
403634
403776
403974
404143
404253
404397
404557
404689
404871
405074
405273
405423
405529
405689
405761
405875
406049
406213
406402
406598
406699
406843
406925
407071
407227
407385
407536
407622
407817
408088
408157
408259
408401
408647
408817
408980
409092
409204
409505
409615
409908
410024
410223
410307
410623
410768
410921
411074
411179
411263
411600
411642
411800
411894
412012
412341
412473
412681
412949
413124
413299
413961
414150
414313
414574
414824
415107
415200
415293
415504
415711
416219
416398
416576
416752
416844
416963
417123
417286
417465
417632
417758
417908
417983
418121
418290
418382
418530
418703
418865
419070
419211
419374
419476
419604
419754
419884
420036
420163
420284
420385
420509
420572
421024
421396
421562
421660
421850
422004
422112
422352
422518
422611
422735
423018
423119
423274
423365
423510
423692
423834
423985
424226
424521
424637
424766
425004
425097
425238
425359
425449
425587
425743
425915
426046
426165
426277
426474
426610
426721
426901
427021
427138
427321
427470
427693
427802
428035
428209
428358
428472
428584
428766
428850
428973
429151
429333
429450
429755
429956
430085
430233
430607
430712
430943
431065
431221
431394
431604
431724
431899
432026
432166
432383
432543
432716
432826
432971
433131
433299
433404
433511
433654
433868
434015
434123
434286
434404
434526
434639
434867
435068
435208
435411
435580
435717
435869
436041
436268
436328
436461
436581
436869
437109
437274
437379
437766
438002
438104
438290
438408
438595
438780
438873
439025
439168
439321
439472
439646
439807
439975
440064
440111
440369
440458
440581
440734
440843
441014
441126
441420
441599
441737
441905
442082
442204
442377
442564
442694
442868
443044
443117
443215
443321
443475
443597
443755
444017
444168
444341
444514
444778
444966
445085
445314
445466
445590
445755
445948
446078
446187
446506
446818
447076
447198
447346
447554
447627
447740
447883
448042
448185
448304
448438
448602
448800
448886
449058
449137
449282
449458
449637
449818
449976
450160
450367
450491
450591
450725
450844
451042
451191
451334
451737
451812
452155
452301
452446
452569
452681
452829
452937
453078
453229
453358
453541
453611
453856
453981
454083
454358
454494
454676
454844
454986
455165
455223
455383
455629
455776
455916
456193
456347
456512
456644
456829
457061
457251
457366
457500
457610
457764
457968
458184
458309
458526
458631
458755
458948
459191
459358
459448
459627
459753
459845
460026
460185
460279
460410
460525
460678
460843
460932
461167
461283
461329
461604
461784
461969
462144
462297
462438
462688
462856
463029
463208
463378
463614
463746
463886
464019
464194
464390
464495
464560
464634
464764
464907
464994
465142
465298
465467
465575
465761
465943
466098
466241
466373
466455
466556
466707
466856
467002
467196
467294
467530
467628
467810
468037
468149
468273
468425
468502
468577
468789
468941
469142
469283
469488
469608
469807
470006
470195
470309
470431
470615
470906
471085
471301
471459
471629
471798
471885
471991
472234
472393
472541
472687
472870
473152
473421
473620
473725
473866
474024
474146
474270
474432
474580
474782
474870
475132
475267
475391
475559
475692
475849
476003
476207
476326
476465
476599
476743
476906
477076
477225
477356
477497
477727
477890
477972
478169
478288
478431
478530
478843
478927
479079
479231
479523
479707
479896
480017
480212
480547
480666
480797
481072
481120
481289
481406
481539
481673
481880
482027
482170
482400
482570
482703
482888
483011
483131
483260
483408
483563
483753
483866
483994
484179
484286
484402
484556
484774
484903
485006
485163
485256
485396
485519
485713
485794
486031
486163
486315
486486
486826
487109
487274
487473
487580
487703
487827
487961
488111
488400
488537
488691
488849
488956
489151
489232
489433
489529
489798
489967
490064
490172
490364
490472
490711
490818
490958
491083
491253
491359
491501
491821
491933
492059
492353
492471
492628
492718
492962
493102
493203
493431
493588
493772
493892
493980
494139
494251
494392
494629
494753
494985
495169
495276
495424
495498
495564
495739
495922
496055
496244
496391
496612
496731
496852
497048
497254
497346
497567
497748
497886
498011
498104
498276
498421
498562
498707
498833
499009
499170
499303
499466
499608
499866
500015
500166
500329
500503
500678
500800
501031
501152
501364
501594
501719
501849
502046
502191
502456
502588
502768
503293
503495
503675
503865
503946
504353
504529
504705
504863
505051
505160
505358
505556
505628
505710
505945
506236
506360
506492
506646
506790
506976
507190
507351
507567
507753
507845
508007
508163
508331
508589
508726
508880
509083
509194
509352
509476
509606
509743
509929
510077
510235
510358
510533
510642
510751
510873
511062
511151
511296
511529
511678
511895
512069
512173
512501
512608
512891
513096
513194
513393
513569
513711
513863
514035
514146
514369
514480
514681
514830
514934
515092
515235
515369
515598
515793
515976
516113
516215
516485
516655
516793
517018
517137
517382
517537
517632
517789
518044
518239
518365
518487
518625
518724
518998
519206
519430
519635
519955
520047
520177
520341
520446
520682
520915
521143
521265
521348
521529
521749
521895
521995
522105
522197
522322
522442
522596
522723
522862
523068
523179
523383
523425
523506
523765
523878
524003
524260
524386
524457
524591
524732
524859
525010
525202
525360
525475
525593
525805
525899
526107
526230
526382
526545
526706
526882
526969
527207
527398
527533
527664
527762
527922
528086
528227
528361
528645
528829
529048
529210
529350
529479
529654
529922
530164
530376
530548
530780
530872
530893
530976
531079
531234
531403
531562
531700
531795
532102
532266
532435
532593
532692
532795
533023
533152
533297
533411
533534
533708
533880
534097
534308
534557
534675
534812
534960
535155
535321
535376
535445
535578
535749
535896
535983
536146
536215
536351
536579
536774
536911
537022
537252
537439
537620
537743
537917
538209
538357
538529
538814
538913
539035
539133
539321
539486
539590
539758
539869
539989
540147
540259
540398
540537
540622
540763
540969
541139
541350
541458
541608
541700
541845
541999
542201
542355
542641
542838
543092
543193
543407
543470
543700
543861
544046
544245
544386
544534
544614
544780
544944
545081
545330
545431
545604
545706
545853
545975
546322
546468
546569
546640
546879
547078
547369
547590
547815
548010
548134
548321
548530
548823
549067
549160
549324
549454
549722
549789
549874
550001
550197
550331
550454
550554
550739
550920
551107
551257
551405
551522
551683
551783
551901
552051
552337
552465
552600
552777
552856
552963
553151
553324
553541
553640
553810
554052
554271
554392
554538
554736
554891
555029
555211
555357
555515
555663
555854
556057
556142
556353
556514
556605
556997
557187
557356
557683
557882
558088
558307
558432
558717
558798
559052
559292
559500
559812
559982
560169
560318
560440
560728
561152
561533
561678
561871
562148
562339
562563
562688
562873
563050
563236
563561
563781
564081
564185
564362
564560
564841
565055
565227
565436
565624
565742
565988
566090
566111
566326
566471
566634
566782
567164
567310
567600
567679
567866
568011
568286
568600
568730
568853
568983
569192
569355
569509
569645
569798
569935
570057
570173
570317
570420
570622
570773
570864
570987
571205
571334
571495
571591
571770
571909
572068
572213
572385
572488
572862
573205
573283
573481
573590
573735
573944
574115
574241
574351
574470
574642
574759
575015
575252
575474
575624
575729
575865
576116
576285
576569
576670
576816
577010
577113
577317
577484
577646
577872
578050
578203
578301
578454
578601
578809
579086
579160
579384
579470
579566
579707
579842
580006
580082
580429
580630
580793
580949
581073
581182
581278
581519
581654
581860
582044
582178
582320
582613
582724
582909
583020
583154
583302
583443
583611
583732
583870
584034
584219
584320
584500
584693
584813
584943
585106
585311
585432
585621
585824
585965
586174
586309
586454
586578
586794
586918
587087
587108
587275
587387
587524
587705
587800
587958
588182
588268
588386
588536
588679
588796
588927
589133
589311
589607
589719
589817
590001
590216
590419
590511
590648
590767
590975
591147
591354
591516
591664
591822
591975
592127
592242
592472
592494
592606
592744
592795
592870
592979
593121
593354
593547
593613
593929
594016
594128
594247
594394
594545
594686
594860
594985
595123
595220
595367
595611
595843
595944
596121
596254
596527
596763
596885
597057
597170
597421
597506
597661
597836
597963
598147
598346
598462
598579
598800
598917
599114
599281
599442
599636
599753
599877
600019
600448
600594
600696
600896
601081
601301
601524
601611
601873
601971
602100
602192
602432
602603
602826
602955
603090
603223
603375
603518
603744
603845
603985
604086
604175
604333
604455
604588
604689
604849
605183
605300
605466
605793
606123
606265
606378
606545
606697
606805
606899
607131
607304
607664
607791
607896
608048
608182
608342
608469
608584
608670
608902
609128
609375
609472
609834
610061
610227
610356
610554
610718
611003
611107
611237
611378
611485
611658
611769
612013
612174
612323
612472
612608
612787
612902
612994
613102
613198
613355
613554
613721
613878
613997
614184
614382
614525
614766
614877
614956
615267
615362
615464
615616
615810
616039
616219
616368
616527
616628
616913
617021
617196
617349
617449
617654
617766
617908
618103
618291
618381
618545
618717
618848
619012
619217
619312
619458
619800
619965
620041
620383
620461
620570
620735
620938
621154
621250
621273
621462
621794
622003
622230
622374
622701
622888
623106
623258
623441
623611
623904
623992
624331
624524
624773
624931
625055
625091
625266
625428
625576
625682
625840
626004
626197
626367
626668
626988
627157
627467
627683
627847
627946
628078
628300
628464
628613
628758
628915
629161
629309
629464
629609
629842
630001
630213
630422
630512
630712
630814
631017
631183
631297
631384
631606
631736
631827
631984
632121
632235
632351
632447
632534
632714
632917
633043
633296
633414
633565
633653
633803
634022
634239
634495
634649
634909
635006
635189
635417
635573
635652
635881
636063
636257
636384
636487
636597
636753
636935
637114
637311
637450
637553
637650
637852
638027
638208
638304
638431
638709
638909
639128
639226
639446
639594
639761
639900
640075
640202
640403
640552
640646
640818
640903
641080
641216
641330
641443
641592
641675
641794
641907
642270
642425
642564
642751
642911
643062
643222
643404
643588
643781
643975
644135
644332
644426
644567
644683
644813
645017
645217
645335
645525
645723
645871
646008
646125
646313
646469
646688
647130
647297
647466
647693
647806
648088
648259
648442
648606
648873
649034
649205
649302
649384
649503
649621
649862
650012
650270
650863
651128
651360
651575
651704
651871
652013
652238
652550
652772
653002
653086
653354
653458
653648
653801
653999
654152
654297
654448
654565
654707
654915
655223
655409
655565
655768
656454
656562
656810
657006
657062
657353
657862
658222
658399
658507
658655
658808
659050
659219
659461
659565
659669
659778
659892
660006
660207
660313
660435
660677
660804
661133
661356
661616
661828
662028
662169
662353
662579
662733
662898
663049
663174
663312
663671
663814
663952
664141
664357
664526
664654
664806
664960
665033
665140
665317
665450
665635
665736
665902
666147
666277
666523
666662
666781
666972
667142
667329
667498
667648
667762
667874
668026
668195
668408
668535
668681
668806
669175
669466
669653
669751
669849
670003
670071
670181
670445
670800
671002
671120
671330
671569
671814
671872
672011
672130
672197
672322
672443
672688
673136
673249
673474
673570
673823
673882
674035
674165
674292
674424
674535
674782
674970
675140
675290
675357
675527
675637
675785
675910
676054
676198
676303
676565
676726
676916
676995
677151
677269
677405
677626
677860
678013
678169
678380
678561
678845
678943
679203
679330
679431
679598
679754
679788
679999
680212
680323
680431
680744
680942
681111
681496
681690
681779
681958
681990
682055
682143
682370
682593
682723
682864
683080
683241
683392
683561
683692
683795
684202
684366
684450
684616
684672
684768
684944
685333
685444
685607
685793
685905
686185
686452
686524
686620
686969
687190
687405
687637
687761
687913
688111
688322
688452
688705
688963
689297
689404
689584
689906
690112
690217
690295
690516
690701
690917
691060
691214
691436
691582
691767
691829
692065
692141
692383
692558
692740
692804
692922
693065
693278
693341
693611
693864
694333
694454
694578
694686
694799
694971
695071
695269
695449
695549
695688
695834
695954
696093
696205
696437
696670
696765
696948
697098
697444
697575
697755
697877
698018
698243
698420
698599
698909
699136
699397
699568
699756
699993
700244
700384
700607
700714
701024
701368
701477
701774
702074
702317
702423
702594
702698
703015
703365
703557
703738
703845
704165
704283
704548
704708
705110
705301
705377
705522
705686
705882
705981
706080
706223
706313
706430
706581
707047
707152
707289
707475
707594
708459
708665
709307
709503
709708
710089
710226
710382
710572
710668
710920
711024
711201
711815
711951
712184
712285
712456
712704
712844
712958
713064
713270
713413
713564
713725
713870
714014
714101
714278
714421
714673
714784
714938
715214
715480
715611
715797
715940
716232
716350
716371
716400
716530
716680
716780
716950
717088
717319
717463
717747
717907
718139
718269
718491
718758
719157
719361
719707
719874
720050
720303
720379
720521
720546
720681
720766
720868
720952
721115
721222
721389
721520
721630
721807
721938
722128
722270
722478
722739
722866
722984
723098
723211
723359
723471
723609
723912
724750
724994
725135
725336
725413
725586
725723
725956
726106
726249
726368
726558
726802
726997
727147
727373
727446
727601
727774
727864
728079
728432
728550
728735
728916
729117
729244
729529
729759
729893
729993
730279
730462
730591
730664
730749
730861
730986
731095
731236
731447
731576
731681
731909
732021
732272
732490
732568
732707
732867
733036
733164
733291
733477
733645
733839
734031
734289
734370
734561
734747
734884
735119
735272
735367
735477
735589
735778
735863
735989
736110
736318
736411
736550
736787
736884
737038
737188
737423
737522
737645
737744
737884
738146
738313
738440
738545
738641
738804
739009
739096
739257
739366
739529
739663
739816
739910
740111
740290
740516
740836
740975
741070
741252
741450
741529
741629
741842
741969
742143
742278
742438
742629
742793
742929
743056
743327
743568
743698
743872
744050
744197
744433
744514
744718
744817
744965
745100
745194
745459
745574
745675
745800
745956
746116
746260
746410
746686
746782
746937
747039
747156
747340
747500
747669
747920
748035
748172
748250
748458
748623
748777
748949
749096
749232
749369
749443
749633
749741
749899
750005
750106
750295
750436
750598
750735
750903
751026
751155
751328
751471
751721
751806
751997
752143
752318
752445
752640
752793
752929
753017
753111
753266
753393
753507
753644
753794
754061
754207
754365
754463
754597
754800
754847
755005
755142
755283
755391
755524
755637
755869
756004
756147
756271
756401
756545
756650
756797
756937
757027
757342
757537
757693
757788
757927
758111
758258
758457
758525
758627
758775
758892
759008
759148
759409
759544
759704
759824
760050
760108
760232
760380
760540
760676
760833
761017
761164
761306
761526
761877
761985
762097
762198
762372
762518
762654
762762
762870
762981
763129
763263
763404
763723
763928
764087
764210
764310
764481
764593
764844
764970
765172
765324
765486
765658
765910
766033
766228
766343
766475
766606
766698
766816
767006
767152
767327
767432
767610
767853
767968
768091
768268
768449
768594
768745
769027
769138
769255
769421
769623
769773
769907
769996
770191
770373
770506
770749
770880
771024
771140
771276
771419
771544
771642
771734
771925
772109
772195
772314
772435
772569
772678
772827
772948
773100
773225
773512
773660
773841
774039
774176
774302
774485
774633
774770
774908
775045
775190
775278
775473
775569
775662
775788
775880
775974
776144
776273
776383
776588
776741
776907
777031
777146
777240
777445
777529
777725
777811
777933
778085
778170
778357
778470
778641
778800
779037
779141
779279
779353
779470
779565
779725
779826
779952
780043
780216
780406
780552
780689
781070
781128
781307
781387
781486
781578
781706
781845
782018
782127
782263
782487
782789
782952
783068
783309
783467
783598
783714
783841
783924
784074
784292
784421
784529
784721
784821
784970
785189
785294
785485
785600
785766
785946
786139
786302
786413
786725
786827
786967
787067
787316
787386
787478
787559
787899
788577
788816
788965
789310
789660
790254
790362
790623
790955
791275
791529
791678
791898
792195
792711
793042
793612
793696
793948
794138
794372
794515
794731
794891
794996
795637
795751
795838
796031
796138
796491
796623
796942
797114
797188
797542
797744
798032
798132
798339
798499
798701
798883
798989
799090
799309
799442
799614
799716
799907
800055
800236
800392
800592
800769
800953
801154
801372
801570
801726
801849
802054
802243
802399
802542
802667
802846
802963
803180
803288
803367
803514
803640
803720
803979
804100
804272
804353
804458
804592
804690
804872
805000
805166
805381
805669
805747
805836
805946
806031
806141
806267
806566
806642
806891
807036
807149
807296
807478
807659
807743
807911
808384
808567
809226
809449
809848
810005
810253
810449
810563
810827
810971
811267
811434
811581
811766
812070
812265
812838
813382
813645
813939
814065
814268
814438
814639
814803
814954
815082
815187
815300
815480
815591
815732
815924
816060
816323
816473
816578
816796
816907
817153
817420
817513
817604
817777
817893
818038
818149
818283
818486
818606
818762
819026
819170
819275
819566
819678
819809
820000
820347
820459
820685
820845
821127
821243
821511
821621
821745
821886
822278
822387
822541
822774
822938
823127
823357
823768
823910
824089
824190
824513
824668
824807
824938
825142
825302
825476
825562
825731
825823
825935
826087
826285
826547
826663
826763
826891
826998
827164
827342
827617
827723
827874
828198
828316
828449
828640
828811
829041
829276
829384
829556
829836
830049
830167
830271
830327
830416
830538
830780
830973
831203
831324
831445
831540
831826
832103
832178
832384
832580
832708
833258
833508
833724
833807
834023
834255
834786
834984
835112
835254
835503
835737
835876
836032
836225
836439
836702
836897
836971
837128
837348
837522
837619
837721
837832
837960
838102
838246
838460
838569
838911
839046
839265
839411
839493
839662
839763
839928
840102
840241
840457
840793
840961
841072
841243
841351
841439
841590
841694
841818
841986
842154
842310
842608
842727
842880
843063
843165
843523
843643
843800
843992
844374
844565
844673
844776
844988
845108
845265
845399
845510
845686
845849
846013
846077
846348
846495
846622
846721
846905
847098
847327
847438
847753
847889
848003
848140
848343
848518
848666
848801
848895
848917
849034
849232
849312
849433
849553
849652
849845
849999
850129
850227
850408
850515
850669
850904
851049
851158
851364
851468
851552
851732
851891
852041
852190
852299
852487
852629
852773
852879
852945
853132
853278
853384
853617
853769
853906
854064
854243
854377
854508
854642
854738
854872
855014
855181
855330
855452
855558
855706
855811
855937
856013
856167
856353
856465
856635
856757
856955
857074
857215
857353
857785
858035
858178
858405
858524
858681
858806
858908
859056
859254
859372
859587
859751
859926
860059
860144
860287
860404
860579
860741
860878
860989
861134
861295
861366
861580
861738
861843
861985
862094
862225
862354
862514
862601
862759
862850
862991
863126
863304
863512
863641
863826
864032
864134
864224
864423
864515
864661
864817
864965
865059
865220
865368
865690
865929
866097
866209
866357
866535
866688
866834
866930
867107
867240
867340
867537
867691
867874
867998
868167
868339
868481
868570
868743
868880
869154
869249
869424
869515
869619
869782
869934
870138
870449
870578
870730
870888
871010
871197
871290
871397
871555
871698
871831
871935
872116
872305
872566
872684
872796
872902
873098
873183
873313
873599
873800
873941
874089
874199
874313
874503
874702
874873
875049
875207
875378
875550
875702
875879
876015
876122
876296
876415
876495
876652
876815
876909
877024
877218
877385
877523
877644
877785
877935
878054
878198
878377
878544
878654
878839
879143
879462
879609
879798
879888
879993
880122
880241
880373
880480
880674
880826
880962
881100
881265
881420
881592
881738
882102
882192
882333
882454
882658
882779
883038
883126
883407
883529
883714
883838
884012
884246
884342
884448
884682
884799
884995
885081
885216
885380
885563
885718
885931
886122
886254
886408
886504
886716
886801
886964
887059
887170
887382
887538
887699
887894
888083
888276
888412
888539
888665
888795
889103
889279
889422
889542
889700
889844
890009
890118
890344
890478
890627
890757
890869
890984
891170
891355
891488
891658
891775
891943
892150
892301
892497
892590
892977
893151
893321
893417
893585
893764
893949
894037
894133
894281
894448
894613
894894
895059
895207
895364
895690
895816
895941
896119
896343
896487
896663
896778
897020
897142
897220
897408
897532
897618
897724
897823
898102
898243
898469
898561
898708
898895
899051
899162
899320
899491
899586
899729
899897
900078
900278
900452
900625
900772
900902
901075
901225
901370
901490
901639
901780
901902
902032
902200
902282
902589
902697
902829
902918
903165
903310
903432
903582
903746
903880
903994
904099
904255
904468
904641
904812
905053
905231
905344
905698
905856
906013
906225
906426
906617
906721
906857
907043
907208
907379
907511
907826
907907
908061
908313
908455
908658
908755
908948
909205
909432
909572
909707
909896
910014
910191
910357
910480
910711
910836
910937
911096
911216
911349
911686
911968
912084
912210
912384
912489
912685
912788
912917
913029
913194
913291
913377
913546
913641
913844
914040
914149
914352
914569
914680
914768
914924
915044
915180
915348
915450
915617
915705
915830
915990
916107
916396
916597
916791
916966
917300
917438
917576
917730
917961
918075
918192
918290
918454
918534
918775
918850
919102
919217
919356
919542
919810
919991
920407
920495
920724
920835
920947
921137
921279
921428
921589
921808
921907
922342
922451
922855
922966
923366
923639
923848
923985
924148
924275
924458
924671
924783
924804
924968
925101
925284
925438
925636
925850
925980
926233
926433
926523
926658
926830
926987
927152
927267
927423
927495
927612
927753
927864
928017
928363
928528
928690
928826
928992
929233
929340
929420
929764
929986
930079
930208
930474
930763
930904
931163
931250
931319
931433
931528
931726
931860
932059
932177
932336
932484
932666
932800
932967
933051
933098
933211
933458
933614
933880
934041
934123
934396
934484
934675
934798
935089
935227
935336
935509
935618
935724
935856
936022
936098
936257
936394
936627
936648
936754
936861
936981
937112
937226
937433
937527
937622
937726
937883
938000
938251
938327
938438
938609
938732
938949
939095
939261
939358
939536
939774
939953
940115
940218
940368
940760
940869
940982
941105
941273
941465
942022
942155
942242
942385
942557
942754
942877
943074
943289
943511
943673
943779
944093
944227
944355
944523
944638
944802
944879
945001
945084
945184
945383
945523
945663
945766
946037
946203
946470
946677
946838
947083
947182
947369
947493
947646
947803
947966
948183
948390
948535
948719
948956
949015
949126
949332
949496
949654
950027
950190
950318
950533
950735
950909
951087
951332
951500
951644
951741
951828
951939
952106
952296
952432
952580
952693
952786
952895
952999
953464
953643
953760
953953
954083
954230
954395
954582
954792
954913
955046
955169
955475
955554
955633
955778
955855
956114
956324
956464
956581
956901
956989
957330
957446
957554
957659
957875
958026
958194
958354
958480
958676
958993
959171
959328
959498
959630
959771
959965
960166
960424
960528
960730
960876
960906
960990
961150
961366
961553
961789
961899
962051
962163
962376
962603
962775
962917
963022
963224
963351
963498
963688
963862
963954
964068
964301
964457
964608
964701
964879
965038
965154
965290
965403
965545
965739
965856
965964
966157
966287
966386
966517
966623
966834
966966
967165
967282
967484
967626
967740
967894
968011
968280
968413
968558
968658
968987
969064
969201
969347
969655
969765
969835
969957
970203
970326
970482
970639
970758
970998
971155
971396
971758
971923
972062
972266
972475
972694
972848
972999
973392
973492
973715
973937
974128
974227
974454
974658
974797
974978
975146
975272
975431
975648
975777
975877
976021
976180
976367
976548
976825
976994
977140
977342
977513
977661
977783
977978
978086
978264
978403
978509
978844
978935
979152
979304
979521
979772
979944
980146
980351
980497
980730
980873
981138
981246
981348
981565
981684
981886
982005
982122
982411
982594
982777
982984
983112
983387
983600
983830
984071
984258
984471
984731
984849
985017
985222
985364
985435
985552
985665
985905
986098
986274
986436
986597
986737
986962
987113
987345
987581
987730
987848
987982
988148
988369
988500
988653
988809
988917
989067
989241
989315
989462
989691
989772
989928
990065
990167
990396
990471
990600
990752
990962
991234
991301
991430
991601
991714
991966
992060
992186
992395
992532
992655
992826
992966
993090
993244
993477
993627
993772
993898
994049
994361
994522
994693
994832
994915
995064
995271
995428
995607
995839
995941
996080
996259
996443
996559
996743
996884
997064
997250
997437
997561
997670
997872
998011
998215
998375
998530
998637
998774
998963
999025
999196
999310
999422
999611
999758
999904
1000094
1000253
1000383
1000481
1000608
1000817
1001022
1001307
1001391
1001672
1001814
1002062
1002153
1002317
1002504
1002721
1002906
1002979
1003142
1003333
1003522
1003603
1003833
1003967
1004159
1004313
1004561
1004673
1004826
1005011
1005115
1005306
1005463
1005594
1005747
1005941
1006045
1006177
1006319
1006498
1006674
1006799
1007059
1007168
1007252
1007460
1007601
1007693
1007847
1008267
1008364
1008576
1008794
1008982
1009079
1009191
1009560
1009690
1009900
1010155
1010296
1010446
1010537
1010697
1010869
1011018
1011242
1011583
1011745
1012046
1012231
1012494
1012634
1012853
1013106
1013593
1013835
1014047
1014224
1014380
1014592
1014881
1015127
1015293
1015437
1015649
1015837
1016002
1016203
1016469
1016592
1016802
1017263
1017381
1017534
1017691
1017896
1018254
1018373
1018489
1018651
1018873
1019291
1019381
1019622
1019856
1019949
1020074
1020232
1020328
1020596
1020821
1021035
1021143
1021338
1021470
1021582
1021816
1022019
1022573
1022671
1022821
1023139
1023218
1023368
1023587
1023840
1024002
1024127
1024364
1024573
1024902
1025050
1025349
1025486
1025803
1026034
1026268
1026519
1026727
1026987
1027182
1027415
1027575
1027822
1028082
1028199
1029173
1029260
1029407
1029547
1029662
1029793
1029926
1030182
1030367
1030482
1030691
1030856
1030979
1031143
1031272
1031454
1031582
1032022
1032261
1032336
1032488
1032596
1032914
1033104
1033230
1033402
1033648
1033797
1033995
1034133
1034292
1034555
1034653
1035104
1035218
1035386
1035559
1035780
1035996
1036176
1036280
1036309
1036484
1036620
1036756
1036920
1037052
1037200
1037434
1037680
1037888
1038019
1038321
1038489
1038575
1038739
1038912
1039074
1039209
1039317
1039470
1039631
1039811
1039946
1040111
1040260
1040416
1040654
1040795
1040977
1041126
1041273
1041455
1041574
1041970
1042166
1042311
1042437
1042512
1042652
1042920
1043122
1043439
1043612
1043769
1043852
1044078
1044225
1044348
1044539
1044658
1044827
1045036
1045158
1045384
1045490
1045804
1046015
1046116
1046273
1046452
1046656
1046761
1046948
1047028
1047210
1047416
1047579
1047684
1047821
1047936
1048150
1048368
1048515
1048684
1049042
1049197
1049329
1049556
1049739
1049814
1049954
1050068
1050195
1050300
1050415
1050570
1050648
1050764
1050868
1051122
1051263
1051402
1051521
1051656
1051761
1052004
1052135
1052281
1052458
1052628
1052716
1052833
1052940
1053102
1053315
1053423
1053703
1053834
1053950
1054082
1054188
1054385
1054619
1054768
1054959
1055105
1055225
1055318
1055539
1055651
1055789
1055987
1056075
1056189
1056288
1056419
1056611
1056787
1056937
1057043
1057260
1057368
1057643
1057789
1057873
1058049
1058171
1058338
1058501
1058880
1059023
1059163
1059301
1059450
1059683
1059862
1059996
1060200
1060328
1060468
1060600
1060760
1060910
1060986
1061127
1061261
1061560
1061780
1061888
1061992
1062099
1062238
1062311
1062456
1062650
1062772
1063107
1063182
1063340
1063514
1063606
1063742
1063882
1064011
1064285
1064422
1064576
1064685
1064846
1064960
1065046
1065143
1065268
1065424
1065629
1065755
1065848
1066017
1066128
1066287
1066473
1066733
1066820
1067017
1067134
1067239
1067379
1067577
1067874
1067994
1068112
1068359
1068492
1068528
1068602
1068759
1068915
1069046
1069282
1069365
1069547
1069682
1069813
1069928
1070077
1070294
1070414
1070497
1070680
1070833
1070974
1071128
1071254
1071422
1071512
1071662
1071801
1071934
1072053
1072222
1072381
1072562
1072641
1072760
1072908
1073018
1073149
1073255
1073366
1073527
1073602
1073786
1074003
1074176
1074270
1074380
1074520
1074809
1074939
1075120
1075231
1075330
1075377
1075497
1075695
1075833
1075955
1076151
1076254
1076409
1076537
1076640
1076810
1076906
1076990
1077090
1077286
1077374
1077612
1077787
1077913
1078073
1078170
1078265
1078454
1078609
1078783
1078930
1079126
1079188
1079371
1079490
1079631
1079777
1079844
1079945
1080019
1080178
1080291
1080391
1080513
1080654
1080820
1080992
1081160
1081325
1081496
1081699
1081964
1082078
1082231
1082414
1082553
1082751
1082902
1083030
1083120
1083232
1083365
1083563
1083707
1083791
1084138
1084265
1084389
1084507
1084637
1084779
1084856
1084993
1085160
1085287
1085448
1085596
1085751
1085904
1086266
1086376
1086501
1086621
1086745
1086907
1087046
1087209
1087351
1087519
1087704
1087857
1088055
1088163
1088379
1088488
1088624
1088712
1088917
1088939
1089032
1089169
1089316
1089412
1089549
1089670
1089870
1089990
1090128
1090357
1090562
1090746
1090990
1091101
1091129
1091446
1091600
1091864
1091992
1092268
1092348
1092546
1092658
1092768
1092872
1093077
1093265
1093460
1093574
1093777
1093850
1093974
1094125
1094214
1094459
1094558
1094782
1094956
1095064
1095391
1095543
1095634
1095852
1095947
1096125
1096290
1096400
1096632
1096799
1096960
1097079
1097205
1097384
1097529
1097680
1097801
1098032
1098159
1098337
1098525
1098725
1098824
1098967
1099121
1099227
1099357
1099491
1099768
1099946
1100096
1100276
1100486
1100669
1100768
1100938
1101101
1101206
1101329
1101481
1101637
1101798
1101924
1102105
1102146
1102269
1102407
1102585
1102885
1102973
1103058
1103260
1103412
1103532
1103653
1103809
1103932
1104058
1104285
1104376
1104591
1104688
1104815
1104982
1105121
1105329
1105506
1105677
1105763
1106003
1106194
1106347
1106461
1106563
1106723
1106905
1107024
1107146
1107290
1107443
1107637
1107833
1107945
1108116
1108263
1108380
1108590
1108751
1108874
1108989
1109115
1109281
1109390
1109545
1109689
1109835
1110146
1110345
1110511
1110625
1110773
1110941
1111019
1111218
1111405
1111633
1111751
1111953
1112118
1112290
1112486
1112795
1112943
1113076
1113217
1113327
1113587
1113696
1113879
1114122
1114209
1114391
1114521
1114709
1114909
1115102
1115279
1115717
1115874
1116214
1116338
1116440
1116589
1116766
1116890
1117129
1117342
1117489
1117654
1117869
1118015
1118194
1118330
1118424
1118652
1118816
1118981
1119247
1119379
1119561
1119792
1119911
1120027
1120142
1120256
1120429
1120590
1120691
1120850
1121065
1121239
1121463
1121624
1121755
1121852
1122024
1122165
1122357
1122567
1122777
1122905
1123031
1123137
1123411
1123564
1123737
1124040
1124232
1124302
1124376
1124496
1124763
1124922
1125012
1125256
1125438
1125664
1125771
1125907
1126157
1126273
1126436
1126576
1126683
1126947
1127100
1127217
1127586
1127706
1127815
1127983
1128151
1128284
1128405
1128539
1128657
1128845
1128997
1129139
1129241
1129390
1129585
1129712
1129841
1130022
1130153
1130287
1130413
1130539
1130760
1130872
1131030
1131183
1131255
1131371
1131580
1131817
1131929
1132096
1132287
1132622
1132788
1132899
1133105
1133366
1133548
1133671
1133831
1133949
1134207
1134315
1134489
1134600
1134757
1134931
1135167
1135273
1135406
1135547
1135700
1135856
1136034
1136163
1136270
1136500
1136647
1136748
1136939
1137033
1137179
1137276
1137493
1137681
1137784
1138004
1138357
1138471
1138569
1138697
1138852
1139023
1139182
1139402
1139544
1139788
1139884
1140089
1140206
1140320
1140439
1140639
1140784
1140971
1141218
1141380
1141513
1141687
1141846
1141977
1142061
1142172
1142359
1142551
1142675
1142839
1142975
1143097
1143214
1143309
1143593
1143698
1143865
1144116
1144312
1144396
1144651
1144843
1144929
1145137
1145289
1145414
1145586
1145791
1145997
1146102
1146280
1146406
1146570
1146767
1146909
1147027
1147195
1147419
1147564
1147697
1147862
1148065
1148136
1148591
1148818
1148978
1149105
1149209
1149336
1149522
1149792
1149878
1150034
1150347
1150485
1150637
1150757
1150896
1151043
1151250
1151578
1151776
1151971
1152114
1152242
1152450
1152599
1152972
1153213
1153441
1153623
1153895
1154092
1154249
1154585
1154940
1155028
1155165
1155353
1155467
1155671
1155905
1156010
1156184
1156460
1156604
1156869
1157102
1157275
1157403
1157624
1157816
1158012
1158259
1158434
1158597
1158758
1158887
1159044
1159254
1159357
1159491
1159633
1159740
1159912
1160194
1160313
1160482
1160675
1160827
1160984
1161141
1161281
1161412
1161632
1161736
1161835
1162036
1162195
1162540
1162749
1162887
1163136
1163250
1163412
1163521
1163719
1163884
1164020
1164165
1164342
1164564
1164644
1164785
1164932
1165104
1165211
1165347
1165527
1165736
1166017
1166167
1166278
1166401
1166686
1166820
1166999
1167152
1167335
1167454
1167611
1167765
1167957
1168092
1168217
1168325
1168503
1168638
1168788
1168927
1169071
1169220
1169416
1169521
1169666
1169836
1170014
1170186
1170289
1170477
1170624
1170805
1170966
1171090
1171267
1171372
1171572
1171695
1171817
1172105
1172218
1172379
1172457
1172592
1172704
1172922
1173107
1173239
1173453
1173591
1173824
1174009
1174151
1174248
1174405
1174570
1174662
1174855
1175025
1175133
1175358
1175511
1175665
1175725
1175998
1176249
1176406
1176522
1176688
1176814
1176968
1177111
1177258
1177368
1177504
1177681
1177834
1177928
1178176
1178321
1178447
1178562
1178810
1178939
1179129
1179252
1179379
1179528
1179722
1179822
1179949
1180048
1180152
1180336
1180451
1180630
1180813
1181111
1181272
1181406
1181535
1181967
1182166
1182290
1182376
1182406
1182550
1182711
1182851
1183032
1183165
1183303
1183481
1183662
1183776
1183901
1184147
1184298
1184563
1184693
1184839
1185032
1185128
1185163
1185359
1185471
1185595
1185728
1185863
1186059
1186252
1186464
1186636
1186839
1187027
1187400
1187567
1187765
1188101
1188239
1188383
1188987
1189080
1189194
1189449
1189590
1189884
1190019
1190241
1190368
1190658
1190818
1191134
1191267
1191492
1191682
1191761
1191981
1192113
1192269
1192515
1192720
1193051
1193191
1193401
1193606
1193775
1194040
1194289
1194539
1194667
1194966
1195125
1195246
1195419
1195609
1195814
1196023
1196202
1196424
1197076
1197205
1197449
1197555
1197841
1198093
1198209
1198430
1198540
1198675
1198838
1199060
1199266
1199447
1199638
1199809
1199921
