2054
5003
8073
11826
15767
19351
22627
26034
29339
32680
34964
37875
39747
42555
45438
48845
52355
56052
59216
60928
63250
66058
68763
72226
75549
79068
81352
84123
86575
88634
91124
94578
98359
102730
106764
110190
113719
116996
119887
122686
125550
128462
130792
133824
137241
140900
144663
148079
151552
154481
155268
158993
161595
164048
166799
169757
174222
178106
182178
184724
187888
189928
191482
195170
197388
201329
205484
209416
212869
215032
218336
221209
224888
228959
233227
237458
239807
242531
245395
248484
252369
257123
260811
263460
266399
269385
272848
276714
281057
284857
288311
291372
294657
298102
301218
304083
306198
308866
312291
316063
319779
323448
326790
329532
332939
334016
335195
337834
341073
345070
349778
354009
357547
360823
363809
366935
370333
374236
377708
380647
383811
387312
390915
394715
395642
396569
398506
400547
402278
406387
411900
416346
420100
422842
425566
428355
430592
434271
438689
442873
446654
450604
454039
456651
459927
462997
466357
470176
474191
477823
481305
484899
488091
489411
491167
493857
496159
499416
503768
508683
513082
516798
519306
522302
525334
528816
533103
536856
540806
544569
548538
552076
555174
557945
560790
564047
566368
569092
571975
579557
581345
582589
587241
594018
596452
601955
605596
607730
610838
615303
618307
621190
624064
627049
629558
632712
635810
639152
642615
646359
649794
652640
656413
661373
664742
668945
672904
676517
678539
680832
684145
687777
691109
694498
697081
699543
702472
705215
708491
712094
716597
720771
724103
726939
729635
732780
736056
739426
742486
746081
749375
752333
755703
758726
761431
763668
767768
770117
773571
775827
778494
782734
786909
790372
793442
796016
798178
