922
3402
6416
10253
13876
17788
20989
24265
27616
30883
33794
36396
38801
41057
43865
47113
50642
54302
57259
60526
61752
64251
67396
70597
73948
77459
80416
82775
85218
87155
89448
92696
96627
101102
105155
108562
112137
115470
118287
121460
124109
126973
129023
132420
135453
139431
142941
146451
149774
152667
154979
157074
160266
162962
165293
168465
172060
176627
180109
183647
186212
189095
190612
193644
196181
199681
203706
207749
211166
214171
216847
219880
223446
227143
231402
235764
238852
241414
244066
246856
250487
255149
259089
262000
265061
267785
271163
274805
279101
282901
286420
289547
292654
296117
299534
302463
304991
307499
310485
314360
318010
321539
324918
328231
331451
333520
334297
336534
339679
342590
348187
352586
355965
359185
362189
365203
368386
372542
376034
379197
382276
385488
388912
392469
395268
395919
397654
399734
401361
404262
410165
414568
418518
421669
424359
426923
429292
432202
436190
440757
444838
449088
452214
455509
458363
461246
464598
468135
472825
475979
479218
482793
486284
488727
490234
492602
494951
497825
501944
507288
511266
515208
518230
520748
523799
526766
531821
535069
538869
542407
546282
550194
553620
556381
559236
562278
565303
567192
569579
577657
580728
581869
583479
592221
594963
599896
604333
606569
609462
613768
616922
619786
622641
625655
628350
631168
634294
637252
640912
644946
648156
651189
654090
660437
663160
666831
671219
674654
677472
679672
682498
685886
689518
692953
695948
698260
701162
703858
706862
710335
714406
718805
722399
725489
728278
731123
734493
737862
740867
744359
747962
750938
753915
757359
760121
762498
766214
769078
772186
774797
777418
780825
785224
788706
792150
794725
796878
