114
153
215
275
314
372
410
553
621
672
711
751
787
830
871
907
944
982
1029
1115
1171
1225
1383
1445
1534
1602
1785
1826
1872
1930
2087
2137
2195
2250
2404
2461
2527
2582
2688
2771
2815
2887
2959
3006
3052
3098
3179
3227
3275
3316
3351
3397
3444
3499
3540
3581
3653
3693
3746
3833
3898
3963
4021
4069
4140
4202
4267
4311
4384
4443
4486
4554
4626
4660
4700
4751
4800
4845
4886
4929
4970
5017
5076
5117
5158
5197
5253
5311
5361
5399
5444
5487
5529
5571
5613
5650
5693
5813
5863
5948
5986
6029
6076
6114
6153
6200
6247
6300
6354
6410
6462
6542
6629
6698
6752
6833
6892
6999
7048
7093
7143
7285
7372
7463
7592
7693
7909
7959
8015
8075
8141
8190
8239
8284
8347
8399
8451
8493
8536
8577
8618
8660
8706
8747
8790
8824
8865
8911
8960
9009
9045
9078
9119
9161
9202
9237
9280
9321
9410
9459
9494
9546
9588
9655
9700
9750
9796
9853
9900
9962
10000
10066
10115
10204
10264
10312
10380
10478
10523
10570
10613
10656
10706
10748
10998
11095
11179
11228
11399
11444
11489
11563
11638
11706
11774
11865
11986
12040
12089
12142
12228
12337
12431
12493
12559
12625
12666
12715
12763
12813
12859
12892
12929
12963
13000
13035
13071
13108
13143
13186
13228
13287
13342
13397
13457
13516
13570
13694
13742
13782
13836
13893
13932
13976
14022
14078
14136
14260
14313
14357
14416
14477
14551
14736
14899
14960
15040
15129
15360
15412
15478
15528
15594
15682
15735
15795
15840
15918
15959
16006
16056
16108
16149
16194
16244
16356
16403
16451
16495
16538
16570
16611
16660
16710
16750
16789
16827
16890
16924
16952
16987
17023
17057
17094
17135
17181
17219
17275
17331
17392
17476
17542
17580
17637
17683
17722
17788
17827
17868
17916
17965
18010
18110
18176
18245
18319
18388
18440
18557
18650
18698
18745
18793
18909
18963
19000
19068
19167
19213
19287
19340
19402
19508
19579
19646
19771
19807
19854
19888
19937
19979
20023
20067
20108
20147
20181
20218
20263
20310
20346
20416
20477
20528
20583
20644
20712
20818
20936
21186
21228
21284
21520
21620
21678
21740
21783
21833
21902
21947
21987
22045
22141
22204
22278
22351
22441
22611
22645
22695
22739
22785
22839
22897
22976
23274
23344
23398
23456
23510
23556
23600
23653
23699
23773
23834
23880
23931
23973
24024
24079
24147
24218
24283
24345
24396
24511
24566
24616
24698
24767
24875
24917
24948
24996
25042
25091
25163
25224
25373
25456
25535
25626
25671
25730
25805
25866
25941
25980
26024
26068
26123
26161
26205
26256
26310
26389
26435
26522
26561
26631
26687
26744
26800
26866
26940
26999
27047
27112
27160
27218
27289
27335
27408
27486
27557
27634
27818
28070
28218
28543
28578
28620
28663
28723
28846
28896
28947
29043
29181
29271
29383
29442
29516
29585
29640
29734
29816
29868
29916
29978
30028
30071
30138
30204
30257
30316
30382
30424
30472
30535
30603
30670
30725
30817
30870
30950
31090
31144
31243
31311
31356
31408
31486
31576
31648
31858
31912
32032
32116
32198
32269
32387
32443
32488
32550
32607
32675
32740
32793
32868
32933
33021
33115
33224
33266
33343
33416
33459
33511
33601
33657
33714
33760
33856
33936
33982
34090
34142
34247
34317
34363
34546
34589
34646
34710
34766
34833
34879
34953
34990
35030
35145
35221
35279
35338
35388
35479
35589
35638
35696
35802
35876
35993
36082
36171
36232
36325
36379
36443
36499
36554
36613
36706
36750
36823
36874
37003
37165
37280
37342
37401
37763
37832
37903
37949
38018
38086
38171
38237
38293
38463
38512
38557
38715
38760
38796
38830
38865
38915
38959
39118
39251
39325
39373
39461
39501
39687
39744
39805
39870
39919
39989
40083
40134
40187
40249
40304
40397
40449
40495
40573
40649
40699
40747
40812
40880
40930
41021
41397
41453
41509
41564
41613
41716
41757
41806
41861
41913
41955
42013
42081
42152
42205
42267
42315
42379
42472
42517
42560
42599
42644
42738
42839
42936
43012
43051
43105
43151
43194
43230
43292
43338
43391
43471
43501
43581
43617
43657
43700
43748
43791
43850
43923
43977
44033
44083
44144
44217
44315
44684
44767
44827
44915
45002
45050
45129
45240
45338
45386
45467
45514
45561
45626
45675
45722
45777
45842
45904
45944
45988
46034
46086
46154
46199
46253
46309
46377
46435
46492
46579
46622
46680
46736
46778
46819
46882
46926
47077
47147
47271
47352
47506
47795
47873
47948
48009
48038
48156
48247
48293
48366
48417
48488
48550
48633
48678
48727
48784
48871
48924
49036
49089
49126
49195
49276
49342
49468
49514
49557
49601
49653
49716
49790
49871
49943
49992
50070
50239
50296
50374
50467
50552
50638
50754
50799
50846
50896
50933
50987
51106
51167
51244
51332
51437
51549
51731
51777
51828
52073
52191
52255
52303
52338
52393
52454
52520
52597
52698
52780
52877
52921
53008
53092
53162
53245
53314
53364
53436
53501
53568
53661
53708
53765
53887
53934
53986
54033
54090
54160
54208
54269
54333
54428
54519
54687
54741
54779
54832
54877
54953
54997
55091
55230
55359
55410
55537
55630
55693
55744
55866
56007
56063
56210
56244
56292
56357
56501
56633
56697
56757
56979
57072
57130
57200
57267
57337
57408
57526
57591
57667
57726
57790
57861
57996
58064
58146
58229
58315
58362
58414
58456
58515
58572
58692
58750
58781
58826
58871
58932
58989
59054
59186
59259
59333
59479
59549
59613
59778
59842
59913
59975
60143
60189
60243
60327
60407
60450
60492
60529
60573
60606
60645
60738
60859
60890
61025
61076
61114
61147
61228
61277
61368
61410
61567
61654
61729
61778
61817
61874
61982
62023
62106
62157
62203
62251
62336
62379
62431
62500
62549
62603
62653
62696
62742
62794
62838
62934
62995
63038
63157
63198
63263
63320
63359
63409
63531
63584
63729
63794
63847
63948
64036
64106
64158
64269
64308
64358
64393
64431
64467
64505
64551
64589
64670
64720
64765
64804
64854
64915
64976
65022
65066
65148
65194
65235
65289
65343
65429
65511
65623
65676
65749
65800
65832
65928
65968
66019
66059
66099
66130
66178
66228
66279
66328
66518
66634
66685
66760
66805
66852
66909
66959
67011
67060
67114
67155
67253
67355
67401
67447
67525
67583
67936
68023
68097
68186
68378
68446
68505
68582
68688
68778
68816
68867
68915
68964
69010
69086
69161
69248
69303
69369
69494
69544
69599
69669
69714
69763
69814
69866
69909
69966
70018
70082
70125
70218
70276
70338
70399
70471
70528
70580
70629
70689
70778
70876
70930
70985
71033
71121
71181
71228
71298
71357
71427
71494
71542
71621
71688
71787
71857
71924
71993
72111
72147
72177
72229
72269
72330
72387
72498
72535
72593
72636
72682
72734
72788
72875
72951
72999
73074
73135
73189
73232
73293
73402
73467
73575
73671
73728
73843
73889
74048
74115
74166
74239
74299
74410
74477
74529
74606
74747
74802
75083
75133
75200
75256
75347
75421
75467
75508
75548
75612
75651
75694
75744
75796
75843
75904
75970
76035
76155
76225
76290
76349
76398
76470
76526
76590
76665
76740
76779
76834
76896
76947
77023
77071
77145
77220
77333
77404
77480
77594
77650
77706
77747
77801
77856
77907
77972
78058
78120
78188
78346
78558
78624
78826
78961
79012
79062
79112
79195
79247
79290
79330
79383
79456
79537
79603
79684
79763
79921
79967
80010
80117
80158
80314
80372
80463
80518
80583
80639
80696
80756
80796
80866
80929
81007
81057
81111
81169
81220
81285
81333
81378
81435
81484
81537
81663
81762
81816
81865
82000
82077
82294
82357
82583
82677
82751
82810
82972
83026
83084
83149
83217
83282
83376
83550
83594
83654
83835
83892
83941
83991
84038
84202
84257
84304
84366
84410
84464
84569
84617
84737
84794
84880
84927
84983
85038
85087
85159
85219
85292
85376
85499
85547
85650
85895
85969
86061
86201
86263
86373
86441
86492
86538
86598
86649
86712
86779
86904
86950
87018
87069
87117
87177
87212
87261
87300
87336
87402
87444
87555
87592
87631
87670
87873
87998
88080
88172
88234
88297
88355
88461
88507
88593
88635
88680
88749
88835
88931
88981
89156
89204
89253
89325
89374
89456
89516
89594
89668
89721
89782
89824
89878
89929
90068
90115
90158
90238
90295
90356
90429
90516
90579
90633
90697
90773
90876
90928
90977
91054
91118
91218
91264
91364
91455
91506
91557
91651
91748
91804
91873
91918
91967
92048
92106
92155
92207
92260
92303
92368
92443
92516
92748
92829
92934
92978
93034
93121
93170
93258
93359
93462
93532
93590
93652
93758
93903
94071
94235
94461
94517
94566
94612
94650
94706
94815
94878
94953
95006
95061
95105
95190
95226
95269
95322
95377
95440
95497
95540
95674
95740
95827
95886
95948
96016
96074
96146
96256
96478
96523
96640
96735
96790
96867
96931
96974
97078
97145
97214
97336
97543
97587
97645
97715
97775
97919
97986
98096
98274
98345
98484
98525
98606
98665
98734
98813
98898
98966
99054
99189
99234
99510
99744
99823
99876
99934
99973
100026
100112
100194
100287
100342
100445
100514
100591
100636
100714
100807
100880
100975
101047
101282
101349
101399
101478
101611
101663
101734
101821
101882
101947
102010
102189
102255
102363
102415
102465
102547
102616
102682
102734
102801
102863
102916
102962
103019
103101
103157
103344
103401
103480
103581
103703
103782
103897
103996
104039
104094
104260
104306
104448
104509
104573
104630
104698
104775
104834
104884
104937
105006
105066
105197
105286
105369
105425
105508
105614
105810
105855
105904
105968
106043
106138
106264
106311
106378
106446
106693
106757
106874
106931
106985
107051
107146
107208
107262
107337
107388
107500
107573
107640
107720
107776
107827
107997
108041
108092
108153
108199
108239
108294
108342
108388
108441
108520
108612
108657
108757
108848
108890
108944
109065
109161
109258
109409
109475
109522
109583
109675
109945
110030
110115
110238
110310
110448
110533
110605
110685
110750
110841
110897
110956
111028
111077
111137
111198
111265
111337
111415
111488
111573
111625
111671
111749
111799
111858
111912
111952
112005
112074
112148
112303
112356
112411
112521
112645
112703
112841
112898
113030
113117
113244
113315
113510
113698
113746
113853
113928
113998
114076
114139
114257
114330
114461
114557
114654
114853
114936
115008
115095
115426
115478
115533
115608
115651
115743
115782
115845
115926
116057
116144
116236
116329
116475
116545
116718
116850
116958
117032
117107
117213
117346
117464
117535
117683
117744
117856
117916
117977
118048
118106
118157
118252
118401
118444
118510
118565
118698
118837
118933
118988
119043
119118
119475
119558
119619
119767
119829
119908
119961
120075
120170
120280
120342
120467
120551
120614
120730
120806
120858
120930
121000
121052
121134
121187
121337
121433
121537
121646
121735
122103
122156
122254
122314
122386
122473
122570
122630
122735
122809
122876
122944
123074
123284
123379
123472
123535
123619
123721
123827
123936
124007
124067
124147
124187
124235
124273
124360
124411
124479
124550
124602
124673
124727
124862
124923
125083
125153
125320
125396
125724
125790
125882
126006
126050
126132
126187
126257
126311
126370
126440
126492
126575
126646
127013
127062
127269
127332
127382
127452
127530
127686
127745
127815
127885
128051
128163
128229
128278
128380
128437
128621
128794
128860
128929
128982
129033
129101
129153
129223
129269
129349
129574
129902
129977
130163
130277
130336
130422
130468
130528
130603
130692
130825
130897
130960
131133
131320
131420
131626
131719
131809
131857
131919
132025
132129
132219
132304
132524
132633
132776
132843
132945
133000
133090
133299
133393
133461
133521
133661
133727
133779
133828
133894
133969
134046
134313
134356
134412
134495
134607
134660
134739
134808
134869
134949
135080
135194
135323
135408
135470
135670
135792
135986
136060
136410
136486
136603
136819
137036
137149
137207
137284
137342
137415
137473
137553
137625
137751
137833
137910
137972
138034
138093
138139
138195
138246
138316
138427
138539
138620
138669
138764
138823
138886
138964
139121
139195
139243
139349
139503
139653
139780
139838
139911
139974
140043
140156
140279
140392
140462
140546
140614
140689
140764
140811
140869
140952
141022
141079
141143
141187
141244
141316
141364
141482
141563
141622
141747
141829
141907
141985
142048
142147
142265
142444
142504
142673
142724
142765
142840
142892
143007
143288
143337
143413
143478
143545
143651
143713
143768
143847
143916
143960
143998
144056
144223
144350
144388
144458
144506
144554
144612
145006
145064
145128
145175
145260
145370
145459
145573
145639
145701
145789
145907
146028
146093
146170
146248
146335
146397
146450
146550
146601
146672
146756
146880
146931
146983
147089
147149
147216
147344
147568
147640
147724
147809
147901
148051
148108
148204
148330
148465
148642
148709
148774
148874
149051
149187
149248
149412
149475
149824
149881
149963
150049
150170
150218
150280
150433
150566
150619
150736
150871
150945
151202
151372
151431
151524
151708
151811
151886
151960
152040
152103
152172
152276
152357
152482
152667
152733
152832
152892
152996
153123
153186
153320
153445
153515
153586
153734
153827
153934
154111
154169
154355
154399
154481
154638
154679
154731
154793
154863
154901
154959
155036
155208
155278
155352
155412
155476
155535
155626
155707
155779
155851
155914
155970
156039
156104
156221
156289
156500
156595
156649
156735
156787
156855
156957
157058
157140
157246
157349
157494
157542
157610
157748
157894
158082
158235
158510
158575
158847
158919
159038
159181
159239
159328
159397
159548
159601
159661
159717
159781
159916
160007
160129
160233
160410
160473
160680
160856
161012
161235
161282
161333
161469
161535
161605
161674
161804
162033
162177
162218
162273
162393
162502
162542
162595
162781
162832
162930
163027
163079
163167
163294
163483
163686
163927
163974
164082
164129
164176
164238
164329
164404
164506
164561
164630
164694
164750
164819
164873
165023
165156
165233
165288
165360
165418
165515
165571
165738
165832
165936
166016
166125
166236
166449
166491
166891
166985
167048
167127
167228
167271
167330
167417
167483
167563
167637
167782
167936
168081
168148
168203
168287
168347
168450
168526
168632
168746
169001
169125
169205
169350
169459
169542
169595
169691
169743
169793
169879
169985
170034
170091
170164
170258
170348
170450
170571
170645
170931
170990
171093
171146
171215
171274
171338
171470
171557
171753
171836
171891
171990
172170
172239
172322
172399
172517
172625
172688
172794
172935
173008
173226
173295
173588
173657
173755
173874
174036
174091
174142
174320
174374
174427
174480
174574
174623
174699
174834
174880
174938
175055
175122
175212
175360
175449
175504
175593
175734
175819
175892
176143
176212
176296
176348
176399
176514
176587
176724
176921
176975
177020
177084
177491
177558
177622
177821
177895
177958
178048
178101
178173
178247
178310
178357
178413
178495
178579
178663
178737
178826
178895
178947
179008
179109
179159
179333
179434
179494
179582
179636
179695
179831
179938
180080
180139
180195
180325
180384
180658
180737
180878
181049
181145
181231
181487
181579
181638
181740
181958
182022
182098
182218
182309
182387
182499
182565
182634
182742
182908
182981
183035
183094
183171
183338
183430
183640
183747
183861
183906
183979
184215
184334
184467
184543
184589
184644
184697
184926
184991
185045
185101
185242
185288
185353
185410
185482
185576
185643
185710
185761
185837
185917
186259
186327
186385
186459
186802
186919
186984
187052
187102
187156
187359
187521
187705
187754
187891
187953
188008
188085
188204
188284
188376
188458
188535
188608
188861
188936
189032
189133
189203
189272
189398
189452
189773
189938
190030
190084
190193
190235
190338
190393
190489
190766
190818
190974
191068
191243
191338
191387
191432
191514
191602
191683
191746
191868
191933
192162
192235
192374
192463
192525
192575
192730
192802
192993
193153
193274
193345
193467
193536
193635
193715
193910
194119
194219
194274
194364
194512
194658
194757
194940
195012
195122
195183
195273
195328
195453
195498
195562
195619
195690
195742
195828
195922
196023
196185
196262
196463
196562
196742
196815
196946
197002
197085
197162
197222
197279
197357
197480
197541
197754
197808
197905
197989
198047
198152
198221
198300
198370
198434
198526
198677
198752
198892
198971
199063
199144
199215
199301
199616
199657
199799
199929
199976
200169
200299
200556
200696
200744
200902
200973
201061
201231
201421
201506
201571
201632
201694
201745
201813
201877
201948
202063
202175
202249
202310
202373
202489
202555
202627
202706
202782
202832
202901
203043
203099
203137
203187
203259
203476
203652
203729
203886
203949
204013
204098
204168
204258
204366
204564
204633
204714
204783
204867
204943
205011
205105
205247
205366
205456
205517
205561
205605
205686
205793
205915
205977
206082
206177
206274
206413
206480
206533
206612
206709
206781
206849
206935
207035
207108
207237
207498
207550
207698
207763
207904
207957
208013
208063
208112
208171
208248
208314
208379
208446
208501
208671
208789
208921
209002
209202
209317
209373
209448
209518
209588
209672
209730
209946
210049
210117
210175
210258
210349
210430
210536
210650
210699
210803
210903
211001
211066
211342
211464
211615
211671
211760
212138
212206
212267
212331
212426
212500
212610
212675
212800
212896
212961
213019
213074
213186
213275
213330
213408
213485
213573
213668
213780
213862
213910
213954
214020
214079
214195
214262
214467
214581
214637
214704
214761
214954
215028
215180
215347
215399
215453
215525
215585
215663
215722
215812
216030
216134
216189
216268
216329
216382
216457
216564
216679
216730
216789
216867
216931
217014
217110
217171
217434
217507
217556
217615
217712
217803
217876
217972
218038
218114
218170
218249
218381
218448
218548
218604
218709
218819
218920
218998
219075
219170
219220
219282
219379
219544
219604
219673
219783
219843
219913
220049
220132
220232
220501
220661
220809
220871
220927
220988
221132
221222
221270
221321
221404
221464
221632
221691
221754
221822
221868
221932
222040
222112
222169
222309
222384
222485
222566
222692
222762
222932
223039
223163
223285
223437
223775
223837
223928
224041
224185
224230
224367
224514
224665
224748
224855
224923
224991
225072
225140
225259
225358
225426
225512
225575
225652
225725
225774
225850
225902
225973
226079
226142
226225
226326
226381
226487
226602
226691
226743
226861
226958
227022
227097
227211
227275
227331
227387
227477
227594
227728
227780
227897
228198
228311
228397
228457
228544
228647
228884
228941
229037
229109
229181
229326
229427
229488
229547
229608
229680
229733
229790
229834
229905
229977
230032
230124
230230
230293
230364
230434
230494
230551
230613
230693
230760
230833
230919
230993
231092
231153
231214
231304
231359
231415
231483
231534
231621
231691
231771
231822
231885
231964
232070
232163
232209
232264
232370
232486
232549
232688
232744
232832
232895
233154
233228
233285
233350
233417
233491
233607
233664
233778
233870
233932
234060
234154
234273
234390
234451
234524
234624
234696
234750
234794
234858
234910
234982
235109
235188
235246
235411
235474
235553
235610
235707
235765
235844
235891
235949
236032
236097
236200
236312
236409
236488
236585
236666
236777
236900
236984
237097
237228
237349
237496
237610
237662
237725
237905
238085
238151
238224
238272
238365
238415
238458
238515
238612
238696
238753
238810
238962
239001
239106
239198
239296
239458
239527
239667
239811
239865
239975
240050
240101
240149
240223
240290
240346
240412
240475
240613
240716
240767
240843
240980
241200
241361
241482
241641
241698
241843
241965
242080
242130
242201
242418
242470
242537
242598
242694
242772
242840
242929
243024
243178
243263
243500
243557
243623
243679
243789
243853
243927
244025
244138
244203
244324
244397
244579
244662
244719
244919
244982
245077
245134
245195
245268
245338
245472
245530
245612
245668
245792
245846
245902
245961
246023
246112
246213
246262
246348
246416
246504
246534
246580
246637
246730
246799
246884
246991
247107
247242
247313
247448
247518
247641
247687
247734
247840
247997
248087
248175
248276
248374
248451
248603
248673
248759
248932
248980
249002
249067
249140
249215
249297
249362
249418
249491
249593
249663
249756
249835
249889
249957
250015
250088
250161
250225
250280
250374
250445
250530
250607
250701
250867
250945
251011
251092
251148
251217
251362
251541
251605
251791
251830
251977
252130
252226
252327
252425
252491
252558
252626
252678
252783
252893
253061
253108
253171
253257
253304
253348
253446
253513
253601
253707
253773
253841
253927
254042
254247
254280
254310
254387
254440
254515
254563
254627
254727
254862
254938
254996
255075
255135
255214
255365
255423
255505
255571
255650
255707
255838
255905
256004
256076
256156
256218
256292
256474
256528
256587
256683
256812
256855
256925
256977
257029
257090
257153
257225
257278
257339
257474
257526
257592
257658
257749
257831
257902
258000
258131
258182
258255
258312
258379
258454
258502
258572
258629
258693
258776
258834
258893
258993
259074
259136
259201
259285
259350
259531
259599
259675
259817
259864
259955
260046
260171
260231
260289
260369
260439
260506
260625
260678
260843
260927
261134
261183
261238
261295
261385
261434
261497
261600
261671
261831
261928
262004
262063
262146
262229
262300
262356
262481
262519
262670
262747
262830
262906
262981
263139
263240
263293
263346
263417
263545
263656
263818
263868
263919
263967
264159
264224
264313
264387
264439
264486
264627
264675
264732
264806
264874
264932
265039
265134
265248
265357
265468
265544
265782
265858
265964
266012
266099
266218
266275
266335
266396
266462
266582
266636
266765
266838
266944
267037
267087
267203
267361
267453
267537
267608
267678
267752
267834
267936
268047
268148
268230
268338
268404
268555
268666
268740
268871
269159
269216
269289
269347
269456
269517
269572
269654
269708
269762
269838
269904
269953
270017
270073
270153
270206
270275
270329
270410
270482
270552
270668
270843
270896
270966
271055
271138
271225
271323
271430
271506
271584
271707
271856
271917
271983
272055
272123
272178
272340
272449
272534
272611
272707
272889
272944
273012
273066
273156
273261
273323
273404
273462
273611
273661
273737
273810
273898
273979
274035
274094
274191
274270
274321
274384
274447
274517
274597
274706
274801
274950
275113
275237
275285
275385
275541
275640
275774
275824
275872
275955
276016
276166
276289
276361
276404
276464
276557
276646
276757
276809
276872
276919
276993
277058
277133
277196
277317
277427
277491
277557
277621
277673
277733
277789
277846
277907
278017
278072
278127
278205
278272
278388
278445
278541
278620
278669
278767
278839
278902
279014
279063
279122
279191
279255
279315
279407
279509
279566
279618
279677
279747
279813
279976
280112
280214
280318
280375
280446
280503
280577
280724
280779
280837
280885
280928
280970
281037
281093
281173
281255
281371
281501
281577
281678
281774
281843
281940
282067
282117
282199
282289
282350
282426
282502
282600
282662
282745
282805
282857
282906
282977
283053
283137
283194
283250
283338
283415
283525
283595
283678
283748
284017
284079
284201
284267
284346
284434
284502
284564
284637
284731
284782
284840
285000
285051
285141
285233
285297
285356
285462
285571
285659
285767
285906
285976
286036
286105
286164
286266
286337
286430
286479
286550
286650
286716
286820
286962
287036
287113
287219
287327
287391
287505
287559
287621
287680
287755
287837
287904
287994
288037
288095
288143
288212
288282
288425
288549
288625
288711
288796
288940
289025
289088
289184
289256
289332
289385
289420
289468
289542
289600
289663
289785
289889
289937
290004
290082
290190
290264
290395
290456
290564
290640
290728
290842
291119
291228
291415
291470
291580
291640
291754
291861
291912
291994
292057
292131
292203
292291
292393
292448
292525
292576
292628
292693
292798
292960
293014
293079
293210
293259
293341
293445
293523
293595
293676
293745
293815
293871
293933
294026
294101
294157
294231
294307
294380
294508
294575
294681
294751
294808
294890
294986
295111
295196
295284
295344
295415
295506
295559
295644
295690
295766
295850
295941
295990
296074
296136
296187
296242
296311
296382
296447
296501
296561
296738
296816
296942
297159
297411
297473
297606
297668
297857
297969
298073
298199
298252
298325
298370
298428
298517
298634
298682
298742
298813
298924
299019
299081
299214
299288
299372
299427
299589
299663
299767
299833
299934
300047
300145
300300
300352
300425
300473
300561
300632
300741
300801
300865
300969
301027
301130
301243
301300
301402
301520
301582
301665
301743
301821
301882
301957
302014
302078
302157
302217
302310
302410
302486
302621
302691
302778
302830
302888
302927
302982
303051
303126
303179
303242
303482
303550
303650
303714
303865
303923
303994
304041
304120
304204
304267
304363
304432
304538
304697
304827
304958
305033
305111
305191
305273
305342
305397
305462
305540
305657
305853
305961
306017
306093
306156
306229
306298
306356
306435
306487
306556
306622
306682
306756
306811
306893
306986
307045
307145
307310
307487
307546
307664
307822
307926
308089
308301
308385
308554
308611
308683
308748
308812
308886
308985
309049
309093
309167
309250
309339
309421
309491
309552
309614
309675
309731
309778
309873
309971
310059
310178
310267
310342
310442
310574
310671
310727
310782
310857
310974
311027
311118
311204
311265
311335
311429
311521
311622
311949
312030
312117
312208
312259
312550
312591
312641
312727
312816
312906
312975
313032
313307
313360
313492
313548
313665
313745
313868
313955
314013
314110
314213
314373
314472
314530
314584
314644
314720
314836
314951
315083
315172
315231
315322
315452
315714
315879
315957
316057
316151
316262
316324
316409
316484
316570
316660
316723
316822
316886
316993
317057
317150
317212
317243
317296
317476
317571
317679
317757
317861
318034
318135
318197
318280
318378
318447
318632
318724
318805
318872
319008
319088
319238
319377
319452
319536
319614
319671
319809
319959
320028
320076
320134
320185
320246
320335
320497
320593
320671
320853
320960
321025
321102
321194
321249
321351
321435
321508
321584
321657
321737
321991
322064
322273
322332
322404
322516
322714
322782
322830
323042
323099
323189
323322
323428
323573
323659
323721
323818
323907
323991
324093
324173
324289
324380
324553
324615
324684
324751
324809
324922
325030
325097
325184
325252
325393
325485
325554
325623
325697
325768
325824
325900
325986
326089
326200
326275
326382
326579
326623
326672
326765
326840
326947
326996
327088
327144
327243
327305
327432
327501
327575
327820
327872
327939
328001
328062
328142
328296
328347
328479
328530
328585
328772
328821
328885
328945
329001
329064
329128
329213
329274
329511
329551
329616
329655
329690
329769
329976
330089
330162
330219
330259
330311
330408
330488
330681
330827
330935
331003
331103
331254
331308
331470
331527
331584
331653
331773
331909
331980
332052
332124
332390
332467
332521
332654
332713
332800
332892
332953
333030
333120
333181
333229
333290
333393
333492
333536
333691
333742
333793
333981
334070
334132
334236
334289
334356
334402
334468
334569
334721
334786
334926
335039
335108
335244
335284
335359
335446
335576
335629
335687
335778
335859
335918
336067
336194
336246
336321
336389
336444
336520
336607
336711
336811
336863
336939
337006
337076
337145
337257
337322
337417
337489
337567
337621
337674
337750
337845
337932
338015
338107
338198
338304
338364
338438
338513
338578
338683
338739
338793
338859
338950
339015
339101
339243
339299
339382
339431
339501
339717
339772
339827
339913
340030
340095
340190
340348
340407
340561
340615
340699
340805
340865
340951
341016
341142
341236
341336
341407
341454
341513
341572
341643
341736
341783
341832
341883
341961
342015
342129
342239
342360
342418
342527
342608
342685
342737
342808
342859
342918
343042
343103
343173
343226
343365
343421
343484
343580
343688
343767
343852
343932
344056
344181
344280
344363
344425
344553
344667
344732
344865
344927
345052
345178
345232
345296
345340
345397
345440
345616
345680
345755
345847
345909
345975
346031
346096
346244
346314
346428
346480
346539
346602
346684
346776
346838
346911
346999
347071
347141
347212
347279
347402
347453
347515
347562
347626
347674
347804
347885
347967
348040
348111
348273
348368
348492
348579
348672
348728
348828
348900
348982
349095
349139
349197
349278
349330
349443
349502
349563
349610
349685
349829
349880
349953
350084
350190
350252
350322
350387
350454
350510
350561
350635
350700
350781
350842
350943
351007
351072
351144
351248
351324
351382
351432
351509
351550
351606
351660
351728
351791
351849
351966
352044
352106
352197
352262
352324
352391
352473
352597
352698
352791
352878
352934
352992
353071
353135
353204
353271
353339
353550
353684
353735
353808
353961
354092
354175
354269
354313
354376
354432
354494
354585
354667
354737
354828
354883
354961
355024
355095
355164
355228
355281
355338
355420
355483
355537
355662
355798
355850
355888
355902
355971
356049
356120
356186
356253
356336
356427
356518
356603
356656
356715
356826
356893
356958
357060
357144
357219
357299
357349
357448
357568
357635
357713
357774
357834
357897
357956
358015
358097
358205
358268
358381
358454
358574
358646
358697
358784
358868
358923
359106
359169
359226
359293
359383
359461
359520
359611
359669
359751
359818
359886
359967
360057
360113
360248
360404
360475
360539
360639
360752
360842
360864
360900
360950
361009
361068
361128
361273
361323
361381
361456
361537
361662
361729
361824
361887
361940
362040
362104
362198
362340
362389
362461
362516
362610
362681
362785
362898
362979
363042
363159
363343
363412
363507
363580
363673
363748
363803
363864
363911
363959
364039
364097
364203
364329
364394
364460
364517
364601
364712
364756
364932
364968
365047
365134
365211
365275
365356
365418
365508
365568
365642
365712
365793
365858
365946
366006
366078
366157
366274
366444
366500
366685
366749
366808
366869
366947
367101
367181
367248
367374
367510
367725
367772
367832
367882
367939
367999
368084
368144
368191
368244
368316
368393
368471
368523
368596
368683
368762
368854
368924
369010
369075
369128
369215
369276
369340
369407
369516
369596
369658
369756
369849
369910
370022
370079
370194
370264
370369
370426
370509
370604
370650
370747
370830
370926
371023
371092
371171
371239
371300
371348
371426
371496
371579
371638
371738
371812
371879
371982
372078
372307
372418
372462
372536
372620
372676
372730
372787
372861
372940
373037
373099
373213
373267
373322
373387
373445
373577
373755
373838
373914
374016
374084
374167
374226
374285
374362
374482
374525
374598
374678
374776
374870
374925
375018
375117
375189
375320
375392
375469
375522
375567
375646
375725
375810
375874
375963
376029
376129
376190
376250
376316
376410
376530
376594
376699
376782
376916
376959
377044
377103
377216
377295
377343
377436
377555
377616
377681
377778
377829
377885
377947
378290
378333
378407
378562
378662
378717
378808
378922
378995
379088
379167
379239
379362
379510
379622
379679
379780
380052
380128
380181
380286
380427
380507
380622
380800
380865
380932
380988
381105
381163
381220
381293
381358
381441
381503
381561
381649
381786
381839
381910
381975
382053
382112
382176
382253
382330
382390
382460
382588
382684
382771
382987
383028
383078
383171
383276
383358
383417
383548
383763
383877
383943
384017
384132
384189
384251
384336
384402
384493
384583
384665
384764
384832
384875
384990
385059
385113
385177
385244
385318
385399
385479
385537
385665
385740
385815
386018
386236
386377
386487
386591
386645
386706
386774
386841
386940
387000
387047
387109
387182
387271
387336
387425
387558
387641
387722
387810
387862
387949
388019
388101
388205
388269
388353
388410
388504
388573
388665
388725
388802
388943
389012
389125
389190
389301
389396
389454
389532
389608
389655
389713
389864
389940
390036
390154
390254
390367
390472
390673
390743
390815
390918
390963
391035
391106
391158
391217
391279
391367
391441
391604
391668
391754
391815
391926
392062
392120
392221
392301
392376
392444
392524
392608
392684
392750
392926
393044
393123
393200
393266
393365
393459
393501
393573
393690
393797
393877
393923
393960
394008
394104
394149
394204
394498
394611
394684
394732
394777
394827
394914
394976
395038
395103
395161
395203
395260
395325
395389
395437
395538
395595
395719
395795
395860
395912
395966
396012
396087
396191
396280
396345
396434
396542
396737
396844
396942
397091
397138
397224
397326
397419
397490
397634
397805
397880
397904
397953
398016
398061
398121
398196
398264
398332
398433
398500
398631
398699
398805
398885
398944
399016
399073
399230
399326
399398
399453
399507
399554
399627
399682
399803
399912
400037
400087
400149
400210
400261
400313
400359
400452
400497
400573
400657
400721
400785
400850
400895
400940
401018
401082
401130
401190
401243
401309
401394
401449
401508
401628
401680
401729
401797
401855
401906
401967
402005
402070
402121
402166
402207
402252
402298
402363
402412
402470
402531
402576
402627
402750
402789
402833
402883
402947
403001
403050
403088
403122
403244
403301
403353
403453
403519
403579
403692
403765
403838
403927
403981
404055
404136
404187
404238
404310
404371
404485
404558
404657
404755
404827
404935
404992
405047
405127
405192
405260
405313
405374
405453
405560
405630
405703
405754
405850
405937
405996
406042
406094
406147
406204
406256
406306
406363
406414
406460
406536
406590
406635
406689
406740
406815
406896
406956
407108
407183
407292
407351
407415
407500
407655
407710
407770
407825
407943
408005
408071
408137
408214
408279
408353
408401
408486
408539
408598
408676
408728
408783
408870
409008
409076
409175
409245
409319
409400
409511
409646
409719
409800
409863
409939
409998
410067
410163
410265
410323
410381
410427
410516
410574
410674
410746
410841
410911
411016
411085
411191
411271
411354
411422
411481
411542
411612
411676
411728
411780
411870
411928
411986
412046
412164
412219
412274
412329
412416
412464
412517
412571
412651
412704
412785
412858
412916
412966
413010
413069
413137
413258
413312
413377
413434
413482
413537
413602
413654
413731
413784
413851
413916
413989
414071
414140
414216
414270
414359
414429
414512
414534
414572
414628
414705
414825
414976
415056
415129
415199
415275
415386
415443
415548
415607
415677
415759
415815
415956
416013
416098
416143
416234
416307
416386
416443
416501
416554
416611
416696
416794
416857
416989
417075
417125
417193
417297
417352
417417
417497
417550
417596
417689
417799
417864
417914
417987
418064
418139
418193
418281
418340
418433
418504
418567
418624
418742
418811
418897
418988
419053
419112
419268
419321
419393
419497
419568
419618
419716
419785
419872
419964
420046
420086
420153
420266
420339
420453
420555
420599
420656
420709
420746
420827
420904
420972
421063
421186
421240
421318
421368
421473
421533
421595
421704
421776
421842
421906
421972
422074
422147
422204
422310
422417
422573
422623
422692
422787
422843
422883
422934
423026
423070
423152
423202
423268
423336
423397
423459
423517
423596
423681
423754
423815
423911
424019
424069
424134
424235
424267
424421
424479
424556
424683
424783
424854
424898
424940
424981
425072
425152
425216
425266
425347
425399
425448
425499
425549
425602
425719
425793
425869
425976
426043
426134
426182
426249
426291
426364
426443
426541
426605
426650
426741
426859
426937
427016
427059
427110
427198
427340
427401
427491
427551
427620
427734
427797
427850
427915
427978
428068
428135
428183
428232
428295
428344
428399
428472
428538
428582
428636
428693
428771
428854
428905
428978
429049
429124
429209
429272
429335
429383
429452
429511
429568
429619
429669
429712
429778
429880
429957
430024
430079
430207
430246
430294
430344
430442
430489
430543
430582
430652
430725
430780
430835
430907
430995
431045
431102
431162
431213
431275
431331
431384
431432
431490
431549
431608
431660
431723
431766
431824
431884
431947
432018
432096
432159
432213
432316
432404
432474
432511
432564
432609
432661
432720
432785
432851
432917
432981
433048
433086
433134
433189
433246
433303
433350
433403
433473
433521
433569
433603
433643
433692
433732
433767
433825
433879
433943
433989
434051
434096
434156
434201
434237
434288
434331
434380
434423
434487
434549
434617
434661
434712
434764
434808
434861
434914
434954
435002
435054
435120
435173
435212
435261
435304
435343
435403
435457
435529
435591
435649
435714
435777
435836
435913
435980
436039
436073
436128
436181
436234
436305
436380
436447
436501
436560
436614
436682
436752
436821
436867
436939
436992
437042
437087
437135
437219
437257
437299
437391
437450
437513
437566
437630
437710
437786
437890
437926
437983
438032
438077
438152
438206
438256
438312
438396
438464
438522
438581
438626
438676
438712
438761
438814
438868
438923
438975
439022
439066
439115
439164
439224
439278
439326
439380
439433
439480
439525
439571
439617
439661
439723
439778
439824
439880
439935
439984
440035
440089
440138
440171
440213
440257
440294
440343
440387
440450
440526
440598
440645
440739
440798
440863
440949
441011
441057
441120
441195
441278
441334
441419
441488
441558
441639
441711
441768
441829
441881
441927
441974
442024
442091
442195
442264
442315
442367
442433
442498
442558
442601
442667
442728
442786
442842
442889
442941
442987
443046
443096
443163
443216
443264
443327
443397
443457
443506
443553
443600
443654
443706
443789
443837
443907
443989
444067
444131
444189
444245
444339
444405
444482
444531
444596
444646
444701
444752
444805
444886
444935
444989
445046
445105
445154
445201
445258
445320
445399
445441
445482
445528
445579
445646
445685
445737
445784
445836
445878
445929
445979
446047
446111
446177
446242
446295
446377
446419
446477
446527
446579
446637
446685
446719
446752
446830
446916
446962
447021
447078
447124
447173
447236
447305
447354
447440
447493
447553
447614
447670
447738
447793
447858
447950
448005
448058
448159
448217
448288
448348
448401
448455
448513
448577
448635
448698
448755
448812
448871
448929
448973
449038
449098
449164
449315
449367
449426
449534
449594
449656
449705
449754
449867
449940
450045
450097
450170
450246
450333
450425
450487
450542
450610
450674
450700
450762
450803
450851
450942
450984
451030
451109
451155
451200
451249
451294
451347
451376
451397
451466
451523
451579
451630
451679
451723
451769
451816
451871
451934
452004
452052
452113
452181
452251
452301
452361
452433
452475
452526
452594
452672
452739
452844
452927
452992
453099
453165
453224
453302
453360
453415
453489
453576
453689
453751
453803
453873
453930
453999
454056
454138
454209
454257
454315
454412
454486
454543
454603
454675
454730
454790
454863
454998
455037
455106
455155
455213
455273
455381
455462
455529
455603
455722
455795
455864
455963
456035
456117
456207
456256
456313
456383
456504
456546
456601
456658
456707
456815
456896
456965
457023
457086
457156
457201
457263
457318
457369
457415
457475
457529
457583
457633
457696
457767
457844
457921
457994
458061
458136
458208
458316
458392
458463
458530
458595
458653
458712
458804
458861
458926
458993
459067
459151
459211
459312
459372
459427
459484
459555
459615
459672
459759
459853
459925
459981
460036
460091
460142
460192
460248
460293
460348
460404
460467
460519
460563
460615
460683
460731
460785
460844
460937
460997
461060
461147
461196
461239
461291
461403
461487
461553
461597
461652
461699
461771
461849
461955
462021
462085
462152
462249
462347
462443
462518
462585
462639
462713
462807
462867
462980
463082
463141
463224
463268
463356
463441
463486
463515
463576
463683
463747
463844
463898
463945
463989
464042
464118
464150
464194
464254
464341
464415
464500
464575
464650
464788
464844
464925
464985
465081
465132
465216
465406
465458
465507
465581
465639
465714
465855
465920
465990
466117
466201
466304
466355
466509
466567
466629
466687
466800
466859
466913
466988
467072
467158
467227
467294
467360
467539
467607
467673
467722
467778
467848
467904
467975
468044
468126
468201
468254
468319
468380
468434
468476
468526
468618
468700
468781
468879
468952
469002
469065
469120
469179
469269
469348
469456
469551
469636
469729
469844
469907
469962
470030
470108
470164
470224
470276
470346
470415
470486
470533
470581
470656
470756
470814
470873
470928
471012
471072
471136
471201
471270
471330
471384
471437
471517
471570
471634
471682
471748
471862
471910
471969
472027
472100
472180
472246
472320
472379
472434
472485
472555
472616
472711
472785
472938
473004
473085
473175
473272
473343
473422
473497
473604
473658
473877
474007
474099
474159
474214
474283
474358
474417
474529
474594
474657
474740
474795
474854
474922
474973
475018
475067
475141
475205
475268
475308
475367
475427
475476
475551
475641
475694
475742
475799
475849
475931
475978
476041
476123
476204
476255
476334
476403
476449
476524
476599
476671
476752
476836
476887
476947
476995
477066
477154
477259
477329
477412
477493
477566
477696
477741
477787
477845
477899
477948
478014
478065
478112
478165
478259
478405
478443
478494
478549
478592
478665
478732
478803
478865
478912
478985
479037
479080
479144
479198
479268
479326
479401
479457
479495
479553
479602
479649
479695
479756
479827
479888
479980
480055
480106
480161
480246
480338
480412
480486
480596
480732
480807
480867
480966
481050
481117
481177
481245
481322
481387
481461
481524
481589
481689
481753
481808
481895
481957
482059
482160
482224
482308
482368
482437
482513
482580
482665
482812
482909
482967
483029
483077
483142
483224
483308
483388
483440
483519
483573
483621
483688
483815
483941
483996
484038
484150
484207
484276
484397
484568
484657
484718
484785
484846
484907
484987
485059
485136
485221
485315
485378
485432
485505
485595
485651
485694
485768
485866
485954
486015
486102
486155
486204
486275
486366
486438
486506
486663
486781
486910
486962
487013
487084
487131
487196
487251
487311
487364
487440
487505
487624
487727
487774
487837
487903
487945
488028
488130
488179
488253
488297
488361
488465
488516
488574
488644
488695
488843
488917
488993
489061
489123
489195
489266
489337
489393
489434
489533
489586
489665
489732
489772
489813
489866
489918
489980
490035
490083
490144
490279
490338
490442
490493
490571
490641
490711
490764
490819
490883
490954
491033
491164
491239
491397
491439
491487
491546
491607
491672
491721
491803
491878
491936
491988
492053
492201
492280
492339
492394
492439
492481
492527
492623
492696
492820
492898
493001
493084
493148
493210
493331
493440
493494
493561
493628
493677
493732
493800
493865
493917
493997
494122
494159
494229
494293
494338
494388
494445
494494
494548
494621
494677
494739
494789
494842
494891
494968
495031
495086
495224
495302
495424
495486
495539
495591
495726
495786
495839
495930
495977
496042
496105
496181
496347
496405
496458
496514
496568
496630
496701
496763
496829
496897
496964
497111
497190
497305
497356
497467
497534
497608
497676
497735
497797
497880
497928
497983
498089
498173
498223
498280
498332
498385
498452
498542
498598
498683
498882
498959
499018
499129
499191
499268
499365
499489
499538
499617
499731
499789
499841
499908
499978
500037
500090
500152
500227
500289
500374
500457
500507
500609
500663
500709
500753
500798
500867
500914
500975
501038
501086
501169
501241
501328
501412
501464
501557
501634
501702
501743
501794
501847
501911
501973
502018
502064
502143
502196
502239
502300
502360
502428
502492
502557
502617
502685
502787
502839
502907
503011
503117
503260
503351
503435
503516
503577
503645
503707
503767
503846
503891
503971
504023
504068
504131
504192
504255
504310
504359
504410
504469
504539
504650
504706
504798
504861
504944
505038
505124
505193
505277
505336
505387
505458
505593
505651
505707
505814
505882
505938
506006
506068
506138
506176
506221
506261
506307
506371
506411
506474
506510
506565
506623
506681
506741
506800
506860
506914
506953
507004
507048
507089
507138
507197
507264
507325
507374
507426
507510
507591
507728
507821
507885
507944
508030
508109
508221
508337
508406
508472
508538
508595
508684
508728
508796
508850
508936
509003
509074
509145
509216
509275
509321
509402
509475
509530
509611
509661
509731
509786
509843
509887
509964
510026
510083
510190
510226
510266
510311
510367
510446
510525
510570
510654
510714
510786
510878
510966
511001
511048
511092
511143
511219
511272
511343
511418
511517
511570
511613
511672
511744
511846
511931
512022
512106
512197
512311
512439
512539
512590
512663
512804
512868
512968
513019
513081
513137
513197
513251
513317
513372
513449
513506
513556
513625
513694
513765
513823
513876
513948
514029
514080
514135
514176
514226
514274
514315
514367
514415
514464
514515
514564
514650
514699
514750
514836
514902
515042
515109
515209
515268
515338
515421
515495
515590
515663
515734
515784
515835
515901
515993
516060
516126
516245
516309
516383
516450
516520
516574
516720
516770
516841
516907
516977
517053
517137
517225
517282
517363
517429
517569
517616
517670
517744
517840
517923
517992
518043
518120
518170
518216
518267
518316
518360
518471
518532
518605
518660
518740
518794
518887
518970
519029
519097
519301
519374
519435
519492
519587
519653
519773
519856
519941
520008
520096
520161
520246
520301
520385
520483
520593
520643
520711
520764
520814
520888
520967
521054
521198
521302
521384
521492
521583
521732
521805
521912
522014
522071
522143
522210
522262
522336
522414
522473
522525
522591
522650
522724
522813
522896
522973
523040
523090
523146
523204
523251
523291
523333
523429
523505
523550
523597
523646
523742
523843
523929
523975
524093
524173
524238
524308
524351
524391
524497
524596
524654
524736
524824
524882
524941
525039
525084
525158
525223
525281
525351
525405
525458
525523
525572
525625
525691
525754
525828
525890
525946
526003
526089
526142
526216
526290
526347
526403
526451
526508
526571
526643
526720
526794
526863
526914
526980
527067
527134
527202
527290
527360
527411
527473
527548
527621
527689
527764
527849
527927
528003
528087
528150
528212
528298
528373
528438
528503
528659
528713
528837
528890
528944
529011
529072
529163
529205
529262
529339
529391
529491
529564
529643
529696
529811
529863
529926
530016
530060
530113
530155
530200
530292
530367
530466
530530
530588
530666
530758
530818
530903
530974
531144
531191
531242
531329
531374
531416
531467
531556
531615
531659
531709
531793
531982
532104
532185
532237
532311
532423
532506
532567
532672
532786
532896
532992
533065
533122
533193
533251
533331
533404
533459
533514
533566
533624
533677
533753
533808
533853
533907
533973
534043
534208
534265
534314
534370
534431
534495
534573
534715
534780
534837
534890
534969
535045
535125
535298
535338
535390
535457
535555
535608
535671
535806
535860
535924
535980
536044
536107
536153
536372
536420
536464
536562
536619
536690
536796
536876
536970
537037
537092
537157
537238
537369
537425
537482
537542
537610
537677
537740
537790
537843
537901
537972
538025
538111
538195
538259
538313
538368
538434
538540
538588
538639
538692
538757
538834
538885
538939
538984
539042
539091
539129
539177
539225
539266
539315
539362
539425
539484
539543
539632
539726
539776
539849
539927
540050
540130
540233
540381
540443
540547
540613
540671
540822
540899
540964
541032
541086
541131
541206
541267
541330
541418
541489
541553
541611
541676
541747
541795
541854
541911
541994
542051
542104
542157
542230
542295
542342
542408
542482
542548
542605
542654
542710
542761
542808
542857
542907
542967
543006
543054
543112
543186
543263
543331
543419
543499
543586
543650
543707
543798
543859
543909
544034
544077
544134
544200
544292
544399
544500
544563
544616
544666
544719
544798
544921
545122
545173
545259
545325
545407
545489
545533
545582
545631
545690
545741
545787
545840
545902
545968
546031
546094
546152
546199
546266
546317
546381
546449
546526
546581
546687
546789
546867
546946
547014
547154
547193
547246
547310
547392
547456
547548
547615
547737
547804
547864
547927
547979
548058
548117
548239
548290
548362
548443
548492
548551
548606
548670
548722
548785
548849
548929
548992
549142
549232
549331
549390
549502
549580
549718
549780
549836
549913
549982
550047
550139
550189
550255
550318
550397
550443
550493
550558
550614
550728
550783
550850
550942
550996
551076
551127
551196
551265
551322
551378
551441
551495
551645
551695
551777
551846
551919
552013
552110
552175
552265
552351
552434
552484
552528
552609
552664
552756
552817
552875
552965
553051
553103
553173
553220
553298
553361
553425
553498
553564
553664
553707
553803
553892
553952
554011
554084
554143
554192
554262
554343
554389
554448
554579
554719
554889
554946
555051
555153
555195
555247
555296
555349
555394
555451
555497
555555
555620
555709
555818
555933
555991
556106
556177
556233
556342
556397
556458
556525
556596
556655
556702
556755
556825
556908
556981
557070
557179
557252
557342
557415
557496
557581
557642
557697
557786
557850
557959
558020
558083
558126
558183
558252
558327
558387
558441
558513
558576
558646
558731
558783
558851
558893
558959
559019
559227
559278
559348
559441
559492
559543
559606
559677
559756
559812
559879
559988
560038
560120
560191
560289
560360
560437
560524
560587
560661
560732
560799
560890
560956
561038
561113
561212
561328
561385
561447
561519
561572
561663
561730
561802
561867
561939
562015
562115
562174
562263
562438
562495
562556
562615
562670
562734
562802
562874
562930
562978
563048
563170
563307
563407
563467
563535
563595
563688
563759
563824
563898
563953
564033
564123
564210
564272
564313
564360
564428
564535
564605
564666
564729
564805
564892
564989
565049
565119
565211
565277
565436
565534
565614
565682
565802
565869
565915
566005
566062
566117
566187
566254
566313
566374
566488
566556
566646
566746
566828
566895
566966
567113
567189
567303
567385
567468
567627
567674
567842
567890
567947
568019
568068
568172
568284
568344
568556
568628
568793
568867
568917
568973
569028
569072
569145
569196
569304
569350
569413
569466
569544
569623
569669
569752
569832
569884
569931
569975
570028
570103
570174
570264
570320
570377
570428
570534
570611
570683
570808
570901
570960
571036
571081
571152
571194
571253
571375
571431
571477
571612
571671
571766
571834
571933
572017
572065
572123
572169
572221
572262
572306
572359
572418
572471
572563
572648
572698
572763
572810
572874
572931
573017
573077
573157
573248
573322
573455
573513
573567
573642
573692
573747
573821
573994
574068
574195
574278
574398
574454
574554
574606
574666
574722
574762
574804
574858
574979
575034
575084
575128
575206
575259
575308
575356
575397
575466
575522
575575
575646
575689
575747
575800
575853
575910
575984
576048
576104
576179
576227
576317
576391
576443
576493
576568
576650
576700
576839
576921
577011
577110
577209
577275
577346
577406
577457
577568
577738
577855
577940
577987
578057
578134
578194
578261
578314
578360
578411
578489
578699
578793
578940
579036
579103
579153
579204
579271
579435
579487
579538
579599
579650
579730
579810
579880
579941
580004
580049
580120
580182
580262
580327
580413
580474
580554
580616
580663
580757
580828
580900
580965
581053
581159
581203
581264
581348
581395
581443
581521
581575
581627
581678
581733
581818
581866
581904
582037
582087
582157
582213
582261
582298
582355
582441
582521
582597
582657
582753
582869
582959
583018
583080
583169
583298
583361
583443
583497
583563
583619
583669
583758
583816
583911
583954
583988
584039
584086
584169
584213
584265
584331
584379
584419
584454
584495
584576
584637
584676
584728
584863
584916
584987
585037
585130
585184
585298
585382
585454
585559
585647
585692
585774
585833
585893
585945
586010
586141
586211
586337
586424
586530
586615
586701
586860
586913
586988
587108
587164
587224
587309
587385
587585
587636
587688
587732
587796
587840
587894
587947
588024
588101
588178
588268
588408
588469
588520
588580
588676
588727
588782
588830
588879
588952
588997
589059
589111
589148
589188
589287
589331
589393
589452
589509
589575
589634
589699
589791
589851
589912
589985
590044
590110
590178
590245
590315
590402
590455
590511
590579
590645
590709
590773
590825
590895
590955
591072
591132
591191
591258
591303
591366
591403
591439
591483
591540
591597
591640
591700
591745
591792
591840
591890
591945
591986
592021
592071
592119
592166
592212
592264
592322
592398
592453
592533
592581
592657
592718
592779
592834
592898
592943
592995
593045
593094
593147
593225
593273
593331
593385
593439
593489
593556
593629
593767
593812
593861
593925
594009
594060
594110
594154
594210
594255
594302
594361
594415
594481
594544
594592
594659
594732
594806
594876
594924
595001
595064
595124
595192
595277
595361
595413
595489
595543
595586
595635
595697
595747
595811
595863
595916
595983
596032
596104
596164
596224
596274
596409
596464
596527
596580
596628
596682
596733
596808
596877
596942
596993
597038
597106
597175
597239
597288
597342
597408
597473
597521
597574
597628
597683
597749
597822
597881
597960
598029
598076
598122
598195
598239
598298
598349
598418
598491
598558
598670
598721
598774
598836
598904
598944
599010
599070
599118
599178
599226
599286
599347
599399
599464
599535
599600
599666
599752
599795
599904
599974
600031
600092
600141
600209
600291
600355
600471
600531
600618
600673
600773
600824
600884
600950
601031
601094
601138
601193
601249
601295
601337
601428
601492
601559
601642
601696
601740
601792
601843
601920
602025
602073
602121
602175
602222
602271
602318
602362
602437
602493
602541
602591
602642
602717
602763
602819
602865
602912
602957
603004
603067
603117
603169
603219
603264
603304
603459
603508
603555
603612
603654
603701
603759
603820
603864
603926
603976
604072
604139
604197
604237
604286
604332
604421
604493
604567
604618
604722
604781
604837
604909
604975
605055
605112
605176
605224
605272
605310
605362
605396
605446
605498
605560
605617
605671
605752
605808
605873
605918
605968
606027
606084
606134
606188
606256
606312
606373
606436
606474
606515
606562
606626
606710
606757
606821
606878
606925
606996
607092
607156
607218
607313
607370
607422
607505
607556
607604
607647
607703
607748
607792
607839
607875
607918
607976
608021
608087
608147
608198
608261
608306
608373
608420
608464
608506
608548
608596
608640
608693
608737
608785
608838
608885
608948
608993
609044
609089
609140
609196
609257
609310
609377
609420
609466
609539
609590
609661
609716
609758
609807
609850
609918
609972
610018
610080
610150
610214
610258
610318
610356
610409
610467
610519
610564
610613
610663
610702
610749
610794
610831
610875
610923
610964
611004
611040
611082
611123
611163
611203
611251
611293
611336
611385
611440
611487
611547
611600
611638
611680
611727
611793
611842
611885
611981
612018
612067
612108
612162
612203
612241
612282
612328
612382
612424
612479
612524
612577
612623
612685
612751
612809
612867
612914
612965
613009
613059
613103
613139
613175
613214
613260
613303
613348
613389
613460
613500
613560
613610
613672
613722
613804
613854
613919
614006
614067
614115
614178
614219
614259
614302
614346
614395
614438
614480
614516
614559
614603
614647
614691
614746
614803
614867
614917
614977
615015
615073
615147
615210
615261
615333
615385
615438
615508
615559
615640
615703
615751
615798
615848
615906
615954
616014
616065
616113
616167
616213
616257
616299
616346
616397
616451
616496
616546
616608
616663
616731
616777
616845
616903
616966
617016
617064
617117
617175
617261
617308
617358
617401
617472
617531
617593
617667
617727
617774
617817
617873
617929
617982
618040
618090
618139
618193
618239
618284
618341
618387
618440
618494
618553
618605
618647
618703
618741
618781
618845
618900
618936
618989
619035
619099
619160
619217
619284
619351
619430
619486
619531
619572
619603
619639
619671
619712
619752
619896
619948
620014
620084
620138
620199
620253
620312
620360
620415
620474
620533
620590
620677
620720
620811
620868
620934
620999
621092
621124
621162
621201
621245
621302
621356
621418
621489
621535
621597
621655
621724
621788
621856
621960
622024
622084
622137
622213
622305
622364
622424
622486
622541
622589
622655
622739
622815
622869
622928
623023
623070
623154
623222
623305
623353
623399
623461
623527
623581
623658
623722
623787
623853
623917
623982
624092
624162
624201
624246
624283
624326
624366
624413
624477
624550
624606
624660
624708
624766
624828
624872
624928
624975
625016
625071
625114
625152
625193
625239
625287
625338
625387
625437
625481
625527
625591
625633
625697
625762
625823
625886
625945
626008
626094
626150
626221
626380
626458
626604
626646
626688
626755
626813
626882
626934
626995
627055
627126
627193
627273
627321
627398
627448
627508
627547
627654
627711
627760
627805
627865
627949
628012
628092
628146
628201
628295
628364
628424
628483
628540
628605
628666
628768
628878
629051
629143
629224
629286
629340
629389
629446
629500
629551
629615
629663
629720
629778
629857
629932
630011
630137
630210
630270
630318
630378
630436
630489
630554
630611
630668
630744
630799
630859
630903
630983
631026
631073
631127
631169
631214
631267
631319
631367
631421
631463
631527
631603
631653
631725
631801
631847
631893
631942
631993
632071
632186
632247
632322
632407
632469
632513
632590
632678
632745
632812
632864
632915
632990
633086
633153
633245
633303
633355
633401
633452
633507
633562
633631
633686
633732
633791
633858
633933
633984
634050
634098
634182
634228
634275
634329
634380
634437
634498
634563
634645
634702
634762
634815
634886
634931
635002
635089
635156
635211
635275
635358
635439
635498
635613
635698
635753
635822
635872
635920
635961
636014
636058
636102
636143
636211
636303
636380
636445
636534
636599
636646
636700
636760
636813
636886
636941
636987
637054
637102
637214
637268
637316
637367
637435
637510
637611
637674
637727
637793
637840
637892
637941
638007
638066
638134
638207
638294
638362
638447
638515
638574
638639
638703
638760
638831
638870
638930
639035
639100
639175
639226
639292
639335
639373
639422
639465
639515
639570
639628
639721
639827
639922
640022
640100
640152
640210
640279
640341
640407
640469
640520
640572
640621
640723
640772
640820
640889
640937
640983
641038
641089
641171
641255
641320
641395
641459
641511
641570
641658
641739
641787
641856
641913
641985
642062
642124
642208
642283
642365
642432
642614
642692
642861
642911
642974
643029
643091
643145
643191
643237
643308
643370
643438
643484
643546
643609
643674
643739
643800
643894
643966
644020
644089
644150
644205
644272
644324
644368
644441
644490
644562
644634
644686
644776
644829
644894
644960
645005
645063
645119
645187
645248
645372
645488
645575
645657
645750
645794
645891
645992
646045
646128
646198
646261
646317
646362
646422
646490
646548
646606
646679
646799
646836
646898
646972
647030
647076
647159
647213
647268
647347
647414
647508
647577
647718
647764
647819
647866
647911
647989
648043
648162
648204
648268
648310
648355
648402
648455
648496
648537
648582
648638
648701
648765
648836
648933
648980
649092
649157
649245
649293
649361
649428
649473
649549
649603
649674
649741
649791
649847
649936
650045
650105
650169
650249
650297
650345
650396
650432
650474
650533
650580
650635
650687
650731
650776
650831
650905
650976
651084
651146
651228
651316
651369
651437
651572
651641
651700
651756
651860
651908
651958
652016
652070
652183
652286
652357
652448
652511
652590
652634
652694
652770
652812
652885
652938
652996
653103
653179
653248
653343
653390
653474
653527
653580
653667
653747
653826
653888
653931
653977
654022
654070
654151
654228
654285
654388
654430
654500
654578
654648
654710
654762
654814
654854
654933
654999
655096
655175
655224
655304
655342
655550
655606
655649
655688
655837
655884
655939
655986
656085
656166
656243
656303
656382
656449
656513
656597
656649
656707
656776
656851
656966
657015
657059
657098
657198
657257
657311
657352
657406
657482
657581
657744
657785
657847
657895
657977
658077
658123
658157
658206
658254
658302
658347
658391
658483
658529
658577
658618
658688
658749
658810
658854
658889
658957
659045
659101
659155
659207
659266
659321
659365
659439
659496
659548
659619
659665
659714
659764
659813
659861
659917
659972
660034
660155
660225
660277
660392
660444
660506
660594
660650
660712
660765
660813
660855
660918
660960
661013
661051
661100
661215
661263
661306
661382
661435
661500
661556
661619
661667
661728
661792
661847
661908
661965
662034
662081
662128
662179
662236
662312
662372
662429
662520
662591
662636
662704
662756
662797
662853
662904
662973
663025
663096
663153
663277
663415
663452
663522
663578
663628
663676
663729
663770
663801
663855
663897
663938
663986
664027
664068
664105
664146
664188
664248
664312
664361
664413
664541
664572
664613
664652
664708
664759
664805
664855
664920
664982
665036
665085
665140
665175
665225
665283
665329
665414
665486
665543
665597
665658
665709
665775
665824
665940
665985
666049
666121
666168
666224
666317
666370
666423
666467
666509
666554
666599
666657
666747
666794
666885
667008
667051
667114
667216
667262
667338
667409
667533
667605
667677
667721
667780
667828
667882
667969
668020
668066
668121
668172
668214
668265
668302
668338
668373
668425
668466
668509
668556
668610
668669
668719
668766
668811
668872
668930
668997
669059
669123
669212
669268
669314
669365
669420
669481
669531
669605
669648
669709
669757
669799
669857
669927
669971
670094
670178
670236
670305
670374
670444
670497
670574
670613
670662
670715
670771
670827
670879
670923
670975
671014
671061
671104
671148
671199
671266
671324
671375
671424
671500
671564
671642
671715
671764
671832
671882
671975
672035
672079
672138
672192
672259
672318
672385
672440
672497
672554
672631
672676
672720
672771
672819
672869
672907
672954
673003
673058
673108
673160
673222
673278
673323
673374
673419
673479
673530
673583
673636
673688
673738
673794
673841
673883
673928
673975
674015
674054
674093
674138
674187
674250
674303
674355
674420
674482
674526
674587
674638
674684
674739
674785
674825
674880
674935
674989
675039
675096
675165
675211
675272
675369
675414
675463
675522
675597
675642
675710
675775
675915
675963
676027
676071
676124
676185
676238
676279
676329
676399
676472
676553
676605
676712
676765
676809
676858
676938
676989
677031
677080
677135
677179
677238
677281
677331
677376
677430
677498
677553
677623
677665
677717
677781
677833
677978
678020
678076
678147
678208
678287
678376
678427
678467
678517
678567
678607
678651
678694
678746
678802
678849
678902
678978
679040
679086
679124
679164
679215
679265
679319
679359
679409
679451
679492
679536
679579
679666
679703
679751
679834
679885
679940
679999
680047
680111
680160
680228
680283
680334
680387
680425
680469
680522
680570
680612
680656
680726
680771
680819
680871
680928
680997
681059
681121
681168
681215
681275
681326
681379
681482
681531
681589
681658
681705
681770
681814
681883
681938
681990
682038
682093
682156
682235
682291
682353
682412
682526
682612
682692
682734
682796
682833
682894
682965
683073
683124
683172
683216
683261
683303
683360
683427
683486
683551
683589
683665
683721
683791
683868
683945
684003
684056
684117
684166
684217
684264
684315
684366
684412
684456
684518
684561
684622
684666
684712
684758
684816
684869
684926
684970
685026
685085
685144
685207
685271
685326
685378
685430
685497
685549
685594
685651
685702
685757
685811
685874
685926
685973
686044
686119
686184
686232
686283
686378
686427
686471
686531
686597
686675
686735
686796
686852
686908
687003
687066
687122
687194
687233
687287
687329
687380
687440
687491
687533
687584
687626
687664
687705
687754
687798
687848
687890
687930
687977
688094
688140
688185
688224
688264
688324
688359
688398
688448
688487
688533
688578
688639
688681
688759
688828
688881
689005
689076
689127
689185
689223
689279
689339
689387
689446
689513
689583
689638
689691
689751
689816
689910
689983
690048
690118
690180
690238
690284
690334
690401
690458
690499
690545
690601
690673
690713
690763
690805
690865
690907
690947
691006
691045
691080
691127
691179
691247
691310
691366
691498
691542
691591
691637
691701
691760
691809
691861
691912
691967
692014
692068
692115
692151
692199
692247
692332
692412
692463
692510
692554
692610
692666
692722
692767
692819
692870
692915
692958
692995
693029
693064
693105
693149
693200
693248
693324
693411
693496
693553
693633
693693
693787
693860
693942
694009
694097
694145
694206
694246
694344
694394
694448
694504
694574
694624
694682
694738
694812
694948
694984
695022
695084
695165
695268
695325
695439
695488
695583
695609
695657
695687
695723
695756
695799
695842
695873
695917
695970
696002
696037
696082
696192
696266
696327
696374
696482
696544
696636
696698
696764
696859
696914
696971
697025
697073
697125
697181
697257
697395
697436
697478
697639
697685
697749
697815
697861
697932
697988
698045
698092
698192
698249
698304
698380
698504
698560
698659
698749
698808
698863
698923
699020
699066
699114
699161
699267
699315
699362
699412
699485
699532
699579
699629
699689
699736
699779
699834
699882
699931
699976
700025
700077
700119
700161
700217
700268
700330
700398
700447
700500
700571
700625
700685
700761
700814
700873
700915
700972
701054
701111
701168
701219
701280
701341
701400
701456
701504
701559
701626
701682
701736
701795
701862
701915
702003
702052
702143
702201
702292
702340
702414
702458
702550
702607
702688
702748
702789
702869
702910
702960
703006
703061
703123
703176
703212
703252
703294
703349
703408
703459
703516
703647
703684
703723
703768
703814
703853
703893
703938
703988
704046
704088
704173
704242
704297
704367
704454
704521
704590
704638
704720
704808
704911
704974
705073
705120
705173
705246
705322
705377
705429
705479
705518
705546
705601
705654
705696
705742
705793
705865
705918
705976
706052
706131
706187
706261
706330
706421
706487
706563
706617
706698
706765
706834
706928
706995
707097
707161
707237
707288
707375
707473
707520
707568
707639
707696
707775
707904
707960
708022
708091
708208
708285
708336
708456
708515
708565
708634
708686
708748
708827
708880
708939
708998
709065
709126
709172
709212
709282
709351
709449
709517
709572
709655
709717
709804
709853
709903
709972
710047
710128
710215
710268
710322
710367
710432
710494
710547
710609
710668
710742
710792
710876
710946
710991
711082
711201
711252
711335
711408
711509
711564
711628
711709
711783
711855
711897
712000
712049
712102
712170
712227
712268
712323
712378
712422
712537
712583
712638
712677
712724
712766
712815
712865
712915
712979
713043
713104
713161
713213
713257
713300
713355
713392
713440
713480
713525
713575
713633
713687
713730
713771
713821
713867
713906
713958
714010
714053
714129
714188
714240
714286
714366
714415
714479
714544
714606
714654
714713
714768
714814
714867
714906
714946
714986
715035
715089
715123
715187
715235
715292
715336
715385
715427
715479
715531
715588
715704
715813
715915
715980
716055
716125
716223
716274
716331
716384
716457
716555
716645
716716
716833
716892
716956
717005
717050
717099
717159
717215
717279
717331
717393
717444
717503
717561
717613
717664
717712
717767
717829
717886
717935
717995
718048
718108
718159
718213
718259
718316
718388
718438
718499
718544
718590
718633
718674
718725
718784
718830
718887
718939
719001
719051
719105
719217
719282
719378
719460
719531
719583
719648
719704
719763
719862
719931
719986
720037
720089
720145
720187
720258
720316
720363
720419
720466
720542
720608
720651
720790
720830
720874
720922
720976
721066
721119
721185
721232
721291
721409
721458
721538
721613
721699
721765
721843
721905
721975
722067
722158
722277
722335
722404
722463
722517
722583
722645
722714
722778
722866
722918
723024
723085
723142
723229
723339
723385
723441
723512
723560
723614
723672
723727
723788
723845
723894
723940
723988
724058
724124
724206
724261
724313
724367
724410
724453
724497
724555
724622
724688
724781
724836
724887
724938
724988
725040
725088
725134
725184
725242
725301
725388
725443
725519
725580
725652
725718
725764
725805
725855
725921
725998
726069
726133
726191
726253
726313
726376
726442
726490
726574
726748
726788
726869
726914
726964
727013
727078
727120
727161
727214
727273
727328
727381
727435
727494
727561
727609
727662
727703
727774
727840
727898
727944
728010
728068
728140
728198
728247
728335
728405
728497
728590
728638
728726
728794
728853
728967
729004
729048
729103
729194
729276
729324
729377
729454
729514
729571
729627
729678
729781
729834
729881
729926
729966
730011
730071
730145
730199
730242
730291
730343
730395
730460
730504
730556
730602
730654
730723
730804
730870
730954
731037
731097
731145
731201
731265
731336
731390
731458
731510
731575
731638
731708
731774
731823
731892
732068
732114
732167
732271
732344
732411
732466
732523
732612
732665
732709
732764
732823
732876
732936
732995
733053
733110
733161
733200
733239
733280
733349
733402
733441
733482
733556
733593
733636
733704
733795
733856
733925
733974
734030
734122
734174
734230
734291
734382
734452
734520
734611
734683
734876
735035
735133
735189
735339
735398
735452
735518
735563
735789
735872
735951
736003
736077
736162
736246
736322
736371
736435
736482
736527
736589
736652
736702
736757
736804
736955
736997
737043
737089
737136
737194
737263
737313
737382
737435
737502
737575
737639
737719
737783
737839
737906
738013
738056
738108
738173
738242
738327
738395
738456
738524
738594
738649
738744
738862
738943
738995
739067
739144
739258
739337
739390
739454
739500
739541
739580
739617
739667
739717
739779
739826
739878
739952
740004
740087
740137
740216
740289
740331
740392
740460
740542
740606
740723
740790
740837
740895
740984
741045
741125
741177
741247
741300
741362
741415
741471
741602
741660
741717
741816
741889
741954
742006
742063
742138
742207
742264
742317
742394
742466
742537
742627
742696
742749
742811
742851
742927
742977
743074
743149
743191
743248
743308
743405
743455
743515
743581
743653
743715
743765
743816
743868
743943
744011
744076
744154
744239
744297
744372
744439
744492
744547
744684
744738
744807
744871
744916
744962
745012
745156
745198
745296
745377
745493
745549
745648
745728
745792
745886
745955
746067
746145
746206
746273
746319
746381
746433
746563
746721
746779
746830
746888
746950
747002
747052
747148
747203
747268
747382
747458
747526
747636
747719
747797
747901
748003
748061
748149
748194
748260
748320
748368
748429
748484
748638
748684
748761
748827
748931
749014
749178
749235
749291
749337
749398
749458
749521
749592
749681
749747
749828
749890
749959
750038
750098
750154
750194
750255
750312
750369
750463
750566
750646
750797
750862
750937
750993
751045
751134
751233
751387
751480
751642
751695
751738
751827
751895
751956
752039
752120
752236
752332
752412
752489
752637
752697
752761
752831
752907
752968
753034
753140
753222
753291
753349
753413
753498
753589
753695
753752
753911
753966
754022
754108
754163
754297
754388
754482
754553
754606
754680
754743
754800
754890
754979
755185
755249
755304
755352
755412
755482
755568
755655
755792
755873
755928
756006
756071
756127
756230
756295
756354
756442
756506
756599
756677
756770
756840
756905
757017
757100
757160
757400
757459
757540
757586
757706
757845
757908
757971
758019
758137
758258
758327
758384
758450
758518
758575
758670
758735
758819
758915
758983
759029
759088
759145
759227
759320
759386
759464
759536
759610
759672
759771
759835
759969
760019
760100
760159
760254
760316
760373
760464
760573
760617
760677
760755
760817
760862
760919
760991
761062
761128
761202
761281
761389
761496
761591
761671
761747
761808
761882
761959
762021
762086
762159
762294
762441
762510
762572
762645
762801
762865
762927
762997
763073
763142
763183
763304
763373
763443
763503
763571
763679
763808
763875
763939
763997
764077
764166
764229
764324
764391
764450
764515
764594
764675
764733
764808
764869
764921
765019
765087
765154
765250
765310
765376
765458
765496
765561
765627
765734
765813
765867
765981
766062
766113
766198
766250
766311
766370
766420
766468
766554
766624
766697
766772
766833
766939
767003
767068
767116
767178
767233
767317
767393
767482
767542
767606
767661
767724
767781
767884
767963
768010
768073
768122
768176
768248
768294
768378
768465
768506
768553
768611
768701
768806
768866
768918
768975
769023
769075
769171
769249
769332
769393
769483
769545
769632
769693
769764
769898
769960
770046
770117
770168
770266
770339
770398
770456
770539
770638
770703
770770
770830
770903
770984
771065
771129
771186
771281
771343
771400
771445
771528
771656
771721
771777
771844
771904
771952
771998
772083
772153
772220
772281
772338
772476
772520
772565
772623
772708
772773
772836
772957
773023
773085
773166
773241
773317
773414
773519
773588
773667
773730
773776
773832
773901
773955
774043
774096
774151
774209
774288
774345
774443
774537
774648
774721
774764
774890
774939
775025
775078
775164
775201
775256
775324
775371
775456
775523
775579
775654
775705
775777
775833
775928
776005
776063
776131
776208
776318
776361
776409
776466
776535
776588
776657
776728
776807
776889
777008
777077
777127
777199
777303
777391
777454
777548
777708
777811
777866
777934
778034
778078
778125
778166
778241
778284
778336
778391
778460
778522
778604
778679
778733
778804
778861
778937
779008
779065
779119
779172
779238
779301
779365
779445
779540
779601
779684
779765
779847
779958
780053
780134
780204
780248
780312
780364
780466
780567
780640
780717
780811
780887
781095
781177
781234
781341
781404
781478
781551
781607
781672
781808
781866
781961
782040
782120
782170
782262
782329
782441
782512
782591
782659
782749
782815
782865
782909
782970
783028
783115
783193
783277
783363
783423
783494
783565
783614
783663
783756
783821
783957
784037
784159
784211
784269
784322
784407
784475
784528
784603
784683
784783
784829
784890
784951
785006
785060
785165
785244
785346
785408
785457
785498
785551
785619
785687
785745
785809
785863
785910
785971
786031
786098
786171
786244
786365
786415
786471
786566
786649
786709
786785
786852
786941
787017
787084
787159
787219
787282
787358
787401
787463
787528
787590
787664
787733
787794
787878
787953
788009
788059
788124
788193
788254
788331
788392
788455
788516
788575
788643
788722
788790
788879
788964
789030
789149
789191
789240
789317
789378
789420
789483
789542
789607
789663
789732
789832
789956
790044
790186
790231
790289
790387
790454
790550
790631
790704
790768
790826
790897
790982
791042
791096
791164
791242
791300
791374
791433
791517
791588
791668
791730
791815
791897
791972
792043
792126
792377
792443
792530
792590
792652
792746
792856
792924
792994
793052
793106
793171
793269
793339
793386
793435
793499
793630
793769
793880
793941
794016
794115
794171
794214
794277
794332
794381
794447
794509
794576
794655
794717
794789
794864
794933
794991
795048
795124
795201
795267
795333
795393
795442
795493
795542
795592
795660
795824
795875
795967
796029
796092
796186
796242
796321
796377
796471
796562
796648
796713
796787
796857
796942
797068
797146
797200
797287
797412
797522
797626
797682
797733
797771
797826
797882
797946
798009
798059
798121
798191
798310
798372
798422
798500
798549
798613
798682
798843
798913
798987
799056
799156
799251
799336
799407
799518
799616
799670
799729
