114
123
155
185
194
222
230
343
381
402
411
421
427
440
451
457
464
472
489
545
571
595
723
755
814
852
1005
1016
1032
1060
1187
1207
1235
1260
1384
1411
1447
1472
1548
1601
1615
1657
1699
1716
1732
1748
1799
1817
1835
1846
1851
1867
1884
1909
1920
1931
1973
1983
2006
2063
2098
2133
2161
2179
2220
2252
2287
2301
2344
2373
2386
2424
2466
2470
2480
2501
2520
2535
2546
2559
2570
2587
2616
2627
2638
2647
2673
2701
2721
2729
2744
2757
2769
2781
2793
2800
2813
2903
2923
2978
2986
2999
3016
3024
3033
3050
3067
3090
3114
3140
3162
3212
3269
3308
3332
3383
3412
3489
3508
3523
3543
3655
3712
3773
3872
3943
4129
4149
4175
4205
4241
4260
4279
4294
4327
4349
4371
4383
4396
4407
4418
4430
4446
4457
4470
4474
4485
4501
4520
4539
4545
4548
4559
4571
4582
4587
4600
4611
4670
4689
4694
4716
4728
4765
4780
4800
4816
4843
4860
4892
4900
4936
4955
5014
5044
5062
5100
5168
5183
5200
5213
5226
5246
5258
5478
5545
5599
5618
5759
5774
5789
5833
5878
5916
5954
6015
6106
6130
6149
6172
6228
6307
6371
6403
6439
6475
6486
6505
6523
6543
6559
6562
6569
6573
6580
6585
6591
6598
6603
6616
6628
6657
6682
6707
6737
6766
6790
6884
6902
6912
6936
6963
6972
6986
7002
7028
7056
7150
7173
7187
7216
7247
7291
7446
7579
7610
7660
7719
7920
7942
7978
7998
8034
8092
8115
8145
8160
8208
8219
8236
8256
8278
8289
8304
8324
8406
8423
8441
8455
8468
8470
8481
8500
8520
8530
8539
8547
8580
8584
8617
8623
8627
8634
8645
8661
8669
8695
8721
8752
8806
8842
8850
8877
8893
8902
8938
8947
8958
8976
8995
9010
9080
9116
9155
9199
9238
9260
9347
9410
9428
9445
9463
9549
9573
9580
9618
9687
9703
9747
9770
9802
9878
9919
9956
10051
10057
10074
10078
10097
10109
10123
10137
10148
10157
10161
10168
10183
10200
10206
10246
10277
10298
10323
10354
10392
10468
10556
10776
10788
10814
11020
11090
11118
11150
11163
11183
11222
11237
11247
11275
11341
11374
11418
11461
11521
11661
11665
11685
11699
11715
11739
11767
11816
12084
12124
12148
12176
12200
12216
12230
12253
12269
12313
12344
12360
12381
12393
12414
12439
12477
12518
12553
12585
12606
12691
12716
12736
12788
12827
12905
12917
12918
12936
12952
12971
13013
13044
13163
13216
13265
13326
13341
13370
13415
13446
13491
13500
13514
13528
13553
13561
13575
13596
13620
13669
13685
13742
13751
13791
13817
13844
13870
13906
13950
13979
13997
14032
14050
14078
14119
14135
14178
14226
14267
14314
14468
14690
14808
15103
15108
15120
15133
15163
15256
15276
15297
15363
15471
15531
15613
15642
15686
15725
15750
15814
15866
15888
15906
15938
15958
15971
16008
16044
16067
16096
16132
16144
16162
16195
16233
16270
16295
16357
16380
16430
16540
16564
16633
16671
16686
16708
16756
16816
16858
17038
17062
17152
17206
17258
17299
17387
17413
17428
17460
17487
17525
17560
17583
17628
17663
17721
17785
17864
17876
17923
17966
17979
18001
18061
18087
18114
18130
18196
18246
18262
18340
18362
18437
18477
18493
18646
18659
18686
18720
18746
18783
18799
18843
18850
18860
18945
18991
19019
19048
19068
19129
19209
19228
19256
19332
19376
19463
19522
19581
19612
19675
19699
19733
19759
19784
19813
19876
19890
19933
19954
20053
20185
20270
20302
20331
20663
20702
20743
20759
20798
20836
20891
20927
20953
21093
21112
21127
21255
21270
21276
21280
21285
21305
21319
21448
21551
21595
21613
21671
21681
21837
21864
21895
21930
21949
21989
22053
22074
22097
22129
22154
22217
22239
22255
22303
22349
22369
22387
22422
22460
22480
22541
22887
22913
22939
22964
22983
23056
23067
23086
23111
23133
23145
23173
23211
23252
23275
23307
23325
23359
23422
23437
23450
23459
23474
23538
23609
23676
23722
23731
23755
23771
23784
23790
23822
23838
23861
23911
23991
23997
24007
24020
24038
24051
24080
24123
24147
24173
24193
24224
24267
24335
24674
24727
24757
24815
24872
24890
24939
25020
25088
25106
25157
25174
25191
25226
25245
25262
25287
25322
25354
25364
25378
25394
25416
25454
25469
25493
25519
25557
25585
25612
25669
25682
25710
25736
25748
25759
25792
25806
25927
25967
26061
26112
26236
26495
26543
26588
26619
26736
26797
26813
26856
26877
26918
26950
27003
27018
27037
27064
27121
27144
27226
27249
27256
27295
27346
27382
27478
27494
27507
27521
27543
27576
27620
27671
27713
27732
27780
27919
27946
27994
28057
28112
28168
28254
28269
28286
28306
28313
28337
28426
28457
28504
28562
28637
28719
28871
28887
28908
29123
29211
29245
29263
29268
29293
29324
29360
29407
29478
29530
29597
29611
29668
29722
29762
29815
29854
29874
29916
29951
29988
30051
30068
30095
30187
30204
30226
30243
30270
30310
30328
30359
30393
30458
30519
30657
30681
30689
30712
30727
30773
30787
30851
30960
31059
31080
31177
31240
31273
31294
31386
31497
31523
31640
31644
31662
31697
31811
31913
31947
31977
32169
32232
32260
32300
32337
32377
32418
32506
32541
32587
32616
32650
32691
32796
32834
32886
32939
32995
33012
33034
33046
33075
33102
33192
33220
33221
33236
33251
33282
33309
33344
33446
33489
33533
33649
33689
33723
33858
33892
33933
33965
34103
34119
34143
34197
34247
34260
34272
34279
34293
34296
34305
34368
34459
34460
34565
34586
34594
34597
34648
34667
34728
34740
34867
34924
34969
34988
34997
35024
35102
35113
35166
35187
35203
35221
35276
35289
35311
35350
35369
35393
35413
35426
35442
35464
35478
35544
35575
35588
35677
35688
35723
35750
35759
35779
35871
35894
36009
36044
36067
36138
36196
36236
36258
36339
36348
36368
36373
36381
36387
36395
36411
36419
36470
36490
36505
36514
36534
36565
36596
36612
36626
36678
36694
36705
36729
36753
36809
36861
36943
36966
37009
37030
37032
37098
37108
37129
37139
37149
37150
37168
37188
37209
37228
37388
37474
37495
37540
37555
37572
37599
37619
37641
37660
37684
37695
37763
37835
37851
37867
37915
37943
38266
38323
38367
38426
38588
38626
38655
38702
38778
38838
38846
38867
38885
38904
38920
38966
39011
39068
39093
39129
39224
39244
39269
39309
39324
39343
39364
39386
39399
39426
39448
39482
39495
39558
39586
39618
39649
39691
39718
39740
39759
39789
39848
39916
39940
39965
39983
40041
40071
40088
40128
40157
40197
40234
40252
40301
40338
40407
40447
40484
40523
40611
40617
40669
40679
40710
40737
40818
40825
40853
40866
40882
40904
40928
40985
41031
41049
41094
41125
41149
41162
41193
41272
41307
41385
41451
41478
41563
41579
41708
41745
41766
41809
41839
41920
41957
41979
42026
42137
42162
42413
42433
42470
42496
42557
42601
42617
42628
42638
42672
42681
42694
42714
42736
42753
42784
42820
42855
42945
42985
43020
43049
43068
43110
43136
43170
43215
43260
43269
43294
43326
43347
43393
43411
43455
43500
43583
43624
43670
43754
43780
43806
43817
43841
43866
43887
43922
43978
44010
44048
44176
44358
44394
44566
44671
44692
44712
44732
44785
44807
44820
44830
44853
44896
44947
44983
45034
45083
45211
45227
45240
45317
45328
45454
45482
45543
45568
45603
45629
45656
45686
45696
45736
45769
45817
45837
45861
45889
45910
45945
45963
45978
46005
46024
46047
46143
46212
46236
46255
46360
46407
46594
46627
46823
46887
46931
46960
47092
47116
47144
47179
47217
47252
47316
47460
47474
47504
47655
47682
47701
47721
47738
47872
47897
47914
47946
47960
47984
48059
48077
48167
48194
48250
48267
48293
48318
48337
48379
48409
48452
48506
48599
48617
48690
48905
48949
49011
49121
49153
49233
49271
49292
49308
49338
49359
49392
49429
49524
49540
49578
49599
49617
49647
49652
49671
49680
49686
49722
49734
49815
49822
49831
49840
50013
50108
50160
50222
50254
50287
50315
50391
50407
50463
50475
50490
50529
50585
50651
50671
50816
50834
50853
50895
50914
50966
50996
51044
51088
51111
51142
51154
51178
51199
51308
51325
51338
51388
51415
51446
51489
51546
51579
51603
51637
51683
51756
51778
51797
51844
51878
51948
51964
52034
52095
52116
52137
52201
52268
52294
52333
52348
52367
52418
52446
52465
52487
52510
52523
52558
52603
52646
52848
52899
52974
52988
53014
53071
53090
53148
53219
53292
53332
53360
53392
53468
53583
53721
53855
54051
54077
54096
54112
54120
54146
54225
54258
54303
54326
54351
54365
54420
54426
54439
54462
54487
54520
54547
54560
54664
54700
54757
54786
54818
54856
54884
54926
55006
55198
55213
55300
55365
55390
55437
55471
55484
55558
55595
55634
55726
55903
55917
55945
55985
56015
56129
56166
56246
56394
56435
56544
56555
56606
56635
56674
56723
56778
56816
56874
56979
56994
57240
57444
57493
57516
57544
57553
57576
57632
57684
57747
57772
57845
57884
57931
57946
57994
58057
58100
58165
58207
58412
58449
58469
58518
58621
58643
58684
58741
58772
58807
58840
58989
59025
59103
59125
59145
59197
59236
59272
59294
59331
59363
59386
59402
59429
59481
59507
59664
59691
59740
59811
59903
59952
60037
60106
60119
60144
60280
60296
60408
60439
60473
60500
60538
60585
60614
60634
60657
60696
60726
60827
60886
60939
60965
61018
61094
61260
61275
61294
61328
61373
61438
61534
61551
61588
61626
61843
61877
61964
61991
62015
62051
62116
62148
62172
62217
62238
62320
62363
62400
62450
62476
62497
62637
62651
62672
62703
62719
62729
62754
62772
62788
62811
62860
62922
62937
63007
63068
63080
63104
63195
63261
63328
63449
63485
63502
63533
63595
63835
63890
63945
64038
64080
64188
64243
64285
64335
64370
64431
64457
64486
64528
64547
64577
64608
64645
64687
64735
64778
64833
64855
64871
64919
64939
64968
64992
65002
65025
65064
65108
65233
65256
65281
65361
65455
65483
65591
65618
65720
65777
65874
65915
66080
66238
66256
66333
66378
66418
66466
66499
66587
66630
66731
66797
66864
67033
67086
67128
67185
67486
67508
67533
67578
67591
67653
67662
67695
67746
67847
67904
67966
68029
68145
68185
68328
68430
68508
68552
68597
68673
68776
68864
68905
69023
69054
69136
69166
69197
69238
69266
69287
69352
69471
69484
69520
69545
69648
69757
69823
69848
69873
69918
70245
70298
70329
70447
70479
70528
70551
70635
70700
70780
70812
70907
70961
70994
71080
71126
71148
71190
71230
71252
71304
71327
71447
71513
71587
71666
71725
72063
72086
72154
72184
72226
72283
72350
72380
72455
72499
72536
72574
72674
72854
72919
72982
73015
73069
73141
73217
73296
73337
73367
73417
73427
73445
73453
73510
73531
73569
73610
73632
73673
73697
73802
73833
73963
74003
74140
74186
74484
74520
74582
74676
74690
74742
74767
74807
74831
74860
74900
74922
74975
75016
75353
75372
75549
75582
75602
75642
75690
75816
75845
75885
75925
76061
76143
76179
76198
76270
76297
76451
76594
76630
76669
76692
76713
76751
76773
76813
76829
76879
77074
77372
77417
77573
77657
77686
77742
77758
77788
77833
77892
77995
78037
78070
78213
78370
78440
78616
78679
78739
78757
78789
78865
78939
78999
79054
79244
79323
79436
79473
79545
79570
79630
79809
79873
79911
79941
80051
80087
80109
80128
80164
80209
80256
80493
80506
80532
80585
80667
80690
80739
80778
80809
80859
80960
81044
81143
81198
81230
81400
81492
81656
81700
82020
82066
82153
82339
82526
82609
82637
82684
82712
82755
82783
82833
82875
82971
83023
83070
83102
83134
83163
83179
83205
83226
83266
83347
83429
83480
83499
83564
83593
83626
83674
83801
83845
83863
83939
84063
84183
84280
84308
84351
84384
84423
84506
84599
84682
84722
84776
84814
84859
84904
84921
84949
85002
85042
85069
85103
85117
85144
85186
85204
85292
85343
85372
85467
85519
85567
85615
85648
85717
85805
85954
85984
86123
86144
86155
86200
86222
86307
86558
86577
86623
86658
86695
86771
86803
86828
86877
86916
86930
86938
86966
87103
87200
87208
87248
87266
87284
87312
87676
87704
87738
87755
87810
87890
87949
88033
88069
88101
88159
88247
88338
88373
88420
88468
88525
88557
88580
88650
88671
88712
88766
88860
88881
88903
88979
89009
89046
89144
89338
89380
89434
89489
89551
89671
89698
89764
89860
89965
90112
90149
90184
90254
90401
90507
90538
90672
90705
91024
91051
91103
91159
91250
91268
91300
91423
91526
91549
91636
91741
91785
92012
92152
92181
92244
92398
92471
92516
92560
92610
92643
92682
92756
92807
92902
93057
93093
93162
93192
93266
93363
93396
93500
93595
93635
93676
93794
93857
93934
94081
94109
94265
94279
94331
94458
94469
94491
94523
94563
94571
94599
94646
94788
94828
94872
94902
94936
94965
95026
95077
95119
95161
95194
95220
95259
95294
95381
95419
95600
95665
95689
95745
95767
95805
95877
95948
96000
96076
96149
96264
96282
96320
96428
96544
96702
96825
97070
97105
97347
97389
97478
97591
97619
97678
97717
97838
97861
97891
97917
97951
98056
98117
98209
98283
98430
98463
98640
98786
98912
99105
99122
99143
99249
99285
99325
99364
99464
99663
99777
99788
99813
99903
99982
99992
100015
100171
100192
100260
100327
100349
100407
100504
100663
100836
101047
101064
101142
101159
101176
101208
101269
101314
101386
101411
101450
101484
101510
101549
101573
101693
101796
101843
101868
101910
101938
102005
102031
102168
102232
102306
102356
102435
102516
102699
102711
103081
103145
103178
103227
103298
103311
103340
103397
103433
103483
103527
103642
103766
103881
103918
103943
103997
104027
104100
104146
104222
104306
104531
104625
104675
104790
104869
104922
104945
105011
105033
105053
105109
105185
105204
105231
105274
105338
105398
105470
105561
105605
105861
105890
105963
105986
106025
106054
106088
106190
106247
106413
106466
106491
106560
106710
106749
106802
106849
106937
107015
107048
107124
107235
107278
107466
107505
107768
107807
107875
107964
108096
108121
108142
108290
108314
108337
108360
108424
108443
108489
108594
108610
108638
108725
108762
108822
108940
108999
109024
109083
109194
109249
109292
109513
109552
109606
109628
109649
109734
109777
109884
110051
110075
110090
110124
110501
110538
110572
110741
110785
110818
110878
110901
110943
110987
111020
111037
111063
111115
111169
111223
111267
111326
111365
111387
111418
111489
111509
111653
111724
111754
111812
111836
111865
111971
112048
112160
112189
112215
112315
112344
112588
112637
112748
112889
112955
113011
113237
113299
113328
113400
113588
113622
113668
113758
113819
113867
113949
113985
114024
114102
114238
114281
114305
114334
114381
114518
114580
114760
114837
114921
114936
114979
115185
115274
115377
115423
115439
115464
115487
115686
115721
115745
115771
115882
115898
115933
115960
116002
116066
116103
116140
116161
116207
116257
116569
116607
116635
116679
116992
117079
117114
117152
117172
117196
117369
117501
117655
117674
117781
117813
117838
117885
117974
118024
118086
118138
118185
118228
118451
118496
118562
118633
118673
118712
118808
118832
119123
119258
119320
119344
119423
119435
119508
119533
119599
119846
119868
119994
120058
120203
120268
120287
120302
120354
120412
120463
120496
120588
120623
120822
120865
120974
121033
121065
121085
121210
121252
121413
121543
121634
121675
121767
121806
121875
121925
122090
122269
122339
122364
122424
122542
122658
122727
122880
122922
123002
123033
123093
123118
123213
123228
123262
123289
123330
123352
123408
123472
123543
123675
123722
123893
123962
124112
124155
124256
124282
124335
124382
124412
124439
124487
124580
124611
124794
124818
124885
124939
124967
125042
125081
125130
125170
125204
125266
125387
125432
125542
125591
125653
125704
125745
125801
126086
126097
126209
126309
126326
126489
126589
126816
126926
126944
127072
127113
127171
127311
127471
127526
127561
127592
127624
127645
127683
127717
127758
127843
127925
127969
128000
128033
128119
128155
128197
128246
128292
128312
128351
128463
128489
128497
128517
128559
128746
128892
128939
129066
129099
129133
129188
129228
129288
129366
129534
129573
129624
129663
129717
129763
129801
129865
129977
130066
130126
130157
130171
130185
130236
130313
130405
130437
130512
130577
130644
130753
130790
130813
130862
130929
130971
131009
131065
131135
131178
131277
131508
131530
131648
131683
131794
131817
131843
131863
131882
131911
131958
131994
132029
132066
132091
132231
132319
132421
132472
132642
132727
132753
132798
132838
132878
132932
132960
133146
133219
133257
133285
133338
133399
133450
133526
133610
133629
133703
133773
133841
133876
134122
134214
134335
134361
134420
134768
134806
134837
134871
134936
134980
135060
135095
135190
135256
135291
135319
135344
135426
135485
135510
135558
135605
135663
135728
135810
135862
135880
135894
135930
135959
136045
136082
136257
136341
136367
136404
136431
136594
136638
136760
136897
136919
136943
136985
137015
137063
137092
137152
137340
137414
137439
137488
137519
137542
137587
137664
137749
137770
137799
137847
137881
137934
138000
138031
138264
138307
138326
138355
138422
138483
138526
138592
138628
138674
138700
138749
138851
138888
138958
138984
139059
139139
139210
139258
139305
139370
139390
139422
139489
139624
139654
139693
139773
139803
139843
139949
140002
140072
140311
140441
140559
140591
140617
140648
140762
140822
140840
140861
140914
140944
141082
141111
141144
141182
141198
141232
141310
141352
141379
141489
141534
141605
141656
141752
141792
141932
142009
142103
142195
142317
142625
142657
142718
142801
142915
142930
143037
143154
143275
143328
143405
143443
143481
143532
143570
143659
143728
143766
143822
143855
143902
143945
143964
144010
144032
144073
144149
144182
144235
144306
144331
144407
144492
144551
144573
144661
144728
144762
144807
144891
144925
144951
144977
145037
145124
145228
145250
145337
145608
145691
145747
145777
145834
145907
146114
146141
146207
146249
146291
146406
146477
146508
146537
146568
146610
146633
146660
146674
146715
146757
146782
146844
146920
146953
146994
147034
147064
147091
147123
147173
147210
147253
147309
147353
147422
147453
147484
147544
147569
147595
147633
147654
147711
147751
147801
147822
147855
147904
147980
148043
148059
148084
148160
148246
148279
148388
148414
148472
148505
148734
148778
148805
148840
148877
148921
149007
149034
149118
149180
149212
149310
149374
149463
149550
149581
149624
149694
149736
149760
149774
149808
149830
149872
149969
150018
150046
150181
150214
150263
150290
150357
150385
150434
150451
150479
150532
150567
150640
150722
150789
150838
150905
150956
151037
151130
151184
151267
151368
151459
151576
151660
151682
151715
151865
152015
152051
152094
152112
152175
152195
152208
152235
152302
152356
152383
152410
152532
152541
152616
152678
152746
152878
152917
153027
153141
153165
153245
153290
153311
153329
153373
153410
153436
153472
153505
153613
153686
153707
153753
153860
154050
154181
154272
154401
154428
154543
154635
154720
154740
154781
154968
154990
155027
155058
155124
155172
155210
155269
155334
155458
155513
155720
155747
155783
155809
155889
155923
155967
156035
156118
156153
156244
156287
156439
156492
156519
156689
156722
156787
156814
156845
156888
156928
157032
157060
157112
157138
157232
157256
157282
157311
157343
157402
157473
157492
157548
157586
157644
157690
157717
157780
157819
157874
157951
158037
158142
158183
158288
158328
158421
158437
158454
158530
158657
158717
158775
158846
158914
158961
159083
159123
159179
159322
159340
159397
159440
159485
159537
159572
159598
159641
159713
159753
159816
159865
159889
159927
159955
159998
160041
160075
160100
160164
160205
160260
160307
160371
160507
160555
160591
160642
160668
160707
160822
160971
161005
161161
161170
161287
161410
161476
161547
161615
161651
161688
161726
161748
161823
161903
162041
162058
162091
162147
162164
162178
162246
162283
162341
162417
162453
162491
162547
162632
162807
162810
162887
162910
162955
162973
163007
163077
163182
163228
163256
163305
163335
163384
163505
163533
163585
163621
163670
163697
163798
163835
163904
163946
163996
164028
164072
164224
164248
164277
164343
164442
164455
164495
164517
164539
164570
164603
164645
164668
164699
164804
164826
164862
164898
164959
165011
165052
165120
165221
165242
165285
165312
165349
165394
165412
165452
165479
165513
165566
165594
165623
165693
165744
165776
165811
165865
165900
166051
166089
166135
166247
166264
166325
166386
166481
166511
166539
166589
166629
166666
166755
166778
166913
166967
167144
167163
167188
167215
167275
167294
167327
167400
167441
167571
167638
167684
167713
167766
167819
167860
167886
167981
167989
168110
168157
168210
168256
168301
168429
168500
168523
168546
168587
168685
168766
168898
168918
168939
168957
169119
169154
169213
169257
169279
169296
169407
169425
169452
169496
169534
169562
169639
169704
169788
169867
169948
169994
170202
170248
170324
170342
170399
170488
170515
170545
170576
170612
170702
170726
170825
170868
170944
171007
171027
171113
171241
171303
171357
171398
171438
171482
171534
171606
171687
171758
171810
171888
171924
172045
172126
172170
172271
172529
172556
172599
172627
172706
172737
172762
172814
172838
172862
172908
172944
172963
172997
173023
173073
173096
173135
173159
173210
173252
173292
173378
173523
173546
173586
173645
173698
173755
173823
173900
173946
173994
174087
174206
174237
174273
174315
174353
174378
174510
174589
174644
174691
174757
174909
174934
174972
174996
175056
175131
175163
175214
175242
175361
175381
175427
175470
175528
175579
175605
175634
175701
175750
175771
175804
175837
175877
175927
176006
176071
176190
176323
176417
176435
176505
176631
176700
176804
176824
176842
176895
176926
177046
177139
177181
177194
177224
177287
177346
177427
177449
177482
177499
177543
177578
177623
177656
177747
177827
177861
177897
177931
177953
177983
178009
178036
178067
178147
178172
178197
178245
178282
178368
178395
178461
178510
178529
178597
178639
178672
178754
178773
178802
178841
178875
178905
178967
179039
179066
179088
179117
179157
179193
179326
179432
179504
179578
179605
179646
179673
179717
179834
179859
179887
179905
179918
179930
179967
179993
180043
180095
180181
180281
180327
180398
180464
180503
180570
180667
180687
180739
180799
180830
180876
180922
180990
181022
181075
181105
181127
181146
181187
181233
181287
181314
181340
181398
181445
181525
181565
181618
181658
181897
181929
182021
182057
182106
182164
182202
182234
182277
182341
182362
182390
182520
182541
182601
182663
182697
182726
182802
182881
182939
183017
183126
183166
183196
183235
183264
183336
183377
183440
183459
183500
183570
183606
183680
183792
183836
183883
183959
184037
184071
184155
184179
184211
184240
184285
184337
184374
184434
184447
184475
184493
184532
184572
184685
184779
184825
184881
184936
185050
185105
185138
185204
185246
185292
185315
185320
185338
185382
185410
185443
185535
185609
185627
185664
185712
185790
185834
185935
185966
186044
186090
186148
186232
186479
186558
186715
186740
186820
186850
186934
187011
187032
187084
187117
187161
187203
187261
187333
187358
187405
187426
187448
187483
187558
187690
187714
187749
187850
187869
187921
187995
188043
188085
188136
188175
188215
188241
188273
188336
188381
188407
188451
188497
188540
188638
188675
188751
188791
188818
188870
188936
189031
189086
189144
189174
189215
189276
189299
189354
189370
189416
189470
189531
189550
189604
189636
189657
189682
189721
189762
189797
189821
189851
189998
190046
190142
190329
190551
190583
190686
190718
190877
190959
191033
191129
191152
191195
191210
191238
191297
191384
191402
191432
191473
191554
191619
191651
191754
191798
191852
191877
192009
192053
192127
192163
192234
192317
192385
192510
192532
192575
192593
192651
192692
192771
192801
192835
192909
192937
193010
193093
193120
193192
193280
193312
193365
193413
193461
193492
193537
193564
193598
193647
193677
193740
193810
193856
193961
194001
194058
194080
194108
194117
194142
194181
194226
194249
194282
194492
194530
194600
194634
194755
194783
194824
194841
194890
194944
194977
195043
195082
195158
195287
195387
195488
195533
195581
195631
195683
195722
195747
195782
195830
195917
196083
196161
196187
196233
196266
196309
196348
196376
196425
196447
196486
196522
196552
196596
196621
196673
196736
196765
196835
196970
197117
197146
197234
197362
197436
197569
197751
197805
197944
197971
198013
198048
198082
198126
198195
198229
198243
198287
198340
198399
198451
198491
198522
198554
198585
198611
198628
198693
198761
198819
198908
198967
199012
199082
199184
199251
199277
199302
199347
199434
199457
199518
199574
199605
199645
199709
199771
199842
200139
200190
200247
200308
200329
200590
200601
200621
200677
200736
200796
200835
200862
201107
201130
201232
201258
201345
201395
201488
201545
201573
201640
201713
201843
201912
201940
201964
201994
202040
202126
202211
202313
202372
202401
202462
202562
202794
202929
202977
203047
203111
203192
203224
203279
203324
203380
203440
203473
203542
203576
203653
203687
203750
203782
203783
203806
203956
204021
204099
204147
204221
204364
204435
204467
204520
204588
204627
204782
204844
204895
204932
205038
205088
205208
205317
205362
205416
205464
205491
205599
205719
205758
205776
205804
205825
205856
205915
206047
206113
206161
206313
206390
206425
206472
206534
206559
206631
206685
206728
206774
206817
206867
207091
207134
207313
207342
207384
207466
207634
207672
207690
207872
207899
207959
208062
208138
208253
208309
208341
208408
208467
208521
208593
208643
208729
208790
208933
208965
209004
209041
209069
209152
209230
209267
209324
209362
209473
209535
209574
209613
209657
209698
209724
209770
209826
209899
209980
210025
210102
210269
210283
210302
210365
210410
210487
210506
210568
210594
210663
210695
210792
210831
210875
211090
211112
211149
211181
211212
211262
211386
211407
211509
211530
211555
211712
211731
211765
211795
211821
211854
211888
211943
211974
212181
212191
212226
212235
212240
212289
212466
212549
212592
212619
212629
212651
212718
212768
212931
213047
213125
213163
213233
213354
213378
213510
213537
213564
213603
213693
213799
213840
213882
213924
214160
214207
214231
214334
214363
214420
214482
214513
214560
214620
214651
214669
214700
214773
214842
214856
214981
215002
215023
215181
215240
215272
215346
215369
215406
215422
215458
215529
215651
215686
215796
215879
215918
216024
216034
216079
216136
216236
216259
216287
216348
216399
216428
216547
216644
216666
216711
216749
216774
216820
216877
216951
217021
217043
217089
217126
217166
217205
217287
217322
217387
217429
217477
217501
217524
217570
217635
217692
217745
217807
217868
217944
217974
218018
218063
218098
218173
218199
218223
218259
218320
218355
218411
218523
218549
218602
218621
218661
218847
218872
218897
218953
219040
219075
219140
219268
219297
219421
219445
219499
219575
219605
219661
219696
219792
219856
219926
219967
219984
220013
220042
220083
220146
220163
220182
220203
220251
220275
220359
220439
220530
220558
220637
220688
220735
220757
220798
220819
220848
220942
220973
221013
221036
221145
221171
221204
221270
221348
221397
221452
221502
221596
221691
221760
221813
221845
221943
222027
222062
222165
222197
222292
222388
222412
222446
222460
222487
222500
222646
222680
222725
222787
222819
222855
222881
222916
223034
223074
223158
223180
223209
223242
223294
223356
223388
223431
223489
223531
223571
223612
223649
223742
223763
223795
223812
223846
223864
223964
224015
224067
224110
224151
224283
224348
224442
224499
224562
224588
224658
224700
224752
224835
224849
224877
224928
224950
225033
225062
225093
225110
225155
225269
225290
225333
225434
225510
225542
225582
225617
225654
225680
225701
225745
225780
225831
225862
225933
225967
226002
226044
226118
226164
226192
226212
226259
226270
226296
226320
226358
226391
226419
226506
226554
226586
226647
226682
226714
226751
226803
226897
226968
227031
227088
227114
227142
227191
227225
227264
227301
227339
227520
227624
227645
227688
227811
227912
227965
228029
228043
228076
228102
228134
228195
228247
228287
228348
228373
228421
228454
228495
228534
228568
228591
228618
228670
228703
228727
228822
228928
228950
228958
229011
229059
229100
229136
229173
229226
229287
229348
229403
229426
229455
229536
229573
229608
229680
229734
229779
229829
229849
229918
230008
230045
230093
230124
230154
230187
230216
230245
230297
230375
230408
230491
230534
230624
230666
230687
230744
230798
230823
230976
231009
231036
231073
231133
231181
231210
231271
231299
231351
231388
231426
231477
231537
231563
231668
231794
231835
231869
231939
232022
232082
232110
232130
232159
232188
232218
232333
232353
232381
232426
232477
232572
232609
232674
232707
232730
232800
232834
232898
233010
233029
233071
233096
233160
233201
233275
233358
233409
233442
233529
233683
233722
233787
233830
233893
233938
233963
233994
234011
234029
234079
234107
234183
234279
234314
234350
234377
234431
234512
234526
234672
234678
234727
234784
234831
234865
234916
234948
235008
235038
235082
235122
235173
235208
235266
235296
235338
235387
235474
235614
235640
235795
235829
235858
235889
235937
236061
236111
236148
236244
236350
236535
236552
236582
236602
236629
236659
236714
236744
236761
236784
236826
236873
236921
236943
236986
237043
237092
237154
237194
237250
237285
237308
237365
237396
237430
237467
237546
237596
237628
237696
237759
237790
237872
237899
237984
238024
238099
238126
238179
238244
238260
238327
238380
238446
238513
238552
238601
238639
238670
238688
238736
238776
238829
238858
238928
238972
239009
239082
239148
239347
239428
239442
239486
239540
239566
239590
239617
239661
239710
239777
239809
239893
239917
239942
239977
240005
240107
240255
240308
240354
240426
240464
240517
240546
240575
240622
240712
240725
240768
240818
240886
240950
240975
241038
241107
241149
241250
241292
241339
241362
241377
241426
241475
241530
241564
241623
241659
241729
241760
241790
241826
241890
241980
242014
242089
242142
242246
242259
242314
242343
242426
242475
242493
242556
242645
242676
242711
242778
242799
242825
242857
243170
243183
243227
243352
243422
243447
243508
243592
243635
243698
243747
243789
243882
244000
244082
244109
244180
244422
244468
244491
244566
244677
244727
244812
244960
244995
245032
245058
245145
245173
245200
245243
245278
245331
245363
245391
245449
245556
245579
245620
245655
245703
245732
245766
245813
245860
245890
245930
246028
246094
246151
246337
246348
246368
246431
246506
246558
246587
246688
246873
246957
246993
247037
247122
247149
247181
247236
247272
247333
247393
247445
247514
247552
247565
247650
247689
247713
247747
247784
247828
247879
247929
247957
248055
248100
248145
248318
248506
248617
248697
248771
248795
248826
248864
248901
248970
249000
249017
249049
249092
249151
249186
249245
249348
249401
249452
249510
249532
249589
249629
249681
249755
249789
249843
249870
249934
249973
250035
250065
250112
250223
250262
250345
250380
250461
250526
250554
250602
250648
250665
250693
250814
250860
250926
251014
251084
251167
251242
251413
251453
251495
251568
251583
251625
251666
251688
251717
251749
251807
251851
251984
252018
252074
252105
252186
252292
252320
252391
252441
252486
252524
252574
252628
252674
252710
252856
252944
252993
253040
253076
253145
253209
253221
253263
253350
253427
253477
253493
253500
253518
253584
253599
253624
253888
253971
254014
254032
254047
254067
254124
254156
254188
254223
254251
254263
254290
254325
254359
254377
254448
254475
254569
254615
254650
254672
254696
254712
254757
254831
254890
254925
254984
255062
255227
255304
255372
255491
255508
255564
255636
255699
255740
255854
255995
256040
256083
256116
256131
256161
256206
256244
256282
256353
256390
256491
256529
256605
256655
256684
256726
256753
256880
256946
256988
257013
257037
257054
257097
257122
257213
257292
257387
257407
257439
257470
257491
257513
257529
257592
257607
257653
257707
257741
257775
257810
257825
257840
257888
257922
257940
257970
257993
258029
258084
258109
258138
258228
258250
258269
258307
258335
258356
258387
258395
258430
258451
258466
258477
258492
258508
258543
258562
258590
258621
258636
258657
258750
258759
258773
258793
258827
258851
258870
258878
258882
258974
259001
259023
259093
259129
259159
259242
259285
259328
259387
259411
259455
259506
259527
259548
259590
259621
259705
259748
259817
259885
259927
260005
260032
260057
260107
260142
260180
260203
260234
260283
260360
260400
260443
260464
260530
260587
260616
260632
260654
260677
260704
260726
260746
260773
260794
260810
260856
260880
260895
260919
260940
260985
261036
261066
261188
261233
261312
261341
261375
261430
261555
261580
261610
261635
261723
261755
261791
261827
261874
261909
261953
261971
262026
262049
262078
262126
262148
262173
262230
262338
262376
262445
262485
262529
262580
262661
262766
262809
262860
262893
262939
262968
263007
263073
263145
263173
263201
263217
263276
263304
263374
263416
263481
263521
263596
263635
263711
263761
263814
263852
263881
263912
263952
263986
264008
264030
264090
264118
264146
264176
264264
264289
264314
264339
264396
264414
264437
264461
264511
264534
264585
264628
264656
264676
264690
264719
264757
264848
264872
264907
264934
264952
264977
265012
265034
265081
265104
265141
265176
265219
265271
265310
265356
265380
265439
265479
265532
265562
265588
265635
265725
265846
265896
265939
265979
266025
266106
266133
266208
266237
266277
266329
266355
266466
266493
266548
266563
266624
266667
266716
266743
266771
266794
266821
266876
266944
266977
267079
267135
267155
267193
267267
267292
267327
267377
267400
267416
267479
267559
267594
267614
267657
267704
267749
267773
267831
267860
267923
267964
267997
268024
268112
268151
268207
268268
268303
268332
268458
268481
268523
268597
268638
268658
268726
268765
268822
268884
268936
268946
268983
269066
269109
269193
269265
269279
269306
269329
269336
269387
269434
269472
269533
269626
269650
269698
269718
269793
269823
269855
269934
269976
270012
270046
270082
270154
270197
270224
270300
270377
270503
270523
270562
270627
270653
270663
270684
270746
270760
270812
270832
270868
270906
270937
270969
270997
271046
271101
271144
271175
271241
271319
271339
271374
271445
271447
271571
271599
271646
271743
271813
271854
271868
271880
271891
271952
272002
272036
272056
272107
272129
272148
272169
272189
272212
272299
272343
272389
272466
272503
272564
272582
272619
272631
272674
272723
272791
272825
272840
272901
272989
273037
273086
273099
273120
273178
273290
273321
273381
273411
273450
273534
273567
273590
273625
273658
273718
273755
273773
273792
273825
273844
273869
273912
273948
273962
273986
274013
274061
274114
274135
274178
274219
274264
274319
274352
274385
274403
274442
274471
274498
274519
274539
274552
274588
274660
274707
274744
274769
274867
274876
274894
274914
274982
274999
275023
275032
275072
275115
275140
275165
275207
275265
275285
275312
275342
275363
275395
275421
275444
275462
275490
275519
275548
275570
275603
275616
275644
275674
275707
275748
275796
275829
275853
275926
275984
276024
276031
276054
276069
276091
276120
276155
276191
276227
276261
276298
276306
276324
276349
276376
276403
276420
276443
276483
276501
276519
276523
276533
276552
276562
276567
276595
276619
276653
276669
276701
276716
276746
276761
276767
276788
276801
276820
276833
276867
276899
276937
276951
276972
276994
277008
277031
277054
277064
277082
277104
277140
277163
277172
277191
277204
277213
277243
277267
277309
277341
277369
277404
277437
277466
277513
277550
277579
277583
277608
277631
277654
277695
277740
277777
277801
277830
277854
277892
277932
277971
277987
278029
278052
278072
278087
278105
278159
278167
278179
278241
278270
278303
278326
278360
278410
278456
278530
278536
278563
278582
278597
278642
278666
278686
278712
278766
278804
278832
278861
278876
278896
278902
278921
278944
278968
278993
279015
279032
279046
279065
279084
279114
279138
279156
279180
279203
279220
279235
279251
279267
279281
279313
279338
279354
279380
279405
279424
279445
279469
279488
279491
279503
279517
279524
279543
279557
279590
279636
279678
279695
279759
279788
279823
279879
279911
279927
279960
280005
280058
280084
280139
280178
280218
280269
280311
280338
280369
280391
280407
280424
280444
280481
280555
280594
280615
280637
280673
280708
280738
280751
280787
280818
280846
280872
280889
280911
280927
280956
280976
281013
281036
281054
281087
281127
281157
281176
281193
281210
281234
281256
281309
281327
281367
281419
281467
281501
281529
281555
281619
281655
281702
281721
281756
281776
281801
281822
281845
281896
281915
281939
281966
281995
282014
282031
282058
282090
282139
282151
282162
282178
282199
282236
282245
282267
282284
282306
282318
282339
282359
282397
282431
282467
282502
282525
282577
282589
282617
282637
282659
282687
282705
282709
282712
282760
282816
282832
282861
282888
282904
282923
282956
282995
283014
283070
283093
283123
283154
283180
283218
283243
283278
283340
283365
283388
283459
283487
283528
283558
283581
283605
283633
283667
283695
283728
283755
283782
283811
283839
283853
283888
283918
283954
284075
284097
284126
284204
284234
284266
284285
284304
284387
284430
284505
284527
284570
284616
284673
284735
284767
284792
284830
284864
284922
284933
284951
285012
285024
285040
285089
285105
285120
285139
285154
285177
285197
285236
285263
285289
285310
285329
285343
285359
285376
285401
285434
285474
285492
285523
285561
285601
285621
285651
285693
285705
285726
285764
285812
285849
285924
285977
286012
286089
286125
286154
286202
286230
286255
286299
286356
286439
286471
286493
286533
286560
286599
286626
286678
286719
286737
286765
286832
286876
286903
286933
286975
287000
287030
287073
287178
287187
287226
287245
287273
287303
287381
287432
287469
287513
287602
287645
287684
287753
287795
287847
287907
287926
287953
287993
288084
288096
288121
288148
288167
288245
288296
288335
288363
288396
288436
288451
288483
288508
288529
288545
288575
288599
288623
288643
288676
288717
288764
288811
288854
288891
288936
288978
289056
289102
289143
289180
289215
289243
289272
289334
289361
289396
289433
289477
289531
289561
289632
289662
289687
289714
289755
289785
289812
289869
289933
289975
290001
290026
290051
290072
290092
290118
290133
290158
290184
290217
290239
290253
290275
290313
290331
290355
290384
290447
290477
290510
290567
290586
290599
290621
290703
290757
290793
290807
290832
290849
290891
290939
291015
291051
291085
291122
291189
291257
291323
291368
291405
291429
291473
291537
291567
291650
291722
291751
291804
291818
291876
291931
291946
292006
292083
292117
292184
292208
292225
292239
292262
292308
292310
292324
292354
292411
292455
292510
292555
292600
292708
292734
292785
292815
292881
292902
292956
293116
293138
293157
293201
293229
293274
293385
293420
293460
293557
293611
293684
293705
293829
293857
293889
293917
294000
294029
294053
294098
294152
294208
294247
294284
294320
294469
294507
294543
294562
294588
294628
294654
294695
294734
294786
294831
294854
294889
294920
294944
294956
294976
295038
295090
295141
295209
295252
295272
295305
295330
295359
295419
295468
295546
295611
295666
295729
295814
295847
295872
295910
295958
295984
296014
296036
296076
296115
296156
296173
296191
296236
296306
296334
296363
296388
296442
296472
296506
296541
296580
296610
296634
296657
296707
296730
296764
296782
296818
296902
296920
296949
296977
297020
297070
297106
297150
297179
297204
297225
297265
297296
297361
297405
297528
297564
297615
297675
297742
297783
297832
297877
297954
297978
298167
298267
298329
298359
298384
298423
298468
298497
298579
298614
298647
298700
298725
298754
298792
298813
298828
298847
298891
298925
298958
298968
298997
299027
299046
299091
299151
299174
299192
299219
299239
299291
299308
299341
299393
299444
299465
299514
299553
299569
299614
299659
299701
299752
299806
299827
299857
299875
299916
299974
300049
300089
300142
300193
300236
300336
300351
300367
300395
300419
300438
300474
300495
300512
300535
300599
300715
300723
300744
300769
300782
300825
300862
300903
300935
300952
300995
301017
301030
301064
301088
301128
301156
301201
301227
301235
301263
301282
301299
301315
301346
301387
301418
301480
301525
301546
301571
301626
301688
301732
301776
301856
301962
302007
302037
302106
302160
302197
302227
302265
302312
302347
302391
302424
302459
302529
302563
302588
302645
302677
302749
302820
302854
302908
302938
302977
303023
303060
303115
303232
303299
303327
303359
303377
303412
303464
303518
303568
303590
303639
303663
303681
303718
303815
303911
303936
303948
304030
304057
304096
304187
304328
304387
304418
304455
304486
304517
304567
304609
304656
304711
304775
304808
304832
304875
304935
304961
304974
305018
305086
305144
305175
305232
305255
305274
305315
305376
305418
305456
305583
305671
305770
305792
305813
305854
305871
305906
305931
305961
305984
306030
306065
306154
306227
306244
306277
306313
306325
306378
306450
306469
306513
306527
306561
306635
306656
306684
306724
306745
306863
306907
306953
306991
307023
307065
307106
307147
307173
307184
307253
307276
307325
307362
307372
307383
307406
307428
307460
307485
307503
307534
307639
307668
307742
307763
307811
307851
307891
307914
307939
307973
308014
308063
308164
308209
308337
308349
308367
308396
308427
308462
308481
308533
308578
308606
308628
308663
308781
308830
308859
308884
308899
308911
308927
308993
309036
309130
309178
309251
309304
309338
309370
309461
309540
309564
309601
309638
309657
309682
309720
309755
309777
309827
309922
309929
309969
310003
310018
310038
310065
310084
310108
310151
310177
310209
310229
310252
310271
310318
310351
310376
310484
310532
310624
310656
310679
310701
310806
310836
310859
310920
310937
310972
311005
311051
311187
311215
311238
311264
311288
311320
311361
311393
311429
311467
311504
311621
311670
311755
311776
311857
311894
311938
311976
312005
312037
312090
312108
312133
312209
312263
312283
312310
312332
312355
312392
312452
312478
312533
312702
312749
312778
312859
312891
312938
313005
313099
313118
313167
313251
313279
313301
313338
313378
313407
313430
313462
313507
313539
313594
313647
313667
313739
313763
313779
313793
313808
313847
313864
313895
313928
313946
313999
314041
314098
314152
314174
314237
314284
314322
314333
314354
314377
314411
314443
314458
314474
314523
314546
314559
314590
314620
314658
314692
314727
314757
314795
314867
314889
314927
315001
315077
315190
315251
315305
315356
315387
315425
315457
315487
315536
315551
315601
315623
315638
315671
315702
315735
315760
315779
315800
315829
315869
315950
315976
316038
316071
316124
316188
316244
316283
316337
316366
316387
316428
316533
316561
316587
316664
316702
316728
316766
316798
316838
316846
316861
316871
316887
316921
316931
316964
316970
316995
317023
317051
317081
317110
317140
317164
317173
317194
317208
317219
317238
317267
317304
317335
317354
317376
317430
317481
317588
317651
317685
317714
317770
317819
317901
317987
318026
318062
318098
318125
318184
318198
318236
318260
318316
318353
318394
318435
318476
318505
318521
318572
318615
318640
318691
318711
318751
318776
318803
318817
318864
318896
318923
319000
319006
319016
319031
319057
319106
319155
319170
319224
319254
319296
319358
319416
319421
319438
319452
319473
319519
319542
319583
319628
319697
319720
319733
319762
319804
319876
319931
319992
320046
320107
320191
320289
320359
320380
320423
320534
320568
320638
320659
320691
320717
320747
320771
320807
320832
320879
320906
320926
320965
321004
321045
321073
321096
321138
321189
321210
321235
321246
321266
321284
321295
321317
321335
321354
321375
321394
321450
321469
321490
321546
321582
321692
321729
321799
321828
321868
321921
321965
322030
322073
322114
322134
322155
322191
322253
322290
322326
322415
322449
322493
322530
322570
322594
322710
322730
322771
322807
322847
322893
322947
323005
323032
323083
323119
323229
323246
323270
323314
323380
323433
323472
323493
323540
323560
323576
323597
323616
323630
323711
323742
323785
323810
323860
323884
323947
324000
324029
324067
324241
324284
324315
324342
324407
324443
324533
324586
324641
324678
324736
324771
324826
324851
324905
324973
325053
325073
325111
325134
325154
325198
325247
325304
325418
325492
325544
325622
325683
325802
325845
325922
325994
326021
326063
326100
326122
326166
326214
326243
326265
326301
326330
326374
326433
326486
326533
326570
326590
326616
326644
326661
326671
326683
326749
326795
326810
326827
326846
326912
326983
327039
327055
327143
327193
327228
327268
327281
327291
327367
327436
327464
327516
327574
327602
327631
327699
327714
327758
327793
327821
327861
327885
327908
327943
327962
327985
328021
328054
328098
328130
328156
328183
328239
328262
328306
328350
328377
328403
328421
328448
328481
328523
328570
328614
328653
328674
328710
328767
328804
328842
328900
328940
328961
328993
329038
329081
329119
329164
329219
329267
329313
329367
329400
329432
329488
329533
329568
329603
329729
329753
329847
329870
329894
329931
329962
330023
330035
330062
330109
330131
330201
330244
330293
330316
330401
330423
330456
330516
330530
330553
330565
330580
330642
330687
330756
330790
330818
330866
330928
330958
331013
331054
331194
331211
331232
331289
331304
331316
331337
331396
331425
331439
331459
331513
331672
331764
331815
331837
331881
331963
332016
332047
332122
332206
332286
332352
332395
332422
332463
332491
332541
332584
332609
332634
332656
332684
332707
332753
332778
332793
332817
332853
332893
333028
333055
333074
333100
333131
333165
333213
333325
333360
333387
333410
333459
333505
333555
333698
333708
333730
333767
333835
333858
333891
333996
334020
334054
334080
334114
334147
334163
334352
334370
334384
334452
334479
334520
334596
334646
334710
334747
334772
334807
334858
334959
334985
335012
335042
335080
335117
335150
335170
335193
335221
335262
335285
335341
335395
335429
335453
335478
335514
335590
335608
335629
335652
335687
335734
335755
335779
335794
335822
335841
335849
335867
335885
335896
335915
335932
335965
335994
336023
336082
336146
336166
336209
336257
336350
336400
336473
336591
336623
336697
336733
336761
336882
336929
336964
337002
337026
337041
337086
337117
337150
337208
337249
337283
337311
337346
337387
337405
337434
337461
337514
337541
337564
337587
337630
337665
337682
337718
337762
337798
337825
337844
337870
337891
337908
337927
337947
337977
337986
338004
338032
338076
338123
338161
338219
338269
338326
338360
338387
338448
338479
338499
338594
338607
338634
338670
338732
338809
338880
338913
338936
338956
338979
339028
339121
339292
339313
339369
339405
339457
339509
339523
339542
339561
339590
339611
339627
339650
339682
339718
339751
339784
339812
339829
339866
339887
339921
339959
340006
340031
340107
340179
340227
340276
340314
340424
340433
340456
340490
340542
340576
340638
340675
340767
340804
340834
340867
340889
340938
340967
341059
341080
341122
341173
341192
341221
341246
341280
341302
341335
341369
341419
341452
341572
341632
341701
341730
341812
341860
341968
342000
342026
342073
342112
342147
342209
342229
342265
342298
342347
342363
342383
342418
342444
342528
342553
342590
342652
342676
342726
342747
342786
342825
342852
342878
342911
342935
343055
343075
343127
343166
343209
343273
343340
343375
343435
343491
343544
343564
343578
343629
343654
343716
343747
343775
343835
343891
343913
343953
343970
344018
344051
344085
344128
344164
344234
344247
344313
344372
344402
344431
344474
344503
344522
344562
344613
344629
344658
344759
344869
345009
345036
345111
345183
345195
345217
345236
345259
345274
345301
345317
345345
345380
345439
345518
345603
345631
345716
345757
345783
345862
345887
345918
345955
345996
346025
346042
346065
346105
346158
346201
346260
346339
346382
346442
346485
346536
346591
346622
346647
346706
346740
346819
346850
346883
346896
346923
346962
347007
347037
347061
347103
347136
347176
347231
347253
347291
347303
347339
347369
347547
347568
347608
347671
347692
347713
347746
347787
347836
347862
347899
347978
347998
348050
348091
348159
348200
348247
348304
348337
348381
348422
348459
348520
348556
348608
348653
348722
348808
348835
348867
348909
348932
348993
349030
349072
349107
349149
349195
349265
349294
349353
349498
349525
349556
349585
349610
349644
349682
349724
349750
349768
349808
349900
350007
350077
350107
350145
350175
350238
350279
350314
350358
350383
350433
350493
350550
350582
350593
350610
350648
350725
350765
350796
350829
350875
350932
350999
351029
351069
351131
351167
351296
351364
351414
351452
351542
351579
351595
351655
351682
351707
351747
351784
351813
351844
351928
351966
352026
352096
352148
352185
352226
352343
352389
352473
352525
352578
352707
352724
352862
352880
352907
352949
352968
353042
353124
353154
353336
353378
353513
353557
353577
353603
353628
353642
353685
353706
353784
353800
353833
353856
353904
353953
353969
354022
354072
354094
354111
354125
354148
354193
354234
354294
354320
354347
354368
354444
354491
354533
354628
354691
354720
354766
354781
354822
354834
354863
354955
354981
354997
355102
355131
355196
355234
355303
355357
355375
355403
355419
355441
355452
355466
355489
355518
355541
355603
355658
355678
355713
355730
355764
355791
355847
355877
355927
355988
356032
356135
356163
356187
356232
356252
356277
356321
356464
356508
356605
356658
356748
356774
356844
356866
356896
356922
356932
356944
356968
357059
357084
357104
357118
357166
357189
357208
357226
357237
357276
357302
357325
357366
357379
357407
357430
357453
357480
357524
357558
357584
357629
357647
357707
357751
357773
357793
357838
357890
357910
358019
358071
358131
358200
358269
358305
358346
358376
358397
358478
358618
358705
358760
358777
358817
358864
358894
358931
358954
358970
358991
359039
359219
359283
359400
359466
359503
359523
359544
359581
359715
359737
359758
359789
359810
359860
359910
359950
359981
360014
360029
360070
360102
360152
360187
360243
360274
360324
360356
360373
360437
360478
360520
360555
360613
360689
360703
360734
360788
360805
360823
360871
360895
360917
360938
360963
361018
361036
361044
361147
361167
361207
361233
361251
361258
361285
361341
361391
361437
361467
361533
361619
361679
361708
361740
361799
361898
361931
361983
362007
362043
362069
362089
362148
362176
362241
362254
362258
362279
362296
362349
362363
362385
362421
362439
362449
362454
362465
362516
362547
362556
362578
362683
362706
362747
362767
362830
362854
362938
362992
363034
363109
363167
363182
363234
363263
363293
363315
363350
363451
363491
363587
363644
363720
363775
363831
363960
363983
364028
364118
364144
364174
364229
364275
364445
364466
364488
364502
364536
364550
364574
364597
364644
364691
364738
364798
364908
364939
364960
364990
365056
365077
365102
365120
365139
365182
365197
365229
365251
365258
365268
365337
365351
365383
365412
365439
365475
365504
365539
365601
365631
365662
365705
365734
365770
365808
365845
365885
365942
365965
365991
366029
366065
366099
366133
366155
366195
366225
366312
366342
366371
366408
366423
366456
366463
366469
366483
366510
366537
366550
366580
366595
366612
366630
366650
366675
366686
366691
366711
366729
366746
366762
366784
366812
366858
366883
366933
366951
366997
367028
367059
367084
367118
367133
367155
367175
367194
367217
367265
367283
367311
367335
367359
367379
367416
367459
367567
367582
367601
367635
367689
367710
367730
367744
367770
367785
367802
367831
367855
367891
367924
367942
367979
368022
368066
368106
368124
368171
368204
368234
368272
368327
368381
368403
368449
368473
368486
368505
368537
368557
368591
368613
368636
368673
368692
368734
368764
368794
368814
368919
368944
368977
369000
369018
369042
369063
369108
369147
369182
369203
369218
369256
369295
369329
369348
369372
369408
369443
369461
369484
369508
369533
369569
369612
369641
369690
369729
369746
369762
369805
369819
369848
369869
369908
369951
369988
370070
370091
370114
370146
370184
370194
370230
370260
370278
370308
370326
370356
370387
370409
370444
370485
370520
370556
370612
370625
370704
370744
370771
370802
370821
370859
370911
370945
371031
371061
371118
371143
371213
371234
371264
371300
371351
371384
371398
371423
371449
371465
371477
371538
371572
371609
371662
371686
371700
371722
371743
371790
371865
371883
371901
371925
371942
371961
371978
371992
372037
372063
372081
372101
372122
372167
372183
372209
372225
372242
372257
372274
372307
372327
372349
372369
372384
372394
372519
372538
372555
372582
372594
372611
372639
372670
372684
372716
372736
372802
372839
372867
372877
372896
372912
372971
373013
373057
373078
373152
373181
373207
373249
373285
373335
373362
373396
373414
373432
373440
373462
373466
373486
373508
373540
373567
373591
373642
373668
373703
373718
373738
373767
373794
373814
373838
373876
373902
373933
373966
373974
373985
374002
374036
374090
374107
374141
374168
374185
374226
374292
374326
374358
374423
374450
374472
374525
374546
374564
374577
374603
374618
374632
374649
374655
374668
374696
374711
374747
374777
374798
374831
374846
374883
374900
374914
374926
374938
374956
374970
374993
375007
375025
375048
375065
375098
375113
375134
375149
375170
375196
375227
375250
375287
375300
375316
375359
375380
375421
375446
375458
375477
375490
375528
375552
375568
375600
375640
375674
375688
375718
375726
375749
375777
375799
375814
375833
375853
375862
375879
375894
375901
375915
375933
375944
375954
375960
375972
375983
375993
376003
376021
376033
376046
376065
376090
376107
376137
376160
376168
376180
376197
376233
376252
376265
376331
376338
376357
376368
376392
376403
376411
376422
376438
376462
376474
376499
376514
376537
376553
376585
376621
376649
376677
376694
376715
376729
376749
376763
376769
376775
376784
376800
376813
376828
376839
376880
376890
376920
376940
376972
376992
377044
377064
377099
377156
377187
377205
377238
377249
377259
377272
377286
377305
377318
377330
377336
377349
377363
377377
377391
377416
377443
377477
377497
377527
377535
377563
377607
377640
377661
377703
377725
377748
377788
377809
377860
377893
377911
377928
377948
377976
377994
378024
378045
378063
378087
378103
378117
378129
378146
378167
378191
378206
378226
378258
378283
378321
378337
378375
378403
378436
378456
378474
378497
378525
378581
378598
378618
378631
378672
378701
378733
378777
378807
378824
378837
378863
378889
378912
378940
378960
378979
379003
379019
379034
379061
379077
379100
379124
379153
379175
379187
379213
379221
379231
379265
379290
379296
379319
379335
379369
379400
379427
379464
379501
379550
379576
379591
379602
379603
379609
379611
379622
379632
379746
379768
379804
379844
379868
379899
379923
379952
379970
379995
380024
380053
380080
380137
380150
380211
380238
380274
380309
380372
380374
380382
380391
380405
380432
380456
380488
380529
380545
380577
380605
380644
380678
380716
380790
380824
380854
380877
380923
380985
381014
381044
381076
381101
381119
381155
381209
381255
381279
381308
381373
381390
381444
381482
381535
381553
381569
381601
381637
381661
381708
381742
381777
381813
381847
381882
381962
382002
382011
382026
382033
382046
382056
382073
382107
382150
382176
382200
382218
382246
382278
382292
382318
382335
382346
382371
382384
382392
382403
382419
382437
382458
382477
382497
382511
382527
382561
382573
382607
382642
382673
382706
382735
382768
382824
382850
382891
383020
383068
383184
383196
383208
383245
383273
383312
383334
383365
383395
383436
383473
383523
383541
383588
383608
383638
383647
383724
383751
383770
383785
383815
383869
383902
383952
383976
384001
384065
384104
384134
384163
384190
384225
384256
384328
384408
384551
384613
384664
384696
384720
384739
384766
384790
384811
384845
384863
384890
384918
384967
385012
385061
385157
385200
385230
385248
385278
385306
385329
385364
385391
385418
385464
385489
385519
385533
385583
385596
385613
385637
385649
385664
385687
385709
385727
385751
385763
385797
385843
385863
385905
385951
385967
385983
386002
386023
386071
386156
386187
386232
386287
386319
386333
386380
386438
386475
386512
386534
386555
386600
386666
386703
386765
386793
386815
386831
386852
386877
386902
386941
386966
386982
387011
387048
387093
387114
387150
387168
387222
387238
387255
387279
387300
387327
387358
387393
387445
387472
387502
387525
387566
387581
387622
387679
387716
387741
387775
387828
387879
387908
387993
388048
388073
388112
388132
388150
388161
388184
388198
388212
388223
388261
388323
388370
388405
388464
388499
388516
388540
388570
388593
388636
388661
388677
388714
388732
388814
388838
388856
388877
388915
388960
389031
389064
389087
389123
389140
389162
389181
389217
389246
389284
389327
389384
389422
389477
389515
389544
389579
389613
389640
389681
389690
389720
389795
389830
389875
389896
389932
389945
389953
389972
389985
390005
390030
390058
390121
390197
390262
390332
390380
390402
390430
390469
390501
390537
390569
390590
390612
390631
390703
390722
390740
390779
390797
390813
390838
390859
390911
390965
391000
391045
391079
391101
391130
391188
391239
391257
391296
391323
391365
391412
391444
391498
391543
391595
391632
391784
391832
391971
391991
392024
392049
392081
392105
392121
392137
392178
392210
392248
392264
392296
392329
392364
392399
392430
392494
392536
392560
392599
392630
392655
392692
392714
392728
392771
392790
392832
392874
392896
392956
392979
393014
393050
393065
393093
393119
393157
393188
393282
393368
393425
393477
393540
393554
393621
393692
393715
393768
393808
393841
393867
393882
393912
393950
393978
394006
394049
394139
394146
394178
394222
394250
394266
394319
394343
394368
394417
394454
394518
394557
394668
394684
394709
394726
394741
394789
394813
394902
394914
394948
394960
394975
394992
395015
395026
395037
395052
395078
395111
395145
395186
395253
395270
395352
395387
395445
395463
395501
395538
395553
395599
395623
395664
395701
395721
395747
395806
395885
395915
395949
395999
396017
396035
396056
396062
396074
396103
396120
396145
396167
396181
396196
396221
396265
396306
396384
396416
396468
396526
396549
396587
396692
396731
396760
396786
396860
396878
396898
396926
396950
397033
397106
397147
397208
397241
397290
397304
397334
397380
397392
397435
397458
397486
397563
397609
397648
397713
397730
397784
397807
397830
397887
397937
397986
398018
398031
398047
398062
398080
398131
398178
398205
398278
398290
398330
398378
398418
398450
398472
398494
398504
398553
398589
398656
398705
398724
398774
398782
398960
398986
398999
399008
399127
399144
399169
399186
399255
399306
399353
399383
399432
399469
399503
399557
399579
399607
399646
399691
399776
399795
399809
399818
399888
399917
399941
399952
399976
400022
400091
400224
400235
400267
400285
400337
400407
400423
400427
400446
400464
400482
400497
400511
400573
400589
400607
400618
400658
400689
400720
400734
400739
400777
400835
400861
400885
400907
400936
400961
400975
401019
401046
401068
401109
401125
401144
401164
401183
401201
401227
401252
401284
401375
401415
401437
401522
401544
401576
401634
401660
401692
401715
401733
401745
401778
401790
401813
401821
401840
401925
401943
401956
402002
402025
402060
402086
402119
402137
402168
402202
402227
402258
402285
402324
402341
402358
402379
402406
402452
402482
402509
402570
402611
402626
402664
402686
402697
402723
402744
402783
402805
402846
402873
402967
403075
403082
403122
403148
403168
403186
403209
403220
403221
403245
403257
403268
403286
403297
403308
403315
403326
403338
403368
403402
403421
403443
403541
403542
403553
403562
403588
403609
403625
403645
403680
403712
403736
403755
403780
403785
403805
403833
403849
403904
403946
403973
403997
404028
404049
404085
404104
404190
404205
404239
404281
404298
404324
404387
404410
404433
404447
404459
404474
404489
404517
404577
404594
404655
404748
404761
404794
404866
404882
404928
404969
405063
405105
405147
405161
405190
405208
405232
405289
405310
405326
405351
405372
405384
405405
405412
405418
405423
405445
405456
405469
405486
405510
405539
405559
405576
405591
405622
405650
405687
405719
405753
405812
405838
405854
405875
405900
405931
405951
405995
406008
406039
406057
406069
406097
406137
406151
406244
406298
406326
406365
406404
406444
406467
406514
406523
406542
406565
406591
406617
406639
406653
406675
406684
406701
406714
406728
406749
406786
406814
406835
406854
406900
406934
406982
407025
407044
407082
407102
407165
407195
407209
407238
407262
407299
407328
407365
407390
407417
407444
407491
407506
407520
407541
407559
407579
407587
407604
407623
407648
407668
407690
407722
407748
407763
407784
407799
407829
407850
407873
407896
407918
407938
407964
407981
407993
408008
408025
408035
408044
408053
408068
408087
408120
408143
408165
408200
408232
408246
408277
408298
408314
408339
408355
408365
408390
408415
408439
408459
408486
408525
408541
408572
408639
408654
408673
408702
408747
408762
408800
408835
408945
408963
408997
409011
409034
409065
409088
409099
409119
409159
409202
409253
409275
409352
409375
409389
409408
409458
409479
409491
409510
409535
409549
409578
409591
409611
409626
409650
409688
409713
409753
409765
409787
409821
409843
409958
409970
409996
410037
410068
410117
410176
410197
410207
410227
410247
410257
410271
410284
410306
410332
410349
410372
410418
410450
410466
410474
410484
410505
410525
410549
410559
410579
410591
410602
410616
410629
410686
410693
410711
410764
410785
410810
410839
410857
410891
410910
410948
410973
410994
411017
411025
411039
411062
411080
411092
411106
411146
411161
411179
411201
411228
411267
411299
411331
411348
411365
411395
411416
411439
411512
411531
411559
411598
411615
411650
411664
411703
411728
411750
411768
411793
411826
411875
411901
411933
411962
412046
412102
412152
412164
412196
412203
412234
412275
412353
412374
412392
412406
412421
412433
412460
412497
412526
412561
412569
412615
412641
412681
412728
412775
412803
412826
412857
412876
412897
412914
412935
412956
412972
412986
413018
413031
413062
413076
413092
413108
413136
413159
413186
413200
413226
413255
413284
413317
413351
413376
413398
413420
413457
413479
413494
413521
413542
413567
413591
413624
413646
413663
413704
413749
413784
413802
413823
413888
413907
413921
413951
413987
414035
414065
414096
414122
414148
414213
414246
414272
414314
414323
414347
414359
414380
414410
414431
414443
414464
414476
414484
414495
414514
414528
414548
414560
414570
414587
414674
414690
414705
414714
414724
414754
414759
414768
414788
414797
414813
414828
414859
414871
414919
414958
414981
415075
415116
415137
415165
415173
415199
415229
415247
415276
415313
415353
415378
415401
415431
415466
415530
415573
415608
415648
415680
415708
415724
415744
415781
415808
415819
415835
415861
415903
415913
415933
415945
415975
415987
415997
416026
416035
416040
416057
416079
416117
416150
416176
416278
416292
416311
416327
416361
416390
416409
416431
416452
416477
416494
416518
416535
416541
416559
416577
416632
416682
416703
416720
416734
416760
416786
416812
416827
416849
416870
416885
416898
416905
416909
416914
416925
416939
416960
416978
417024
417081
417136
417163
417213
417243
417307
417350
417402
417439
417497
417515
417546
417556
417624
417644
417668
417694
417734
417754
417782
417808
417852
417958
417964
417972
418004
418055
418128
418155
418239
418258
418323
418367
418403
418406
418419
418432
418433
418447
418470
418472
418477
418492
418572
418616
418647
418664
418742
418774
418836
418868
418904
418969
418994
419021
419045
419063
419085
419111
419157
419265
419276
419288
419419
419435
419469
419505
419521
419562
419588
419615
419632
419702
419729
419754
419800
419894
419920
419989
420049
420078
420103
420133
420200
420216
420234
420251
420327
420345
420362
420382
420425
420442
420459
420479
420509
420526
420539
420564
420582
420601
420616
420635
420657
420669
420681
420707
420728
420760
420798
420817
420840
420881
420905
420935
420981
421004
421033
421045
421072
421124
421151
421178
421199
421230
421261
421290
421316
421334
421359
421396
421422
421446
421475
421512
421535
421593
421612
421673
421701
421762
421780
421824
421838
421900
421927
421978
422008
422019
422069
422080
422100
422116
422141
422173
422196
422202
422212
422224
422249
422278
422299
422326
422427
422434
422443
422458
422474
422483
422493
422508
422528
422556
422568
422623
422662
422687
422727
422784
422821
422860
422878
422930
422988
423061
423094
423163
423180
423203
423246
423292
423317
423339
423359
423368
423421
423444
423456
423472
423493
423535
423558
423586
423632
423681
423707
423751
423790
423851
423887
423933
423957
424008
424045
424084
424148
424185
424257
424291
424337
424358
424415
424483
424500
424518
424559
424586
424635
424734
424760
424792
424831
424918
424965
424986
425076
425105
425125
425164
425186
425218
425267
425290
425319
425348
425385
425416
425432
425442
425482
425521
425589
425627
425652
425705
425737
425794
425813
425833
425872
425917
425968
426025
426048
426072
426087
426122
426154
426177
426209
426238
426282
426302
426356
426396
426411
426472
426561
426582
426635
426678
426749
426774
426808
426859
426903
426945
426957
427030
427049
427072
427110
427137
427148
427173
427198
427212
427297
427313
427338
427347
427364
427376
427395
427415
427435
427469
427503
427534
427561
427583
427597
427610
427635
427642
427660
427670
427685
427705
427733
427757
427770
427781
427801
427817
427826
427848
427870
427883
427929
427958
427980
427996
428046
428065
428099
428134
428166
428184
428213
428238
428254
428277
428286
428296
428306
428325
428349
428353
428387
428405
428432
428446
428465
428477
428499
428521
428548
428634
428713
428785
428820
428865
428905
428973
428994
429021
429044
429087
429155
429215
429256
429343
429372
429406
429425
429440
429459
429489
429515
429549
429571
429603
429624
429653
429681
429703
429724
429742
429767
429799
429826
429845
429875
429898
429928
429949
429973
429989
430016
430058
430078
430109
430124
430140
430153
430164
430185
430214
430230
430257
430279
430311
430331
430355
430437
430472
430538
430590
430631
430653
430688
430714
430743
430812
430851
430876
430897
430919
430945
430957
430998
431026
431043
431069
431086
431132
431168
431181
431290
431300
431314
431332
431356
431416
431439
431475
431492
431521
431609
431628
431678
431723
431779
431815
431863
431895
431935
431997
432058
432147
432175
432214
432243
432267
432303
432335
432374
432408
432466
432488
432564
432595
432622
432679
432759
432775
432801
432842
432860
432884
432912
432937
432968
432995
433014
433030
433048
433088
433124
433176
433201
433223
433247
433260
433273
433287
433315
433352
433388
433451
433476
433497
433518
433538
433560
433578
433594
433614
433642
433671
433728
433753
433799
433830
433872
433908
433924
433935
433955
433991
434038
434079
434113
434141
434173
434203
434236
434272
434290
434344
434488
434498
434549
434564
434584
434603
434638
434650
434661
434684
434713
434738
434761
434785
434814
434851
434869
434892
434903
434944
434980
435008
435024
435060
435088
435130
435158
435177
435235
435275
435337
435400
435418
435476
435514
435543
435627
435634
435648
435673
435734
435786
435804
435827
435874
435904
435931
435957
435978
436051
436074
436091
436106
436116
436131
436161
436205
436229
436242
436261
436283
436305
436340
436354
436376
436392
436414
436453
436504
436540
436594
436647
436677
436695
436721
436755
436796
436820
436858
436880
436915
436948
436988
437024
437043
437082
437228
437244
437267
437341
437384
437421
437446
437473
437532
437555
437569
437594
437623
437646
437676
437705
437733
437760
437781
437790
437799
437810
437849
437872
437881
437892
437936
437943
437956
437994
438055
438086
438125
438144
438170
438232
438254
438280
438311
438372
438412
438450
438511
438553
438716
438845
438913
438939
439059
439088
439112
439148
439163
439359
439412
439461
439483
439527
439582
439636
439682
439701
439735
439752
439767
439799
439832
439852
439877
439894
440015
440027
440043
440059
440076
440104
440143
440163
440202
440225
440262
440305
440339
440389
440423
440449
440486
440563
440576
440598
440633
440672
440727
440765
440796
440834
440874
440899
440964
441052
441103
441125
441167
441214
441298
441347
441370
441404
441420
441431
441440
441447
441467
441487
441519
441536
441558
441602
441624
441677
441697
441746
441789
441801
441832
441870
441922
441956
442043
442080
442097
442125
442184
442215
442265
442287
442327
442350
442382
442405
442431
442532
442560
442587
442656
442699
442734
442756
442783
442828
442867
442894
442917
442964
443006
443047
443107
443146
443169
443201
443211
443257
443277
443344
443389
443401
443428
443458
443525
443545
443575
443611
443653
443685
443705
443726
443748
443793
443831
443866
443914
443969
443997
444042
444079
444102
444127
444234
444258
444297
444331
444346
444362
444382
444496
444508
444576
444627
444713
444739
444808
444858
444892
444956
444995
445077
445125
445156
445193
445209
445241
445263
445363
445491
445519
445540
445568
445600
445622
445642
445708
445733
445768
445852
445898
445936
446016
446069
446117
446191
446263
446291
446349
446364
446400
446430
446448
446479
446504
446628
446644
446691
446727
446801
446854
446988
447015
447041
447057
447088
447118
447151
447192
447251
447287
447338
447370
447409
447458
447488
447514
447524
447555
447582
447609
447673
447746
447796
447917
447952
447997
448023
448045
448104
448173
448297
448360
448492
448515
448528
448587
448625
448656
448709
448760
448846
448912
448962
449009
449127
449157
449191
449231
449277
449308
449344
449420
449472
449511
449539
449573
449628
449689
449765
449792
449921
449946
449972
450028
450053
450157
450218
450282
450323
450346
450390
450423
450450
450510
450569
450745
450779
450804
450822
450852
450892
450948
451005
451112
451163
451188
451236
451271
451297
451370
451405
451434
451492
451526
451589
451637
451700
451740
451775
451857
451910
451940
452150
452179
452230
452246
452336
452445
452478
452511
452529
452617
452708
452747
452774
452810
452848
452875
452940
452975
453029
453095
453133
453149
453178
453205
453257
453320
453356
453404
453446
453490
453522
453591
453625
453729
453749
453800
453829
453894
453926
453953
454014
454093
454107
454137
454185
454217
454232
454259
454301
454342
454378
454422
454471
454549
454626
454691
454741
454787
454818
454862
454909
454941
454976
455019
455124
455241
455280
455312
455355
455481
455515
455547
455587
455633
455672
455683
455774
455813
455853
455883
455921
455999
456098
456135
456169
456197
456247
456306
456339
456404
456441
456470
456505
456554
456605
456633
456678
456709
456731
456799
456837
456874
456940
456970
457006
457058
457066
457101
457137
457214
457263
457287
457371
457422
457443
457498
457520
457551
457580
457600
457618
457674
457714
457757
457802
457833
457909
457943
457978
457996
458028
458053
458107
458153
458212
458242
458276
458301
458334
458361
458434
458483
458500
458533
458552
458576
458618
458634
458688
458745
458756
458773
458801
458861
458936
458966
458988
459015
459033
459055
459121
459169
459222
459253
459313
459345
459402
459433
459474
459578
459610
459666
459707
459728
459796
459839
459868
459896
459949
460018
460053
460090
460120
460163
460214
460265
460299
460326
460391
460423
460450
460465
460518
460616
460651
460677
460714
460744
460762
460778
460833
460873
460910
460941
460968
461076
461090
461105
461133
461188
461223
461256
461347
461383
461415
461466
461511
461557
461624
461699
461738
461787
461820
461836
461862
461901
461925
461983
462006
462031
462059
462108
462135
462203
462267
462348
462391
462404
462500
462519
462575
462598
462654
462661
462686
462724
462741
462796
462833
462859
462904
462925
462967
462993
463058
463105
463133
463171
463218
463298
463311
463329
463356
463395
463418
463457
463498
463547
463599
463688
463727
463747
463789
463863
463921
463954
464018
464148
464221
464246
464284
464354
464368
464385
464396
464441
464454
464476
464501
464540
464572
464624
464669
464693
464734
464761
464807
464848
464875
464899
464922
464958
464991
465025
465075
465140
465171
465224
465275
465327
465408
465473
465524
465564
465578
465612
465634
465706
465777
465820
465867
465931
465977
466155
466207
466234
466311
466344
466388
466431
466457
466492
466598
466626
466691
466740
466790
466810
466872
466909
466991
467032
467081
467119
467179
467215
467235
467249
467280
467308
467365
467413
467467
467523
467553
467594
467635
467654
467673
467736
467771
467877
467927
468019
468041
468069
468092
468147
468185
468208
468253
468303
468373
468389
468420
468451
468476
468500
468575
468624
468696
468728
468747
468758
468781
468819
468857
468885
468919
468943
468960
468991
469021
469058
469101
469144
469235
469255
469281
469346
469399
469429
469475
469512
469571
469617
469654
469699
469729
469762
469808
469821
469853
469888
469920
469964
470003
470034
470088
470133
470159
470179
470214
470253
470284
470331
470362
470395
470426
470455
470493
470542
470580
470639
470694
470730
470819
470831
470850
470897
470928
470940
470973
471002
471037
471063
471102
471172
471266
471324
471436
471451
471479
471547
471584
471650
471701
471744
471778
471806
471847
471902
471932
471956
471994
472042
472070
472114
472143
472197
472238
472288
472320
472375
472427
472472
472513
472566
472787
472823
472880
472910
472942
473006
473086
473124
473164
473192
473216
473251
473319
473359
473376
473395
473429
473530
473639
473720
473751
473796
473865
473891
473904
473937
473962
473981
474017
474049
474086
474135
474167
474209
474254
474293
474321
474348
474394
474441
474477
474513
474543
474562
474583
474602
474622
474660
474794
474815
474877
474909
474942
475006
475032
475081
475107
475171
475232
475288
475323
475367
475407
475462
475558
475606
475630
475687
475782
475862
475936
475962
475983
475991
476016
476042
476076
476109
476129
476161
476201
476290
476322
476342
476390
476409
476443
476482
476613
476653
476697
476736
476806
476871
476926
476967
477048
477116
477140
477169
