10833
19677
22526
24788
28444
37461
41089
51006
72022
78403
87461
89971
102088
107893
112196
132315
142589
148528
154498
157391
162611
174219
176622
182770
183661
187779
208557
227123
237394
242294
259420
264505
275681
284876
291299
297304
310479
314263
322613
327717
335131
355707
379877
384891
386280
394239
396631
402672
407556
418635
422471
427253
430124
454902
477616
478305
486804
488378
493013
499639
510100
534093
545019
548132
556007
562301
568445
571272
579324
581971
587002
587462
593674
601937
603364
619776
642763
648080
656866
657995
664463
665874
677845
687993
694861
703555
712449
720687
731974
736857
744569
749092
751564
760489
762707
772380
776230
789044
795720
798211
