2245
4785
6545
8585
10465
12345
14945
16745
19195
22055
24785
27355
29925
32165
35885
37805
40535
43325
47025
49005
53075
55635
57735
59025
61725
63895
66685
67645
69704
72345
74925
76025
82765
85345
88851
91405
94085
95235
97365
101445
103955
106065
109785
112305
114245
116865
119625
120655
123345
126145
129275
131835
134365
134995
137765
140455
142475
145205
145815
148485
150655
153295
156105
159145
161605
165355
167955
171205
173925
176345
178455
182375
184335
186795
188195
190835
193225
195365
196365
199165
201755
205185
208045
210925
213885
216415
219875
222745
225775
229065
231825
235165
238065
241085
243925
246795
249665
252595
255405
257185
258225
260985
263525
265675
266465
269355
271815
273835
275536
277725
280085
283415
286225
288275
290975
291595
294405
296775
298345
300395
303605
306885
309495
311846
314585
315645
318435
321055
324565
327125
329065
329815
332815
335315
337785
339825
341585
342775
345705
347505
349545
353825
355645
360895
362905
365655
368445
370875
373395
375535
377375
379965
381815
383735
385705
387225
390125
392155
394965
398165
400265
402965
406435
409435
412305
415495
417735
420245
422135
425025
428485
430885
433125
433725
434725
438605
441175
443335
445785
447565
449614
450085
451775
453995
455965
458185
460395
462265
464965
466725
468635
470305
472705
475015
476975
479465
481334
483185
485655
487685
490015
492065
493115
493845
495765
497585
500375
502275
504825
506735
509215
512065
513015
515115
517305
519575
522095
524135
529985
532485
534475
536925
538605
540515
543015
544905
547305
549405
551235
554125
555555
557785
559675
561655
564135
566775
568095
569685
572595
574915
576835
578795
580655
583095
585105
586855
589205
591355
593565
596215
597755
599365
