181
324
466
576
710
838
964
1091
1262
1352
1479
1585
1658
1822
1900
2027
2164
2294
2602
2731
3129
3277
3400
3476
3732
4014
4110
4206
4522
4767
4981
5146
5327
5600
5774
5892
6086
6202
6330
6405
6507
6612
6660
6805
6960
7069
7224
7547
7600
7769
8119
8272
8387
8504
8681
8810
8903
8972
9075
9146
9242
9345
9468
9566
9776
9966
10091
10773
10884
11001
11120
11208
11338
11552
11879
11948
12091
12220
12434
12769
12818
12945
13048
13290
13575
13771
13926
14144
14216
14552
14841
14967
15251
15457
15792
15858
15972
16052
16223
16283
16412
16560
16679
16985
17058
17231
17354
17454
17631
17731
17966
18539
18602
19122
19392
19466
19557
19755
19881
20099
20390
20706
20860
20968
21129
21198
21415
21538
21640
21742
21821
21949
22068
22171
22408
22501
23114
23173
23341
23728
23946
24016
24181
24585
24693
24856
25019
25183
25330
25538
25690
25794
25935
26213
26436
26549
26682
26775
26890
26996
27060
27132
27281
27361
27590
27710
27972
28157
28409
28536
28786
28935
29041
29148
29279
29509
29637
29793
29907
30002
30254
30489
30700
30873
31120
31328
31448
31576
31734
31844
31956
32057
32220
32279
32458
32586
32740
32834
32902
33017
33124
33217
33346
33658
33868
33962
34221
34382
34472
34582
34674
34799
34951
35071
35195
35380
35523
35634
35746
35888
36004
36128
36497
36644
36906
36991
37109
37179
37239
37390
37500
37642
37758
37923
38035
38275
38382
38476
38625
38726
38855
38988
39154
39304
39569
39744
40010
40154
40290
40385
40517
40608
40743
41017
41284
41434
41580
41834
41926
42261
42386
42509
42648
42725
42821
43171
43363
43498
43623
43741
43838
43912
44093
44320
44520
44687
45024
45148
45252
45436
45518
45700
45810
45862
45997
46072
46259
46478
46602
46681
46771
46840
46940
47230
47345
47499
47638
47765
47911
48094
48212
48321
48418
48522
48649
48776
48846
48964
49082
49272
49412
49562
49650
49776
49894
50056
50154
50290
50484
50760
50965
51112
51189
51277
51397
51493
51574
51684
51737
51875
51970
52071
52157
52270
52346
52441
52543
52621
52748
52888
52998
53184
53362
53839
54026
54152
54249
54325
54414
54488
54570
54631
54780
54920
54997
55148
55290
55372
55471
55562
55679
55818
55921
56200
56264
56481
56628
56785
57006
57070
57226
57340
57602
57726
57832
57985
58089
58195
58397
58464
58583
58742
58839
59146
59742
59919
60042
60161
60421
60552
60653
60724
60820
60919
61061
61196
61388
61504
61571
61684
61843
61952
62304
62445
62588
62774
62926
63077
63346
63538
63630
63784
63921
64002
64092
64244
64351
64469
64594
64682
64860
64948
65092
65244
65420
65583
65824
65932
66326
66417
66530
66626
66766
66865
67119
67240
67368
67455
67600
67734
67933
68074
68252
68524
68642
68822
68987
69063
69164
69321
69511
69655
69751
69844
69954
70040
70351
70547
70628
71256
71440
71628
71706
71828
72010
72098
72257
72329
72472
72630
72797
72865
72962
73240
73347
73458
73870
73977
74140
74256
74388
74448
74495
74711
74790
74862
75000
75122
75267
75397
75453
75693
75780
75856
76235
76462
76655
76768
77060
77234
77501
77664
78019
78187
78308
78630
78720
78844
78915
78976
79064
79125
79330
79492
79856
80048
80206
80463
80764
80965
81227
81314
81438
81567
81722
81874
82040
82130
82236
82414
82502
82704
82822
82894
83043
83241
83785
84077
84157
84213
84331
84392
84450
84546
84735
84831
84920
85049
85138
85254
85434
85566
85814
85926
86123
86189
86354
86612
86856
86946
87178
87274
87363
87648
87715
87863
87995
88176
88334
88546
88651
88758
88877
89040
89126
89355
89602
90055
90134
90233
90299
90381
90456
90634
90778
90922
91125
91211
91372
91455
91548
91683
91836
91984
92140
92305
92524
92886
93046
93177
93332
93452
93542
93686
93792
93935
93994
94096
94196
94296
94419
94528
94652
94740
94894
95020
95135
95229
95419
95686
95794
96283
96416
96557
96876
96966
97124
97225
97380
97495
97621
97757
97898
97998
98128
98240
98458
98566
98764
99120
99410
99468
99632
99707
99948
100058
100146
100263
100362
100464
100578
100700
100848
101008
101097
101288
101484
101592
101786
102136
102452
102578
102726
102972
103120
103247
103358
103631
103776
103938
104055
104178
104346
104450
104667
104979
105062
105252
105456
105526
106084
106219
106353
106593
106763
106896
107428
107599
107809
107956
108042
108150
108223
108315
108463
108745
108869
108994
109102
109250
109357
109447
109528
109865
110214
110386
110658
110887
110983
111146
111227
111395
111494
111656
111764
111831
111925
112027
112166
112316
112406
112590
112740
113206
113273
113503
113634
113730
113815
113866
113949
114077
114147
114197
114276
114542
114666
114921
115141
115312
115403
115566
115755
115942
116051
116128
116203
116289
116498
116600
116706
116844
116987
117136
117200
117337
117542
117651
117705
117814
117957
118105
118340
118454
118833
118940
119069
119154
119229
119312
119398
119464
119578
119735
119878
119965
120058
120220
120410
120508
120566
120684
120826
121048
121235
121408
121612
121818
122005
122206
122292
122358
122431
122572
122681
122814
122904
123021
123183
123258
123499
123735
123956
124160
124322
124548
124630
124733
125000
125108
125236
125336
125449
125608
125681
125766
125936
126064
126131
126270
126352
126501
126852
127152
127243
127306
127386
127473
127568
127762
127859
127957
128035
128148
128330
128418
128576
128666
128902
128970
129101
129222
129313
129435
129533
129614
129771
129989
130317
130455
130609
130672
130884
130962
131052
131124
131192
131354
131449
131692
131758
131907
132043
132225
132288
132364
132610
132880
133078
133188
133343
133425
133587
133814
133995
134095
134217
134329
134426
134563
134890
135017
135166
135388
135479
135616
135919
136046
136145
136270
136398
136588
136668
136784
136900
137058
137143
137297
137432
137618
137740
137833
138058
138213
138435
138641
138812
138990
139113
139238
139340
139435
139556
139636
139788
139856
139964
140060
140228
140356
140480
140598
140670
140829
140946
141170
141657
141731
142067
142227
142372
142585
142685
142918
143014
143106
143271
143490
143706
144090
144309
144460
144510
144591
144831
144909
145067
145156
145410
145488
145662
145770
146006
146063
146517
146752
146977
147076
147227
147338
147441
147697
147891
148020
148148
148259
148312
148416
148546
148764
149061
149304
149446
149819
149890
150024
150168
150303
150424
150543
150614
150961
151077
151270
151365
151610
151762
151967
152024
152097
152200
152333
152584
152724
152839
153090
153230
153374
153521
153710
153870
153963
154099
154482
154558
154656
154809
154899
154983
155304
155402
155501
155606
155700
155814
155876
155978
156166
156296
156540
156634
156774
157082
157250
157368
157571
157687
157775
157836
157930
157992
158114
158215
158350
158520
158630
158715
158885
159006
159204
159458
159581
159834
159969
160252
160423
160498
160676
160742
160828
160966
161149
161283
161470
161551
161687
161776
161896
162032
162146
162248
162359
162501
162649
162850
163058
163313
163446
163550
163788
163862
163936
164132
164244
164363
164568
164656
164811
164918
165008
165132
165222
165436
165668
165770
165864
166013
166252
166626
166722
166841
166972
167087
167267
167320
167478
167564
167742
167864
168004
168126
168382
168443
168704
168872
169078
169414
169532
169667
169879
169973
170069
170174
170274
170384
170531
170646
170715
170794
170971
171120
171229
171330
171633
172282
172360
172444
172547
172627
172798
172919
173012
173106
173175
173300
173407
173588
173706
173851
174025
174188
174295
174451
174593
174804
175049
175211
175318
175447
175680
175790
175882
176041
176171
176343
176505
176636
177014
177196
177324
177489
177618
177719
178012
178109
178196
178326
178477
178570
178666
178770
178910
178990
179162
179327
179410
179550
179791
179944
180095
180250
180429
180521
180689
180758
180908
181008
181170
181249
181331
181466
181583
181678
181825
181967
182046
182143
182316
182402
182518
182636
182832
183075
183329
183493
183732
183834
183944
184007
184133
184228
184469
184608
184768
184852
184995
185196
185388
185454
185752
186049
186162
186322
186562
186671
186905
187208
187310
187374
187558
187636
187743
187834
187866
187984
188230
188403
188669
188952
189026
189146
189347
189431
189700
189989
190105
190317
190488
190570
190779
190864
191103
191361
191456
191803
191941
192066
192447
192515
192682
192776
192902
193013
193110
193278
193448
193543
193598
193861
194085
194456
194546
194662
194739
194821
194895
194976
195058
195137
195258
195367
195520
195594
195764
195867
196020
196122
196202
196263
196373
196404
196458
196562
196685
196727
197119
197388
197701
197982
198084
198230
198372
198512
198610
198746
198868
198990
199158
199292
199552
199836
199950
200249
200336
200485
200595
200690
200781
200884
201087
201164
201304
201524
201658
201748
201864
201952
202040
202134
202349
202454
202547
202905
203110
203240
203307
203519
203586
203734
203968
204093
204226
204519
204691
204822
204976
205077
205166
205289
205410
205550
205869
205959
206281
206400
206536
206664
206794
206968
207066
207203
207300
207427
207532
207652
207739
207816
208035
208320
208423
208516
208618
208756
209162
209430
209518
209806
209880
209941
210041
210142
210312
210423
210564
210676
210835
210946
211047
211170
211327
211582
211751
212058
212266
212353
212450
212518
212891
213083
213141
213287
213500
213668
213758
213888
213966
214174
214332
214494
214673
214724
214938
215096
215250
215366
215504
215741
215797
215941
216036
216190
216297
216427
216557
216864
217184
217329
217448
217875
217972
218050
218202
218304
218387
218531
218622
218732
218811
218885
218999
219108
219199
219298
219411
219593
219742
219869
219980
220100
220194
220543
220714
220851
221258
221339
221437
221663
222042
222200
222309
222400
222519
222654
222889
222974
223118
223277
223445
223539
223658
223946
224056
224239
224304
224475
224581
224725
224883
224970
225181
225410
225496
225575
225706
225810
225897
226122
226228
226471
226740
227167
227242
227513
227641
227838
228040
228182
228294
228416
228539
228644
228802
228909
229031
229131
229296
229444
229559
229801
229991
230176
230272
230448
230553
230650
230804
230946
231054
231203
231347
231514
231604
231812
231923
232013
232216
232324
232434
232632
233070
233245
233334
233496
233630
233735
233813
233876
234006
234080
234179
234337
234445
234566
234639
234775
234866
234986
235108
235215
235341
235506
235610
235776
236042
236197
236266
236401
236493
236617
236781
236856
236986
237288
237446
237573
237834
237951
238199
238270
238411
238556
238753
238927
239162
239237
239358
239525
239612
239726
239848
239960
240030
240102
240190
240308
240431
240638
240708
240827
240954
241024
241124
241224
241430
241507
241680
242064
242230
242322
242465
242540
242701
242842
242920
243028
243138
243372
243464
243551
243659
243757
243884
244117
244184
244491
244558
244819
244987
245101
245291
245454
245555
245639
245757
245868
246090
246209
246366
246428
246567
246686
246883
247003
247117
247376
247960
248192
248297
248458
248605
248694
248856
249014
249185
249354
249442
249558
249683
249828
250181
250350
250706
250754
250844
250921
251048
251170
251345
251613
251696
251874
252009
252183
252312
252468
252621
253146
253255
253457
253656
253899
254011
254121
254323
254594
254708
254856
254943
255097
255179
255279
255532
255770
255840
256089
256239
256437
256609
256728
256787
256856
257012
257172
257305
257515
257615
257706
257832
258002
258172
258359
258472
258708
258940
259176
259314
259547
259667
259743
259855
260110
260228
260352
260503
260582
260693
260823
260971
261218
261381
261523
261718
261870
262088
262337
262469
262566
262761
262900
263219
263266
263586
263731
263928
264184
264294
264445
264601
264788
264931
265047
265139
265262
265413
265512
265640
265804
265896
266015
266154
266259
266398
266504
266597
266760
266866
267296
267559
267634
267771
268046
268186
268272
268402
268507
268644
268740
268911
269181
269399
269542
269726
269884
270543
270651
270716
270922
271056
271323
271514
271639
271755
271969
272071
272374
272607
272709
272839
273254
273328
273395
273574
273690
273840
273956
274081
274206
274354
274446
274554
274718
274784
274949
275045
275460
275834
276376
276548
276634
276696
276800
276871
277028
277101
277458
277580
277767
278018
278438
278529
278770
278838
279052
279187
279255
279393
279478
279539
279700
279766
279887
280005
280144
280294
280540
280600
280671
280884
281085
281206
281403
281552
281629
281788
281910
282011
282153
282237
282335
282984
283066
283282
283341
283544
283771
283859
284004
284191
284468
284515
284665
284781
284934
285004
285205
285344
285585
285708
285812
285953
286025
286156
286246
286453
286568
286779
286879
287260
287551
287605
287678
287918
288132
288317
288384
288587
288710
288817
288935
289035
289305
289414
289589
289765
289939
290078
290303
290440
290536
290725
290802
290973
291074
291296
291423
291648
291759
291837
292024
292229
292479
292669
292745
292917
292988
293125
293195
293262
293322
293397
293553
293698
293886
294010
294201
294432
294531
294678
294867
295156
295399
295477
295584
295678
295714
295940
296028
296166
296319
296436
296531
296720
296890
297007
297258
297598
297728
297847
297935
298030
298143
298320
298468
298538
298677
298990
299284
299610
299760
299870
300052
300188
300283
300361
300430
300525
300806
301130
301225
301384
301529
301806
301975
302112
302212
302306
302438
302560
302726
302798
302912
303013
303185
303319
303502
303708
303933
304070
304270
304426
304515
304684
304832
305062
305235
305647
305759
305818
305920
306022
306098
306246
306374
306476
306592
306706
306855
307234
307381
307716
307794
307950
308042
308222
308394
308492
308632
308755
308835
309036
309124
309270
309502
309578
309698
309783
309875
310146
310229
310498
310624
310713
310859
311068
311232
311335
311443
311709
311813
311953
312081
312168
312277
312371
312456
312573
312720
312870
313064
313398
313704
313819
314010
314106
314344
314402
314499
314676
314990
315151
315235
315309
315555
315836
316018
316269
316511
316757
316816
316866
317121
317251
317398
317485
317555
317635
317764
317902
318015
318097
318223
318308
318451
318549
318712
318927
318980
319243
319427
319603
320043
320128
320193
320310
320508
320642
320767
320938
321026
321207
321283
321508
321570
321844
322062
322314
322508
322642
322774
322977
323054
323273
323357
323494
323643
323745
323834
323962
324047
324156
324252
324344
324526
324679
324790
324940
325096
325276
325460
325562
325739
325826
325973
326155
326282
326377
326523
326659
326723
326916
327003
327106
327261
327366
327482
327746
328075
328241
328360
328494
328629
328723
328884
328975
329110
329308
329439
329634
329743
329921
330011
330272
330534
330653
330872
331011
331124
331280
331416
331591
331688
331763
331849
331952
332030
332147
332212
332318
332447
332703
332835
333010
333130
333260
333636
333692
333909
334019
334171
334246
334419
334574
334686
334790
334954
335028
335193
335297
335685
335918
336032
336232
336399
336492
336759
336958
337203
337357
337464
337548
337710
337840
338000
338747
338866
339147
339364
339856
340258
340380
340642
340796
340869
340930
341031
341356
341419
341566
341639
342181
342471
342815
342949
343136
343372
343588
343686
343753
344138
344323
344710
344992
345129
345432
345674
345818
345909
346112
346266
346521
346828
346902
347114
347186
347295
347538
347624
347695
347813
348038
348184
348537
348793
348852
348918
349004
349124
349194
349290
349442
349620
349789
349863
349997
350492
350554
350875
350927
351028
351110
351198
351240
351322
351672
351737
352099
352340
352413
352516
352955
353141
353254
353322
353507
353751
354013
354156
354284
354420
354496
354772
354907
354997
355132
355343
355392
355726
355846
356268
356516
356796
356968
357035
357151
357232
357372
357692
357744
358012
358151
358322
358426
358591
358779
358932
358971
359048
359146
359315
359674
359840
359997
360204
360278
360435
360539
360622
360675
360834
360983
361038
361117
361252
361373
361571
361789
361990
362059
362198
362329
362533
363046
363165
363479
363707
363834
363998
364282
364465
364652
364706
364855
364970
365063
365151
365538
365743
365930
366358
366571
367182
367224
367392
367552
367596
367707
367824
367924
368059
368111
368344
368476
368725
368830
369198
369282
369586
369650
369744
369824
370341
370668
370738
370775
370935
371030
371123
371432
371473
371621
371773
371842
371924
372054
372288
372478
372569
372701
372908
373030
373199
373252
373590
373740
373927
374103
374224
374378
374457
374526
374701
374964
375075
375163
375467
375560
376052
376142
376814
376934
377155
377257
377654
377963
378093
378157
378614
378891
379008
379098
379181
379258
379438
379535
379591
379861
379914
379985
380218
380282
380431
380575
380659
381022
381184
381520
381616
382129
382174
382496
382723
382986
383100
383284
383375
383752
384226
384447
384593
384887
385255
385570
385742
385780
385855
386142
386220
386280
386362
386584
386698
386817
386996
387140
387210
387312
387692
387948
388079
388306
388588
388724
388784
389015
389224
389333
389409
389568
389727
390001
390058
390139
390308
390482
390612
390865
391194
391270
391436
391910
392471
392543
392753
392923
393068
393245
393416
393508
393632
393728
393947
394146
394486
394878
394924
395037
395102
395388
395650
395777
395922
396138
396545
396701
397386
397472
397645
397726
397794
397957
398214
398278
398378
398482
398560
398668
398738
398835
398916
399042
399231
399296
399402
399456
399689
399824
399914
400221
400381
400476
400562
400690
400843
400944
401136
401476
401658
401703
401855
402109
402161
402238
402304
402362
402580
402634
402705
402840
403069
403143
403251
403320
403438
403550
403681
403781
403935
404399
404518
404770
404896
405038
405332
405540
405637
405829
405974
406081
406207
406266
406398
406510
406609
406664
406742
406855
406945
407045
407620
407706
407772
407864
407991
408086
408241
408337
408416
408697
408841
408938
409040
409204
409400
409524
409587
409714
409934
410026
410186
410578
410718
410805
410887
411027
411142
411270
411333
411441
411536
411620
411745
411791
411866
411996
412047
412283
412583
412860
413025
413104
413397
413526
413599
413728
413859
414056
414161
414270
414352
414460
414569
414709
414790
415150
415222
415322
415375
415494
415622
415732
415949
416469
416630
416799
416907
417011
417112
417189
417338
417405
417496
417601
417765
418080
418230
418322
418687
418762
419151
419341
419434
419511
419607
419762
419856
419952
420049
420229
420384
420549
420668
420826
420933
421372
421466
421653
422055
422148
422244
422304
422373
422474
422703
422780
422877
423160
423410
423574
423680
423800
423901
424000
424141
424278
424398
424618
424709
424782
424890
425051
425174
425250
425406
425511
425609
425715
425916
425958
426346
426685
426749
426858
427006
427062
427157
427232
427341
427434
427523
427604
427697
427768
427889
428042
428111
428199
428364
428442
428563
428799
429235
429634
429716
429885
430001
430079
430184
430254
430338
430437
430572
430638
430796
430875
430960
431180
431341
431538
431712
431939
432210
432451
432525
432666
432748
432878
433004
433124
433386
433471
433608
433710
433908
434013
434189
434418
434473
434756
434943
435051
435212
435316
435445
435610
435800
436270
436356
436486
436569
436722
437078
437150
437284
437676
437735
437848
438006
438189
438305
438458
438571
438643
438797
438941
439054
439375
439512
439654
439841
439946
440100
440228
440345
440436
440563
440656
440762
440945
441074
441166
441229
441358
441446
441673
441814
441924
442389
442486
442571
442645
442684
442750
442880
443018
443474
443597
443678
443854
444009
444501
444571
444647
444823
444937
445040
445202
445294
445435
445541
445642
445853
445936
446036
446240
446653
446715
446892
447031
447137
447234
447296
447493
447579
447684
447769
447889
448027
448132
448299
448401
448460
448656
448848
449422
449628
449688
449777
449902
450118
450180
450329
450522
450661
450778
450872
450994
451199
451294
451694
451866
451988
452095
452231
452306
452410
452458
452542
452756
452884
452961
453306
453414
453576
453666
453732
453878
454199
454311
454367
454513
454697
454854
454962
455039
455190
455264
455393
455575
455770
455893
456012
456147
456249
456529
456762
456974
457235
457354
457495
457605
457748
457827
457988
458079
458245
458365
458466
458633
458746
458852
458961
459127
459407
459705
459841
459990
460102
460271
460392
460548
460770
460991
461116
461319
461621
461760
461832
462019
462088
462214
462325
462557
462632
462693
462977
463068
463390
463807
464070
464183
464590
464780
464948
465001
465071
465146
465247
465415
465504
465658
466076
466302
466390
466462
466653
466727
466788
466905
467013
467113
467219
467274
467442
467526
467615
467746
467856
467945
468287
468424
468739
468899
468972
469101
469169
469300
469396
469481
469635
469719
469792
469937
470050
470112
470213
470442
470918
471028
471149
471371
471526
471675
471798
471972
472148
472264
472400
472483
472682
472775
472876
473025
473256
473404
473485
473836
473944
474059
474176
474303
474371
474445
474559
474683
474783
474886
474971
475136
475190
475262
475388
475469
475615
475680
475854
476024
476315
476397
476596
476703
476793
476934
477026
477190
477300
477414
477547
477687
477780
477890
478074
478149
478373
478578
478647
478848
479044
479167
479306
479373
479454
479655
479764
480023
480229
480381
480460
480539
480754
480871
481176
481284
481426
481761
481852
481960
482133
482203
482296
482445
482638
482834
482965
483065
483224
483373
483578
483846
483974
484149
484275
484334
484493
484552
484668
484794
484884
484960
485098
485448
485602
485744
485903
486216
486428
486619
486772
486891
487064
487175
487246
487322
487403
487490
487704
487816
487948
488024
488326
488476
488743
488896
489212
489337
489469
489601
489725
489830
489929
490053
490155
490318
490405
490570
490678
490841
491021
491093
491528
491570
491698
491849
491966
492118
492222
492315
492418
492537
492625
492743
492979
493046
493170
493304
493434
493541
493643
494160
494240
494294
494351
494445
494654
494687
494777
494832
495053
495087
495126
495246
495376
495592
496195
496324
496552
496726
496966
497525
497594
497719
497855
497978
498095
498273
498384
498700
498925
499339
499433
499677
499746
499874
499994
500106
500229
500336
500650
501283
501452
501512
501626
501722
501806
501958
502008
502120
502208
502474
502642
502903
502988
503310
503515
503610
503719
503901
504000
504070
504128
504202
504274
504363
504480
504687
504828
505016
505258
505409
505528
505834
506028
506101
506205
506248
506310
506454
506529
506606
506675
506840
506918
507001
507100
507308
507419
507666
507743
507908
508384
508480
508565
508751
508807
509018
509128
509206
509327
509475
509702
509826
509928
510015
510118
510391
510560
510876
511224
511340
511464
511562
511635
511706
511808
511888
512000
512126
512218
512283
512378
512524
512646
512764
512887
512983
513072
513227
513374
513662
513812
513969
514059
514141
514215
514297
514384
514440
514595
514685
514964
515237
515290
515418
515588
515788
515852
516116
516430
516509
516780
516919
516991
517147
517285
517368
517443
517546
517707
517842
517974
518137
518367
518544
518966
519040
519118
519237
519331
519426
519568
519831
519888
520036
520135
520299
520389
520545
520688
520820
520935
521034
521448
521546
521655
521916
521980
522139
522327
522499
522606
522763
522866
522984
523066
523162
523445
523691
523807
523880
524016
524186
524310
524527
524593
524662
524895
524997
525158
525363
525486
525896
525962
526052
526232
526336
526414
526550
526630
526778
526864
527074
527330
527494
527716
527890
528018
528187
528460
528567
528648
528749
528916
529016
529161
529236
529390
529472
529543
529741
529823
529927
530030
530408
530552
531065
531119
531239
531414
531520
531606
531797
531865
532001
532102
532184
532300
532465
532685
532756
532931
533525
533675
533776
533881
534066
534150
534244
534323
534464
534576
534740
534822
534942
535052
535198
535435
535585
535775
536021
536161
536468
536613
536769
536929
536991
537178
537237
537381
537461
537561
537713
537836
538044
538136
538290
538481
538940
539081
539172
539262
539430
539572
539694
539795
539876
540042
540151
540240
540355
540425
540571
540727
540832
541065
541191
541619
542086
542176
542392
542481
542563
542690
542817
543073
543196
543459
543676
543950
544172
544296
544427
544630
544842
544975
545051
545201
545317
545479
545590
545690
545794
545973
546264
546870
546941
547010
547087
547240
547368
547614
547755
547870
547957
548041
548128
548266
548736
548930
549567
549669
549792
550016
550229
550294
550367
550484
550686
551618
551729
551770
551834
552039
552171
552284
552540
552729
552887
553392
553732
553813
553896
554208
554292
554435
554607
554814
554988
555037
555109
555256
555449
555972
556036
556144
556242
556338
556561
556625
556747
556831
556898
556967
557042
557126
557205
557391
557558
557647
557964
558058
558333
558422
558544
558788
559014
559085
559152
559294
559573
559653
560000
560396
560664
560801
560902
561057
561170
561266
561389
561501
561568
561652
561752
561836
561969
562130
562359
562480
562784
562903
563218
563347
563531
563661
563785
563919
564079
564203
564267
564387
564489
564646
564956
565022
565190
565418
566122
566303
566404
566552
566676
566754
566903
567058
567192
567275
567431
567624
567763
567923
568353
568518
568709
568822
569075
569153
569196
569408
569596
569734
569870
569958
570085
570231
570314
570570
570652
570939
571226
571501
571654
571795
571888
571988
572117
572184
572325
572423
572502
572692
572800
572906
573019
573158
573284
573444
573574
573787
573914
574521
574645
574724
574811
575006
575058
575255
575346
575450
575615
575692
575785
575945
576045
576178
576258
576444
576705
576786
577101
577403
577516
577730
577808
577932
578026
578151
578299
578500
578550
578781
578927
579000
579140
579329
579622
580019
580140
580200
580318
580690
580916
581041
581146
581416
581532
581710
582122
582183
582271
582427
582729
582933
583047
583140
583367
583702
583852
584071
584250
584421
584478
584566
584699
584754
584974
585132
585310
585458
585628
585845
585946
586053
586202
586292
586584
586784
587297
587400
587459
587718
587810
587924
588022
588129
588257
588389
588470
588544
588690
588779
588927
589101
589336
589507
589710
590166
590356
590659
590742
590934
591062
591169
591254
591414
591540
591673
591786
591908
592026
592154
592333
592496
592713
592900
593144
593200
593244
593347
593449
593610
593701
593822
593955
594099
594228
594379
594584
594675
594862
595127
595201
595435
595525
595715
595785
595884
595946
596016
596091
596202
596330
596511
596656
596712
596972
597042
597139
597236
597322
597421
597518
597609
597836
598042
598360
598530
598651
598761
598860
598971
599099
599250
599422
599644
599776
599978
