825
3435
5315
7835
9945
11005
13635
15825
18095
20685
22355
26085
28655
30875
34405
37095
39835
42595
45285
48055
51115
54365
56555
58345
60285
62835
65405
67195
69015
71115
73455
75465
81065
83975
87315
90165
92865
94495
96455
98925
102735
105075
107355
110965
113555
115655
119325
119935
121905
124645
127515
130585
132985
134575
136545
139035
141175
143815
145505
147185
149665
151925
154365
157695
160275
163925
166715
169345
172685
174955
177535
180905
183525
185775
187425
189345
191905
194555
195685
197625
200415
203035
206545
209225
212545
215135
218135
221345
224155
227595
230345
233815
236605
239445
242325
245265
247735
251195
253925
256765
257725
259535
262245
264905
266025
267935
270575
273015
274355
276345
278805
281465
284825
287425
290075
291265
293236
295475
297855
299715
302245
304925
308475
310835
314005
314995
317105
319695
323045
325815
328315
329415
331245
334055
336395
338715
340515
342525
343465
346865
348725
351055
354505
359625
361715
364065
367305
369745
372235
374405
376395
378025
380905
382685
385085
386395
388575
391435
393525
395265
399755
401615
404195
408235
410885
414145
416975
419155
421435
423645
426965
429665
431775
433575
434335
437935
439965
442265
444435
446525
448715
449805
450795
452315
454765
456995
459045
461715
463485
465695
467785
469025
471715
473885
476055
478165
480295
482505
484275
486305
488995
490835
492875
493485
495165
497115
498945
501505
503495
505965
508165
510775
512465
514145
516295
518595
520815
523505
525245
531075
533645
536085
537535
539785
541725
543795
546255
548065
550555
552655
554335
556185
558475
560795
563315
565365
567265
569135
571375
573415
575725
577445
579995
581865
583955
586605
587205
590375
592705
595405
597085
598175
599895
