181
294
406
486
590
688
784
881
1022
1082
1179
1255
1298
1432
1480
1577
1684
1784
2062
2161
2529
2647
2740
2786
3012
3264
3330
3396
3682
3897
4081
4216
4367
4610
4754
4842
5006
5092
5190
5235
5307
5382
5400
5515
5640
5719
5844
6137
6160
6299
6619
6742
6827
6914
7061
7160
7223
7262
7335
7376
7442
7515
7608
7676
7856
8016
8111
8763
8844
8931
9020
9078
9178
9362
9659
9698
9811
9910
10094
10399
10418
10515
10588
10800
11055
11221
11346
11534
11576
11882
12141
12237
12491
12667
12972
13008
13092
13142
13283
13313
13412
13530
13619
13895
13938
14081
14174
14244
14391
14461
14666
15209
15242
15732
15972
16016
16077
16245
16341
16529
16790
17076
17200
17278
17409
17448
17635
17728
17800
17872
17921
18019
18108
18181
18388
18451
19034
19063
19201
19558
19746
19786
19921
20295
20373
20506
20639
20773
20890
21068
21190
21264
21375
21623
21816
21899
22002
22065
22150
22226
22260
22302
22421
22471
22670
22760
22992
23147
23369
23466
23686
23805
23881
23958
24059
24259
24357
24483
24567
24632
24854
25059
25240
25383
25600
25778
25868
25966
26094
26174
26256
26327
26460
26489
26638
26736
26860
26924
26962
27047
27124
27187
27286
27568
27748
27812
28041
28172
28232
28312
28374
28469
28591
28681
28775
28930
29043
29124
29206
29318
29404
29498
29837
29954
30186
30241
30329
30369
30399
30520
30600
30712
30798
30933
31015
31225
31302
31366
31485
31556
31655
31758
31894
32014
32249
32394
32630
32744
32850
32915
33017
33078
33183
33427
33664
33784
33900
34124
34186
34491
34586
34679
34788
34835
34901
35221
35383
35488
35583
35671
35738
35782
35933
36130
36300
36437
36744
36838
36912
37066
37118
37270
37350
37372
37477
37522
37679
37868
37962
38011
38071
38110
38180
38440
38525
38649
38758
38855
38971
39124
39212
39291
39358
39432
39529
39626
39666
39754
39842
40002
40112
40232
40290
40386
40474
40606
40674
40780
40944
41190
41365
41482
41529
41587
41677
41743
41794
41874
41897
42005
42070
42141
42197
42280
42326
42391
42463
42511
42608
42718
42798
42954
43102
43549
43706
43802
43869
43915
43974
44018
44070
44101
44220
44330
44377
44498
44610
44662
44731
44792
44879
44988
45061
45310
45344
45531
45648
45775
45966
46000
46126
46210
46442
46536
46612
46735
46809
46885
47057
47094
47183
47312
47379
47656
48222
48369
48462
48551
48781
48882
48953
48994
49060
49129
49241
49346
49508
49594
49631
49714
49843
49922
50244
50355
50468
50624
50746
50867
51106
51268
51330
51454
51561
51612
51672
51794
51871
51959
52054
52112
52260
52318
52432
52554
52700
52833
53044
53122
53486
53547
53630
53696
53806
53875
54099
54190
54288
54345
54460
54564
54733
54844
54992
55234
55322
55472
55607
55653
55724
55851
56011
56125
56191
56254
56334
56390
56671
56837
56888
57486
57640
57798
57846
57938
58090
58148
58277
58319
58432
58560
58697
58735
58802
59050
59127
59208
59590
59667
59800
59886
59988
60018
60035
60221
60270
60312
60420
60512
60627
60727
60753
60963
61020
61066
61415
61612
61775
61858
62120
62264
62501
62634
62959
63097
63188
63480
63540
63634
63675
63706
63764
63795
63970
64102
64436
64598
64726
64953
65224
65395
65627
65684
65778
65877
66002
66124
66260
66320
66396
66544
66602
66774
66862
66904
67023
67191
67705
67967
68017
68043
68131
68162
68190
68256
68415
68481
68540
68639
68698
68784
68934
69036
69254
69336
69503
69539
69674
69902
70116
70176
70378
70444
70503
70758
70795
70913
71015
71166
71294
71476
71551
71628
71717
71850
71906
72105
72322
72745
72794
72863
72899
72951
72996
73144
73258
73372
73545
73601
73732
73785
73848
73953
74076
74194
74320
74455
74644
74976
75106
75207
75332
75422
75482
75596
75672
75785
75814
75886
75956
76026
76119
76198
76292
76350
76474
76570
76655
76719
76879
77116
77194
77653
77756
77867
78156
78216
78344
78415
78540
78625
78721
78827
78938
79008
79108
79190
79378
79456
79624
79950
80210
80238
80372
80417
80628
80708
80766
80853
80922
80994
81078
81170
81288
81418
81477
81638
81804
81882
82046
82366
82652
82748
82866
83082
83200
83297
83378
83621
83736
83868
83955
84048
84186
84260
84447
84729
84782
84942
85116
85156
85684
85789
85893
86103
86243
86346
86848
86989
87169
87286
87342
87420
87463
87525
87643
87895
87989
88084
88162
88280
88357
88417
88468
88775
89094
89236
89478
89677
89743
89876
89927
90065
90134
90266
90344
90381
90445
90517
90626
90746
90806
90960
91080
91516
91553
91753
91854
91920
91975
91996
92049
92147
92187
92207
92256
92492
92586
92811
93001
93142
93203
93336
93495
93652
93731
93778
93823
93879
94058
94130
94206
94314
94427
94546
94580
94687
94862
94941
94965
95044
95157
95275
95480
95564
95913
95990
96089
96144
96189
96242
96298
96334
96418
96545
96658
96715
96778
96910
97070
97138
97166
97254
97366
97558
97715
97858
98032
98208
98365
98536
98592
98628
98671
98782
98861
98964
99024
99111
99243
99288
99499
99705
99896
100070
100202
100398
100450
100523
100760
100838
100936
101006
101089
101218
101261
101316
101456
101554
101591
101700
101752
101871
102192
102462
102523
102556
102606
102663
102728
102892
102959
103027
103075
103158
103310
103368
103496
103556
103762
103800
103901
103992
104053
104145
104213
104264
104391
104579
104877
104985
105109
105142
105324
105372
105432
105474
105512
105644
105709
105922
105958
106077
106183
106335
106368
106414
106630
106870
107038
107118
107243
107295
107427
107624
107775
107845
107937
108019
108086
108193
108490
108587
108706
108898
108959
109066
109339
109436
109505
109600
109698
109858
109908
109994
110080
110208
110263
110387
110492
110648
110740
110803
110998
111123
111315
111491
111632
111780
111873
111968
112040
112105
112196
112246
112368
112406
112484
112550
112688
112786
112880
112968
113010
113139
113226
113420
113877
113921
114227
114357
114472
114655
114725
114928
114994
115056
115191
115380
115566
115920
116109
116230
116250
116301
116511
116559
116687
116746
116970
117018
117162
117240
117446
117473
117897
118102
118297
118366
118487
118568
118641
118867
119031
119130
119228
119309
119332
119406
119506
119694
119961
120174
120286
120629
120670
120774
120888
120993
121084
121173
121214
121531
121617
121780
121845
122060
122182
122357
122384
122427
122500
122603
122824
122934
123019
123240
123350
123464
123581
123740
123870
123933
124039
124392
124438
124506
124629
124689
124743
125034
125102
125171
125246
125310
125394
125426
125498
125656
125756
125970
126034
126144
126422
126560
126648
126821
126907
126965
126996
127060
127092
127184
127255
127360
127500
127580
127635
127775
127866
128034
128258
128351
128574
128679
128932
129073
129118
129266
129302
129358
129466
129619
129723
129880
129931
130037
130096
130186
130292
130376
130448
130529
130641
130759
130930
131108
131333
131436
131510
131718
131762
131806
131972
132054
132143
132318
132376
132501
132578
132638
132732
132792
132976
133178
133250
133314
133433
133642
133986
134052
134141
134242
134327
134477
134500
134628
134684
134832
134924
135034
135126
135352
135383
135614
135752
135928
136234
136322
136427
136609
136673
136739
136814
136884
136964
137081
137166
137205
137254
137401
137520
137599
137670
137943
138562
138610
138664
138737
138787
138928
139019
139082
139146
139185
139280
139357
139508
139596
139711
139855
139988
140065
140191
140303
140484
140699
140831
140908
141007
141210
141290
141352
141481
141581
141723
141855
141956
142304
142456
142554
142689
142788
142859
143122
143189
143246
143346
143467
143530
143596
143670
143780
143830
143972
144107
144160
144270
144481
144604
144725
144850
144999
145061
145199
145238
145358
145428
145560
145609
145661
145766
145853
145918
146035
146147
146196
146263
146406
146462
146548
146636
146802
147015
147239
147373
147582
147654
147734
147767
147863
147928
148139
148248
148378
148432
148545
148716
148878
148914
149182
149449
149532
149662
149872
149951
150155
150428
150500
150534
150688
150736
150813
150874
150876
150964
151180
151323
151559
151812
151856
151946
152117
152171
152410
152669
152755
152937
153078
153130
153309
153364
153573
153801
153866
154183
154291
154386
154737
154775
154912
154976
155072
155153
155220
155358
155498
155563
155588
155821
156015
156356
156416
156502
156549
156601
156645
156696
156748
156797
156888
156967
157090
157134
157274
157347
157470
157542
157592
157623
157703
157704
157728
157802
157895
157907
158269
158508
158791
159042
159114
159230
159342
159452
159520
159626
159718
159810
159948
160052
160282
160536
160620
160889
160946
161065
161145
161210
161271
161344
161517
161564
161674
161864
161968
162028
162114
162172
162230
162294
162479
162554
162617
162945
163120
163220
163257
163439
163476
163594
163798
163893
163996
164259
164401
164502
164626
164697
164756
164849
164940
165050
165339
165399
165691
165780
165886
165984
166084
166228
166296
166403
166470
166567
166642
166732
166789
166836
167025
167280
167353
167416
167488
167596
167972
168210
168268
168526
168570
168601
168671
168742
168882
168963
169074
169156
169285
169366
169437
169530
169657
169882
170021
170298
170476
170533
170600
170638
170981
171143
171171
171287
171470
171608
171668
171768
171816
171994
172122
172254
172403
172424
172608
172736
172860
172946
173054
173261
173287
173401
173466
173590
173667
173767
173867
174144
174434
174549
174638
175035
175102
175150
175272
175344
175397
175511
175572
175652
175701
175745
175829
175908
175969
176038
176121
176273
176392
176489
176570
176660
176724
177043
177184
177291
177668
177719
177787
177983
178332
178460
178539
178600
178689
178794
178999
179054
179168
179297
179435
179499
179588
179846
179926
180079
180114
180255
180331
180445
180573
180630
180811
181010
181066
181115
181216
181290
181347
181542
181618
181831
182070
182467
182512
182753
182851
183018
183190
183302
183384
183476
183569
183644
183772
183849
183941
184011
184146
184264
184349
184561
184721
184876
184942
185088
185163
185230
185354
185466
185544
185663
185777
185914
185974
186152
186233
186293
186466
186544
186624
186792
187200
187345
187404
187536
187640
187715
187763
187796
187896
187940
188009
188137
188215
188306
188349
188455
188516
188606
188698
188775
188871
189006
189080
189216
189452
189577
189616
189721
189783
189877
190011
190056
190156
190428
190556
190653
190884
190971
191189
191230
191341
191456
191623
191767
191972
192017
192108
192245
192302
192386
192478
192560
192600
192642
192700
192788
192881
193058
193098
193187
193284
193324
193394
193464
193640
193687
193830
194184
194320
194382
194495
194540
194671
194782
194830
194908
194988
195192
195254
195311
195389
195457
195554
195757
195794
196071
196108
196339
196477
196561
196721
196854
196925
196979
197067
197148
197340
197429
197556
197588
197697
197786
197953
198043
198127
198356
198910
199112
199187
199318
199435
199494
199626
199754
199895
200034
200092
200178
200273
200388
200711
200850
201176
201194
201254
201301
201398
201490
201635
201873
201926
202074
202179
202323
202422
202548
202671
203166
203245
203417
203586
203799
203881
203961
204133
204374
204458
204576
204633
204757
204809
204879
205102
205310
205350
205569
205689
205857
205999
206088
206117
206156
206282
206412
206515
206695
206765
206826
206922
207062
207202
207359
207442
207648
207850
208056
208164
208367
208457
208503
208585
208810
208898
208992
209113
209162
209243
209343
209461
209678
209811
209923
210088
210210
210398
210617
210719
210786
210951
211060
211349
211366
211656
211771
211938
212164
212244
212365
212491
212648
212761
212847
212909
213002
213123
213192
213290
213424
213486
213575
213684
213759
213868
213944
214007
214140
214216
214616
214849
214894
215001
215246
215356
215412
215512
215587
215694
215760
215901
216141
216329
216442
216596
216724
217353
217431
217466
217642
217746
217983
218144
218239
218325
218509
218581
218854
219057
219129
219229
219614
219658
219695
219844
219930
220050
220136
220231
220326
220444
220506
220584
220718
220754
220889
220955
221340
221684
222196
222338
222394
222426
222500
222541
222668
222711
223038
223130
223287
223508
223898
223959
224170
224208
224392
224497
224535
224643
224698
224729
224860
224896
224987
225075
225184
225304
225520
225550
225591
225774
225945
226036
226203
226322
226369
226498
226590
226661
226773
226827
226895
227514
227566
227752
227781
227954
228151
228209
228324
228481
228728
228745
228865
228951
229074
229114
229285
229394
229605
229698
229772
229883
229925
230026
230086
230263
230348
230529
230599
230950
231211
231235
231278
231488
231672
231827
231864
232037
232130
232207
232295
232365
232605
232684
232829
232975
233119
233228
233423
233530
233596
233755
233802
233943
234014
234206
234303
234498
234579
234627
234784
234959
235179
235339
235385
235527
235568
235675
235715
235752
235782
235827
235953
236068
236226
236320
236481
236682
236751
236868
237027
237286
237499
237547
237624
237688
237694
237890
237948
238056
238179
238266
238331
238490
238630
238717
238938
239248
239348
239437
239495
239560
239643
239790
239908
239948
240057
240340
240604
240900
241020
241100
241252
241358
241423
241471
241510
241575
241826
242120
242185
242314
242429
242676
242815
242922
242992
243056
243158
243250
243386
243428
243512
243583
243725
243829
243982
244158
244353
244460
244630
244756
244815
244954
245072
245272
245415
245797
245879
245908
245980
246052
246098
246216
246314
246386
246472
246556
246675
247024
247141
247446
247494
247620
247682
247832
247974
248042
248152
248245
248295
248466
248524
248640
248842
248888
248978
249033
249095
249336
249389
249628
249724
249783
249899
250078
250212
250285
250363
250599
250673
250783
250881
250938
251017
251081
251136
251223
251340
251460
251624
251928
252204
252289
252450
252516
252724
252752
252819
252966
253250
253381
253435
253479
253695
253946
254098
254319
254531
254747
254776
254796
255021
255121
255238
255295
255335
255385
255484
255592
255675
255727
255823
255878
255991
256059
256192
256377
256400
256633
256787
256933
257343
257398
257433
257520
257688
257792
257887
258028
258086
258237
258283
258478
258510
258754
258942
259164
259328
259432
259534
259707
259754
259943
259997
260104
260223
260295
260354
260452
260507
260586
260652
260714
260866
260989
261070
261190
261316
261466
261620
261692
261839
261896
262013
262165
262262
262327
262443
262549
262583
262746
262803
262876
263001
263076
263162
263396
263695
263831
263920
264024
264129
264193
264324
264385
264490
264658
264759
264924
265003
265151
265211
265442
265674
265763
265952
266061
266144
266270
266376
266521
266588
266633
266689
266762
266810
266897
266932
267008
267107
267333
267435
267580
267670
267770
268116
268142
268329
268409
268531
268576
268719
268844
268926
269000
269134
269178
269313
269387
269745
269948
270032
270202
270339
270402
270639
270808
271023
271147
271224
271278
271410
271510
271640
272357
272446
272697
272884
273346
273718
273810
274042
274166
274209
274240
274311
274606
274639
274756
274799
275311
275571
275885
275989
276146
276352
276538
276606
276643
276998
277153
277510
277762
277869
278142
278354
278468
278529
278702
278826
279051
279328
279372
279554
279596
279675
279888
279944
279985
280073
280268
280384
280707
280933
280962
280998
281054
281144
281184
281250
281372
281520
281659
281703
281807
282272
282304
282595
282617
282688
282740
282798
282810
282862
283182
283217
283549
283760
283803
283876
284285
284441
284524
284562
284717
284931
285163
285276
285374
285480
285526
285772
285877
285937
286042
286223
286242
286546
286636
287028
287246
287496
287638
287675
287761
287812
287922
288212
288234
288472
288581
288722
288796
288931
289089
289212
289221
289268
289336
289475
289804
289940
290067
290244
290288
290415
290489
290542
290565
290694
290813
290838
290887
290992
291083
291251
291439
291610
291649
291758
291859
292033
292516
292605
292889
293087
293184
293318
293572
293725
293882
293906
294025
294110
294173
294231
294588
294763
294920
295318
295501
296082
296094
296232
296362
296376
296457
296544
296614
296719
296741
296944
297046
297265
297340
297678
297732
298006
298040
298104
298154
298641
298938
298978
298985
299115
299180
299243
299522
299533
299651
299773
299812
299864
299964
300168
300328
300389
300491
300668
300760
300899
300922
301230
301350
301507
301653
301744
301868
301917
301956
302101
302334
302415
302473
302747
302810
303272
303332
303974
304064
304255
304327
304694
304973
305073
305107
305534
305781
305868
305928
305981
306028
306178
306245
306271
306511
306534
306575
306778
306812
306931
307045
307099
307432
307564
307870
307936
308419
308434
308726
308923
309156
309240
309394
309455
309802
310246
310437
310553
310817
311155
311440
311582
311590
311635
311892
311940
311970
312022
312214
312298
312387
312536
312650
312690
312762
313112
313338
313439
313636
313888
313994
314024
314225
314404
314483
314529
314658
314787
315031
315058
315109
315248
315392
315492
315715
316014
316060
316196
316640
317171
317213
317393
317533
317648
317795
317936
317998
318092
318158
318347
318516
318826
319188
319204
319287
319322
319578
319810
319907
320022
320208
320585
320711
321366
321422
321565
321616
321654
321787
322014
322048
322118
322192
322240
322318
322358
322425
322476
322572
322731
322766
322842
322866
323069
323174
323234
323511
323641
323706
323762
323860
323983
324054
324216
324526
324678
324693
324815
325039
325061
325108
325144
325172
325360
325384
325425
325530
325729
325773
325851
325890
325978
326060
326161
326231
326355
326789
326878
327100
327196
327308
327572
327750
327817
327979
328094
328171
328267
328296
328398
328480
328549
328574
328622
328705
328765
328835
329380
329436
329472
329534
329631
329696
329821
329887
329936
330187
330301
330368
330440
330574
330740
330834
330867
330964
331154
331216
331346
331708
331818
331875
331927
332037
332122
332220
332253
332331
332396
332450
332545
332561
332606
332706
332727
332933
333203
333450
333585
333634
333897
333996
334039
334138
334239
334406
334481
334560
334612
334690
334769
334879
334930
335260
335302
335372
335395
335484
335582
335662
335849
336339
336470
336609
336687
336761
336832
336879
336998
337035
337096
337171
337305
337590
337710
337772
338107
338152
338511
338671
338734
338781
338847
338972
339036
339102
339169
339319
339444
339579
339668
339796
339873
340282
340346
340503
340875
340938
341004
341034
341073
341144
341343
341390
341457
341710
341930
342064
342140
342230
342301
342370
342481
342588
342678
342868
342929
342972
343050
343181
343274
343320
343446
343521
343589
343665
343836
343848
344206
344515
344549
344628
344746
344772
344837
344882
344961
345024
345083
345134
345197
345238
345329
345452
345491
345549
345684
345732
345823
346029
346435
346804
346856
346995
347081
347129
347204
347244
347298
347367
347472
347508
347636
347685
347740
347930
348061
348228
348372
348569
348810
349021
349065
349176
349228
349328
349424
349514
349746
349801
349908
349980
350148
350223
350369
350568
350593
350846
351003
351081
351212
351286
351385
351520
351680
352120
352176
352276
352329
352452
352778
352820
352924
353286
353315
353398
353526
353679
353765
353888
353971
354013
354137
354251
354334
354625
354732
354844
355001
355076
355200
355298
355385
355446
355543
355606
355682
355835
355934
355996
356029
356128
356186
356383
356494
356574
357009
357076
357131
357175
357184
357220
357320
357428
357854
357947
357998
358144
358269
358731
358771
358817
358963
359047
359120
359252
359314
359425
359501
359572
359753
359806
359876
360050
360433
360465
360612
360721
360797
360864
360896
361063
361119
361194
361249
361339
361447
361522
361659
361731
361760
361926
362088
362632
362808
362838
362897
362992
363178
363210
363329
363492
363601
363688
363752
363844
364019
364084
364454
364596
364688
364765
364871
364916
364990
365008
365062
365246
365344
365391
365706
365784
365916
365976
366012
366128
366419
366501
366527
366643
366797
366924
367002
367049
367170
367214
367313
367465
367630
367723
367812
367917
367989
368239
368442
368624
368855
368944
369055
369135
369248
369297
369428
369489
369625
369715
369786
369923
370006
370082
370161
370297
370547
370815
370921
371040
371122
371261
371352
371478
371670
371861
371956
372129
372401
372510
372552
372709
372748
372844
372925
373127
373172
373203
373457
373518
373810
374197
374430
374513
374890
375050
375188
375211
375251
375296
375367
375505
375564
375688
376076
376272
376330
376372
376533
376577
376608
376695
376773
376843
376919
376944
377082
377136
377195
377296
377376
377435
377747
377854
378139
378269
378312
378411
378449
378550
378616
378671
378795
378849
378892
379007
379090
379122
379193
379392
379838
379918
380009
380201
380326
380445
380538
380682
380828
380914
381020
381073
381242
381305
381376
381495
381696
381814
381865
382186
382264
382349
382436
382533
382571
382615
382699
382793
382863
382936
382991
383126
383150
383192
383288
383339
383455
383490
383634
383774
384035
384087
384256
384333
384393
384504
384566
384700
384780
384864
384967
385077
385140
385220
385374
385419
385613
385788
385827
385998
386164
386257
386366
386403
386454
386625
386704
386933
387109
387231
387280
387329
387514
387601
387876
387954
388066
388371
388432
388510
388653
388693
388756
388875
389038
389204
389305
389375
389504
389623
389798
390036
390134
390279
390375
390404
390533
390562
390648
390744
390804
390850
390958
391278
391402
391514
391643
391926
392108
392269
392392
392481
392624
392705
392746
392792
392843
392900
393084
393166
393268
393314
393586
393706
393943
394066
394352
394447
394549
394651
394745
394820
394889
394983
395055
395188
395245
395380
395458
395591
395741
395783
396188
396200
396298
396419
396506
396628
396702
396765
396838
396927
396985
397073
397279
397316
397410
397514
397614
397691
397763
398250
398300
398324
398351
398415
398594
398597
398657
398682
398873
398877
398886
398976
399076
399262
399835
399934
400132
400276
400486
401015
401054
401149
401255
401348
401435
401583
401664
401950
402145
402529
402593
402807
402846
402944
403034
403116
403209
403286
403570
404173
404312
404342
404426
404492
404546
404668
404688
404770
404828
405064
405202
405433
405488
405780
405955
406020
406099
406251
406320
406360
406388
406432
406474
406533
406620
406797
406908
407066
407278
407399
407488
407764
407928
407971
408045
408058
408090
408204
408249
408296
408335
408470
408518
408571
408640
408818
408899
409116
409163
409298
409744
409810
409865
410021
410047
410228
410308
410356
410447
410565
410762
410856
410928
410985
411058
411301
411440
411726
412044
412130
412224
412292
412335
412376
412448
412498
412580
412676
412738
412773
412838
412954
413046
413134
413227
413293
413352
413477
413594
413852
413972
414099
414159
414211
414255
414307
414364
414390
414515
414575
414824
415067
415090
415188
415328
415498
415532
415766
416050
416099
416340
416449
416491
416617
416725
416778
416823
416896
417027
417132
417234
417367
417567
417714
418106
418150
418198
418287
418351
418416
418528
418761
418788
418906
418975
419109
419169
419295
419408
419510
419595
419664
420048
420116
420195
420426
420460
420589
420747
420889
420966
421093
421166
421254
421306
421372
421625
421841
421927
421970
422076
422216
422310
422497
422533
422572
422775
422847
422978
423153
423246
423626
423662
423722
423872
423946
423994
424100
424150
424268
424324
424504
424730
424864
425056
425200
425298
425437
425680
425757
425808
425879
426016
426086
426201
426246
426370
426422
426463
426631
426683
426757
426830
427178
427292
427775
427799
427889
428034
428110
428166
428327
428365
428471
428542
428594
428680
428815
429005
429046
429191
429755
429875
429946
430021
430176
430230
430294
430343
430454
430536
430670
430722
430812
430892
431008
431215
431335
431495
431711
431821
432098
432213
432339
432469
432501
432658
432687
432801
432851
432921
433043
433136
433314
433376
433500
433661
434090
434201
434262
434322
434460
434572
434664
434735
434786
434922
435001
435060
435145
435185
435301
435427
435502
435705
435801
436199
436636
436696
436882
436941
436993
437090
437187
437413
437506
437739
437926
438170
438362
438456
438557
438730
438912
439015
439061
439181
439267
439399
439480
439550
439624
439773
440034
440610
440651
440690
440737
440860
440958
441174
441285
441370
441427
441481
441538
441646
442086
442250
442857
442929
443022
443216
443399
443434
443477
443564
443736
444638
444719
444730
444764
444939
445041
445124
445350
445509
445637
446112
446422
446473
446526
446808
446862
446975
447117
447294
447438
447457
447499
447616
447779
448272
448306
448384
448452
448518
448711
448745
448837
448891
448928
448967
449012
449066
449115
449271
449408
449467
449754
449818
450063
450122
450214
450428
450624
450665
450702
450814
451063
451113
451430
451796
452034
452141
452212
452337
452420
452486
452579
452661
452698
452752
452822
452876
452979
453110
453309
453400
453674
453763
454048
454147
454301
454401
454495
454599
454729
454823
454857
454947
455019
455146
455426
455462
455600
455798
456472
456623
456694
456812
456906
456954
457073
457198
457302
457355
457481
457644
457753
457883
458283
458418
458579
458662
458885
458933
458946
459128
459286
459394
459500
459558
459655
459771
459824
460050
460102
460359
460616
460861
460984
461095
461158
461228
461327
461364
461475
461543
461592
461752
461830
461906
461989
462098
462194
462324
462424
462607
462704
463281
463375
463424
463481
463646
463668
463835
463896
463970
464105
464152
464215
464345
464415
464518
464568
464724
464955
465006
465291
465563
465646
465830
465878
465972
466036
466131
466249
466420
466440
466641
466757
466800
466910
467069
467332
467699
467790
467820
467908
468250
468446
468541
468616
468856
468942
469090
469472
469503
469561
469687
469959
470133
470217
470280
470477
470782
470902
471091
471240
471381
471408
471466
471569
471594
471784
471912
472060
472178
472318
472505
472576
472653
472772
472832
473094
473264
473747
473820
473849
474078
474140
474224
474292
474369
474467
474569
474620
474664
474780
474839
474957
475101
475306
475447
475620
476046
476206
476479
476532
476694
476792
476869
476924
477054
477150
477253
477336
477428
477516
477614
477763
477896
478083
478240
478454
478480
478494
478567
478639
478770
478831
478922
479025
479139
479238
479359
479534
479595
479752
479987
480031
480235
480295
480455
480495
480564
480596
480636
480681
480762
480860
481011
481126
481152
481382
481422
481489
481556
481612
481681
481748
481809
482006
482182
482470
482610
482701
482781
482850
482931
483029
483150
483292
483484
483586
483758
