200
1275
1300
2053
2141
2526
5536
6957
7416
9529
11091
11694
13352
14121
14238
15134
15426
16012
16611
16940
18051
19055
19303
19627
20722
22864
25394
26748
29944
30637
31239
31915
31917
32930
33315
33764
34467
34570
39111
39509
42001
44607
44919
44938
45163
45495
48631
49229
49691
51225
52298
52744
55610
55727
56832
57366
57668
57869
57983
58572
58919
58988
59416
59663
60173
60674
60870
61564
62681
63653
64265
64287
64949
65114
65184
65447
66452
67134
68117
69464
71417
71792
72083
72117
72464
72712
73095
73820
73867
74445
75106
76062
76676
77328
77411
78266
78697
79091
79376
79670
79706
82159
82295
82656
82991
83072
83459
83538
83704
83813
83963
83978
84005
84047
84227
84585
84697
85918
86143
86144
86333
87122
87302
88385
89049
89495
89956
90071
92148
92979
93590
93726
94088
94404
95843
96048
96332
97069
98603
99008
99209
99778
100540
100597
100724
101347
101788
101985
102117
102450
103460
103628
104016
104234
104782
105094
105129
105753
106083
107013
107173
108416
109133
109505
109823
110280
111261
111993
112162
112960
113081
113849
114272
114685
115058
115287
116173
116245
116518
116978
117109
117750
117800
117830
118269
118607
118910
119674
119700
119845
120320
120401
120945
121827
122539
122809
122864
123626
123762
124213
126518
126807
131797
136893
136984
137072
137157
142506
142873
148094
149044
149677
149971
151320
153243
155598
159298
160658
161621
161800
162368
163173
163281
163761
164171
166793
167744
167935
168903
168943
169707
169834
170105
170343
171001
171229
172382
172721
172870
173184
173496
174149
174655
175680
175765
176331
177451
177905
178082
178274
178687
178763
179193
181261
182374
182695
182765
183117
183378
185108
185502
185590
185912
187001
187637
187747
187824
188149
188397
188828
190056
190275
190645
192419
193072
193506
193638
193735
194396
194515
194725
194965
195156
195666
196151
196983
197240
197543
197750
198692
198753
199406
199795
200123
200831
201395
202099
202575
202959
204044
204671
205042
205708
205933
206643
206872
206930
207001
207127
207366
208051
208627
208637
208689
209481
209533
210109
211282
211772
212110
212314
212552
212801
212922
212946
215425
216373
217495
217752
220300
221161
222559
222758
223052
223143
223635
224165
224493
224811
225338
225451
226151
226366
227373
227684
227992
228151
228669
229335
229413
229460
229754
230024
230664
231136
231588
233156
233441
233482
233650
233718
234647
234762
235598
235922
236570
237038
237425
237700
237872
238206
238553
240224
241010
241136
241321
241789
242318
243716
244327
244520
244634
244725
244938
245447
246260
246616
246963
248128
248419
248906
249145
249338
249497
249915
250300
251164
252002
252071
253305
254068
254385
255408
255542
255716
255825
256909
258096
258287
258759
259499
259714
260507
262338
262856
263086
264155
264322
264433
264685
264962
265649
268601
269361
269747
269859
269968
270686
271344
271565
271850
272635
272814
273025
273664
274547
275488
275665
275727
275862
276372
276802
277668
277844
278433
279689
279923
280393
280760
281203
281663
282063
282380
282711
286178
286688
286871
287839
288052
288296
290063
290765
291017
291227
292312
292723
293267
293503
294263
295966
296086
296559
297184
297560
298278
298835
299070
299557
300441
300519
301117
301338
301874
302176
303077
303259
303942
304203
304852
305618
305765
306676
307534
308265
308609
308761
308869
310016
310075
310279
310517
310743
311380
311552
313066
313211
313881
314570
315167
315795
316181
316600
316872
318151
318328
318493
318704
319312
319910
320042
320403
320955
321149
321309
321624
322614
323802
324168
324319
324761
324836
325317
326356
326871
327227
327854
328504
328929
329235
329396
329613
329982
330038
331016
331672
332043
332283
332571
332847
334212
334491
335050
336132
336677
337240
337490
338904
340717
341095
341409
343220
343872
344679
344766
346085
346195
347631
349168
349824
350767
350908
351086
351222
351972
353806
353847
354238
354813
355635
355867
356208
356468
357141
357516
358577
359290
359549
360000
361889
362606
363695
364634
365066
365605
366276
367180
369461
369641
370041
371197
372612
373004
373072
373541
373908
374240
375251
375667
376002
376508
377344
377633
378275
378380
378534
379155
380657
381155
381355
382019
382367
383601
383715
384248
385681
386165
386300
386953
387523
388155
388350
388483
389599
390325
391308
392282
393750
393979
394140
394474
396496
396823
398241
398784
398949
399463
399802
401316
402043
402422
403231
403554
403674
404000
404380
404471
404789
404831
405006
405068
405184
405374
405887
406220
406599
407276
407706
408836
409216
409591
410154
410297
410804
411611
411650
411789
412108
413059
413137
414708
415937
416363
416482
416848
419081
419117
420415
420798
422949
423021
423685
423890
424650
424870
425546
426625
427255
427660
427820
428266
428610
428890
429063
430000
430322
430382
430617
431485
432135
433552
434998
435423
435824
436435
437048
437454
439263
439512
439663
440259
440467
440796
440989
442036
442296
442696
442994
444000
444625
444688
444958
445130
445163
446760
447628
447631
447931
448186
449163
450108
450800
451145
451633
452064
452289
452854
453128
454225
455711
455809
455957
456318
456903
457456
457893
458484
458820
461276
461591
461670
462320
462687
463110
463697
463753
463860
464545
464845
465072
466132
466526
466727
466778
467344
467987
468902
469616
469759
469965
470831
471429
471607
472336
472836
473588
473645
473741
474361
474683
474980
475579
476141
476397
476445
476670
476914
477023
477163
478727
478837
479272
479631
480034
480311
480456
480897
481312
481453
481618
481879
482131
482320
482763
484302
484835
485463
486462
486685
487584
488323
489271
490041
490135
490154
490593
490806
492308
492629
493234
495028
495242
495269
496156
496223
499192
501201
501652
501889
502745
506364
507472
507583
507746
509946
510941
512610
512739
513361
514683
514776
514785
514790
516885
516923
517308
518349
519001
519939
521986
524514
524618
525297
526046
530178
530405
532599
534112
534973
535090
536511
537070
537550
540515
540578
545556
546109
546190
546539
547107
547748
550352
553394
553978
555867
556484
556937
557277
558032
558282
558963
559238
559604
561086
566083
566867
567247
568041
568464
570372
573128
575329
575520
576153
576683
579373
579969
581434
581603
584565
587638
587765
587936
589274
589361
590314
590756
593570
599630
601930
602009
602686
605520
606342
609657
610122
610891
611798
612817
613241
615294
616945
617615
617962
619198
619950
621648
624051
624898
625962
626738
626957
627192
627306
628060
628677
631324
631749
632978
633330
633534
634418
634677
635361
635828
637350
638337
639381
639898
640435
640957
641166
643612
643958
646356
646834
647155
647545
648880
649082
649582
649809
652094
656329
656332
656602
657204
657354
657818
659796
663319
663926
664054
664740
665322
666956
668184
668349
670692
672242
676884
678708
679773
680046
680473
681042
682032
683881
684831
687551
688925
691706
692851
694462
695008
697732
700070
701380
701880
702035
702470
702740
704191
706047
706057
708063
708791
709508
710433
712453
712935
713200
713752
715519
716212
716228
716240
716519
716821
716938
717027
717167
717400
717604
717999
718187
718862
720263
728602
728677
728847
729735
730043
730438
731189
732195
732205
732526
732666
733806
733912
734641
735967
736241
736333
736497
736963
737335
738340
738431
740400
741161
741448
741658
741767
742840
743276
743344
743962
744475
745123
746361
746574
746787
747030
748963
749032
749365
749631
750532
750651
751839
752159
752442
752680
753233
753356
753644
754013
754397
755210
756355
756959
757447
758032
759454
759948
760402
760650
760741
760907
761110
761272
761877
761944
762094
762758
763062
763519
764134
765043
765382
765660
766259
766413
766890
767038
767514
768149
768897
768964
769684
769728
769827
769983
770228
770478
770519
771224
771449
771934
772372
773353
773704
773872
774087
774446
774779
774860
775431
775952
776782
778445
778722
779135
779461
779683
779972
780295
781402
781789
782330
782615
782646
782706
783233
783308
783314
783436
784009
784232
784270
784668
784712
785026
785258
785340
785395
785466
785639
785709
786057
786061
786096
786880
787153
787400
788547
789631
790771
791196
791232
791759
792108
792219
792575
792936
793302
794185
794609
794933
794962
795232
796226
796449
797631
797799
798756
798874
799491
799659
800379
800560
801546
802292
802456
804441
805173
806021
806345
806674
806769
808008
808356
808899
809610
810147
810549
811287
811478
811932
812185
812446
812740
815675
817340
817534
817647
820275
821325
821584
823164
824040
824188
826478
826699
829382
830119
831740
832065
833454
835197
839154
839864
840463
842497
842874
845319
846751
847076
847753
849863
850332
850605
850917
854688
856255
858187
858705
861868
861890
863504
863916
863969
864071
864734
865630
866202
866424
869008
869973
874423
876382
878764
879945
883780
888675
889021
889856
890699
891580
892349
892685
893203
894158
894980
895450
896243
898765
901102
902075
905649
908943
909688
910889
916622
917920
918013
919248
921066
926356
928510
929084
929245
930793
931268
934675
939146
940730
941201
941385
943581
943793
944482
951753
952877
953456
956620
960696
968372
969030
969578
970830
972153
972561
973961
975543
978680
980550
984503
985288
985975
988621
989610
990781
991645
992948
992978
993645
994597
998246
999423
1000173
1000175
1000430
1001085
1004179
1004981
1005139
1006625
1006919
1007399
1007748
1010502
1011859
1011984
1014061
1014242
1015745
1016909
1019822
1019828
1020255
1020527
1020960
1022319
1022711
1023166
1023365
1023669
1024934
1025438
1025489
1026251
1026857
1027229
1027828
1027837
1028144
1028825
1029062
1029475
1029992
1031771
1032372
1032409
1033013
1033333
1034332
1035214
1035608
1037844
1038542
1039028
1039870
1041962
1043210
1043346
1043464
1043711
1044057
1044839
1045127
1046382
1047099
1047325
1048319
1049702
1050493
1050526
1052500
1052868
1053259
1053860
1054119
1054501
1055386
1055551
1057502
1058015
1058462
1060348
1060363
1060634
1060993
1062711
1063073
1063215
1063495
1063616
1064247
1065451
1065538
1066266
1066646
1066981
1067175
1068089
1068663
1069273
1069710
1070710
1071174
1071708
1073675
1074552
1075015
1075375
1076516
1078244
1078426
1079617
1080357
1080695
1080816
1080891
1081245
1081676
1083517
1084328
1086260
1086423
1086685
1086720
1086823
1086877
1086984
1087006
1087022
1087258
1087413
1087444
1087646
1090529
1090626
1090701
1091258
1091482
1091984
1092180
1092371
1092552
1093016
1093271
1093627
1093786
1095659
1096015
1096667
1097329
1099080
1099113
1100187
1100286
1100795
1101535
1102107
1102364
1102399
1102981
1103652
1104618
1105328
1105871
1107192
1109228
1110198
1110763
1112093
1112261
1112983
1113203
1113688
1115845
1116087
1117882
1118125
1118266
1119909
1119961
1120211
1120713
1120717
1121932
1122500
1123738
1124146
1124862
1124894
1125026
1125104
1125174
1125285
1126022
1126095
1126208
1126865
1127102
1127614
1128097
1128363
1128862
1128961
1129005
1129106
1129241
1129247
1129597
1129621
1130024
1130504
1131032
1131468
1131699
1131749
1131783
1132228
1133913
1133990
1134119
1135910
1136002
1136365
1136882
1136969
1137321
1138080
1138147
1138822
1139101
1139186
1139236
1139479
1139500
1139703
1143183
1143464
1143951
1144008
1144060
1144360
1144421
1144857
1146790
1147824
1148728
1150163
1150557
1151584
1151826
1151831
1152332
1152830
1153118
1153299
1153335
1154191
1154253
1154358
1154436
1154575
1154587
1154735
1155035
1155179
1155705
1155709
1156006
1156118
1156141
1156385
1156485
1156693
1157088
1157476
1157552
1158036
1158045
1158050
1158212
1158558
1159413
1159727
1159782
1160007
1160607
1161071
1162368
1162833
1163346
1163392
1163646
1163831
1163933
1164039
1164123
1164955
1165004
1165021
1166072
1166876
1167371
1168576
1169472
1172208
1172522
1172707
1173497
1173688
1174770
1174773
1174808
1175086
1175096
1175274
1175534
1175655
1175751
1176048
1176276
1176450
1176611
1176736
1176758
1176817
1177398
1177478
1177537
1178004
1178359
1178573
1180235
1180648
1181448
1181862
1182306
1182893
1183535
1183871
1184511
1184527
1184795
1185356
1185564
1185680
1185700
1186036
1186320
1186404
1186567
1186658
1186737
1186842
1186864
1187119
1187159
1187611
1187770
1188100
1189985
1190493
1191134
1192766
1193261
1193889
1196663
1197329
1197418
1198684
1199088
1199669
1200197
1200783
1201593
1201754
1201758
1202339
1202568
1204145
1205045
1207157
1207249
1208015
1208092
1209010
1209037
1209172
1209426
1209514
1210079
1210156
1210374
1210928
1211291
1211560
1211888
1212028
1212209
1212752
1213796
1213932
1214501
1214966
1215037
1215932
1216581
1216973
1217111
1217328
1219194
1219271
1219883
1220354
1220570
1220665
1221242
1221285
1222599
1222767
1223566
1224549
1224811
1225322
1226397
1226660
1226974
1227301
1227990
1228164
1228259
1229035
1229114
1229543
1230302
1230594
1231014
1231388
1232275
1232529
1232974
1233211
1233316
1233577
1234290
1235354
1235568
1236016
1236254
1236329
1236927
1237372
1238071
1239497
1240538
1241185
1241440
1241550
1241752
1242791
1243291
1243586
1243804
1243976
1244044
1244660
1245282
1245816
1246073
1246464
1246570
1246636
1247015
1247272
1248064
1248530
1248828
1248914
1249089
1249346
1249725
1250521
1250610
1250764
1251362
1251401
1251536
1251966
1252034
1252613
1252891
1253275
1253720
1253875
1254465
1254605
1254871
1256737
1257482
1257929
1258272
1258843
1259585
1259856
1259955
1260097
1260771
1262182
1262361
1262939
1263060
1263419
1263964
1264948
1265802
1266122
1266369
1266508
1266744
1266891
1266994
1267783
1267972
1268046
1268535
1269052
1269997
1270627
1271027
1271052
1271122
1271695
1272386
1272407
1272761
1273225
1273532
1273856
1273997
1274234
1276460
1276719
1277471
1277829
1278603
1278897
1279152
1279818
1280089
1280813
1281441
1282165
1282302
1282741
1283440
1284301
1284566
1285073
1285265
1285296
1285333
1285378
1285738
1285930
1287636
1288135
1288393
1288515
1288845
1289417
1291112
1292054
1292448
1293494
1293602
1293658
1293839
1294091
1294432
1294805
1295786
1296341
1296807
1296948
1297244
1297552
1297735
1299554
1299617
1299732
1299863
1300187
1300809
1301354
1301402
1301579
1302310
1302518
1302926
1303468
1303686
1303817
1304319
1304464
1304952
1305171
1305257
1305647
1307066
1307418
1307854
1307901
1308121
1308682
1309060
1309465
1309564
1310415
1310679
1311268
1312669
1313123
1314356
1314365
1314453
1314711
1315573
1316035
1316583
1316743
1316764
1317304
1317951
1318853
1319045
1319621
1320074
1320504
1320733
1321047
1321241
1321704
1322653
1323045
1323049
1323699
1324052
1324144
1324586
1324701
1324889
1325216
1325505
1325919
1325963
1326410
1326708
1326844
1326871
1327483
1327758
1328074
1328241
1328791
1329434
1330598
1330628
1330813
1331096
1331433
1331617
1331884
1332104
1332154
1332503
1332587
1332939
1333359
1334500
1334704
1335197
1336761
1337371
1337422
1337529
1337630
1337798
1337919
1337993
1338338
1338459
1338554
1338663
1338754
1339447
1339925
1340581
1344067
1345773
1346961
1347483
1348748
1349210
1351492
1351795
1352116
1352523
1353105
1356251
1357727
1357962
1359552
1360591
1361032
1361386
1361679
1363543
1363945
1364273
1364796
1366015
1367079
1367308
1367774
1368071
1368448
1368719
1369002
1370252
1370577
1370783
1371622
1371968
1373020
1374323
1376181
1376346
1376685
1377323
1377892
1378010
1378370
1379016
1379351
1379585
1380029
1380769
1380926
1381915
1382205
1382721
1384525
1384675
1384933
1385544
1386116
1386797
1387888
1388186
1389069
1389229
1390007
1391225
1391344
1391771
1392329
1392721
1393344
1393489
1393668
1393833
1394190
1394607
1394979
1395094
1396900
1396926
1397244
1397371
1398308
1399142
1400108
1400521
1400884
1400893
1401153
1401663
1401732
1401965
1402108
1403923
1404783
1405008
1405701
1406950
1407532
1407550
1407998
1409644
1410674
1411065
1411937
1412683
1413571
1414700
1416413
1416641
1416951
1417374
1417442
1419245
1419958
1420000
1421652
1422479
1422569
1422702
1423212
1424459
1424814
1425853
1426204
1427261
1427871
1428108
1428934
1430984
1431469
1431737
1432314
1432593
1433939
1434380
1434556
1435850
1435993
1436197
1436339
1436396
1436507
1436678
1436845
1437115
1438750
1439113
1439242
1439822
1440365
1440891
1441628
1442289
1442774
1442954
1443112
1443149
1443286
1443669
1443760
1444812
1444860
1444935
1445022
1445866
1445987
1446778
1447350
1447707
1447820
1448662
1448903
1449043
1449053
1449520
1449928
1450151
1451053
1451350
1451552
1451773
1452079
1452129
1452541
1452699
1452996
1453293
1453535
1454046
1454229
1455175
1456319
1457299
1457396
1457915
1459214
1459409
1459859
1460065
1460300
1460471
1460769
1460828
1461185
1461227
1461258
1461299
1461389
1462254
1462820
1463185
1463612
1463918
1464291
1466522
1468907
1470508
1474072
1474221
1474245
1474707
1475217
1475447
1478283
1481675
1484689
1485391
1485546
1486017
1486235
1486760
1487104
1487741
1487816
1487932
1488009
1488243
1488635
1489209
1489241
1489794
1490114
1490286
1490337
1490596
1491097
1491116
1491352
1491372
1492284
1492370
1492542
1494499
1495803
1497378
1498833
1499333
1499908
1500275
1501005
1501439
1501768
1502126
1502512
1503715
1504058
1504225
1504279
1504714
1505142
1505306
1505494
1505705
1506047
1506194
1506335
1506404
1506489
1506561
1506745
1507108
1507856
1508043
1508645
1508891
1509409
1509967
1510080
1510922
1511167
1511367
1511539
1511590
1511822
1512315
1512975
1513069
1513409
1513789
1513813
1513911
1514211
1514548
1514822
1514916
1515056
1515096
1515682
1515757
1516259
1516415
1516524
1516735
1516884
1516982
1517738
1518289
1518833
1519062
1519201
1519609
1520233
1520887
1522040
1522936
1523236
1523945
1524406
1525631
1526522
1526647
1526926
1527295
1527414
1527746
1528041
1528102
1528441
1529051
1529106
1529360
1529814
1530304
1530403
1530770
1531229
1531619
1533013
1533745
1533966
1534610
1534856
1535195
1536008
1536576
1537008
1537205
1537370
1537392
1537659
1537979
1538735
1538770
1539367
1539640
1539944
1540002
1540283
1540427
1541079
1541425
1541738
1542096
1542232
1542416
1543039
1543177
1543407
1543731
1543787
1543943
1544201
1544760
1545745
1546844
1547069
1547158
1548966
1549093
1549182
1549422
1549627
1549677
1551887
1552259
1552487
1553513
1554053
1554541
1554677
1554800
1556296
1556843
1557096
1557380
1557413
1557483
1557613
1557896
1558233
1558484
1558715
1558758
1559352
1559488
1559897
1561275
1561522
1562109
1562268
1562473
1562716
1564624
1564706
1565458
1565645
1565977
1566587
1566938
1567086
1567507
1567975
1568549
1569498
1569514
1570081
1570179
1571172
1571643
1572031
1572811
1573132
1573164
1573332
1573741
1574905
1575133
1575677
1575963
1576317
1576545
1577081
1578692
1579652
1579830
1580066
1580405
1580599
1580914
1582045
1582525
1582578
1582766
1583179
1583430
1584145
1585099
1585331
1585619
1586124
1586184
1587352
1587884
1588187
1588300
1588725
1589084
1589536
1590281
1590503
1590869
1591070
1591331
1591430
1591632
1591854
1593434
1593682
1594208
1594367
1595729
1596216
1596295
1596448
1596737
1597052
1597759
1598366
1598462
1598665
1599130
1599730
1600183
1600996
1601419
1601798
1602209
1602349
1602743
1603039
1603283
1603639
1603779
1604505
1604954
1605051
1605548
1605616
1606269
1606867
1607254
1607596
1608415
1609526
1610452
1611002
1611173
1612616
1612756
1613260
1613428
1613844
1613957
1614313
1614717
1615304
1615500
1616244
1616471
1616765
1617583
1617677
1617815
1618662
1619289
1621231
1621881
1622034
1622195
1622292
1622792
1622966
1623407
1623544
1623942
1625293
1625459
1625492
1626670
1626858
1627883
1629834
1630050
1630510
1630618
1631069
1632956
1633334
1633418
1633489
1634311
1634418
1634723
1635468
1636227
1637074
1637376
1637390
1637422
1638052
1638058
1641749
1642606
1642623
1642812
1643034
1643326
1645172
1646920
1647726
1648443
1648541
1650205
1650852
1651059
1651207
1651549
1652520
1652915
1653182
1653314
1653428
1653508
1653589
1653696
1654070
1654440
1654553
1654640
1655128
1655587
1656062
1656315
1656460
1656702
1656789
1657184
1657480
1657608
1657921
1658312
1658827
1659061
1659303
1659394
1659648
1659908
1660136
1660504
1660900
1661183
1661409
1661492
1662100
1662812
1662848
1662988
1663198
1663295
1663338
1663472
1664060
1664223
1664763
1665052
1665358
1665811
1666171
1666294
1666355
1666471
1666637
1666864
1666943
1667080
1667368
1667459
1667563
1667672
1668152
1668250
1668787
1669132
1669280
1669300
1669361
1669482
1669642
1669855
1670009
1670043
1670394
1670486
1670622
1670669
1671165
1671788
1671934
1672199
1672256
1672400
1672584
1673143
1673338
1673430
1674104
1674688
1674913
1675357
1675486
1675526
1675855
1676066
1676226
1676572
1676755
1676826
1676847
1677368
1677650
1678026
1678462
1678515
1679004
1679505
1680236
1680289
1680607
1680840
1681070
1681204
1681265
1681339
1681428
1681551
1681716
1681937
1682077
1682300
1682538
1682767
1682864
1682983
1683380
1683388
1683626
1683721
1684053
1684245
1684316
1684724
1685288
1685423
1685655
1685978
1686282
1686709
1686747
1687085
1687197
1687498
1687704
1688543
1688842
1688974
1689134
1689381
1689574
1689676
1690358
1690438
1690606
1690981
1691385
1691575
1691883
1691931
1692248
1692404
1692505
1692745
1692929
1693186
1693766
1693899
1694674
1694932
1695134
1695294
1695692
1695743
1696084
1696504
1697707
1697843
1698029
1698070
1698713
1699091
1699593
1700617
1701141
1701252
1701305
1703059
1703162
1703368
1704448
1704683
1704918
1705087
1705345
1705550
1705743
1706044
1706350
1706392
1707390
1707833
1708063
1708562
1709089
1709353
1709479
1710194
1710921
1711186
1711548
1711993
1712186
1712462
1712693
1713000
1713072
1713266
1713342
1713764
1713808
1714104
1714442
1714687
1714788
1715151
1715293
1715598
1715715
1716467
1716595
1716706
1716955
1717390
1717723
1718091
1718669
1719020
1719165
1719721
1720005
1720230
1720547
1720923
1721267
1721318
1721495
1722265
1722415
1722744
1722766
1723465
1723649
1723793
1723871
1723908
1724044
1724319
1724813
1725307
1725752
1725970
1726248
1726483
1726654
1726727
1727188
1727284
1727814
1728110
1728215
1728554
1728804
1728878
1729342
1729448
1729985
1730114
1730169
1730356
1730474
1731038
1731967
1732083
1732476
1732903
1733737
1733904
1734221
1734781
1735036
1735349
1735548
1735766
1736224
1736537
1737018
1737781
1737983
1738095
1738253
1738558
1738574
1738906
1739234
1739335
1739942
1740274
1740525
1740773
1741138
1741283
1741363
1741819
1742159
1742496
1742835
1742855
1743047
1743207
1743369
1743854
1743964
1744229
1744986
1745215
1745338
1745756
1745943
1746117
1746158
1746676
1746758
1747235
1747705
1747778
1748089
1748215
1748365
1748405
1748520
1748789
1748945
1749681
1750168
1750395
1750408
1750654
1750852
1751016
1751069
1752017
1752481
1752609
1752642
1753288
1753615
1754124
1754250
1754684
1754920
1755247
1755316
1755786
1755989
1756071
1756485
1756543
1756693
1756849
1756908
1756920
1757035
1757276
1757291
1757466
1757708
1757871
1758361
1758505
1758726
1759166
1759302
1759452
1759618
1759785
1759826
1759848
1760107
1760482
1761072
1761327
1761518
1761672
1761765
1762031
1762190
1762655
1762828
1764083
1764648
1765758
1766221
1766342
1767215
1768455
1770202
1770785
1771122
1771481
1773011
1773424
1774701
1774897
1775103
1775169
1775217
1775462
1775463
1775508
1775818
1775947
1776266
1777027
1777506
1777884
1779074
1779904
1780005
1780346
1780574
1781108
1781125
1781463
1782051
1782649
1782890
1783949
1784492
1784846
1785590
1785595
1786093
1786329
1786710
1787609
1788761
1789451
1789848
1789998
1790258
1790651
1791502
1793302
1793310
1793415
1793537
1793781
1794319
1794621
1795123
1795765
1796380
1796650
1796849
1796852
1796909
1797390
1797563
1797717
1797837
1798003
1798818
1798918
1799425
1799809
1799845
1800035
1801043
1801354
1801570
1803107
1803534
1803683
1804185
1804406
1805596
1805824
1806050
1806128
1806665
1807819
1808968
1809419
1809876
1810103
1810200
1810793
1811457
1811646
1812366
1812903
1813394
1813488
1813825
1814222
1814342
1814467
1814523
1814553
1814558
1814577
1814641
1814758
1814914
1814969
1815027
1815148
1815393
1815442
1816036
1817305
1818689
1818730
1819077
1819408
1819751
1820114
1820521
1820800
1821309
1821456
1821971
1822176
1822736
1823239
1823353
1823884
1824594
1824687
1825402
1826403
1826683
1826959
1827799
1827856
1827904
1827980
1828115
1828611
1829230
1829407
1829460
1829983
1830222
1831103
1831368
1831400
1831607
1832054
1832196
1832427
1832766
1833694
1833901
1834074
1834186
1834295
1834404
1834611
1834821
1834977
1835316
1835939
1836445
1836680
1837443
1837807
1838284
1838626
1838886
1839328
1840199
1840280
1840458
1840940
1841650
1842109
1842686
1844044
1844731
1844861
1845215
1845355
1845478
1845566
1847537
1848510
1848854
1849894
1850827
1852238
1852816
1853198
1853601
1854045
1854344
1854830
1855358
1855841
1856273
1856793
1858557
1859117
1860413
1860583
1861048
1861204
1861392
1861857
1862791
1862902
1863223
1863429
1863667
1863887
1863952
1865349
1865543
1866211
1866398
1866565
1866833
1866973
1867020
1867594
1867673
1867728
1867949
1868323
1868733
1869436
1870040
1870103
1870368
1870722
1871257
1871513
1871704
1871761
1872079
1872495
1872861
1873718
1873896
1874074
1874089
1874560
1874955
1875112
1875222
1875797
1876143
1876160
1876237
1876367
1876412
1877307
1878205
1879629
1880073
1880402
1881057
1881232
1882077
1882369
1882636
1882737
1883081
1883359
1883727
1884322
1885262
1887009
1887456
1888593
1888866
1888974
1890835
1892064
1892412
1892773
1892915
1893556
1893767
1895408
1895695
1896423
1896701
1896891
1897018
1897265
1897642
1898013
1898267
1898546
1899030
1899276
1899861
1900594
1902037
1903921
1904364
1904643
1905054
1905134
1905327
1906213
1906494
1907487
1907779
1908402
1909344
1909504
1911113
1911484
1911746
1913236
1913730
1914215
1915393
1915589
1916124
1917022
1917488
1917887
1918083
1918488
1920455
1921056
1922102
1922297
1922984
1923671
1924107
1924212
1925123
1925938
1926748
1928184
1928468
1929025
1929576
1930078
1931583
1932498
1932594
1933104
1933450
1933793
1933885
1934195
1934310
1934458
1935913
1935923
1936338
1937219
1937358
1938321
1938565
1939011
1939664
1939919
1940265
1940720
1941709
1942484
1946408
1947482
1948172
1948200
1948948
1949208
1949315
1949384
1949468
1954176
1954916
1955283
1956668
1956780
1958222
1958819
1959454
1960421
1960544
1961152
1961805
1962487
1963270
1963699
1963767
1964441
1964584
1965549
1965757
1965907
1966002
1966274
1966482
1966847
1967276
1967629
1968153
1968629
1968804
1969082
1969394
1969604
1970069
1970320
1970895
1971147
1971190
1971950
1972271
1973000
1973154
1973214
1973493
1973679
1973820
1974051
1974811
1975139
1975333
1976084
1976234
1976408
1976556
1976957
1977216
1977325
1977656
1978046
1978388
1978841
1979142
1979476
1979756
1980090
1981837
1982191
1982574
1982741
1983235
1983470
1983725
1983875
1984796
1985025
1985188
1985974
1986218
1986362
1986640
1987321
1987867
1988302
1988836
1988906
1989034
1989128
1989858
1990140
1990444
1990560
1990668
1991353
1991861
1992280
1992356
1992464
1992609
1992999
1993398
1994141
1994219
1995130
1995431
1995516
1995576
1995769
1996024
1996067
1996703
1997082
1997491
1997571
1997896
1998073
1998896
1999207
1999430
2000098
2000710
2000994
2001225
2001446
2001642
2001929
2002848
2003217
2004310
2004357
2004580
2004789
2004830
2005363
2005420
2006083
2006376
2006530
2007901
2008647
2009252
2010944
2011135
2011165
2011588
2012309
2012992
2013103
2013382
2013583
2013908
2014612
2014742
2014960
2015096
2015100
2015713
2015781
2016218
2017116
2017338
2018057
2018537
2019053
2019738
2020344
2020573
2020884
2021183
2021988
2022161
2023085
2023783
2025310
2025672
2025732
2026804
2027071
2028121
2028349
2028612
2028932
2029191
2030618
2030805
2031598
2031891
2032321
2032980
2033286
2034784
2035085
2035351
2036866
2037874
2039225
2039380
2039941
2040922
2041210
2041532
2041809
2041896
2042328
2043218
2045335
2045712
2046677
2047715
2048566
2048758
2049007
2049342
2050157
2050764
2051228
2051883
2052033
2052516
2052765
2052800
2052967
2053123
2054753
2055539
2055762
2056007
2056253
2056505
2056724
2056737
2057788
2058821
2058997
2059363
2059776
2061571
2062119
2062462
2062625
2062841
2064193
2064850
2065291
2065642
2066063
2066131
2066894
2067406
2067956
2068431
2068736
2068954
2069193
2069488
2069727
2070107
2070801
2071344
2071465
2071587
2071973
2072608
2072832
2073667
2074479
2074997
2075598
2075836
2075924
2076183
2076727
2077327
2077356
2077506
2077875
2078311
2078426
2079100
2079383
2079483
2080449
2080899
2081005
2081713
2082730
2082874
2083321
2083729
2084770
2085683
2086183
2086640
2086790
2086944
2087637
2087999
2088411
2090366
2090529
2090603
2090850
2091362
2091955
2093041
2093239
2093354
2093405
2093476
2093556
2094366
2094851
2095107
2096047
2096073
2096721
2096821
2096875
2097036
2097324
2097520
2097545
2098035
2098453
2098981
2099372
2099661
2099799
2100064
2100943
2101665
2102018
2102207
2102270
2102863
2103221
2103645
2104317
2104612
2104863
2105707
2106428
2106466
2106532
2106614
2107584
2107772
2107862
2108091
2108324
2108798
2109286
2109290
2110284
2111027
2112248
2112401
2112565
2112941
2113286
2114243
2114768
2115016
2115235
2115474
2115879
2116204
2116543
2116695
2117146
2117331
2117586
2117729
2117838
2118370
2118535
2118657
2118699
2118944
2119130
2119233
2119971
2120185
2120248
2120640
2120754
2121096
2121312
2121488
2121640
2121994
2122367
2123550
2124387
2124431
2124467
2124747
2124945
2124968
2125578
2125779
2125840
2126205
2126533
2126602
2127569
2127894
2128404
2128674
2129835
2130245
2130497
2130755
2130984
2131138
2132324
2132948
2133118
2133801
2134176
2134680
2134961
2135407
2136123
2136261
2136688
2136907
2137279
2137555
2137755
2137770
2137892
2138064
2138993
2139218
2139642
2140461
2140697
2140814
2140950
2141202
2141221
2142617
2142719
2143528
2144050
2144443
2144612
2144932
2145579
2145966
2146222
2146658
2146693
2147236
2147553
2147643
2149335
2149390
2149548
2149685
2149714
2149891
2150106
2151047
2151317
2151578
2151690
2152661
2152740
2152784
2153118
2153377
2153697
2153990
2154941
2155481
2155931
2156569
2156665
2156752
2156915
2156923
2157132
2157464
2157527
2157551
2158199
2158389
2159133
2159367
2159626
2160626
2160697
2161053
2161416
2161739
2162723
2162827
2163151
2163542
2163785
2163926
2164762
2164852
2165710
2165870
2166013
2166692
2167025
2167163
2167617
2167735
2167911
2168672
2168892
2169200
2170032
2170318
2170698
2170960
2172385
2172512
2172816
2173165
2173415
2173625
2173696
2174414
2175223
2175698
2175712
2176160
2176659
2177139
2177608
2178059
2178259
2178693
2178915
2179064
2179219
2179604
2179677
2179926
2180812
2181063
2181952
2182590
2183495
2183596
2183869
2184380
2184448
2184564
2184774
2185039
2185736
2185786
2187481
2187898
2188011
2188110
2188149
2188311
2188915
2189045
2189226
2189482
2189953
2190213
2190221
2190460
2190615
2190704
2191246
2191680
2191964
2192246
2192848
2192936
2193102
2193892
2194566
2194654
2194871
2196262
2196300
2196363
2196658
2196868
2196954
2197268
2197371
2197390
2197596
2197742
2198348
2198820
2198987
2199193
2199228
2199593
2199722
2200325
2200349
2201474
2201927
2202106
2202228
2202523
2202748
2203516
2203988
2204529
2204702
2204812
2205102
2205642
2205951
2206336
2206628
2206719
2207524
2207565
2207877
2207960
2208261
2208314
2208573
2208744
2209688
2210030
2210382
2210453
2210569
2210707
2210817
2211495
2211701
2211798
2212220
2212820
2212846
2213280
2213351
2213744
2214532
2214950
2215462
2215524
2215629
2216076
2216125
2216293
2216490
2216689
2217679
2217970
2218563
2219094
2219794
2220221
2220383
2220811
2221715
2221784
2222024
2222321
2222632
2222913
2222988
2223067
2223854
2223987
2224303
2224322
2224706
2224959
2225244
2226216
2227044
2227453
2227500
2227895
2228280
2229076
2229162
2229652
2230412
2230449
2230627
2230707
2230780
2230989
2231343
2231374
2231558
2231835
2231874
2231917
2232108
2232545
2232663
2232863
2233225
2233287
2233634
2233988
2234148
2235249
2235830
2235999
2236076
2236153
2236219
2236578
2236639
2237037
2237164
2237276
2237369
2237539
2237584
2237719
2237782
2238032
2238178
2238531
2238609
2238707
2239255
2240020
2240487
2241294
2242632
2244078
2244337
2244745
2245036
2245236
2245354
2245924
2246260
2246753
2246916
2246999
2247107
2247543
2247602
2247718
2248108
2248267
2248808
2249000
2249499
2249839
2249896
2249916
2250102
2250176
2250334
2250539
2250668
2250789
2250869
2251013
2251427
2251944
2251999
2252117
2252300
2252787
2253057
2253523
2253834
2254057
2254165
2254333
2254507
2254729
2254840
2255179
2255419
2255748
2256047
2256092
2256151
2256414
2256595
2256769
2257034
2257173
2257239
2257442
2258088
2258830
2259054
2260045
2260187
2260679
2261003
2261017
2261402
2261880
2262947
2263204
2263535
2263972
2264113
2264496
2264796
2264980
2265272
2265326
2265412
2265764
2265895
2265958
2266141
2266433
2266819
2267242
2267411
2267556
2267586
2267672
2267775
2268129
2268696
2268884
2268905
2269291
2269692
2269754
2270006
2270023
2270312
2270327
2270528
2270651
2270936
2271014
2271733
2271814
2272077
2272521
2272526
2272630
2272966
2273026
2273219
2273393
2273962
2274128
2274359
2274655
2274758
2274952
2275745
2275770
2276336
2276723
2277137
2277501
2277730
2277944
2278272
2278415
2278617
2278908
2278977
2279073
2279480
2281232
2282108
2282264
2282912
2282917
2283041
2283575
2283766
2284131
2284528
2284701
2284725
2284794
2284993
2285260
2285491
2286104
2286643
2286902
2287417
2287748
2288152
2288685
2291140
2291418
2292188
2292603
2292737
2293590
2293769
2293938
2294011
2294366
2294479
2294794
2294964
2295028
2295170
2295259
2295574
2295775
2296045
2296922
2297424
2297864
2298044
2298196
2298208
2298437
2298591
2299106
2299271
2299385
2299444
2299807
2300545
2301001
2302633
2302730
2303936
2304002
2304829
2304905
2305129
2305154
2305554
2305726
2306561
2306862
2308449
2308659
2311085
2311490
2311938
2312409
2312421
2312680
2313020
2313069
2313791
2314799
2314933
2315039
2315749
2316412
2316579
2316706
2316794
2316817
2316933
2318877
2318970
2319169
2319542
2320046
2320269
2320691
2320988
2321187
2321325
2322246
2322415
2323145
2323334
2323465
2323835
2323959
2324129
2324487
2324728
2324888
2325159
2325553
2325719
2326235
2326912
2327104
2327544
2327982
2328247
2328763
2328855
2329219
2329366
2329687
2330543
2330726
2331130
2331478
2332299
2332621
2333102
2333119
2333296
2333627
2334073
2334389
2334837
2335392
2335442
2335750
2336057
2336121
2336464
2336630
2336848
2337185
2337499
2337749
2338059
2338172
2339249
2340131
2340651
2340743
2340992
2341332
2341696
2342043
2343287
2343788
2343881
2344737
2344940
2346205
2346886
2346942
2347100
2347345
2348281
2348424
2348470
2348913
2349276
2349467
2349655
2349675
2349892
2350061
2350700
2350965
2351477
2352273
2352537
2353171
2354346
2354506
2354749
2355252
2355395
2355478
2355835
2356379
2357117
2357438
2358046
2358452
2358729
2358958
2359160
2360224
2360329
2361116
2361360
2361723
2361811
2362204
2362461
2362513
2363715
2364049
2364617
2364741
2365230
2365862
2366098
2366584
2367818
2368421
2368742
2368748
2368967
2369177
2369286
2369740
2370056
2370551
2371053
2371303
2373262
2373849
2374080
2374227
2374622
2374964
2375424
2375649
2375800
2375888
2375981
2376355
2376608
2376630
2377093
2377768
2377885
2377941
2378624
2378754
2379752
2379923
2380904
2382202
2382289
2382547
2383243
2383657
2383993
2384703
2385104
2385716
2385775
2386052
2387215
2387477
2387660
2388013
2388377
2388790
2388860
2390112
2390850
2390894
2391099
2391674
2391901
2392221
2392416
2392925
2393233
2394475
2394590
2394761
2394840
2395954
2396991
2397181
2397480
2397804
2398095
2398248
2398260
2398782
2398833
2399484
2399862
2400244
2400364
2400515
2401070
2401161
2401712
2402449
2402458
2402563
2402700
2402815
2402886
2403210
2403299
2403947
2403950
2404029
2404435
2404849
2405202
2405590
2406153
2406429
2407419
2407752
2407915
2408129
2408183
2408414
2408653
2408878
2409868
2410058
2410673
2410791
2410986
2411147
2411280
2411451
2411722
2412343
2412921
2413337
2413684
2413902
2414400
2414663
2414985
2415252
2415419
2416346
2416860
2417041
2417100
2417222
2417934
2418904
2419556
2419747
2419787
2419827
2420064
2420158
2420252
2420346
2420541
2421452
2422313
2422452
2422628
2423102
2423316
2423659
2423702
2424401
2424603
2425453
2425736
2425860
2425965
2426112
2426148
2426210
2426233
2426455
2427102
2427268
2427423
2427510
2427572
2427706
