53003
67216
68373
69529
83842
85299
85858
86597
87254
90622
142365
143723
183983
184935
185538
186114
187398
188359
199942
207483
215693
216383
218157
218684
220147
221096
225078
227283
228388
230144
230649
238717
240287
240890
241573
243035
243803
246115
248312
266883
267848
269757
270580
271206
271988
272592
273149
275758
276520
277855
278761
279702
280289
281063
284995
303570
304801
305385
323868
324642
325718
341892
344590
347414
350391
353283
356157
362125
364963
367699
373442
376160
381773
420048
420577
426169
430607
499581
501191
502569
503303
525487
529831
542246
542906
543491
544452
545417
546042
546567
547121
547915
548562
549152
549817
550780
551336
552008
565606
567750
574119
574664
575962
576637
579158
579814
581908
584246
585003
586841
587519
589319
592432
615764
631548
634372
642789
643495
644169
645016
645980
647397
653181
654109
655046
656317
661969
662698
690770
691383
692530
708735
709427
710402
734465
735132
746871
748363
766663
767818
768385
769759
770444
772483
773231
774413
775176
775693
776994
777956
778482
798727
799406
801877
804067
805740
806376
806985
807671
808249
809560
824162
826074
830393
831640
836054
836583
837124
840208
840900
842901
853603
855179
856328
861268
871019
874117
891922
903757
904261
904899
1067289
1071564
1080590
1081187
1081753
1089492
1092736
1095317
1099261
1105538
1109071
1113047
1115932
1120408
1122948
1124330
1125295
1127765
1129460
1163078
1167266
1182540
1184352
1185090
1199578
1207307
1211263
1212008
1223773
1226007
1227771
1228594
1233633
1234158
1235022
1235954
1236490
1237653
1238245
1238885
1241018
1241725
1251634
1254412
1260451
1299581
1319216
1320315
1322939
1325228
1325733
1328104
1365473
1382483
1383605
1384196
1391623
1392308
1393762
1394357
1397851
1398618
1498829
1506815
1559077
1603283
1618267
1632206
1646841
1671480
1686299
1707633
1712902
1713456
1720377
1724950
1725698
1726370
1726944
1727599
1728579
1729924
1730527
1731519
1732073
1732633
1733775
1736047
1751560
1831535
1833673
1848380
1861037
1866095
1866730
1867311
1868014
1868905
1869766
1870481
1881222
1881863
1883372
1884787
1885334
1890515
1891115
1901631
1905647
1906886
1907433
1908294
1912425
1913137
1914691
1915419
1916791
1917664
1918780
1919813
1923864
1929766
1930338
1933588
1936584
1940648
1959717
1963621
1966901
1969543
1976992
1977651
1979320
1980450
1981103
1981635
1982304
1983754
1985152
1995140
2021015
2022805
2023516
2024696
2025675
2026783
2027372
2028016
2028906
2029737
2031654
2032534
2033894
2035483
2036827
2037444
2038320
2053512
2054299
2056215
2056866
2057441
2058830
2062959
2065531
2089520
2091602
2092346
2093672
2151260
2151780
2153833
2154619
2218457
2219067
2219705
2240077
2241500
2334121
2336412
2336915
2337996
2339133
2339760
2341630
2343503
2345100
2345994
2347603
2348918
2358149
2360476
2361075
2383349
2390869
2391404
2392308
2393355
2393962
2394892
2398055
2398582
2399295
2400307
2402900
2404158
2405459
2407553
2409446
2410171
2411598
2412107
2413199
2413763
2414460
2415500
2423564
2424287
2424964
2427488
2433608
2450862
2458839
2467756
2470287
2539998
2541048
2541619
2542184
2553722
2556820
2558046
