2789
18311
34934
38595
59068
59358
64919
99137
123760
124042
135744
143641
144631
170946
182415
227401
238839
270477
281457
287267
308418
315847
329150
329725
350544
353085
370153
372829
375646
386070
394848
396972
404380
413281
419814
421827
429620
441054
460346
465584
472448
477143
493626
496559
510643
514924
517073
524252
531716
536336
595636
620811
642578
666552
699539
702300
754416
780352
804491
893050
901548
902790
904165
923834
926435
939972
946362
947703
959825
962072
978218
986689
1003332
1024019
1033790
1046041
1053119
1054711
1066860
1067788
1083403
1094084
1101301
1103930
1109108
1117696
1126791
1130794
1143467
1182574
1231194
1249419
1251244
1261778
1281511
1283093
1287224
1319147
1326350
1331580
1335922
1338649
1356213
1378929
1392174
1401062
1405161
1415276
1425381
1430333
1447155
1451183
1457871
1470717
1481201
1506335
1511036
1513492
1519301
1555144
1572331
1636931
1670775
1774441
1784070
1826603
1843631
1885209
1894582
1913506
1924644
1975627
1980178
2002320
2023454
2133393
2167310
2200620
2220862
2242882
2246299
2257439
2259799
2306379
2324995
2335333
2395808
2418806
2444945
2458245
2471463
2546168
2551354
