19
275
399
1332
1435
2136
2210
2451
2475
2831
3168
3618
3657
3695
4020
4460
4801
4805
4999
5063
6857
7514
7693
8428
8473
8597
8725
8845
8909
9013
9503
9878
10110
10356
10521
10586
11145
11385
11712
11776
12080
12149
12537
12658
12906
13045
13535
13549
13672
14474
14499
14568
14634
14779
14782
14894
14991
15225
16155
16269
16352
16378
16412
17027
17370
17536
17603
17705
17805
17999
18093
18118
18128
18237
18377
18471
18478
18757
19100
19148
19307
19659
19820
19843
20043
20561
20605
20813
20864
20936
21096
21540
21831
22134
22166
22197
22321
22372
22497
22711
23084
23136
23323
23432
23476
23478
23485
23536
23667
23727
23827
24256
24458
24576
24687
24782
24794
24818
24835
24952
24996
25079
25381
25501
25738
25914
26092
26149
26199
26222
26293
26497
26929
26978
27002
27012
27331
27522
27550
27575
27648
28302
28575
28617
28766
28799
28824
28901
29059
29113
29340
29465
29627
29740
29807
29826
29951
30128
30752
30792
30793
31177
31346
31438
31663
32009
32386
32420
32658
32751
32954
32957
33117
33161
33214
33259
33446
33554
33889
34242
34500
34562
34780
34882
35028
35033
35048
35155
35158
35215
35362
35469
35493
35539
35620
35832
35932
36153
36485
36498
36648
36919
37596
37764
38017
38151
38432
38507
38724
38780
38807
38835
39128
39279
39388
39452
39607
39705
39824
40053
40116
40202
40391
40435
40778
40880
41047
41192
41486
41597
41755
41873
41965
42341
42428
42558
42620
43046
43253
43392
43473
43786
44255
44514
44621
44690
45582
45671
45794
45868
45984
46100
46399
46490
46671
46853
47101
47136
47205
47531
47708
47726
47788
47794
47797
47966
48219
48472
48623
48975
49001
49067
49101
49208
49297
49353
49754
50061
50252
50274
50346
50542
51152
51186
51280
51494
51810
51879
52131
52175
52220
52289
52362
52456
52597
52782
53015
53117
53241
53277
53384
53539
53801
53889
53944
54016
54166
54774
54819
55188
55259
55351
55687
55719
55755
55864
56342
56583
56711
58488
60516
61413
61942
62572
62880
62939
62996
64945
66723
66879
67122
67715
67874
68139
68328
69842
70429
70445
70484
70565
70807
70826
71016
71548
71776
71875
71939
72061
72258
72503
73002
73310
73345
73637
73832
73990
74156
74915
75766
76654
76683
76728
76999
77050
77145
77384
77445
77863
77979
78031
78372
78461
78463
78497
78527
78678
78790
79336
79814
80177
80185
80344
80377
80747
81119
81666
82020
82260
83516
83647
83882
84245
84579
85567
86270
86325
87493
87574
88035
89934
90609
90772
91032
91404
91626
91664
92358
92950
93237
93438
94228
94945
95657
96026
96146
96864
97053
98723
99231
100077
100839
101199
102012
102537
103188
104408
104690
104846
105336
106337
106655
107770
108100
108131
108865
109871
110286
110479
110521
110738
111026
111759
111818
112184
112384
112633
112756
113120
113244
113525
113871
114029
114630
116564
116620
117307
117683
117717
118271
118407
118784
118842
119616
119710
119758
120006
120260
120437
120442
120584
120722
120843
120906
121092
121191
121324
121425
121495
121652
121886
121975
122250
122344
122650
122743
122799
122863
123163
123213
123470
123588
123915
124060
124088
124191
124193
124251
124334
124527
125005
125133
126014
126051
126125
126254
126425
126653
126694
126801
126945
127156
127241
127402
127416
127618
127932
128245
128488
128581
128826
129363
129495
129782
129861
130008
130030
130704
130914
131164
131316
131458
131471
131568
132003
132554
132923
133026
133472
133996
134084
134155
134754
134987
135036
135080
135295
135684
136090
137417
137498
138374
138532
138636
138807
138955
139101
139198
139466
139800
139871
139983
140027
140198
140200
140332
140499
140728
140919
140981
141143
141157
141505
141954
142090
142099
142248
142317
142449
142557
142644
142735
143036
143127
143564
143616
143795
144000
144345
144519
144896
145215
145425
145599
146129
146198
146526
146562
146621
146771
147006
147111
147167
147275
147640
147839
147871
147971
147993
148066
148239
148375
148472
148516
148574
148685
148853
148933
148997
149128
149383
149464
149568
149662
149722
149991
150654
150892
151634
151671
151758
152287
152289
152326
152382
152615
152659
152741
152834
152946
152969
153023
153084
153169
153180
153385
153727
153775
153837
153936
154068
154186
154497
155212
155703
156492
156899
156936
156996
157065
157104
157185
157294
157335
157460
157546
157633
157773
157866
158147
158319
158817
159223
159300
159399
159480
160068
160123
160245
160450
160472
160499
160934
161100
161160
161396
161461
161471
161509
161705
161781
162080
162361
162786
162909
163014
163328
163345
163686
164215
164223
164510
164604
164633
164764
164787
165066
165158
165381
165594
165813
165889
166174
166259
166483
166555
166700
166943
167125
167902
167938
167949
168024
168356
168365
168858
169106
169223
169305
169773
169930
170387
170457
170752
170980
171282
171348
171630
172128
172441
172510
172924
173326
173548
173626
173817
174648
175189
175257
175362
175417
175506
175559
175729
175813
176151
176221
176677
176964
177131
177330
177450
177615
177900
178128
178664
178691
178909
179199
179545
179789
180032
180051
180116
180550
181106
181736
182488
182568
182969
183117
183160
183233
183318
183441
183585
183712
183855
184003
184100
184159
184420
185310
185479
185689
186055
186417
186577
186708
187070
187141
187305
187527
187759
188103
188343
188367
188460
188669
188736
188742
188744
188979
189504
189674
190493
190876
191085
191154
191242
191312
191320
191373
191641
191892
192159
192588
192787
192857
192926
192944
193172
193253
193361
193665
193748
194306
194484
195203
195301
195562
195728
195915
196155
196211
196484
196734
196835
196963
197165
197263
197372
197473
197550
197636
197736
197918
198027
198279
198354
198428
198526
198577
198895
199002
199105
199437
199604
199791
200033
200436
200508
200524
200851
201050
201052
201432
201563
202245
202268
202363
202493
202570
202799
202895
203082
203526
203556
203754
204074
204325
204327
204403
204559
204905
204949
205204
205229
205548
205675
205825
206225
206302
206599
206700
206951
207126
207132
207163
207165
207258
207304
207346
207575
207926
207987
208140
208169
208411
208464
208490
208877
209009
210174
210365
210832
211126
211460
211530
211685
211985
212172
212324
212501
212797
212978
213129
213346
213443
213845
214049
214365
214524
214938
215211
215387
215410
215805
215897
216296
216352
216361
216453
216593
216680
216768
216861
216915
217346
217428
217558
217671
217687
218199
218325
218525
218875
219019
219285
219359
219475
219763
219861
220059
220092
220202
220765
220933
220966
221006
221592
221936
222165
222269
222594
222606
222741
223184
223301
223338
223364
223407
223512
224213
224288
224310
224601
224934
225193
225337
225529
225975
226116
226214
226682
226828
226882
226932
227388
227592
227645
227693
227760
227831
228063
228589
229214
229719
229867
229928
230054
230465
230521
230553
230920
231369
231504
232047
232057
232110
232226
232293
232352
233206
233300
233394
233439
233817
234230
234325
234435
234464
234500
234551
234698
234943
235047
235221
235514
235546
235693
235764
235778
235915
236023
236092
236354
236521
236567
236758
236872
236919
237123
237181
237254
237357
237600
237677
237949
238345
238704
238879
238979
239372
239429
239539
239998
240050
240103
240129
240139
240328
240453
240554
240610
240837
240865
240972
241083
241366
241445
241751
242072
242217
242479
242954
243019
243403
243588
243781
243985
244052
244183
244287
244406
244582
244762
244859
245107
245183
245328
245477
245566
245766
245883
245994
246046
246105
246275
246479
246928
246941
246967
247307
247364
247480
247490
248020
248044
248448
248560
248878
248975
249043
249945
250155
250383
250513
250626
251181
251278
251435
251505
251557
251941
252025
252080
252160
252546
252641
253127
253229
253345
253573
253636
254056
254163
254486
254582
254792
254917
255202
255382
255428
255476
255537
255717
256267
256408
256855
257055
257291
257344
257582
257585
257810
257835
258071
258302
258429
258844
258917
258996
259069
259428
259632
260158
260309
260354
260565
260694
260793
260906
260953
261010
261016
261370
261480
261684
261840
261938
262163
262308
262418
262784
263484
263574
264111
264299
264415
264422
264555
264747
264850
265110
265303
265686
265754
265810
265895
266090
266164
266253
266444
267044
267235
267401
267471
267564
267889
268013
268059
268313
268862
269030
269099
269137
269412
270040
270189
270220
270497
270658
270666
270773
271021
271305
271387
271601
271653
271829
271897
272141
272573
272934
273246
273440
273577
273887
273950
273980
274057
274091
274365
275588
275796
275902
275994
276066
276204
276298
276390
276495
276810
277012
277484
277705
277815
277987
278155
278354
278514
278545
278626
278733
279104
279410
279459
279701
279716
280377
280483
280641
280792
280807
281139
281221
281489
281652
281668
281764
281892
282136
282424
282430
282952
283011
283098
283262
283316
283521
283716
283835
283904
283953
284441
284873
284980
285501
285581
285798
285846
285913
286326
286623
286660
286758
286855
287149
287255
287461
287507
287515
287605
287610
287926
288158
288350
288431
288533
288624
288738
289081
289108
289171
289383
289625
289716
290001
290091
290198
290525
290609
290789
290838
290935
291074
291085
291691
291886
292152
292254
292536
292556
292694
292743
292794
292928
293272
293309
293378
293516
293607
293638
293762
293906
293966
294294
294960
295207
295352
295512
295885
296065
296169
296188
296278
296427
296523
296725
296920
297083
297219
297744
297749
297917
298088
298258
298507
298861
298933
298964
299308
299419
299475
299701
299714
299857
299893
300021
300296
300461
300554
300798
300833
300927
301394
301609
301680
301760
302230
302412
302522
302660
302865
303045
303180
303254
303494
303687
303750
303827
303980
304086
304915
305852
305954
306058
306164
306230
306461
306532
306636
306698
306955
307536
307628
308356
308422
308709
308727
308874
309009
309090
309763
310000
310841
310994
311225
311734
311915
312333
312367
312473
312638
312711
312993
313118
313369
313481
313642
314173
314284
314659
314693
314798
314832
314847
315026
315345
315356
315664
316024
316461
316708
316977
317059
317417
317655
317805
317954
318432
318776
318887
318948
319126
319242
319349
319457
319548
319659
319717
319769
319896
320226
320550
320992
321275
321330
321337
321442
321547
321705
321779
321977
322263
322788
322921
323536
323693
324041
324144
324254
324378
324488
324612
324639
324891
325158
325506
325521
325528
325568
325702
325971
326632
326982
327646
327843
328907
329624
329651
329770
329779
329915
329930
330350
330354
330727
331005
331196
331221
331706
331714
331802
331857
332014
332072
332202
332656
332934
332958
333164
333633
333894
333901
333981
334143
334341
334360
334472
334608
334684
334911
334939
335097
335252
335948
336106
336169
336423
336545
336830
336889
337199
337530
337639
338184
338649
338690
338782
338916
339240
339658
339784
339930
340046
340120
340129
340411
340493
340823
340866
340915
341009
341214
341303
341427
341561
342070
342409
342503
342570
343000
343105
343262
343719
344130
344308
344965
345066
345151
345186
345348
345537
345951
346041
346286
346455
346516
346637
346761
347006
347164
347243
347347
347399
347457
347472
347572
347751
347983
348141
349063
349252
349352
349467
349624
350080
350182
350571
350691
350744
350765
350860
350951
351134
351216
351340
351756
351789
351858
351941
352009
352115
352619
352759
352886
353058
353267
353448
353503
353548
353573
353593
354029
354304
354761
354850
354866
354962
355093
355172
355641
355741
355992
356131
356239
356667
356823
356996
357068
357363
357497
357715
357814
358003
358364
358585
358714
358745
358941
359189
359308
359351
359687
359791
359906
359944
359967
360438
360535
360630
360785
361209
361598
361750
362062
362385
362870
363044
363247
363633
363793
364091
364251
364343
364438
364906
364977
365160
365284
365383
365439
365851
365912
366044
366226
366365
367075
367243
367438
367494
367720
367808
367909
368183
368268
368487
368939
369454
370260
371053
371314
371369
371394
371426
371440
371785
371878
371895
372191
372434
372528
372531
372738
372857
373591
374197
374492
374595
374635
374956
375006
375026
375301
375369
375387
375540
375547
375771
375870
375908
376037
376479
376610
376669
376728
376923
377048
377465
377536
377976
378058
378369
378389
378455
378662
378874
378984
379223
379428
379745
379929
380167
380556
380608
380642
380830
381026
381099
381247
381507
381688
381904
382097
382199
382367
382448
382660
382753
382956
383085
383537
383882
384020
384179
384447
384565
384902
385012
385468
385574
385607
385735
385854
385905
386227
386368
386570
387077
387152
387726
387902
388166
388206
388223
388304
388371
388415
388757
389342
389426
389582
389650
389666
389934
390189
390332
390357
390628
390785
391055
391121
391259
391316
391481
391627
391760
392133
392231
392289
392460
393166
393513
393576
393617
393767
393975
394222
394419
394558
394771
394876
395053
395171
395286
395474
395647
395783
395884
396170
396395
396439
396763
397162
397249
397347
397536
397613
397687
397698
397829
397889
397930
398355
398655
398827
399579
400297
400501
400570
400616
400622
400701
400737
401027
401934
402135
402686
403002
403282
403932
404116
404401
404504
404815
404972
405045
405327
405423
405549
405667
406340
406408
406496
406583
406704
406791
406852
407059
407217
407274
407591
407666
407784
407875
408660
408921
409088
409337
409534
409969
410245
410408
410571
410910
411239
411479
411620
411747
411844
412009
412066
412353
412460
412491
412570
412787
413006
413166
413501
413709
413838
414156
414161
414492
414620
415057
415153
415219
415350
415531
415834
415841
415893
415952
416860
417148
417216
417598
417750
417955
418011
418190
418269
418301
418748
419107
419332
419382
420113
420364
420455
420516
420578
420796
420846
421533
421627
421817
422132
422207
422921
423261
423369
423684
423817
424058
424164
424481
424641
424691
424733
424859
425241
425518
426140
426467
427140
427405
427417
427676
427895
428112
428234
428366
428476
428825
428873
429104
429152
429395
429424
429696
429857
429991
430049
430287
430376
430406
430587
430688
430710
430823
430863
430999
431063
431094
431226
431781
431787
431923
432118
432401
433132
433209
433279
434042
434311
434379
434769
434852
434994
435634
436195
436670
436889
437230
437317
437470
437569
437652
437835
437963
438461
438513
438561
438586
438670
438769
439073
439309
439654
439736
439924
440067
440115
440249
440584
440847
441080
441449
442138
442153
442601
442915
443294
443404
443462
443483
443534
443584
443838
444007
444019
444260
444407
444485
444588
444658
444817
445500
445575
445762
445807
445950
446004
446105
446225
446286
446547
446568
447039
447563
447816
447855
447909
447956
448283
448414
448418
448475
448502
448647
448861
448971
449175
449357
450184
450224
450311
450767
450812
450823
451229
451369
451409
451440
451454
451538
451571
451648
451830
451876
451911
452049
452232
452282
452388
452705
452980
453058
453354
453573
453714
453810
454010
454062
454390
455080
455149
455536
455569
455942
456027
456103
456317
456357
456439
456472
456476
456495
456510
456548
456631
456685
456898
456941
456991
457070
457143
457248
457303
457559
458099
458288
458436
458452
458643
458710
459024
459287
459295
459320
459325
459398
459625
459785
459855
459959
459991
460098
460323
460639
460893
460923
461167
461439
461639
461821
461866
462025
462086
462465
462637
462765
463192
463483
463525
463699
463705
463832
463922
464103
464685
464736
464811
464986
465398
465948
466395
466669
466689
466752
466930
467108
467137
467237
467247
467357
467383
467567
467638
467759
467874
468093
468183
468708
469308
469406
469756
470077
470222
470263
470604
472170
472796
472908
473346
473899
473944
473956
474440
474469
474493
474982
479193
482002
482521
482665
482723
482827
483029
483149
483524
483654
483823
483839
483914
484150
484329
484632
484872
485146
485186
486132
486854
487160
487472
487678
488075
488105
488822
488995
490142
490292
490372
490780
491014
491432
492287
492454
492855
493786
494114
494892
494924
495632
498149
499246
499306
501027
501135
501919
503903
504058
505615
506264
506426
507426
508197
508446
508973
510326
510461
510645
511645
513241
513659
514359
515464
515595
516121
517752
517787
517799
517853
519161
519629
520001
520291
521844
522433
523244
523650
523712
524192
525959
527130
527616
527767
528200
530403
532363
533181
533649
533916
534357
535288
535349
536210
536253
536648
537229
537409
537864
537893
538627
538716
542386
542983
544034
544339
548184
549370
549761
550184
550773
551723
552419
552433
552476
552574
552676
553274
553377
553499
553945
554073
557814
558783
558936
559664
560082
560251
560653
560783
561452
561603
564814
565462
566584
566904
567899
567997
568945
568977
570374
572170
573087
577459
577733
578093
578622
579862
580507
580585
580842
582076
582156
582315
582901
583800
584376
585441
586296
589733
589782
589808
589821
590574
591592
591667
591826
592426
592546
593032
593628
593739
594042
594300
594323
594644
594691
594853
595355
595684
596078
596517
596736
597138
597242
597435
597648
597955
598212
598474
599604
599809
600223
600244
600496
600684
601035
601441
602641
603078
603157
603724
603854
604306
605634
607118
608310
608587
609277
610421
611458
611876
612086
612231
612908
613941
614366
615644
615703
615843
616448
616806
616883
616993
617097
617620
617737
618557
618977
620020
623191
624975
626170
626942
627232
627756
627991
629912
631151
631245
632373
633224
635281
635558
636548
636718
637700
639204
642664
643640
644493
647706
648247
651624
651661
651883
652956
653003
653317
655209
657085
657922
658334
658877
660297
660923
661980
662119
662201
662718
662922
663078
663380
663517
663573
663708
663954
663978
664037
664183
664235
664262
664352
664406
664532
664643
664744
668678
668835
670018
670568
670697
670759
670761
671393
671586
671898
672138
672194
672434
672546
672579
673023
673454
674010
674108
674430
674687
674729
675154
675535
675834
675892
676021
676175
676178
676400
676824
676919
676967
676984
677166
677472
677492
677558
677633
677705
677895
678128
678214
678449
678527
678631
678879
679130
679467
679577
679871
679964
680054
680068
680201
680522
680535
680749
680784
680886
681171
681293
681420
681462
682264
682465
682494
682668
682784
682841
683132
683349
683581
683654
684543
684801
684844
685157
685243
685421
685521
685732
685734
686010
686124
686204
686270
686323
686480
686542
686704
686776
686821
687123
687176
687245
687275
687598
687809
687868
687982
688166
688330
688771
688998
689093
689104
689122
689172
689222
689257
689730
689983
690071
690159
690270
690405
690666
690873
690991
691305
691418
692162
692287
692597
692799
692901
692998
693063
693202
693310
693383
693482
693592
693646
693831
693998
694126
694210
694242
694346
694640
694696
694991
695095
695336
695580
695694
695736
695773
695932
696219
696353
696385
696484
696528
696771
696825
696991
697036
697063
697328
697630
697721
697871
698081
698263
698333
698397
698468
698520
698789
698854
698890
698904
698993
699123
699220
699307
699717
699933
700535
700642
700729
700805
700916
701083
701288
701431
701589
701809
701861
701925
702125
702295
702557
702612
702785
702878
702903
703035
703174
703226
703262
703359
703511
703640
703803
704135
704319
704428
704502
704581
704656
704764
704871
705059
705081
705240
705658
705783
705923
705928
705966
705967
706357
706462
706582
706715
706947
707015
707040
707052
707131
707631
707800
708299
708437
708789
708932
709415
709485
709557
709600
709740
709814
709985
710281
710697
711088
711512
711630
711644
711722
711904
712066
712162
712373
712475
712594
712655
712983
713081
713171
713284
713503
713533
713844
713887
713916
714020
714139
714707
714808
714986
715303
715416
715745
715800
715844
716012
716191
716293
716597
716598
716675
716803
716892
716945
717010
717077
717334
717512
717608
718391
718598
718769
718868
719019
719335
719412
719622
719639
719741
719926
719941
720102
720526
720593
721358
721913
722075
722388
722401
722569
722615
722797
723208
723279
723511
723631
723988
724142
724690
724848
725844
726018
739059
739223
739326
739948
740102
741844
742644
742783
742894
743956
744369
745234
746652
748592
752525
753129
753231
754848
757594
759895
762459
762614
763637
767769
768204
768718
769551
775905
775935
776075
779653
782382
783448
784496
784505
784859
785648
786305
786502
789860
791112
791246
791969
793126
794036
794416
794828
794933
795957
796441
796589
796917
796969
797487
797817
798073
799609
799745
800087
800382
801920
802012
802242
802313
802665
802820
803283
803873
803910
804133
804366
804412
805350
806383
806467
807147
807158
807446
807908
808110
808293
808389
808530
808656
809206
809453
809768
809797
809962
810359
810712
810763
811337
811540
811640
811777
811945
812176
812212
812400
812615
812653
812977
813004
813026
813475
813478
813504
813538
813825
814242
814288
814318
814452
814616
814722
814723
814762
815076
815149
815626
815654
815827
815876
815997
816056
816070
816220
816401
816504
816765
816920
817056
817107
817190
817197
817295
817537
818172
818285
818389
818757
819027
819143
819169
819267
819314
819389
820100
820592
820672
820758
820829
821164
821228
821377
821382
821507
821648
821739
821940
821992
822029
822104
822142
822306
822415
822576
822849
822858
822872
822999
823131
823287
823304
823384
823389
823451
823550
823569
823910
824130
824152
824265
824395
824418
824535
824663
824688
824743
824851
825016
825083
825212
825234
825433
825546
825643
825652
826045
826271
826372
826477
826661
826867
827083
827152
827206
827232
827332
827566
827663
827837
827977
828210
828597
828638
828677
828739
828883
828959
829184
829233
829410
829625
829671
829788
830139
830198
830643
830717
830878
830924
830962
830970
831084
831163
831234
831402
831632
831920
832020
832402
832534
832559
832649
832866
832981
833150
833236
833431
833581
833644
833669
833707
833762
834013
834075
834164
834217
834423
834452
834565
834646
834746
834853
834869
834923
835082
835277
835443
835604
835671
835677
835731
835863
835889
835913
835964
836065
836400
836489
836499
836611
836715
836971
837010
837028
837251
837516
837688
837710
837809
837994
838041
838137
838317
838401
838481
838483
838591
838593
839200
839334
839370
839462
839616
839850
839917
839992
840101
840140
840358
840399
840531
840611
840621
840903
840958
841257
841374
841500
841602
841708
841749
841874
841934
841959
842218
842467
842631
842656
842803
842853
843001
843150
843380
843485
843702
844288
844324
844464
844504
844507
844890
845076
845216
845315
845440
845531
845544
845678
845688
846032
846235
846256
846368
846395
846418
846526
846631
846750
846916
846940
846993
847204
847353
847424
847512
847579
847716
847749
847895
847926
848041
848066
848715
848802
848805
848900
849107
849439
849458
849579
849623
849670
849870
850218
850282
850361
850454
850562
850571
850648
850876
850889
850891
850985
851174
851243
851506
851825
851846
851963
852012
852089
852343
852503
852709
852979
853031
853145
853818
854136
854427
854530
854611
854627
854662
854685
854716
854900
854913
855102
855138
855176
855186
855284
855586
855669
855816
855886
855993
856038
856111
856356
856525
856700
856789
857113
857335
857435
857576
857734
857766
857941
858113
858209
858330
858467
858612
858683
858817
859470
859491
859835
859924
859960
860017
860074
860203
860300
860468
860747
861295
861371
861448
861647
861696
862005
862052
862110
862334
862493
862633
862731
863059
863152
863162
863246
864192
864388
864644
864836
864908
864955
864998
865058
865310
865481
865492
865512
865671
865690
866034
866094
866162
866266
866374
866468
866864
866906
866923
867062
867690
867962
868165
869033
869090
869206
869220
869221
869334
869567
869797
870125
870248
870293
870325
870372
870393
870461
870508
870561
870599
870681
870858
871044
871300
871561
871730
871805
871867
872048
872272
872529
872593
872764
872801
872912
872989
873084
873190
873280
873414
873488
873509
873553
873672
873924
873965
874141
874183
874223
874235
874421
874485
874799
874879
874901
874991
875009
875438
875567
875602
875673
875866
875979
876043
876142
876387
876453
876614
876656
876701
876993
877119
877160
877303
877468
877600
877707
877845
877924
877969
878062
878084
878108
878336
878454
878590
878891
878940
878960
878973
879028
879311
879390
879472
879594
879880
880092
880344
880434
880569
880654
881005
881157
881203
881376
881487
881598
881648
881681
881799
881947
882086
882219
882316
882668
882710
882766
882902
882985
883085
883141
883464
883520
883650
883769
883951
884291
884476
884521
884537
884675
884782
884840
884842
884971
885057
885134
885435
885825
885901
886070
886331
886393
886438
886466
886532
886619
886934
886944
887403
887526
887644
887924
888043
888153
888175
888558
888562
888625
888963
889259
889265
889410
889476
889763
889809
890245
890688
890849
890908
890973
890981
891157
891214
891228
891532
891615
891825
891832
891950
892256
892361
892417
892429
892617
892706
892762
892842
892891
892937
893055
893271
893318
893414
893587
893653
893701
893735
893950
894027
894094
894296
894413
894757
894833
894920
895083
895265
895368
895447
895542
895692
895774
895851
895854
896332
896385
896473
896655
896764
896809
896967
896984
897102
897106
897253
897324
897418
897463
897501
897734
897811
897859
898148
898347
898418
898550
898590
898810
898967
899011
899146
899236
899286
899352
899357
899417
899645
899689
899787
899936
900101
900177
900594
900737
900778
900840
900895
900897
901014
901129
901203
901247
901339
901657
901666
902039
902180
902238
902374
902399
902529
902591
902603
902733
902763
903099
903169
903475
903673
903945
904217
904247
904525
904659
905078
905110
905163
905228
905614
905693
905731
905861
905979
905995
906171
906202
906273
906430
906499
906534
906706
906888
906937
907532
907649
907903
907942
908102
908144
908444
908534
908790
908966
909097
909104
909184
909193
909281
909299
909363
909414
909447
909671
909807
910266
910660
910692
910779
910787
910986
911214
911427
911544
911732
911892
912000
912131
912202
912432
912688
912747
912766
913003
913072
913416
913425
913674
913855
914191
914192
914340
914407
914482
914509
914526
914693
914702
914910
915021
915080
915141
915357
915413
915480
915868
915977
916209
916264
916296
916323
916448
916694
916722
916865
916934
917408
917470
917546
917614
917822
917875
917976
918048
918126
918187
918201
918509
918660
918785
919133
919227
919362
919493
919696
920064
920101
920182
920279
920335
920669
921152
921243
921279
921281
921380
921524
921624
921733
921889
922018
922146
922156
922244
922384
922440
922505
922571
923067
923130
923136
923495
923576
923622
923770
924368
924401
924614
924820
924864
925098
925215
925336
925392
925479
925718
925756
925796
926195
926378
926380
926466
926685
926703
926826
926833
926968
927176
927271
927276
927356
927447
927472
927521
927710
927896
928032
928090
928239
928359
928391
928549
928598
928633
928654
929044
929253
929285
929340
929667
929707
929925
929995
930033
930044
930289
930424
930469
930544
930700
930768
931007
931012
931050
931095
931355
931414
931467
931494
931598
931674
931806
931909
931948
932171
932251
932357
932502
932592
932718
933057
933079
933363
933369
933623
933784
933981
934216
934256
934342
934384
934515
934734
934910
934969
935664
935771
935837
936101
936169
936250
936510
936682
936796
937013
937086
937386
937415
937482
937508
937527
937568
937595
937628
937693
938034
938054
938132
938140
938196
938279
938597
938810
938813
938864
938924
939160
939188
939253
939355
939381
939483
939712
939765
939838
939879
939888
940127
940376
940391
940418
940713
940947
941479
941499
941577
941754
941835
942098
942193
942402
942659
943051
943178
943292
943420
943426
943455
943618
943722
944191
944209
944533
944889
944966
944971
945084
945195
945306
945341
945880
946297
946504
946519
946550
946570
946614
946628
946685
947017
947233
947463
947620
947761
947894
948278
948387
948729
948738
949120
949360
949432
949674
949848
949852
949867
950292
950379
950492
951011
951187
951236
951265
951327
951647
951796
952051
952057
952277
952315
952434
952458
952467
952554
952725
952743
952909
953179
953691
953954
954182
954184
954390
954429
954762
955192
955261
955465
955571
955646
955827
955992
956115
956218
956465
956539
956662
956830
956986
957100
957367
957535
957617
957705
957807
957942
957982
957993
958011
958012
958147
958245
958329
959002
959207
959408
959413
959701
959740
959744
959761
959972
960054
960113
960297
960370
960450
960670
960690
960824
960893
961047
961226
961268
961287
961336
961697
961741
961805
961886
961994
962050
962058
962191
962210
962307
962558
962583
962717
962815
962881
962926
962988
963028
963131
963145
963226
963791
963848
963889
964025
964146
964179
964310
964464
964507
964658
964742
964921
964937
965003
965004
965358
965507
965533
965602
965690
965754
965982
966088
966115
966259
966295
966309
966366
966429
966544
966591
966604
966714
966890
966934
966993
967017
967150
967207
967346
967514
967636
967667
967712
967907
967941
968093
968168
968279
968379
968680
968776
968781
968962
969157
969308
969479
969497
969514
969656
969685
969870
970247
970266
970318
970413
970416
970469
970484
970554
970572
970879
970938
971041
971279
971345
971884
972057
972081
972237
972435
972542
972709
972811
973008
973122
973271
973465
973676
973742
973871
973962
974121
974626
974718
974983
975096
975123
975263
975334
975529
975660
975715
975736
975944
976074
976084
976172
976666
977039
977123
977164
977235
977301
977307
977354
977529
977583
977746
977956
978074
978388
978507
978550
978630
978756
978823
978919
979080
979640
979884
979923
980035
980349
980570
980726
980947
981004
981090
981148
981332
981395
981404
981614
981767
981786
981952
981998
982026
982100
982148
982304
982526
982604
982654
982802
982899
982975
983160
983234
983377
983460
983730
983742
983866
984162
984186
984462
984680
984824
984915
984955
984992
985332
985597
985657
985687
985786
985983
986122
986303
986713
986739
986843
987015
987322
987549
987566
987639
987649
987782
987794
987815
988250
988343
988506
988646
988670
988798
988832
988876
988949
989110
989130
989171
989354
989495
989585
989670
989933
989996
990162
990231
990325
990494
990787
990967
991009
991063
991220
991318
991345
991431
991570
991649
991670
991753
991775
991814
991884
992093
992327
992357
992844
993196
993242
993281
993373
993562
993834
993948
994045
994067
994099
994148
994218
994290
994333
994425
994496
994623
994820
994912
995046
995112
995204
995283
995308
995418
995472
995561
995857
995918
995946
996048
996235
996311
996388
996441
996498
996539
996677
996813
996881
996930
996932
997025
997166
997909
998123
998245
998254
998308
998310
998377
998503
998993
999012
999017
999095
999601
999618
999879
1000132
1000168
1000373
1000398
1000506
1000700
1000766
1000816
1000852
1000939
1001136
1001355
1001361
1001727
1001818
1001827
1001850
1001978
1002200
1002360
1002388
1002419
1002699
1003191
1003221
1003682
1003810
1003979
1004334
1004542
1004591
1004726
1004764
1004773
1004852
1005369
1005498
1005831
1005963
1006034
1006486
1006530
1006534
1006743
1007047
1007066
1007120
1007236
1007264
1007328
1007590
1007599
1007709
1007720
1007875
1007936
1008121
1008425
1008762
1009013
1009137
1009303
1009633
1009702
1009810
1009856
1009945
1010165
1010410
1010550
1010891
1011598
1011702
1011745
1011964
1012032
1012125
1012519
1012601
1012607
1012630
1012725
1012829
1012942
1012944
1013098
1013152
1013206
1013326
1013604
1013881
1014042
1014251
1014365
1014488
1014490
1014699
1014796
1015024
1015234
1015485
1015490
1015635
1015846
1015855
1016022
1016096
1016207
1016273
1016518
1016628
1016675
1016720
1016732
1016742
1016754
1016845
1016995
1017117
1017419
1017533
1017556
1017606
1017611
1017678
1017733
1017815
1018217
1018436
1018579
1018609
1018653
1018730
1018841
1018906
1018918
1018941
1019026
1019073
1019521
1019605
1019805
1019938
1020000
1020041
1020072
1020222
1020258
1020437
1020508
1020669
1020787
1020805
1020825
1021299
1021354
1021467
1021529
1021612
1021924
1021988
1022327
1022587
1022731
1022749
1022798
1023024
1023130
1023415
1023597
1024073
1024135
1024138
1024349
1024424
1024631
1024770
1024863
1024890
1024921
1024956
1025098
1025115
1025181
1025364
1025615
1025894
1025989
1026134
1026350
1026400
1026467
1026638
1026766
1026962
1026981
1027059
1027125
1027245
1027385
1027440
1027509
1027683
1027688
1027721
1027792
1028003
1028102
1028111
1028128
1028322
1028358
1028494
1028754
1028927
1029130
1029246
1029302
1029460
1029613
1029821
1029965
1030150
1030263
1030472
1030591
1030631
1030749
1030760
1030766
1030950
1031210
1031316
1031340
1031355
1031475
1031544
1031850
1031888
1031966
1032068
1032252
1032657
1032808
1032814
1032892
1033096
1033291
1033619
1033676
1033729
1033742
1033775
1034139
1034227
1034243
1034284
1034387
1034411
1034443
1034444
1034462
1034576
1034717
1034736
1035322
1035335
1035482
1035526
1035549
1035565
1035662
1035786
1036055
1036269
1036325
1036420
1036683
1036797
1036849
1036903
1036993
1037003
1037135
1037405
1037696
1037718
1037797
1037893
1038030
1038086
1038199
1038439
1038442
1038492
1038850
1039000
1039148
1039270
1039337
1039339
1039459
1039533
1039560
1039590
1039612
1039620
1039644
1039743
1039753
1039837
1040191
1040278
1040375
1040475
1040550
1040949
1041651
1041732
1041819
1042169
1042226
1042264
1042314
1042549
1042605
1042654
1042745
1042841
1042946
1043047
1043151
1043219
1043232
1043293
1043381
1043781
1044008
1044267
1044373
1044465
1044537
1044836
1044984
1045176
1045226
1045462
1045626
1045723
1046213
1046319
1046534
1046587
1046590
1046647
1047311
1047485
1047489
1047495
1047753
1047760
1047978
1048062
1048130
1048232
1048242
1050317
1050375
1050543
1051278
1051286
1051968
1052012
1052244
1052584
1052926
1053204
1053223
1053245
1053433
1053547
1053552
1053669
1053709
1053959
1054572
1054780
1054846
1054919
1054993
1055214
1055260
1055376
1055432
1055613
1055726
1055851
1055877
1055944
1055977
1056024
1056299
1057034
1057207
1057271
1057364
1057672
1057872
1057919
1058023
1058415
1058419
1058657
1058822
1058967
1059035
1059118
1059241
1059261
1059361
1060079
1060366
1060389
1060690
1060763
1060841
1061386
1061402
1061455
1061559
1061607
1061620
1061695
1062045
1062103
1062181
1062449
1062906
1063019
1063068
1063333
1063434
1063539
1063934
1064195
1064311
1064324
1064415
1065041
1065381
1065552
1065746
1065965
1066662
1067144
1068908
1068993
1069040
1070009
1072678
1073978
1075686
1076315
1076569
1076834
1077030
1077190
1077670
1078008
1078356
1078464
1079028
1079030
1079080
1079315
1079646
1080195
1080387
1080428
1080584
1080814
1080840
1080958
1081158
1081171
1081342
1081851
1081890
1082119
1082217
1082270
1082422
1082751
1082933
1083008
1083104
1083119
1083362
1083431
1083505
1083537
1083544
1083701
1083789
1083862
1084192
1084269
1084389
1084403
1084412
1084496
1084594
1084659
1084820
1084928
1085210
1085488
1085717
1085780
1085888
1086175
1086281
1086591
1086828
1086954
1087033
1087054
1087169
1087171
1087213
1087238
1087515
1087552
1087750
1087795
1087805
1087847
1087909
1087953
1088092
1088272
1088308
1088392
1088428
1088527
1088565
1088656
1088827
1088860
1088982
1088990
1089021
1089057
1089102
1089150
1089246
1089301
1089374
1089395
1089480
1089611
1089658
1089808
1089887
1090087
1090258
1090273
1090307
1090371
1090401
1090527
1090559
1090593
1090671
1090731
1090760
1090832
1090929
1091044
1091120
1091282
1091344
1091513
1091581
1091711
1091737
1091828
1091949
1092086
1092131
1092324
1092328
1092399
1092558
1092598
1092599
1092633
1092700
1092807
1093145
1093225
1093254
1093325
1093404
1093461
1093586
1093630
1093645
1093843
1093870
1093922
1093962
1094150
1094335
1094554
1094616
1094689
1094698
1094765
1094811
1094929
1094983
1095054
1095205
1095222
1095242
1095373
1095438
1095502
1095551
1095598
1095714
1095770
1095859
1095931
1096067
1096167
1096206
1096259
1096261
1096307
1096376
1096439
1096557
1096672
1096788
1096879
1096987
1097064
1097127
1097239
1097635
1097660
1097786
1097804
1097879
1097945
1098021
1098086
1098200
1098281
1098755
1098797
1099035
1099121
1099162
1099185
1099235
1099249
1099259
1099548
1099684
1099881
1100121
1100249
1100354
1100599
1100747
1100934
1101210
1101317
1101463
1101508
1101680
1101731
1101778
1101821
1101945
1102062
1102111
1102192
1102324
1102326
1102388
1102436
1102446
1102649
1102949
1103049
1103215
1103438
1103597
1103761
1103889
1103895
1103982
1104173
1104312
1104376
1104378
1104439
1104511
1104525
1104671
1104674
1104781
1104839
1104908
1104940
1105005
1105161
1105276
1105531
1105567
1105837
1106084
1106412
1106421
1106504
1106507
1106704
1106784
1106808
1107031
1107123
1107409
1107514
1107544
1107586
1107710
1107781
1107794
1107821
1107932
1108015
1108470
1108520
1108738
1108803
1108807
1108884
1109108
1109232
1109260
1109312
1109352
1109484
1109759
1109830
1109897
1110075
1110471
1110645
1110693
1110696
1110762
1110880
1111621
1111858
1112071
1112097
1112151
1112190
1112406
1112447
1112533
1112637
1112743
1112957
1113321
1113418
1113561
1114113
1114415
1114494
1114565
1114684
1114710
1114904
1115076
1115165
1115198
1115257
1115391
1115460
1115514
1115528
1115567
1115692
1116196
1116288
1116338
1116350
1116420
1116770
1116834
1117138
1117168
1117499
1117504
1117687
1117872
1117873
1118011
1118379
1118477
1118500
1118630
1118657
1118703
1118829
1118982
1119000
1119183
1119499
1119556
1119702
1119716
1119738
1119783
1119882
1119925
1120081
1120217
1120627
1120657
1120905
1120934
1121132
1121179
1121194
1121322
1121440
1121521
1121974
1122203
1122204
1122232
1122436
1122440
1122525
1122529
1122639
1122694
1123079
1123123
1123277
1123598
1123686
1123777
1123857
1123939
1124277
1124370
1124431
1124846
1125110
1125229
1125358
1125444
1125512
1125516
1125562
1125611
1125700
1125858
1126099
1126120
1126220
1126240
1126389
1126546
1126672
1127009
1127071
1127214
1127444
1127576
1127792
1127921
1128021
1128215
1128232
1128394
1128482
1128561
1128595
1128673
1128766
1129178
1129256
1129340
1129483
1129585
1129750
1129843
1129919
1129953
1129962
1130007
1130328
1130594
1130634
1130694
1130944
1131123
1131236
1131484
1131533
1131689
1131827
1132004
1132090
1132334
1132379
1132504
1132890
1132997
1133032
1133052
1133127
1133170
1133402
1133465
1133468
1133695
1133867
1134039
1134058
1134091
1134101
1134184
1134223
1134253
1134385
1134455
1134537
1134556
1134790
1134927
1134943
1134976
1135152
1135228
1135272
1135379
1135415
1135424
1135546
1135679
1135761
1135851
1135899
1135945
1136059
1136083
1136116
1136380
1136442
1136577
1136708
1136794
1136824
1136914
1136922
1137100
1137103
1137171
1137323
1137447
1137484
1137682
1137769
1137874
1137945
1138037
1138256
1138343
1138395
1138418
1138612
1138863
1138970
1138980
1139029
1139039
1139216
1139223
1139556
1139648
1139679
1139820
1139894
1139962
1140080
1140216
1140322
1140374
1140504
1140572
1140677
1140763
1140835
1140922
1141047
1141136
1141264
1141309
1141622
1141816
1141823
1141909
1141991
1142159
1142216
1142369
1142455
1142523
1142562
1142672
1142832
1142853
1143116
1143250
1143308
1143515
1143623
1143631
1144172
1144329
1144427
1144545
1144628
1144755
1144787
1144834
1144843
1144899
1145175
1145269
1145314
1145521
1145754
1145950
1145972
1146018
1146172
1146403
1146708
1146762
1146792
1147094
1147198
1147285
1147481
1147727
1147844
1147968
1148000
1148168
1148228
1148358
1148430
1148506
1148544
1148631
1148896
1148924
1149277
1149283
1149350
1149484
1149504
1149572
1150110
1150289
1150499
1150631
1150732
1150754
1150928
1151431
1151440
1151521
1151526
1151531
1151689
1151713
1152263
1152280
1152586
1152640
1152873
1152921
1152969
1153051
1153291
1153431
1153762
1153846
1154005
1154224
1154252
1154302
1154428
1154675
1154986
1155083
1155304
1155310
1155354
1155495
1155499
1155609
1155679
1156230
1156558
1156728
1156764
1156888
1156975
1157016
1157347
1157579
1158008
1158113
1158135
1158416
1158461
1158478
1158702
1158801
1158852
1159048
1159156
1159233
1159241
1159274
1159332
1159342
1159699
1159802
1160064
1160174
1160197
1160572
1160803
1160826
1160898
1160923
1161017
1161085
1161191
1161314
1161336
1161529
1161789
1162109
1162213
1162246
1162473
1162480
1162634
1162896
1162897
1162996
1163064
1163296
1163326
1163529
1163563
1163615
1164048
1164073
1164097
1164120
1164123
1164321
1164379
1164732
1164900
1164962
1165003
1165146
1165274
1165745
1165901
1165905
1165938
1166053
1166286
1166379
1166535
1166611
1166764
1166853
1166861
1166908
1166988
1167084
1167310
1167331
1167696
1167768
1167780
1168055
1168385
1168473
1168587
1168699
1169235
1169413
1169691
1169702
1169846
1169986
1170042
1170046
1170186
1170267
1170386
1170641
1170817
1170953
1171021
1171044
1171247
1171368
1171448
1171457
1171649
1171798
1171874
1171915
1172216
1172280
1172441
1172977
1172988
1173106
1173248
1173322
1173343
1173378
1173574
1173625
1173742
1173849
1173962
1174256
1174540
1174591
1174712
1174757
1175088
1175340
1175414
1175491
1175561
1175625
1175781
1176003
1176124
1176261
1176569
1176645
1176674
1176860
1177399
1177676
1177797
1178024
1178149
1178242
1178452
1178485
1178604
1178757
1178849
1179059
1179281
1179315
1179610
1179673
1179835
1179890
1180070
1180214
1180447
1180538
1180622
1180787
1180839
1180901
1181057
1181382
1181561
1181860
1181906
1182225
1182249
1182493
1182495
1182545
1182724
1182805
1182805
1182910
1182970
1183006
1183039
1183197
1183588
1183653
1183683
1183718
1183746
1183769
1183807
1183994
1184017
1184258
1184388
1184604
1184786
1185129
1185400
1185422
1185615
1185881
1185909
1185998
1186061
1186503
1186584
1186968
1187369
1187394
1187558
1187658
1187769
1188209
1188217
1188880
1188972
1188973
1189163
1189214
1189421
1189487
1189578
1189737
1189805
1189820
1190049
1190052
1190167
1190463
1190553
1190615
1190640
1190723
1190766
1190808
1190827
1190899
1190983
1191132
1191486
1191690
1191735
1192074
1192199
1192294
1192304
1192398
1192453
1192495
1192620
1192708
1193043
1193051
1193121
1193537
1193549
1193657
1193778
1194008
1194056
1194121
1194217
1194475
1194534
1194676
1194710
1194721
1194830
1194868
1194932
1195029
1195150
1195217
1195298
1195584
1195691
1195740
1195868
1196032
1196107
1196235
1196329
1196437
1196506
1196732
1196753
1196852
1196976
1197164
1197587
1197642
1197696
1197846
1197901
1198073
1198430
1198765
1198803
1198969
1199278
1199372
1199460
1199581
1199784
1200003
1200158
1200306
1200457
1200575
1200664
1200754
1201280
1201426
1201534
1201633
1201756
1201883
1202013
1202085
1202270
1202528
1202791
1202829
1202965
1203165
1203277
1203313
1203475
1203573
1204029
1204032
1204109
1204230
1204349
1204364
1204450
1204560
1204697
1204823
1204894
1204973
1205211
1205331
1205404
1205498
1205995
1206141
1206466
1206478
1206785
1206818
1206925
1207035
1207283
1207719
1207970
1208326
1208332
1208452
1208745
1208989
1209328
1209367
1209426
1209572
1209677
1209858
1209906
1210213
1210456
1210719
1210973
1211249
1211608
1211783
1212003
1212099
1212499
1212651
1212748
1214391
1214598
1214758
1215144
1215506
1215644
1215737
1215825
1215891
1215972
1216114
1216323
1216362
1216876
1217723
1218292
1218525
1218602
1219418
1219466
1220646
1220712
1220712
1220959
1220989
1221034
1221102
1221395
1221466
1221588
1221589
1221660
1221829
1221910
1222092
1222127
1222146
1222272
1222463
1222615
1222909
1223005
1223045
1223101
1223137
1223173
1223220
1223316
1223414
1223513
1223991
1224119
1224289
1224402
1224428
1224975
1225040
1225043
1225078
1225200
1225233
1225476
1225555
1225836
1225898
1226279
1226469
1226560
1226635
1226700
1226798
1227200
1227352
1227643
1228025
1228194
1228419
1228512
1228850
1229164
1229213
1229391
1229795
1229936
1229997
1230078
1230143
1230181
1230464
1230499
1230520
1230753
1231018
1231029
1231220
1231495
1231597
1231623
1231717
1231838
1232012
1232119
1232134
1232141
1232239
1232319
1232514
1232639
1232842
1233323
1233523
1233710
1234087
1234175
1234340
1234359
1234388
1234839
1234966
1235202
1235479
1235483
1236091
1236116
1236207
1236246
1236337
1236534
1236609
1236754
1236991
1237014
1237079
1237197
1237267
1237344
1237394
1237564
1237581
1237645
1237673
1237716
1238056
1238100
1238370
1238421
1238688
1238757
1238794
1238795
1238906
1239048
1239068
1239332
1239342
1239375
1239457
1239644
1239717
1239782
1240039
1240314
1240382
1240423
1240571
1240869
1240891
1240963
1241084
1241123
1241181
1241210
1241261
1241428
1241524
1241597
1241659
1241695
1241747
1241846
1242070
1242115
1242503
1242547
1242624
1242869
1242904
1242921
1242964
1243084
1243129
1243306
1243416
1243477
1243723
1243882
1243912
1244007
1244008
1244278
1244290
1244324
1244353
1244487
1244639
1244739
1245082
1245138
1245250
1245657
1245670
1245791
1245791
1245872
1246105
1246214
1246264
1246302
1246438
1246464
1246566
1246684
1246787
1246948
1246996
1247046
1247145
1247568
1247814
1247860
1247895
1247898
1248103
1248157
1248318
1248477
1248702
1248753
1248961
1249021
1249070
1249242
1249286
1249449
1249577
1249639
1249742
1249822
1249869
1249930
1249957
1250044
1250122
1250354
1250532
1250584
1250679
1250738
1250823
1250914
1251075
1251084
1251213
1251491
1251927
1252560
1252690
1252723
1252845
1253317
1253495
1253547
1253572
1253580
1253618
1253704
1253731
1253731
1253903
1253941
1254164
1254391
1254452
1254466
1254509
1254533
1254751
1255359
1255496
1255723
1255835
1256052
1256216
1256267
1256289
1256525
1256606
1256632
1256813
1256912
1257127
1257250
1257701
1257720
1257725
1257779
1257979
1258127
1258349
1258354
1258556
1258626
1258775
1258811
1258922
1258994
1259014
1259382
1259472
1259643
1259708
1260109
1260238
1260418
1260578
1260650
1260838
1260840
1260929
1260938
1260997
1261188
1261258
1261376
1261456
1261591
1261853
1262043
1262104
1262214
1262280
1262451
1262667
1262792
1262864
1263312
1263413
1263501
1263550
1263631
1263758
1263803
1263836
1264010
1264115
1264200
1264206
1264429
1264499
1264592
1264632
1264808
1264815
1265220
1265323
1265356
1265361
1265397
1265416
1265527
1265618
1265707
1265712
1265988
1265998
1266014
1266052
1266083
1266352
1266578
1266599
1266892
1267002
1267037
1267233
1267340
1267709
1267766
1267905
1267906
1268009
1268075
1268347
1268348
1268368
1268522
1268680
1268788
1268824
1268887
1269112
1269119
1269468
1269651
1269774
1269788
1269811
1269858
1269935
1270277
1270423
1270645
1270734
1270748
1270963
1271010
1271088
1271088
1271195
1271226
1271227
1271536
1271839
1271893
1271906
1272109
1272219
1272415
1272484
1272649
1272669
1272796
1272958
1273135
1273169
1273436
1273470
1273484
1273567
1273658
1273665
1273699
1273911
1273943
1274151
1274288
1274487
1274553
1274636
1274779
1274805
1274873
1275007
1275062
1275567
1275595
1275712
1275854
1275978
1276042
1276309
1276395
1276409
1276869
1276912
1276941
1277079
1277088
1277099
1277258
1277346
1277700
1277858
1277877
1277976
1278137
1278229
1278534
1278583
1279391
1279478
1279506
1279520
1279521
1279544
1279548
1279827
1279848
1279893
1279995
1280042
1280099
1280305
1280594
1280636
1280763
1280897
1280943
1281037
1281101
1281170
1281185
1281444
1281668
1281803
1282176
1282223
1282388
1282511
1282533
1282804
1283128
1283167
1283224
1283293
1283927
1283936
1284038
1284082
1284266
1284341
1284678
1284773
1284841
1284980
1285112
1285173
1285444
1285693
1285798
1285807
1286094
1286196
1286315
1286395
1286480
1286644
1286775
1286944
1287183
1287369
1287665
1287805
1287859
1287950
1288010
1288097
1288105
1288813
1289147
1289463
1289571
1289681
1289743
1289812
1289867
1289930
1290184
1290204
1290251
1290469
1290551
1290614
1290680
1290975
1291059
1291318
1291495
1291548
1291563
1291772
1291879
1292052
1292166
1292336
1292352
1292544
1292761
1292879
1292903
1293003
1293017
1293122
1293189
1293252
1293701
1293783
1294082
1294130
1294167
1294237
1294593
1294637
1294719
1294948
1295121
1295154
1295379
1295640
1295787
1295823
1295867
1295929
1296063
1296192
1296258
1296646
1296716
1296739
1297127
1297243
1297278
1297316
1297417
1297529
1297946
1297990
1298229
1298329
1298438
1298471
1298620
1299001
1299231
1299454
1299498
1299552
1299660
1299824
1299952
1300088
1300206
1300318
1300402
1300427
1300656
1300722
1300736
1300856
1300918
1301034
1301158
1301469
1301877
1302055
1302174
1302723
1302916
1303249
1303364
1303864
1304059
1304242
1304376
1304380
1304445
1304531
1304724
1304979
1305189
1305244
1305253
1305296
1305571
1305688
1305728
1305835
1305998
1306122
1306129
1306448
1306475
1306675
1306986
1307076
1307145
1307564
1307629
1307631
1307721
1307849
1308019
1308070
1308141
1308194
1308271
1308312
1308461
1308537
1308646
1308713
1308832
1308867
1308921
1309086
1309156
1309211
1309219
1309476
1309493
1309572
1309926
1310234
1310284
1310442
1310576
1310730
1310799
1310917
1310919
1311371
1311497
1311757
1311854
1312051
1312267
1312308
1312321
1312412
1312479
1312546
1312683
1313198
1313214
1313342
1313588
1313696
1313789
1313929
1313991
1314040
1314210
1314656
1314678
1314732
1315224
1315479
1315528
1315643
1315786
1315835
1315968
1316129
1316285
1316485
1316578
1316755
1317326
1317537
1317620
1317752
1317895
1318257
1318274
1318596
1318914
1319746
1321197
1321255
1321443
1324120
1324234
1324633
1324891
1325302
1325593
1325733
1326712
1328047
1328382
1328675
1329099
1329264
1329393
1334552
1334961
1335590
1335976
1337074
1337151
1337279
1339075
1339210
1340201
1340483
1341723
1349331
1350741
1351257
1351333
1352305
1352764
1352907
1353159
1353701
1354126
1354164
1354864
1354870
1354870
1354896
1355032
1355050
1355071
1355077
1355133
1355243
1355300
1355435
1355536
1355573
1355623
1355804
1356020
1356173
1356424
1356604
1356740
1356755
1356996
1357050
1357067
1357242
1357252
1357425
1357535
1359030
1359195
1359692
1361295
1362895
1363706
1364239
1364276
1364298
1365033
1365622
1367237
1367287
1368656
1368783
1370400
1370747
1371551
1371622
1371967
1372027
1372175
1372389
1372525
1372837
1373401
1373739
1374644
1374860
1375097
1375638
1375936
1376355
1376958
1377085
1377200
1377480
1377512
1379230
1379463
1380005
1380574
1381311
1381625
1381719
1381769
1382171
1382260
1382512
1383694
1383724
1383907
1384499
1384767
1384840
1384991
1386000
1386033
1386191
1386249
1386985
1388549
1388600
1388815
1389285
1389387
1390070
1390458
1391094
1391812
1392005
1392198
1392654
1393411
1393479
1394132
1394431
1394519
1395366
1395806
1396068
1396697
1397393
1397458
1397612
1398809
1399144
1399289
1399376
1400265
1400295
1400473
1400622
1400701
1400879
1400940
1401273
1401719
1401996
1402189
1402216
1402442
1403096
1403199
1403409
1403993
1404156
1404179
1404976
1405048
1406028
1406140
1406411
1406501
1407011
1407535
1407676
1407872
1409510
1410056
1410250
1410497
1410809
1410964
1411330
1411705
1411952
1412182
1412589
1412620
1413597
1414432
1414539
1414549
1414993
1415272
1415607
1415780
1416115
1416151
1416666
1416799
1417205
1417368
1417434
1417630
1417674
1417900
1418229
1418263
1418733
1420003
1420375
1421105
1421166
1421213
1422361
1422586
1423348
1423742
1423776
1423993
1424418
1424464
1424572
1424749
1425118
1425411
1425487
1425569
1425775
1426005
1426164
1426382
1426601
1426750
1426884
1427162
1427200
1427343
1427509
1427577
1427756
1427995
1428209
1428232
1428293
1428305
1428904
1429136
1429601
1430434
1431193
1431387
1431849
1432115
1432175
1432346
1432378
1432806
1433073
1433223
1433279
1433965
1434216
1434505
1434902
1435228
1435490
1435674
1435850
1436175
1436845
1437247
1437277
1437450
1438321
1438467
1439024
1439600
1440028
1440154
1440376
1440577
1441333
1441537
1441855
1441982
1442179
1442219
1442403
1442896
1443357
1443477
1443482
1444181
1444368
1444393
1444493
1444618
1444668
1445099
1445196
1445859
1446007
1446010
1447617
1448002
1448085
1448086
1448255
1448373
1449540
1449807
1450345
1451098
1451271
1451642
1451747
1451845
1452029
1453804
1454021
1454173
1454223
1454440
1454495
1454532
1454877
1454901
1457200
1457789
1458510
1458830
1459395
1459938
1460108
1460663
1460873
1461123
1461276
1461464
1461547
1461778
1462476
1462612
1462957
1463842
1464441
1464525
1464940
1465249
1465364
1465395
1465433
1466409
1466429
1466492
1467246
1467336
1467463
1467579
1467634
1467844
1468050
1468477
1468586
1468694
1469063
1469199
1469410
1469901
1470128
1470479
1471220
1471261
1471262
1471475
1471697
1472378
1472506
1473039
1473486
1473488
1473597
1473849
1474050
1474545
1474791
1474974
1475024
1475118
1475723
1476688
1476791
1477548
1477963
1478101
1478224
1478240
1478588
1478667
1478697
1478782
1480602
1480696
1482180
1482260
1482501
1482956
1483368
1483444
1483462
1483619
1483964
1484018
1484172
1484377
1484629
1484636
1485101
1485133
1485270
1485670
1485783
1485870
1486399
1486629
1487002
1487093
1487304
1487962
1488343
1488708
1489591
1489599
1489786
1491186
1491538
1491611
1491722
1492548
1492723
1493188
1493634
1493779
1493907
1494093
1494475
1495196
1496368
1496594
1496845
1497369
1497637
1498116
1498222
1498243
1498331
1498409
1498753
1499830
1499953
1501807
1502278
1502365
1502661
1503884
1505231
1505355
1505375
1505430
1506106
1507056
1507705
1508560
1510870
1510985
1513206
1515414
1515453
1515909
1516205
1516578
1516773
1517213
1517554
1517664
1517701
1518365
1518942
1519002
1519362
1519595
1520435
1521140
1521252
1521480
1521733
1522084
1522268
1522447
1522463
1522594
1522894
1523839
1524468
1524835
1525328
1525851
1525922
1526478
1526502
1527247
1528699
1529643
1530200
1530986
1531107
1531722
1531742
1531932
1532541
1532744
1532834
1532868
1532917
1533475
1533574
1533985
1534558
1535288
1535304
1536708
1536840
1537241
1537937
1538131
1538766
1539051
1539125
1539355
1539903
1540805
1541048
1541268
1541882
1541928
1543584
1543856
1544022
1544068
1544388
1544828
1544972
1545042
1546361
1547048
1547360
1547417
1547530
1548338
1548472
1549200
1549623
1549959
1550844
1551049
1551264
1551553
1553405
1553608
1553622
1553640
1553693
1553876
1554232
1554385
1554528
1555070
1555241
1555440
1557142
1557360
1557443
1557556
1557810
1558124
1558207
1558476
1559364
1559671
1559944
1560214
1560503
1561065
1561497
1561647
1561859
1563352
1563662
1563901
1564316
1564577
1564896
1565262
1565774
1566018
1566061
1567028
1567239
1568374
1568765
1568947
1569262
1569376
1569566
1569637
1569665
1569947
1570486
1570591
1570918
1571045
1571192
1571306
1571546
1572605
1572772
1573469
1573911
1574248
1575305
1576069
1577812
1577833
1578466
1578708
1578863
1579390
1579468
1579497
1580186
1580295
1580386
1580393
1580655
1580760
1580972
1581137
1581245
1582602
1583776
1583913
1584007
1584630
1585305
1585471
1585496
1585866
1586128
1586185
1587244
1587541
1588569
1588593
1588711
1588927
1588937
1589600
1589812
1589966
1590176
1590436
1590591
1591141
1591306
1591494
1591655
1591903
1592442
1592707
1592711
1592792
1592885
1594350
1594398
1595143
1595671
1596698
1596806
1597366
1597578
1597626
1597739
1598228
1598248
1598622
1598714
1599006
1599203
1599331
1599673
1600136
1600186
1600462
1601205
1601335
1601688
1602446
1602669
1602732
1603192
1603768
1603993
1604385
1604612
1605914
1606040
1606072
1606165
1606653
1606661
1607004
1607108
1607494
1607503
1607748
1607856
1608330
1608558
1608632
1609310
1609398
1609530
1609678
1609887
1609957
1610103
1610126
1610199
1610519
1610803
1610937
1611140
1611474
1611705
1611718
1611815
1611997
1612093
1612306
1612408
1612721
1613249
1613328
1613683
1613855
1613894
1613934
1614358
1614469
1614818
1614984
1615047
1615275
1616171
1616387
1616727
1616774
1617418
1617693
1617769
1617885
1618035
1618309
1619015
1619962
1620196
1620858
1621421
1621828
1622011
1622204
1622389
1623611
1623819
1623968
1624148
1624165
1625048
1625139
1625494
1625803
1625916
1626422
1626691
1626787
1626804
1627594
1627926
1627991
1628117
1628322
1629026
1629145
1629368
1630359
1630519
1630557
1630617
1631210
1633151
1633760
1634785
1634811
1635513
1635725
1637849
1639811
1640049
1640796
1640991
1640999
1641176
1641279
1641374
1641534
1641589
1641603
1641665
1642047
1642135
1642230
1642459
1642746
1642795
1642906
1643022
1643132
1643188
1643560
1643701
1643716
1643907
1644165
1644280
1644289
1644713
1644882
1644961
1645426
1645577
1645577
1645611
1645637
1645988
1646718
1646731
1646732
1646744
1646954
1647518
1647566
1647607
1647942
1648005
1648394
1648647
1648706
1649288
1649546
1649707
1649963
1649966
1649999
1650566
1650789
1650944
1651055
1652105
1652395
1652507
1652694
1652884
1653063
1653160
1653345
1653416
1653550
1653708
1653892
1654209
1654564
1654888
1655127
1655237
1656211
1656286
1656857
1656955
1656987
1657278
1657437
1657569
1657868
1657924
1657927
1658172
1658213
1658353
1658435
1658523
1658861
1659603
1659975
1660390
1660513
1660623
1660769
1661842
1662017
1662081
1662082
1662356
1662624
1662682
1662770
1662789
1663133
1663178
1663725
1663864
1663958
1664033
1664395
1664559
1664652
1664889
1665178
1665519
1665521
1665792
1666108
1666220
1666857
1667052
1667555
1667768
1668100
1668428
1668727
1668756
1669047
1669051
1669402
1670257
1670594
1670605
1671115
1671214
1671380
1671517
1672151
1672391
1672840
1673317
1673772
1673940
1674426
1674592
1674634
1674876
1675142
1675274
1675436
1675564
1675629
1675725
1675898
1676019
1676054
1676336
1676827
1676852
1677063
1677317
1677474
1677678
1678716
1679174
1679637
1679978
1680190
1680703
1680744
1680875
1680920
1681227
1681324
1681772
1681887
1682255
1682334
1682622
1682832
1683150
1683544
1683770
1683938
1684010
1684412
1684563
1684850
1685234
1685370
1685554
1686105
1686520
1686543
1687009
1687183
1687619
1687736
1688083
1688238
1688402
1688823
1689011
1689319
1689837
1689955
1690215
1690349
1690436
1690853
1690906
1690989
1691024
1691348
1691370
1691482
1691567
1691603
1691633
1691757
1691758
1692058
1692092
1692244
1692441
1692563
1692779
1692800
1692939
1693217
1693472
1693685
1693760
1694042
1694164
1694335
1694554
1694800
1695275
1695302
1695564
1695662
1695803
1695925
1696219
1696233
1696619
1696983
1697470
1697564
1697846
1698207
1698565
1698769
1698844
1698949
1699327
1699336
1699377
1699699
1699924
1700428
1700552
1700579
1700784
1700785
1700960
1701002
1701221
1701642
1702003
1702137
1702236
1702899
1702955
1703133
1703222
1703529
1703945
1703973
1704497
1704511
1704599
1704732
1704953
1705000
1705604
1705763
1706067
1706084
1706174
1706676
1706791
1706927
1706973
1707171
1707207
1707349
1707398
1707399
1707650
1707903
1708087
1708093
1708558
1708632
1708781
1708966
1709043
1709144
1709383
1709474
1709596
1709711
1709843
1710031
1710069
1710522
1710578
1710713
1710739
1710780
1710890
1710900
1711042
1711091
1711198
1711316
1711499
1711636
1711678
1711683
1711738
1711869
1712102
1712379
1712776
1712842
1713047
1713143
1713957
1714219
1714388
1714501
1714675
1714791
1714937
1715207
1715769
1716003
1716315
1716456
1717166
1717410
1718060
1718186
1718297
1718580
1718600
1718679
1718701
1718724
1719259
1719364
1719468
1719491
1720042
1720237
1721067
1721812
1721818
1721858
1722493
1722502
1722740
1723195
1723197
1723360
1723545
1723546
1724035
1724050
1724220
1724306
1724425
1724570
1724650
1725229
1725281
1725392
1725538
1725824
1726042
1726217
1726589
1726610
1727093
1727584
1727646
1728065
1728213
1728275
1728554
1728602
1728720
1729027
1729155
1729282
1729327
1729490
1729541
1730023
1730857
1730906
1731026
1731114
1731466
1731607
1732167
1732402
1732638
1732856
1732936
1733026
1733122
1733163
1733500
1733615
1733638
1734238
1734314
1734355
1734697
1734800
1735025
1735313
1735655
1735832
1735923
1736098
1736758
1737016
1737074
1737084
1737376
1737437
1737552
1737581
1737828
1738381
1738560
1738579
1738848
1738940
1739865
1740264
1740450
1740545
1740568
1740640
1740709
1740823
1740951
1741274
1741696
1742020
1742310
1742511
1742703
1742787
1742976
1743080
1743242
1743491
1743954
1744020
1744784
1745072
1745073
1745135
1745207
1745301
1745345
1745458
1745534
1745849
1746112
1746169
1746395
1746477
1746480
1746547
1747336
1747524
1747615
1747783
1747839
1747847
1747883
1747995
1748230
1748287
1748386
1748392
1748466
1748739
1749194
1749300
1749458
1749723
1750090
1750408
1750464
1750561
1750662
1750718
1750889
1751157
1751511
1751519
1751831
1751862
1751929
1752238
1752533
1752744
1752870
1752897
1753003
1753660
1753869
1753880
1754036
1754099
1754159
1754291
1754585
1755262
1755618
1755751
1755991
1755992
1756055
1756475
1756627
1757210
1757371
1757455
1757543
1757549
1757637
1757826
1758182
1758328
1758402
1758460
1758708
1758815
1758980
1759334
1759428
1759561
1759806
1759855
1759882
1759896
1760128
1760266
1760333
1760756
1760823
1760862
1760868
1761357
1761458
1761619
1761765
1761826
1762256
1762288
1762703
1762770
1762881
1762922
1762969
1762991
1763246
1764177
1764343
1764882
1764897
1765527
1765596
1765871
1765936
1766252
1766358
1766447
1766474
1766535
1766604
1767029
1767465
1767596
1767978
1768145
1768294
1768341
1768506
1768590
1768951
1768959
1769022
1769167
1769882
1770170
1770547
1770610
1770661
1771015
1771033
1771088
1771189
1771236
1771259
1771359
1771874
1772046
1772208
1772502
1772569
1772908
1772950
1773117
1773209
1773475
1773567
1773569
1773742
1773897
1774139
1774464
1774607
1774718
1774766
1775234
1775299
1775364
1775471
1775680
1775755
1775980
1776478
1776605
1777098
1777231
1777371
1777699
1777786
1778063
1778340
1778815
1778837
1779055
1779569
1779641
1779983
1780135
1780184
1780266
1780273
1780457
1780595
1780995
1781802
1782041
1782279
1782550
1782592
1782767
1782892
1783383
1783533
1783753
1783964
1783966
1784190
1784240
1784442
1784523
1784553
1784683
1784735
1784791
1784804
1785171
1785198
1785204
1785258
1785331
1785556
1785695
1786162
1786489
1786562
1786682
1786723
1786946
1787189
1787384
1787442
1787564
1787772
1787833
1787965
1788144
1788436
1788584
1788646
1788694
1789127
1789163
1789437
1789761
1790061
1790115
1790255
1790588
1790589
1790722
1790849
1790935
1791249
1791485
1791590
1791610
1791909
1791976
1792229
1792267
1792477
1792559
1792644
1793213
1793742
1793945
1794251
1795006
1795708
1796327
1796497
1797021
1797278
1797622
1797720
1797802
1797927
1798008
1798369
1798520
1799169
1799170
1799545
1799655
1799855
1801566
1802402
1802422
1802690
1803232
1809613
1810010
1811219
1813644
1813673
1815133
1815719
1816226
1817489
1817900
1818284
1818523
1818673
1819702
1820100
1820911
1822469
1822968
1823143
1823264
1823498
1824521
1824928
1825015
1826116
1826290
1826368
1826569
1826890
1827501
1827684
1828345
1828769
1829103
1829471
1829577
1830084
1830306
1831280
1831294
1831504
1832228
1832902
1833314
1833480
1833642
1833761
1834104
1834625
1835039
1835632
1836198
1836459
1836550
1838937
1839178
1839665
1840251
1840299
1840453
1840465
1841524
1841582
1841891
1842041
1842230
1842397
1842974
1843756
1843830
1843910
1844681
1845106
1845770
1845810
1845957
1846243
1847423
1847558
1848723
1849357
1849532
1850206
1850419
1850561
1850830
1851019
1852840
1853161
1853327
1853413
1853808
1854057
1854536
1855285
1855465
1856124
1857501
1857600
1858317
1859130
1859237
1859423
1859618
1859789
1860081
1860329
1860330
1860495
1861144
1861727
1862102
1862731
1862898
1863169
1864017
1864042
1865385
1866593
1866721
1866857
1867008
1867255
1867492
1867566
1868141
1868544
1869197
1869209
1869506
1869546
1869804
1870445
1870464
1870651
1870835
1871338
1871862
1872490
1872745
1873555
1873824
1874241
1874422
1874449
1874532
1875381
1875931
1877001
1877117
1877322
1877328
1877616
1877817
1877994
1878080
1878166
1878790
1878996
1879380
1879935
1880148
1880388
1880866
1881290
1882154
1882203
1882236
1882434
1883226
1883397
1883485
1883525
1883544
1883882
1883935
1884083
1884230
1886237
1887109
1887202
1888231
1888550
1888866
1890545
1891094
1891098
1891426
1892030
1892354
1892454
1892944
1893104
1893920
1894497
1895049
1895441
1896106
1897137
1897675
1897682
1897760
1897910
1898056
1898168
1898235
1899428
1899714
1899859
1900230
1900240
1900395
1900500
1900578
1900847
1901464
1902093
1902105
1902159
1902768
1903038
1903424
1903573
1903650
1903855
1903999
1904158
1904816
1905246
1905490
1906009
1906248
1906409
1906686
1906713
1907093
1907748
1908311
1909267
1909480
1909618
1910067
1910069
1911079
1911113
1911429
1911565
1911900
1912046
1912056
1912734
1912805
1912973
1913075
1913344
1913371
1913494
1913728
1913881
1914765
1915131
1915270
1915394
1916006
1916165
1916253
1916397
1917247
1917497
1917596
1917719
1919480
1919611
1920162
1921038
1921275
1921310
1921473
1921478
1922363
1922385
1922837
1924218
1924545
1924560
1924610
1924786
1925104
1925124
1925390
1925488
1925715
1926020
1926054
1926852
1927616
1927638
1927784
1927947
1928062
1928301
1928460
1928885
1929255
1929370
1929611
1930034
1930107
1930484
1930527
1930755
1931175
1931604
1932156
1932237
1932351
1932830
1933204
1933756
1933907
1934117
1934309
1934312
1935344
1935359
1935462
1935542
1935858
1935888
1935946
1936629
1936858
1937296
1937400
1937592
1937643
1937832
1938238
1938693
1938840
1939188
1939317
1939541
1939916
1940159
1940266
1940360
1940411
1940690
1941085
1941425
1941872
1941894
1941945
1942096
1942120
1942293
1942558
1942936
1943347
1943495
1943547
1943693
1944205
1944395
1944494
1944510
1944849
1945376
1945394
1946045
1946437
1946584
1946668
1946698
1946777
1946810
1947189
1947254
1947434
1947717
1947778
1948220
1948840
1948903
1948912
1949648
1949707
1949824
1950020
1950074
1950311
1950373
1950379
1950440
1950588
1950686
1951361
1951482
1951843
1952231
1952344
1952446
1952645
1952765
1953282
1953354
1953396
1953845
1953857
1953998
1954806
1954837
1954948
1954987
1955073
1955152
1955427
1955763
1955836
1955907
1956138
1956829
1956834
1957815
1958171
1958227
1958892
1958900
1958987
1959204
1959276
1959313
1960407
1960489
1960753
1960999
1961858
1962016
1962162
1962519
1962932
1963282
1963442
1963747
1963806
1964234
1964835
1965453
1967718
1967830
1967930
1968166
1968642
1968795
1969202
1969282
1969481
1969595
1969801
1970032
1970059
1970246
1970551
1970832
1970843
1970918
1971230
1972007
1972618
1972665
1972767
1973105
1973353
1973853
1974115
1974486
1975016
1975255
1975402
1975420
1975933
1976239
1976468
1976495
1976779
1977190
1977769
1978320
1979482
1979877
1980692
1980781
1981190
1981582
1981672
1981778
1982053
1982078
1982323
1982805
1983542
1984572
1984602
1985126
1985505
1985805
1985821
1985939
1985998
1986106
1986141
1986412
1986797
1987446
1987879
1988154
1988283
1988648
1988735
1988838
1989351
1989473
1989710
1991011
1991182
1991284
1991526
1991658
1992247
1992515
1993534
1993691
1993743
1994021
1994078
1994406
1994455
1995131
1995552
1996051
1996148
1996235
1996404
1996782
1997169
1997493
1997549
1997674
1997933
1998346
1998553
1998623
1998816
1998950
1999425
1999710
2000083
2000780
2001076
2001535
2001640
2001813
2002397
2004382
2004448
2004724
2005178
2005390
2005497
2005713
2005993
2006246
2006764
2006949
2007286
2007418
2007735
2007851
2008711
2009283
2009409
2009496
2009645
2009826
2010156
2010295
2010696
2011023
2011112
2011216
2011630
2012016
2012070
2012637
2012638
2013396
2013542
2014463
2014597
2014997
2015535
2015768
2016742
2016886
2017621
2017809
2018266
2018299
2018839
2019489
2019611
2020293
2020860
2021011
2021252
2021467
2021871
2022247
2022899
2023350
2023844
2023934
2024135
2024270
2024722
2024844
2024969
2025100
2025271
2025756
2026076
2026568
2026578
2026806
2027144
2027168
2027258
2028590
2028768
2029689
2029738
2030198
2030316
2030656
2030846
2031018
2031024
2031088
2031141
2031184
2031374
2031676
2031753
2032356
2032957
2033062
2033091
2033301
2033684
2033729
2034227
2034301
2034304
2034369
2034557
2035130
2036315
2037343
2037356
2037661
2037923
2038088
2038470
2038739
2039071
2039150
2039573
2039728
2040275
2040502
2041467
2042332
2042562
2042607
2042920
2043030
2043640
2043648
2043839
2044435
2044552
2044681
2044737
2045048
2045762
2045898
2045992
2046207
2046333
2046680
2046939
2047549
2047778
2048182
2048318
2048728
2048842
2048844
2048921
2050587
2050754
2050966
2051142
2051252
2051388
2051549
2052316
2052380
2052990
2053043
2053150
2053635
2054104
2054293
2054783
2054954
2055141
2055186
2055359
2056215
2056347
2056487
2056588
2056961
2057321
2057638
2058323
2058388
2058493
2058721
2058920
2059126
2059361
2060087
2060358
2060701
2060821
2061051
2062023
2062199
2062252
2062265
2062293
2062537
2062630
2063167
2063342
2063522
2063822
2064050
2064175
2064418
2065275
2065382
2065583
2066032
2066439
2066483
2066523
2066635
2066986
2067678
2068021
2068309
2068979
2069720
2070041
2070156
2070200
2070239
2070290
2070706
2071359
2071619
2071665
2071968
2072012
2072305
2073358
2073507
2073734
2073865
2073912
2075066
2075300
2075862
2075904
2075946
2075986
2076045
2076245
2076498
2077304
2077449
2077827
2077871
2077925
2078496
2078667
2078809
2079246
2079389
2079604
2079698
2079799
2080187
2080277
2080310
2082629
2083160
2084028
2084068
2084172
2084191
2084204
2084578
2084645
2085199
2085293
2085964
2085970
2086105
2086206
2086429
2086736
2086823
2086882
2087392
2087551
2087660
2088016
2088241
2088331
2088671
2088773
2089249
2089315
2089353
2089413
2089899
2090433
2090953
2091307
2091405
2091604
2091695
2091705
2091822
2091860
2092037
2092534
2092998
2093189
2093293
2093483
2093527
2093987
2094059
2094337
2094871
2094901
2094986
2095086
2095153
2095470
2095483
2095626
2096653
2097799
2098369
2098480
2098540
2098825
2098867
2098993
2099028
2099485
2099515
2099587
2100038
2100329
2101309
2103516
2103538
2103816
2104134
2104714
2104818
2104919
2104991
2105135
2105331
2105355
2105492
2105748
2106141
2106175
2106203
2106252
2106355
2106488
2107019
2107184
2107228
2107368
2107394
2107554
2107835
2108621
2108686
2108812
2109120
2109261
2109264
2109275
2109591
2109606
2109726
2109975
2110011
2110183
2111166
2111259
2111331
2111995
2112161
2112264
2113264
2113471
2114084
2114392
2114702
2114785
2115274
2115373
2115673
2115816
2116441
2116925
2117019
2117199
2117289
2118133
2118660
2118789
2119474
2119555
2119858
2119954
2119981
2120126
2120142
2120284
2121286
2121380
2122430
2123246
2124514
2125017
2125487
2126042
2126121
2126306
2126384
2126489
2127307
2127622
2127801
2128155
2128423
2128716
2129451
2129847
2131001
2131691
2131914
2132208
2132383
2132660
2132948
2133688
2133741
2133895
2134100
2134124
2134282
2134488
2134521
2134772
2134871
2135421
2135979
2137034
2137337
2137356
2137654
2138281
2138416
2138551
2138588
2138674
2138825
2139493
2139878
2139961
2140129
2140252
2140658
2140661
2140734
2141227
2141253
2141301
2141306
2141595
2141724
2141820
2141845
2142071
2142110
2142147
2142414
2142557
2142584
2142961
2142970
2143299
2143570
2143733
2143874
2144132
2144788
2145956
2146225
2146932
2147444
2147709
2147741
2147884
2148119
2148488
2148873
2149111
2149118
2149276
2150435
2150796
2150911
2150957
2151060
2151370
2151827
2151883
2151898
2151983
2152146
2152273
2152276
2152296
2152297
2152412
2152652
2152698
2152933
2153114
2153222
2153282
2153304
2153381
2153655
2155978
2156396
2156750
2158906
2159051
2159564
2159660
2160293
2161638
2162091
2162735
2163613
2165188
2165375
2165511
2166209
2167321
2167373
2167514
2168536
2168557
2168561
2169342
2169354
2169379
2169620
2170554
2170773
2171213
2172408
2172589
2172813
2172941
2173019
2173327
2173387
2173413
2174449
2175088
2176816
2177421
2177755
2178051
2178351
2178512
2178667
2179807
2181104
2181265
2181378
2181490
2182636
2182886
2182888
2183569
2183779
2183902
2184640
2185452
2185772
2186094
2187110
2187136
2187407
2187635
2187730
2187770
2188488
2189232
2189919
2189929
2190488
2191057
2191277
2191775
2193933
2194252
2194499
2194533
2195217
2196548
2196982
2197006
2197234
2197557
2197701
2197984
2199473
2199699
2200256
2200446
2201057
2201295
2201373
2201428
2201648
2201687
2201749
2202977
2203545
2204546
2205263
2205455
2205565
2206430
2206842
2207214
2207243
2208100
2208246
2208583
2208663
2208745
2209709
2210114
2210341
2210377
2211612
2212412
2212429
2212481
2213494
2213821
2214585
2215040
2215337
2215422
2216332
2216989
2217253
2217382
2217561
2218116
2218203
2218568
2218855
2219675
2220050
2220051
2220435
2220883
2220979
2221286
2221315
2222016
2222246
2223197
2223245
2223297
2223383
2223511
2224565
2224618
2224850
2225161
2225247
2225582
2226312
2226457
2226625
2226881
2226966
2228999
2229547
2229926
2230062
2230776
2232086
2232335
2233421
2233477
2233484
2234158
2234403
2234908
2235544
2235570
2235737
2235762
2235845
2235916
2236157
2236380
2236509
2236547
2236745
2237901
2238141
2238445
2238588
2238720
2238824
2239320
2239585
2239982
2240260
2241847
2241901
2242005
2242359
2242376
2243293
2243795
2244006
2244239
2245164
2245299
2245615
2245734
2246026
2246571
2246632
2247392
2247417
2247475
2247660
2249615
2249768
2250035
2250168
2250803
2250948
2250953
2251244
2251459
2251713
2251912
2252136
2252159
2252483
2253179
2253273
2253437
2253940
2254136
2254430
2254516
2254639
2254853
2254994
2255381
2255818
2255869
2255901
2256250
2256317
2256396
2256568
2256875
2257124
2257713
2257948
2258109
2258175
2258270
2258826
2259436
2259927
2260213
2260262
2260332
2260399
2260595
2260749
2260753
2260871
2260977
2261152
2261501
2261808
2262042
2262113
2262221
2262284
2263029
2263099
2263174
2263242
2263282
2263995
2264188
2264309
2264344
2264618
2264729
2265110
2265568
2265599
2265706
2265794
2265820
2266439
2266555
2266979
2267156
2267229
2267278
2268024
2268158
2268814
2268882
2268997
2269492
2269941
2269974
2270154
2270171
2270519
2271180
2271402
2271507
2271615
2271970
2272376
2272379
2272671
2272792
2273421
2273432
2273572
2273635
2273913
2274231
2274274
2275034
2275199
2275271
2275599
2275795
2275938
2276161
2276167
2276218
2276254
2276518
2276814
2277011
