2210
3718
6004
8700
10327
12973
14511
18424
21649
23846
25832
29666
34798
36605
38742
45131
46998
49165
51751
53688
58500
63632
66817
68314
72767
75253
77749
80385
88083
90998
96659
99634
102100
104896
107711
110087
112703
115559
118164
121100
123666
125842
127589
129846
132571
135167
136665
139440
141587
144412
146828
149644
152929
154247
157501
160177
162214
166377
168624
175153
176052
178578
180524
182561
185896
188482
190598
193863
196928
198715
201241
203657
206363
209139
211904
215009
216856
220490
225243
226621
228677
230544
231643
233569
235327
237733
241656
243863
246738
250023
253178
256363
259208
261794
264600
266397
269951
274244
276031
281483
286654
289110
291626
294212
298685
299953
302459
305374
308270
312054
314959
317974
320700
323545
326560
329406
332082
335087
337653
340318
343174
346319
348825
352139
354526
357611
360506
363611
366516
369272
372018
375063
377669
380754
383349
385436
389000
391976
394591
397826
399983
403008
405644
408589
411155
414020
416806
419322
431522
434338
438072
441576
444332
447547
449953
453068
455863
459788
462103
465128
467714
470809
473455
476480
478787
481882
484747
487363
490518
492844
495480
505184
509947
512852
515747
517854
519671
522127
527668
530294
533289
540108
545200
548455
551210
553936
555663
563521
566895
569581
573165
575322
577788
579994
583139
585266
587752
591136
593962
597247
600691
603307
606242
609337
612003
615118
617894
620909
624144
626919
629265
632730
635425
638471
641166
643523
647945
650961
653227
658149
663740
670969
674253
676729
679984
683978
686114
689778
694800
697756
700561
702917
705932
708808
715317
718662
721478
724802
728546
731262
735176
740238
748055
753926
761933
763640
770858
780962
783069
785655
787582
790397
793273
795958
798983
801479
804385
807040
810195
816545
820020
826190
831861
834117
835924
840407
842200
847925
855423
859027
860665
866066
869121
872006
874762
877508
880613
883408
886323
889129
891855
894750
897735
900750
902577
910654
918592
919520
922875
925960
929185
932360
935165
937531
939348
942254
945339
949951
951788
952677
954055
960375
961383
964358
969590
972625
973723
975421
978436
981840
984905
988180
991185
994031
997635
1000700
1004025
1006950
1010395
1013520
1016754
1019879
1023344
1026559
1029684
1032819
1036103
1039029
1042303
1045838
1049202
1052527
1055922
1059276
1062541
1067204
1068332
1073134
1075251
1078106
1079983
1082000
1085934
1089957
1093471
1096517
1100051
1103695
1107609
1110844
1114618
1118611
1119989
1121756
1124582
1126149
1127936
1129084
1131361
1134036
1137511
1139787
1141894
1143891
1145618
1148463
1151978
1153625
1156061
1159068
1160684
1163639
1166255
1168940
1170867
1172731
1174422
1179514
1180861
1182988
1185204
1187700
1189318
1192133
1192932
1195079
1197565
1199771
1201678
1206840
1209146
1211343
1213529
1218222
1222235
1224012
1225560
1227247
1229304
1233856
1237171
1238838
1242153
1245508
1248493
1251608
1255162
1257568
1259875
1261902
1264567
1267213
1270078
1273034
1275719
1278625
1281420
1284356
1287191
1290306
1293082
1296177
1298413
1300849
1303854
1306820
1309785
1312760
1315795
1319829
1322005
1324571
1327017
1330621
1333667
1336941
1340486
1343081
1346276
1349351
1352516
1355462
1358357
1361222
1364357
1367203
1370138
1373253
1376518
1379373
1381580
1383776
1385444
1389307
1393181
1400430
1410513
1414677
1419958
1423842
1426937
1430272
1433556
1436632
1439507
1442742
1445677
1448762
1451558
1454952
1457388
1460284
1463029
1466693
1469429
1472564
1475589
1478484
1481530
1483796
1487470
1491114
1494419
1497354
1499191
1502706
1505541
1507658
1516404
1521146
1529343
1532148
1541274
1543730
1546336
1549001
1550858
1561941
1564297
1566284
1568800
1571555
1574181
1576807
1579483
1582088
1584435
1586262
1588428
1593191
1595407
1598682
1600349
1603374
1605381
1607847
1610293
1612550
1618041
1620667
1623193
1625738
1628334
1631190
1633486
1636940
1640425
1642971
1645637
1648222
1651936
1655181
1658296
1661451
1664297
1667462
1670087
1672783
1675619
1678763
1682148
1684944
1687869
1691014
1694438
1697483
1700219
1703773
1706868
1708995
1715275
1716223
1723592
1727016
1728893
1732917
1738058
1740824
1744598
1748402
1751617
1755121
1757977
1761361
1764786
1767541
1770407
1773562
1776766
1779832
1782767
1785832
1790834
1794857
1798162
1800938
1804412
1807647
1811121
1813997
1817381
1820546
1824061
1827106
1829781
1832048
1834144
1838108
1841354
1844059
1847843
1851177
1853174
1854512
1857387
1863687
1870806
1874670
1877635
1880121
1883326
1887479
1890824
1894288
1898192
1901656
1904532
1907237
1908895
1914466
1916722
1920486
1923871
1927764
1930849
1934294
1937499
1942161
1945905
1947603
1949739
1952824
1956309
1959184
1960921
1962000
1965264
1967790
1970456
1973172
1975618
1978034
1979262
1982247
1986221
1989266
1992670
1997393
2001716
2005869
2009364
2013198
2016273
2019727
2021504
2024849
2027634
2030200
2033066
2036360
2038627
2040753
2042041
2044467
2046275
2047354
2049020
2051087
2053084
2055759
2059483
2062469
2065114
2067950
2071294
2074709
2078643
2082227
2085651
2088507
2091023
2094757
2099200
2102474
2105819
2109653
2112778
2116093
2119457
2122722
2126396
2129521
2133495
2136846
2140274
2143579
2146943
2150368
2152574
2155260
2158435
2162788
2166212
2169637
2173061
2176336
2179641
2183215
2185741
2189585
2192720
2195925
2199500
2203013
2205999
2209583
2212897
2219597
2222342
2225377
2229461
2233275
2236849
2239904
2242929
2246504
2250198
2253512
2257286
2260421
2263916
2268748
2271514
2274778
2278013
2281518
2284942
2288636
2291791
2295256
2298430
2301885
2305000
2308195
2311310
2314335
2317749
2320475
2323750
2326775
2330359
2332905
2337558
2339115
2342540
2345545
2347841
2354880
2358045
2360940
2366122
2370355
2373620
2377484
2380489
2383404
2387837
2397282
2403931
2405400
2408504
2414285
2415792
2425866
2428013
2433075
2434293
2436230
2438895
2442020
2443668
2446164
2447691
2449538
2452523
2455179
2457725
2460041
2463456
2466391
2469227
2471583
2475616
2478761
2481846
2484752
2487647
2490862
2494207
2497212
2500187
2503542
2506906
2508304
2509862
2513056
2515712
2519237
2522232
2525526
2529011
2532276
2535421
2538985
2542729
2546653
2550716
2554260
2557296
2560181
2563456
2566381
