493
2869
4676
6913
9289
10826
13542
15509
20221
22697
25054
27510
31194
35058
38039
41278
46250
48246
50303
52540
57392
59608
65479
67356
69143
74524
75762
79357
82691
89281
95091
97667
100513
103278
105864
108580
111146
114131
116667
119692
122677
124295
126691
128678
131124
133650
135936
138352
140319
142196
145870
148266
150762
153578
155584
158689
161285
162623
167715
170421
175572
178088
179346
181583
183909
187443
189300
192875
195271
197328
200093
202439
204806
207581
210237
213542
215798
217246
224224
226341
227369
229576
231243
232781
234648
236834
239180
243134
245630
248436
252180
254596
257581
260406
262952
265838
268034
272307
275193
276720
284777
288452
289969
292505
297257
298985
301541
303737
306862
310227
313092
316477
319142
322118
325133
327389
330374
333400
336125
338971
341526
344312
347417
350272
353407
355963
359158
361984
364590
367675
370580
373176
376001
378907
381632
384468
387243
390099
392974
395899
398575
401291
404026
407012
409537
412093
415218
417684
425502
433789
436384
439280
443074
446229
448924
451181
454176
457451
460686
463631
466277
469441
472217
474863
477658
480414
483219
486095
488940
491356
494631
501490
507940
511215
514240
516306
519441
521189
524264
529645
532021
536414
543503
545639
548924
553567
555184
560745
565597
567574
571638
574004
576300
578756
581582
583788
586524
589000
592085
595270
598545
601779
604625
607560
610106
613051
616096
618942
622127
625302
628047
631092
633648
636644
639689
642754
644321
650312
652398
655853
660885
667175
673075
675072
678876
681611
685016
688301
690877
696627
698770
701280
703886
707790
710994
716745
720469
723504
726629
729704
732730
738331
744361
749922
758578
762432
767384
775132
782110
784257
786613
788969
791865
794411
797466
800062
802538
805723
808907
814189
817564
822675
830223
832649
835475
836972
841196
844211
851110
856731
859836
863470
866974
869960
872625
875611
878406
881381
884237
887232
889818
892663
895628
898474
901878
904364
914698
918871
921926
923913
927128
930423
933148
935694
938709
941425
944211
947316
950321
952218
953596
958098
960594
963540
964758
971816
972965
974662
978056
981002
982310
987371
990566
991854
996167
999772
1001299
1004454
1007679
1013070
1016056
1017653
1020638
1024792
1027427
1031191
1033498
1036812
1039897
1045119
1046427
1050520
1053076
1056860
1060514
1063020
1068042
1072166
1074023
1076159
1078685
1080702
1084406
1087990
1091475
1094430
1097804
1101279
1105173
1108647
1112461
1116175
1119649
1120528
1122824
1125770
1126678
1128875
1129713
1132179
1136952
1138310
1140546
1142373
1144560
1147215
1149821
1152716
1155163
1156460
1159416
1162691
1165147
1167323
1169979
1171357
1173274
1177956
1180023
1181940
1184106
1186982
1188579
1190656
1192623
1194080
1196556
1198094
1200590
1202327
1208517
1209625
1211982
1215536
1220398
1223134
1224332
1226269
1228495
1231370
1234156
1237780
1240416
1243930
1246546
1249711
1252896
1255731
1258298
1260504
1262960
1265695
1268501
1271346
1273882
1276768
1279453
1282389
1285314
1288169
1291095
1294300
1296786
1299262
1302496
1304923
1307938
1310564
1314198
1317512
1320208
1322704
1325609
1328744
1332359
1335474
1338329
1341704
1344609
1347894
1350709
1353605
1356760
1359725
1362940
1365615
1368820
1371865
1375060
1377846
1380851
1383127
1384795
1386901
1390945
1396466
1405382
1412660
1417003
1421216
1425090
1428335
1431500
1434395
1437480
1440156
1443670
1446725
1450111
1452616
1455581
1458317
1461681
1464617
1467392
1470577
1473732
1476767
1479772
1482877
1486052
1489097
1492123
1495557
1498193
1500869
1503804
1506270
1512310
1517791
1526897
1530172
1539437
1542063
1545767
1547055
1549620
1557747
1562869
1565056
1567941
1570118
1572903
1575279
1577955
1580910
1583396
1585523
1587011
1591573
1594618
1596715
1599021
1601397
1604073
1606369
1608776
1611381
1616244
1619039
1621685
1624061
1626867
1629492
1631809
1635373
1638428
1641224
1643640
1646655
1650119
1653384
1656509
1659564
1662559
1665575
1668410
1671136
1673742
1676956
1680051
1682847
1685972
1688937
1692392
1695317
1698422
1701657
1704852
1708007
1713548
1715704
1719508
1725419
1727336
1729961
1735782
1739147
1742761
1746415
1749939
1753044
1756120
1759844
1762719
1765435
1768979
1771525
1775049
1777825
1781010
1784684
1786750
1792731
1796036
1799151
1802056
1805900
1808905
1812260
1815734
1818659
1821914
1825408
1827934
1830770
1832627
1836131
1839176
1842291
1845826
1849630
1852036
1853434
1856039
1861610
1865924
1874110
1877225
1877884
1882128
1885512
1889396
1892391
1895985
1899799
1903224
1905740
1907906
1912619
1915404
1917421
1921864
1926337
1929262
1931948
1935861
1940284
1944248
1947293
1948232
1950728
1954262
1957607
1959613
1961200
1963497
1966263
1969028
1971464
1974040
1976636
1978873
1981149
1983345
1987738
1991213
1995376
1999410
2003273
2007077
2010781
2014236
2017341
2020047
2022463
2026616
2028743
2030939
2035332
2036949
2039625
2041392
2042481
2045206
2046913
2048201
2049779
2052135
2054491
2056328
2062219
2062828
2065993
2069228
2072692
2076925
2080410
2083814
2087089
2089705
2091582
2097542
2100458
2104132
2107456
2110981
2114385
2117756
2120875
2124349
2127255
2131378
2134902
2138378
2141891
2145176
2148980
2150837
2153353
2156518
2161011
2164771
2167460
2170705
2174369
2177524
2180789
2184004
2187808
2190473
2193698
2197193
2200637
2203982
2207257
2210841
2214555
2221074
2223880
2227454
2231278
2234932
2238407
2241432
2244687
2248281
2251675
2255419
2258894
2262228
2265463
2270036
2273091
2276366
2279660
2283215
2286679
2289904
2292999
2296484
2300078
2303263
2306338
2309223
2312508
2315443
2318518
2321434
2324708
2328392
2331537
2333993
2338656
2340553
2342949
2346633
2353233
2356298
2359103
2364515
2367630
2371773
2375507
2379451
2381128
2384952
2391601
2400523
2404271
2406477
2410780
2415513
2423230
2426635
2431507
2433893
2434802
2437498
2441331
2443139
2444556
2447402
2448570
2450636
2453821
2456098
2458724
2461839
2464504
2467320
2469716
2473869
2476705
2480269
2482715
2485640
2488696
2492120
2495375
2498230
2501435
2504700
2507775
2508624
2511050
2514055
2517170
2519945
2523340
2526655
2530279
2533554
2536629
2539524
2545085
2548789
2552214
2555698
2558374
2561549
2565023
2568128
