19
305
459
1422
1555
2286
2390
2661
2715
3101
3468
3948
4017
4085
4440
4910
5281
5315
5539
5633
7457
8144
8353
9118
9193
9347
9505
9655
9749
9883
10403
10808
11070
11346
11541
11636
12225
12495
12852
12946
13280
13379
13797
13948
13966
14226
14395
14915
14959
15112
15944
15999
16098
16123
16194
16369
16402
16544
16671
16935
17895
18039
18152
18208
18272
18917
19290
19317
19486
19583
19715
19845
20069
20193
20248
20288
20427
20442
20597
20721
20758
21067
21440
21518
21707
22089
22280
22333
22563
23111
23185
23423
23504
23606
23630
23796
24270
24591
24924
24986
25047
25201
25282
25437
25681
26084
26166
26383
26522
26596
26628
26665
26746
26907
26927
26997
27127
27586
27818
27966
28107
28131
28232
28274
28328
28375
28522
28596
28709
29041
29191
29458
29664
29872
29959
30039
30092
30193
30427
30889
30968
31022
31062
31411
31632
31690
31745
31848
32532
32835
32907
33086
33149
33204
33311
33330
33499
33583
33840
33995
34187
34330
34427
34476
34631
34838
35492
35562
35593
36007
36206
36328
36583
36959
37366
37430
37698
37821
38054
38087
38277
38351
38434
38509
38726
38864
39229
39612
39900
39992
40240
40372
40548
40583
40628
40765
40798
40885
41062
41199
41253
41329
41440
41682
41812
42063
42425
42468
42648
42949
43656
43854
44137
44301
44612
44717
44964
44990
45050
45107
45165
45488
45669
45808
45902
45916
46087
46215
46364
46623
46716
46832
47051
47125
47498
47520
47630
47827
48002
48326
48467
48655
48803
48925
49331
49448
49608
49700
50156
50393
50562
50673
51016
51515
51804
51941
52040
52962
53081
53234
53338
53484
53630
53959
54080
54291
54503
54781
54846
54945
55301
55328
55508
55556
55648
55684
55717
55916
56199
56482
56663
57045
57101
57197
57261
57398
57517
57603
58034
58371
58592
58644
58746
58972
59612
59676
59686
59800
60044
60390
60489
60771
60845
60920
61019
61122
61246
61417
61632
61895
62027
62181
62247
62261
62384
62569
62861
62979
63064
63166
63190
63346
63984
64059
64458
64559
64575
64681
65047
65109
65175
65198
65314
65822
66093
66251
68058
70116
71043
71602
72262
72600
72689
72776
74755
76563
76749
77022
77645
77834
78129
78348
79892
80509
80555
80624
80735
81007
81056
81276
81838
81861
82096
82225
82319
82471
82698
82973
83502
83840
83905
84227
84452
84640
84836
85625
86506
87424
87483
87558
87859
87940
88065
88334
88425
88873
89019
89101
89472
89591
89623
89687
89747
89928
90070
90646
91154
91547
91585
91774
91837
92237
92639
93216
93600
93870
95156
95317
95582
95975
96339
97357
98090
98175
99373
99484
99975
101904
102609
102802
103092
103494
103746
103814
104538
105160
105477
105708
106528
107275
108017
108416
108566
109314
109533
111233
111771
112647
113439
113829
114672
115227
115908
117158
117470
117656
118176
119207
119555
120700
121060
121121
121885
122921
123366
123589
123661
123908
124226
124989
125078
125474
125704
125983
126136
126530
126684
126995
127371
127559
127584
128190
130154
130240
130957
131363
131427
132011
132177
132584
132672
133476
133600
133678
133956
134240
134447
134482
134654
134822
134973
135066
135282
135411
135574
135705
135805
135992
136256
136375
136680
136804
137140
137263
137349
137443
137773
137853
138140
138288
138645
138820
138878
139011
139043
139131
139244
139467
139975
140133
141044
141111
141215
141374
141389
141575
141604
141833
141904
142041
142215
142456
142571
142762
142806
143038
143382
143725
143998
144121
144396
144963
145125
145442
145551
145580
145728
145780
146484
146504
146724
147004
147186
147210
147358
147401
147528
147993
148574
148973
149106
149582
150136
150254
150355
150984
151247
151326
151400
151645
152064
152500
153857
153968
154874
155062
155196
155397
155575
155751
155878
156176
156540
156641
156783
156857
157058
157090
157252
157449
157708
157929
158021
158213
158257
158635
159114
159280
159319
159498
159597
159623
159759
159897
159911
160014
160135
160466
160587
161054
161136
161345
161369
161580
161955
162159
162566
162915
163155
163359
163919
164018
164376
164442
164531
164711
164976
165111
165197
165335
165730
165959
166021
166151
166203
166306
166509
166675
166802
166876
166964
167105
167303
167413
167507
167668
167953
168064
168198
168322
168412
168711
168733
169404
169672
170444
170511
170628
171187
171219
171239
171286
171372
171635
171709
171821
171944
171968
172086
172139
172223
172314
172429
172470
172705
172719
173077
173155
173247
173376
173538
173686
174027
174772
174801
175293
176112
176549
176616
176706
176805
176874
176985
177124
177195
177350
177369
177466
177583
177753
177876
178187
178389
178412
178917
179353
179460
179589
179700
179721
180318
180403
180555
180790
180842
180899
181364
181560
181650
181916
182011
182051
182119
182345
182451
182780
183091
183546
183699
183834
184178
184225
184596
185155
185193
185510
185634
185693
185854
185907
186216
186338
186360
186591
186834
187083
187189
187504
187619
187873
187975
188150
188423
188635
189442
189508
189549
189654
190016
190055
190578
190856
191003
191115
191613
191800
192287
192387
192712
192970
193302
193398
193710
194238
194581
194680
195124
195556
195808
195916
196137
196998
197569
197667
197802
197887
198006
198089
198289
198403
198771
198871
199357
199674
199871
200100
200250
200445
200760
201018
201584
201641
201889
202209
202585
202859
203132
203181
203276
203740
204326
204986
205768
205878
206309
206487
206560
206663
206778
206931
207105
207262
207435
207613
207740
207829
208120
209040
209239
209479
209875
210267
210457
210618
211010
211111
211305
211557
211819
212193
212221
212463
212517
212640
212879
212976
213012
213044
213309
213864
214064
214913
215326
215565
215664
215782
215882
215920
216003
216301
216582
216612
216879
217338
217567
217667
217766
217814
218072
218183
218321
218655
218768
219356
219564
220313
220441
220732
220928
221145
221415
221501
221804
222084
222215
222373
222605
222733
222872
222882
223003
223110
223226
223356
223568
223707
223727
223989
224094
224198
224326
224407
224755
224892
225025
225387
225584
225801
226073
226506
226608
226654
226678
227011
227240
227272
227682
227843
228555
228608
228733
228893
229000
229259
229385
229412
229602
230076
230136
230364
230714
230995
231027
231133
231319
231695
231769
232054
232109
232458
232615
232795
233225
233332
233659
233790
233818
234071
234276
234312
234373
234405
234528
234604
234676
234935
235316
235407
235590
235649
235921
236004
236060
236477
236639
237834
238055
238552
238876
239240
239340
239525
239855
240072
240254
240461
240787
240998
241179
241426
241553
241985
242219
242565
242754
243198
243219
243501
243707
243760
244185
244307
244736
244822
244861
244983
245153
245174
245270
245388
245511
245595
246056
246168
246328
246471
246517
247059
247215
247445
247825
247999
248295
248399
248425
248545
248863
248991
249219
249282
249422
250015
250213
250276
250346
250962
251336
251595
251729
252084
252126
252291
252764
252911
252978
253034
253107
253242
253973
254078
254130
254451
254814
255103
255277
255499
255975
256146
256274
256772
256948
257032
257112
257598
257832
257915
257993
258090
258191
258453
259009
259664
260199
260377
260468
260624
261065
261151
261213
261610
261630
262089
262254
262827
262867
262950
263096
263193
263282
264166
264290
264414
264489
264897
265340
265465
265605
265664
265730
265811
265988
266263
266397
266601
266924
266986
267163
267264
267308
267475
267613
267712
268004
268201
268277
268498
268512
268642
268719
268953
269041
269144
269277
269550
269657
269959
270385
270774
270979
271109
271532
271619
271759
272248
272273
272330
272413
272469
272509
272728
272883
273014
273100
273357
273415
273552
273693
274006
274115
274451
274802
274977
275269
275774
275869
276283
276498
276721
276955
277052
277213
277347
277496
277702
277912
278039
278317
278344
278423
278598
278777
278896
279126
279273
279414
279496
279585
279785
280019
280498
280541
280597
280967
281054
281200
281240
281800
281854
282288
282430
282778
282905
282933
283003
283935
284175
284433
284593
284736
285321
285448
285635
285735
285758
285817
286231
286345
286430
286540
286956
287081
287597
287729
287875
288133
288226
288676
288813
288831
289166
289292
289305
289532
289687
290002
290212
290288
290366
290457
290667
291247
291418
291895
292125
292391
292474
292742
292775
293030
293085
293112
293351
293372
293612
293769
294214
294225
294317
294426
294529
294918
294943
295152
295708
295889
295964
296205
296364
296493
296636
296659
296713
296800
296820
296836
297220
297360
297594
297780
297908
298163
298191
298338
298478
298874
299604
299724
300291
300509
300655
300692
300855
301077
301210
301500
301723
302136
302234
302262
302320
302435
302660
302764
302778
302883
303104
303734
303955
304151
304180
304251
304374
304729
304883
304959
305243
305822
306020
306119
306187
306492
307150
307329
307390
307697
307888
307926
308063
308341
308655
308767
309011
309040
309093
309299
309397
309424
309671
310133
310524
310866
311090
311257
311597
311690
311750
311857
311921
312225
313478
313716
313852
313974
314076
314244
314368
314490
314625
314970
315202
315704
315725
315955
316095
316297
316495
316724
316914
316975
317086
317223
317624
317960
318039
318311
318356
319047
319183
319371
319552
319597
319618
319959
320071
320369
320562
320608
320734
320892
321166
321484
321520
322072
322161
322278
322472
322556
322791
323016
323165
323264
323343
323861
324323
324460
325011
325121
325368
325446
325543
325986
326313
326380
326508
326635
326959
327095
327331
327407
327445
327565
327600
327946
328208
328430
328541
328673
328794
328809
328938
329311
329368
329461
329703
329975
330096
330411
330531
330668
331025
331139
331349
331428
331555
331724
331765
332401
332424
332626
332922
333054
333366
333416
333584
333663
333744
333908
334282
334349
334448
334472
334616
334737
334751
334798
334952
335126
335216
335574
336270
336547
336722
336912
337315
337525
337659
337708
337828
338007
338133
338365
338394
338590
338783
338949
339504
339539
339737
339938
340138
340417
340801
340903
340964
341338
341479
341565
341821
341864
341891
342037
342103
342123
342261
342566
342761
342884
343158
343223
343347
343844
344089
344190
344300
344800
345012
345152
345320
345555
345577
345765
345930
346034
346304
346527
346620
346727
346910
347046
347905
348872
349004
349138
349274
349370
349631
349732
349866
349958
350245
350856
350978
351736
351832
352149
352197
352374
352539
352650
353353
353620
354491
354674
354935
355474
355685
356133
356197
356333
356528
356631
356943
357098
357379
357521
357712
358273
358414
358819
358883
359018
359082
359127
359336
359685
359726
360064
360454
360921
361198
361497
361514
361609
361997
362265
362445
362624
363132
363506
363647
363738
363946
364092
364229
364367
364488
364629
364717
364799
364956
365316
365670
366142
366455
366540
366577
366712
366847
366858
367035
367139
367367
367683
368238
368401
369046
369233
369261
369611
369744
369884
370038
370178
370332
370389
370671
370968
371346
371391
371428
371498
371662
371961
372652
373032
373726
373953
375047
375794
375851
376000
376039
376205
376250
376700
376734
377137
377445
377469
377666
377721
378236
378274
378392
378477
378664
378752
378912
378933
379396
379704
379758
379994
380493
380784
380821
380931
381123
381351
381400
381542
381708
381814
382071
382129
382317
382502
383228
383416
383509
383793
383945
384260
384349
384689
385050
385189
385764
386259
386330
386452
386616
386970
387418
387574
387750
387896
388000
388039
388351
388463
388823
388896
388975
389099
389334
389453
389469
389607
389771
390310
390679
390803
390900
391360
391495
391682
392169
392610
392818
393505
393636
393751
393816
394008
394227
394671
394791
395066
395265
395356
395507
395661
395936
395961
396124
396233
396367
396449
396537
396582
396712
396921
397183
397371
398323
398542
398672
398817
399004
399490
399622
400041
400191
400274
400325
400352
400450
400571
400784
400896
401050
401496
401559
401658
401771
401869
402005
402539
402555
402709
402866
403068
403307
403518
403603
403678
403733
403783
404249
404554
405041
405160
405206
405332
405493
405602
406101
406231
406512
406681
406710
406819
407277
407463
407666
407768
408093
408257
408505
408634
408853
409244
409495
409654
409715
409941
410219
410368
410441
410807
410941
411086
411154
411207
411708
411835
411960
412145
412599
413018
413200
413542
413895
414410
414614
414847
415263
415453
415781
415971
416093
416218
416716
416817
417030
417184
417313
417399
417841
417932
418094
418306
418475
419215
419413
419638
419724
419980
420098
420128
420229
420533
420648
420897
421379
421924
422760
423583
423874
423959
424014
424076
424120
424495
424618
424665
424991
425264
425388
425421
425658
425807
426571
427207
427532
427562
427665
427735
428086
428166
428216
428521
428619
428667
428850
428887
429141
429270
429338
429497
429969
430130
430219
430308
430533
430688
431135
431236
431706
431818
432159
432209
432305
432542
432784
432924
433193
433428
433775
433989
434257
434676
434758
434822
435040
435266
435369
435547
435837
436048
436294
436517
436649
436847
436958
437200
437323
437556
437715
438197
438572
438740
438929
439227
439375
439742
439882
440368
440504
440567
440725
440874
440955
441307
441478
441710
441736
442247
442352
442956
443162
443456
443526
443573
443684
443781
443855
443881
444227
444842
444956
445142
445240
445286
445584
445869
446042
446097
446398
446585
446885
446907
446981
447149
447236
447431
447607
447770
448173
448301
448389
448590
449326
449703
449796
449867
450047
450285
450562
450789
450958
451201
451336
451543
451691
451721
451836
452054
452257
452423
452554
452870
453125
453199
453211
453553
453982
454099
454227
454446
454553
454657
454698
454859
454949
455020
455475
455805
456007
456789
457537
457559
457771
457870
457946
457982
458091
458157
458477
459414
459645
460226
460572
460589
460882
461562
461776
462091
462224
462565
462752
462855
463167
463293
463449
463597
464300
464398
464516
464633
464784
464901
464992
465229
465417
465504
465851
465956
466104
466225
467040
467331
467528
467807
468034
468499
468805
468998
469191
469560
469919
470189
470360
470517
470644
470839
470926
471243
471380
471441
471550
471797
472046
472236
472601
472839
472998
473346
473381
473742
473900
474367
474493
474589
474750
474961
475294
475331
475413
475502
476440
476758
476856
477268
477450
477471
477685
477771
477980
478089
478151
478628
479017
479272
479352
480113
480394
480515
480606
480698
480946
481026
481743
481867
482087
482432
482537
482560
483281
483651
483789
483810
484134
484297
484568
484704
485051
485241
485321
485393
485549
485961
486268
486920
487277
487980
488275
488317
488606
488855
489102
489121
489254
489416
489556
489935
490013
490274
490352
490625
490684
490986
491177
491341
491429
491697
491816
491876
492087
492218
492270
492295
492413
492483
492649
492743
492804
492966
493551
493587
493753
493978
494291
495052
495069
495159
495259
496052
496351
496449
496869
496982
497154
497824
498415
498920
499169
499540
499657
499840
499969
500082
500295
500453
500981
501063
501141
501196
501310
501439
501773
502039
502414
502526
502744
502917
502995
503159
503524
503817
504080
504479
505198
505243
505721
506065
506474
506614
506702
506753
506834
506914
507198
507397
507439
507710
507887
507995
508128
508228
508417
509130
509235
509452
509527
509700
509784
509915
510065
510156
510447
510498
510999
511553
511836
511905
511989
512066
512423
512584
512618
512705
512762
512937
513181
513321
513555
513767
514624
514694
514811
515297
515372
515413
515849
516019
516089
516150
516194
516308
516371
516478
516690
516766
516831
516999
517212
517292
517428
517775
518080
518188
518514
518763
518934
519060
519290
519372
519730
520450
520549
520966
521029
521432
521547
521653
521897
521967
522079
522142
522176
522225
522270
522338
522451
522535
522553
522778
522851
522931
523040
523143
523278
523363
523649
524219
524438
524616
524662
524883
524980
524991
525324
525617
525655
525710
525745
525767
525848
526105
526295
526395
526415
526529
526591
526621
526728
526983
527329
527613
527673
527947
528249
528479
528691
528766
528955
529046
529455
529481
529657
529815
530272
530593
530665
530869
530905
531062
531182
531393
532005
532086
532191
532396
532838
533418
533895
534199
534249
534342
534550
534758
534817
534947
534987
535127
535148
535183
535397
535498
535649
535794
536043
536163
536718
537348
537476
537856
538207
538219
538382
538453
538824
540420
541076
541218
541686
542269
542344
542386
542416
542900
542959
543013
543532
547773
550612
551161
551335
551423
551557
551789
551939
552344
552504
552703
552749
552854
553120
553329
553662
553932
554236
554306
554331
555282
556034
556370
556712
556948
557375
557435
558182
558385
559562
559742
559852
560290
560554
561002
561887
562084
562515
563476
563834
564642
564704
565442
567989
569116
569206
570957
571095
571909
573923
574108
575695
576374
576566
577596
578397
578676
579233
580616
580781
580995
582025
583651
584099
584829
585964
586125
586681
588342
588407
588449
588533
589871
590369
590771
591091
592674
593293
594134
594570
594662
595172
596969
598170
598686
598867
599330
601563
603553
604401
604899
605196
605667
606628
606719
607610
607683
608108
608719
608929
609414
609473
610237
610356
614056
614683
615764
616099
619974
621190
621611
622064
622683
623663
624389
624433
624506
624634
624766
625394
625527
625679
626155
626313
630084
631083
631266
632024
632472
632671
633103
633263
633962
634143
637384
638062
639214
639564
640589
640717
641695
641757
643184
645010
645957
650359
650663
651053
651612
652882
653557
653665
653952
655216
655326
655515
656131
657060
657666
658761
659646
663113
663192
663248
663291
664074
665122
665227
665416
666046
666196
666712
667338
667479
667812
668100
668153
668504
668581
668773
669305
669664
670088
670557
670806
671238
671372
671595
671838
672175
672462
672754
673914
674149
674593
674644
674926
675144
675525
675961
677191
677658
677767
678364
678524
679006
680364
681878
683100
683407
684127
685301
686368
686816
687056
687231
687938
689001
689456
690764
690853
691023
691658
692046
692153
692293
692427
692980
693127
693977
694427
695500
698701
700515
701740
702542
702862
703416
703681
705632
706901
707025
708183
709064
711151
711458
712478
712678
713690
715224
718714
719720
720603
723846
724417
727824
727891
728143
729246
729323
729667
731589
733495
734362
734804
735377
736827
737483
738570
738739
738851
739398
739632
739818
739842
740150
740317
740403
740568
740844
740898
740987
741163
741245
741302
741422
741506
741662
741684
741803
741934
745898
746085
747298
747878
748037
748129
748161
748823
749046
749388
749658
749744
750014
750156
750168
750219
750693
751154
751740
751868
752220
752507
752579
753034
753445
753774
753862
753877
754021
754205
754238
754490
754944
755069
755147
755194
755406
755742
755792
755888
755993
756095
756315
756578
756694
756959
757067
757201
757479
757760
758127
758267
758591
758714
758834
758878
759041
759392
759435
759679
759744
759768
759876
760191
760343
760500
760572
761404
761635
761694
761898
762044
762131
762452
762699
762961
763064
763983
764271
764344
764687
764803
765011
765141
765382
765414
765720
765864
765974
766070
766153
766340
766432
766624
766726
766801
767133
767216
767315
767375
767728
767749
767969
768058
768202
768416
768610
769081
769338
769463
769504
769552
769632
769712
769777
770280
770563
770681
770799
770940
771105
771396
771633
771781
772125
772268
773042
773197
773537
773769
773901
774028
774123
774292
774430
774533
774662
774802
774886
775101
775298
775456
775570
775632
775766
776090
776176
776501
776635
776906
777180
777324
777396
777463
777652
777969
778133
778195
778324
778398
778671
778755
778951
779026
779083
779378
779710
779831
780011
780251
780463
780563
780657
780758
780840
781139
781234
781300
781344
781463
781623
781750
781867
782307
782553
783185
783322
783439
783545
783686
783705
783883
784118
784291
784479
784729
784811
784905
785135
785335
785627
785712
785915
786038
786093
786255
786424
786506
786572
786699
786881
787040
787233
787595
787809
787948
788052
788161
788266
788404
788541
788759
788811
789000
789448
789603
789773
789808
789876
789907
790327
790462
790612
790775
791037
791135
791190
791232
791341
791871
792070
792599
792767
793149
793322
793835
793935
794037
794110
794280
794384
794585
794911
795357
795778
796232
796380
796424
796532
796744
796936
797062
797303
797435
797584
797675
798033
798161
798281
798424
798673
798733
799074
799147
799206
799340
799489
800087
800218
800426
800773
800793
800916
801275
801360
801434
801632
801841
801973
802307
802338
802445
802603
802722
802805
802900
802997
803284
803492
803618
804431
804668
804869
804998
805179
805525
805632
805872
805919
806051
806266
806311
806502
806956
807053
807073
807848
808433
808625
808968
809011
809209
809285
809497
809938
810039
810301
810451
810838
811022
811600
811788
812814
813018
826089
826283
826416
827068
827252
827282
829024
829854
830023
830164
831256
831699
832594
834042
836012
839975
840609
840741
842388
845164
847495
850089
850274
851327
855489
855954
856498
857361
863745
863805
863975
867583
870342
871438
872516
872555
872939
873758
874445
874672
878060
879342
879506
880259
881446
882386
882796
883238
883373
884427
884941
885119
885477
885559
886107
886133
886467
886753
888319
888485
888857
889182
890750
890872
891132
891233
891615
891800
892293
892913
892980
893233
893496
893572
894540
895603
895717
896427
896468
896786
896810
897278
897510
897723
897743
897849
898020
898176
898756
899033
899378
899437
899632
900059
900442
900523
901127
901360
901490
901657
901855
901874
902116
902182
902400
902645
902713
903067
903124
903176
903655
903688
903744
903808
903836
904125
904572
904648
904708
904872
905066
905202
905233
905302
905646
905749
906256
906314
906517
906596
906747
906836
906880
907060
907271
907282
907404
907695
907880
908046
908127
908240
908277
908405
908431
908677
909342
909485
909619
910017
910047
910317
910463
910519
910647
910724
910829
911570
912092
912202
912318
912419
912784
912878
913057
913092
913247
913274
913418
913539
913770
913852
913919
914024
914092
914286
914425
914616
914919
914958
915002
915159
915321
915507
915554
915574
915664
915699
915791
915920
915969
916340
916590
916642
916785
916945
916998
917145
917303
917358
917443
917581
917776
917873
918032
918084
918313
918456
918583
918622
919045
919301
919432
919567
919781
920017
920263
920362
920446
920502
920632
920650
920896
921023
921227
921397
921426
921660
922077
922148
922217
922309
922483
922503
922589
922844
922923
923130
923375
923451
923473
923598
923979
924068
924543
924572
924647
924838
924914
924982
925020
925164
925273
925374
925572
925832
926150
926280
926692
926854
926909
927029
927276
927421
927620
927736
927961
928141
928234
928289
928357
928442
928723
928815
928934
929017
929253
929312
929455
929566
929696
929833
929879
929963
930152
930377
930573
930764
930861
930897
930981
931143
931199
931253
931334
931465
931830
931949
931989
932131
932265
932551
932620
932668
932921
933216
933418
933470
933599
933814
933891
934017
934030
934227
934341
934451
934483
934621
934653
935290
935303
935454
935520
935642
935826
935843
936090
936187
936292
936431
936500
936748
936819
936981
937091
937131
937443
937528
937555
937857
938004
938160
938292
938428
938499
938654
938744
938799
939088
939367
939561
939616
939793
939873
940051
940230
940490
940625
940651
940872
941488
941554
941724
941794
941827
942240
942456
942626
942755
942910
943031
943074
943238
943278
943652
943885
943914
943936
943965
944078
944135
944188
944326
944354
944461
944610
944806
944860
944943
944954
945184
945363
945464
945582
945679
945846
945876
945909
946085
946146
946291
946346
947025
947054
947142
947175
947300
947537
947899
947948
948099
948173
948250
948480
948858
948952
949061
949184
949322
949361
949468
949726
949769
949801
949925
950144
950243
950536
950885
950936
951083
951162
951269
951553
951743
951979
952279
952361
952505
953208
953556
953877
954010
954121
954167
954232
954285
954346
954560
954603
954822
954888
954956
954996
955124
955456
955569
955746
955846
955983
956058
956161
956436
956635
956840
956959
957313
957565
957695
957866
958054
958116
958321
958523
958649
958800
958823
958967
959142
959243
959407
960090
960141
960515
960634
960700
960787
960874
961033
961160
961358
961667
961696
962245
962351
962458
962485
962687
962700
962766
962792
963105
963182
963270
963524
963713
963730
963883
964011
964369
964492
964532
964646
965622
965848
966134
966356
966458
966535
966608
966636
966698
966980
967181
967222
967272
967461
967510
967884
967974
968072
968206
968344
968468
968894
968966
969013
969182
969840
970142
970375
970392
971273
971301
971360
971506
971550
971581
971724
971987
972247
972605
972758
972775
972833
972860
972895
972972
973023
973121
973198
973281
973349
973461
973668
973884
974170
974461
974660
974765
974857
975068
975085
975322
975609
975703
975904
975971
976112
976219
976344
976362
976480
976600
976764
976868
976919
976993
977142
977424
977495
977510
977701
977717
977773
977843
977885
978101
978195
978539
978649
978701
978821
978869
979328
979487
979552
979653
979876
980019
980113
980128
980242
980517
980613
980804
980876
980951
981273
981299
981429
981500
981673
981868
982030
982167
982335
982444
982519
982642
982694
982748
983006
983154
983180
983320
983651
983730
983780
983823
983908
984221
984330
984442
984594
984910
985152
985434
985554
985568
985719
985834
986215
986237
986397
986423
986473
986676
986817
986837
986958
987038
987101
987249
987427
987596
987759
987886
988268
988340
988426
988450
988592
988705
988835
988921
989274
989360
989520
989669
989691
989881
990251
990466
990541
990587
990755
990892
990980
991012
991171
991287
991394
991725
992145
992251
992450
992741
992833
992908
992966
993062
993179
993524
993564
994053
994206
994354
994664
994813
994953
995005
995418
995452
995545
995913
996239
996275
996296
996450
996476
996546
996863
996939
997405
997878
998069
998158
998253
998291
998497
998584
998628
998962
999075
999315
999352
999500
999529
999836
999971
1000057
1000099
1000317
1000436
1000522
1000632
1000711
1000787
1000935
1001181
1001258
1001384
1001587
1001605
1001683
1001761
1001825
1002070
1002177
1002274
1002293
1002506
1002653
1003027
1003133
1003250
1003443
1003655
1003788
1003897
1004022
1004202
1004314
1004421
1004454
1004962
1005045
1005163
1005375
1005514
1005589
1005777
1005824
1005972
1006006
1006183
1006284
1006408
1006483
1006551
1006814
1006921
1006999
1007318
1007547
1007648
1007660
1007810
1007880
1008130
1008153
1008317
1008391
1008556
1008676
1008756
1008852
1008887
1008977
1009235
1009309
1009437
1009616
1009811
1009917
1010364
1010537
1010608
1010700
1010785
1010817
1010964
1011109
1011213
1011234
1011287
1011409
1011430
1011757
1011796
1012199
1012370
1012458
1012624
1012679
1012839
1012866
1012931
1012973
1013133
1013193
1013220
1013559
1013659
1013995
1014223
1014525
1014827
1014887
1015195
1015359
1015388
1015808
1015870
1015953
1016048
1016464
1016573
1016641
1016667
1016801
1016949
1016995
1017201
1017262
1017363
1017550
1017579
1017649
1017714
1017916
1018128
1018207
1018233
1018832
1018860
1018979
1019263
1019332
1019522
1019594
1019924
1019940
1020044
1020072
1020330
1020536
1020697
1020734
1020844
1020883
1021001
1021049
1021143
1021224
1021287
1021541
1021707
1022196
1022620
1022682
1022799
1022837
1023066
1023324
1023567
1023714
1023932
1024122
1024260
1024421
1024522
1024782
1024805
1025068
1025157
1025206
1025473
1025572
1025946
1025985
1026264
1026475
1026841
1026872
1027050
1027147
1027252
1027309
1027356
1027553
1027592
1027830
1027971
1027983
1028060
1028151
1028397
1028483
1028580
1028998
1029137
1029399
1029484
1029546
1029603
1029758
1030034
1030092
1030265
1030364
1030868
1030960
1031066
1031164
1031402
1031485
1031500
1031616
1031718
1031826
1031917
1031961
1032299
1032480
1032635
1033013
1033137
1033302
1033463
1033696
1034094
1034161
1034272
1034399
1034485
1034849
1035362
1035483
1035549
1035581
1035710
1035726
1035884
1036014
1036153
1036339
1036498
1036656
1036696
1036814
1036984
1037070
1037165
1037261
1037787
1037803
1037880
1037916
1038305
1038416
1038492
1038670
1039298
1039361
1039604
1039840
1039914
1040178
1040325
1040476
1040505
1040562
1040679
1040709
1040948
1041016
1041086
1041515
1041728
1041760
1041876
1041897
1042125
1042173
1042326
1042363
1042528
1042766
1042891
1042926
1043036
1043157
1043212
1043291
1043510
1043532
1043726
1043892
1043980
1044010
1044159
1044309
1044371
1044559
1044638
1044703
1044754
1045174
1045413
1045475
1045560
1045917
1045987
1046235
1046335
1046403
1046444
1046470
1046719
1046884
1046959
1047064
1047250
1047348
1047374
1047617
1047652
1047720
1047795
1048085
1048174
1048257
1048314
1048448
1048554
1048716
1048849
1048918
1049171
1049190
1049281
1049417
1049592
1049620
1049712
1049868
1050237
1050289
1050603
1050639
1050923
1051114
1051341
1051606
1051676
1051792
1051813
1051864
1052025
1052274
1052480
1052569
1053294
1053431
1053527
1053821
1053919
1054030
1054320
1054522
1054666
1054694
1054913
1055016
1055045
1055346
1055405
1055502
1055558
1055607
1055678
1055735
1055798
1055893
1056264
1056314
1056422
1056460
1056546
1056659
1057007
1057250
1057283
1057364
1057454
1057474
1057720
1057778
1057873
1058005
1058061
1058193
1058452
1058535
1058638
1058709
1058748
1059017
1059039
1059296
1059341
1059398
1059723
1059987
1060549
1060599
1060707
1060914
1061025
1061318
1061443
1061466
1061682
1061711
1061969
1062391
1062548
1062692
1062850
1062886
1062945
1063138
1063272
1063771
1063819
1064173
1064559
1064666
1064701
1064844
1064985
1065126
1065191
1065760
1066207
1066444
1066489
1066550
1066600
1066674
1066718
1066805
1067167
1067413
1067673
1067860
1068031
1068194
1068608
1068747
1069119
1069158
1069570
1069840
1069942
1070214
1070418
1070452
1070497
1070952
1071069
1071212
1071761
1071967
1072046
1072105
1072197
1072547
1072726
1073011
1073047
1073297
1073365
1073514
1073568
1073607
1073724
1073747
1073925
1073973
1074169
1074469
1075011
1075304
1075562
1075594
1075830
1075899
1076262
1076722
1076821
1077055
1077191
1077296
1077507
1077702
1077855
1077988
1078265
1078369
1078522
1078720
1078906
1078919
1079050
1079347
1079545
1079657
1079775
1079907
1080072
1080142
1080183
1080231
1080262
1080427
1080555
1080669
1081372
1081607
1081623
1081838
1081873
1082191
1082260
1082294
1082341
1082582
1082694
1082724
1082783
1082997
1083100
1083210
1083460
1083510
1083674
1083773
1083790
1083957
1084166
1084238
1084287
1084366
1084757
1084831
1084925
1085036
1085174
1085260
1085298
1085461
1085510
1085637
1085918
1085973
1086137
1086265
1086361
1086436
1086528
1086598
1086620
1086731
1086775
1086886
1087481
1087568
1087639
1087805
1087956
1087971
1088019
1088180
1088364
1088437
1088618
1088732
1088750
1088941
1088987
1089083
1089114
1089498
1089677
1089733
1089832
1089950
1090044
1090302
1090438
1090495
1090669
1090735
1090779
1090866
1090959
1091104
1091181
1091224
1091364
1091570
1091644
1091733
1091787
1091950
1092037
1092062
1092206
1092404
1092556
1092617
1092692
1092917
1092981
1093163
1093268
1093409
1093539
1093870
1093996
1094031
1094242
1094467
1094648
1094663
1094849
1094897
1094944
1095116
1095175
1095390
1095797
1095846
1095928
1096053
1096086
1096169
1096214
1096314
1096362
1096699
1096788
1096921
1097189
1097285
1097854
1098057
1098111
1098297
1098525
1098662
1098859
1098991
1099218
1099237
1099362
1099541
1099765
1099784
1100006
1100102
1100261
1100290
1100382
1100571
1101106
1101228
1101523
1101666
1101723
1101893
1101994
1102219
1102240
1102380
1102465
1102516
1102754
1102914
1102954
1103072
1103596
1103999
1104113
1104184
1104285
1104381
1104417
1104494
1104699
1104783
1104976
1105216
1105364
1105708
1105857
1105930
1106040
1106196
1106293
1106419
1106610
1107200
1107474
1107543
1107685
1108029
1108280
1108466
1108717
1108804
1108920
1109008
1109029
1109222
1109315
1109354
1109594
1109777
1109826
1110022
1110098
1110156
1110260
1110275
1110338
1110524
1110776
1110884
1110964
1111142
1111269
1111375
1111590
1111694
1111867
1111980
1111993
1112280
1112322
1112476
1112802
1112856
1113162
1113410
1113584
1113705
1113775
1113842
1114212
1114507
1114597
1114657
1114786
1115013
1115182
1115393
1115833
1115889
1116023
1116225
1116562
1116819
1116866
1116969
1117009
1117172
1117214
1117265
1117730
1117853
1118046
1118216
1118270
1118428
1118492
1118566
1118669
1118860
1118910
1118981
1119194
1119365
1119485
1119600
1119626
1119893
1119986
1120182
1120281
1120405
1120604
1120927
1121137
1121209
1121293
1121480
1121608
1121665
1121781
1121950
1122059
1122110
1122223
1122275
1122344
1122444
1122683
1122947
1123007
1123524
1123906
1123982
1124010
1124051
1124173
1124392
1124694
1124838
1124965
1125017
1125079
1125158
1125258
1125275
1125360
1125433
1125555
1125656
1125813
1125827
1126040
1126162
1126326
1126422
1126544
1126653
1126708
1126848
1126932
1127051
1127377
1127468
1127526
1127658
1127875
1127981
1128088
1128171
1128258
1128329
1128497
1128663
1128761
1128840
1128872
1128995
1129166
1129939
1130183
1130335
1130374
1130458
1130490
1130587
1130743
1131263
1131312
1131347
1131455
1131991
1132038
1132329
1132612
1132678
1132913
1132968
1133106
1133330
1133426
1133506
1133572
1133689
1133916
1134165
1134201
1134597
1134718
1134757
1134810
1134968
1135220
1135410
1135468
1135529
1135839
1136361
1136421
1136912
1137070
1137269
1137654
1137892
1137971
1138136
1138204
1138243
1138352
1138368
1138899
1139058
1139421
1139583
1139684
1140166
1140240
1140274
1140513
1140847
1140896
1140980
1141126
1141184
1141197
1141278
1141570
1141609
1141749
1141768
1141790
1141975
1142000
1142066
1142281
1142615
1142982
1143263
1143417
1143613
1143626
1143973
1144072
1144210
1144234
1144286
1144405
1144655
1144930
1145100
1145127
1145471
1146208
1146342
1146415
1146664
1146762
1146885
1147309
1147421
1147457
1147474
1147510
1147635
1147769
1147912
1147944
1147967
1148128
1148212
1148296
1148446
1148754
1149061
1149252
1149491
1149635
1149659
1149788
1149820
1150059
1150186
1150444
1150684
1150965
1151000
1151175
1151416
1151455
1151652
1151756
1151897
1151993
1152268
1152408
1152485
1152560
1152602
1152642
1152684
1152805
1152985
1153009
1153137
1153469
1153613
1153666
1153746
1153781
1153878
1153892
1153963
1154075
1154507
1154756
1154929
1154989
1155063
1155170
1155311
1155330
1155406
1155448
1155473
1155501
1155616
1155693
1156171
1156285
1156515
1156678
1156770
1156794
1156841
1156865
1156902
1157082
1157148
1157357
1157458
1157649
1157797
1157845
1157895
1158399
1158484
1158627
1158719
1158832
1159174
1159268
1159290
1159637
1159927
1160101
1160149
1160171
1160228
1160484
1160620
1160935
1161147
1161653
1161745
1161778
1162019
1162124
1162361
1162388
1162530
1162549
1162653
1162710
1162771
1162836
1163008
1163055
1163151
1163364
1163645
1163954
1164079
1164254
1164500
1164580
1164677
1164878
1165036
1165262
1165311
1165419
1165515
1165665
1165835
1165920
1166019
1166223
1166258
1166321
1166422
1166663
1166792
1166831
1166878
1167102
1167168
1167197
1167334
1167624
1167827
1168060
1168206
1168292
1168480
1168663
1168901
1169075
1169290
1169433
1169672
1169697
1169821
1169891
1170039
1170080
1170103
1170116
1170330
1170620
1170756
1170810
1170855
1170881
1171005
1171104
1171440
1171508
1171616
1171748
1171962
1172397
1172578
1172614
1172722
1172956
1173181
1173539
1173626
1173709
1173752
1173815
1174209
1174327
1174373
1174444
1174577
1174631
1174693
1174724
1174772
1174916
1175087
1175136
1175752
1175795
1175972
1176046
1176099
1176145
1176272
1176426
1176725
1176739
1176969
1177055
1177180
1177473
1177617
1177643
1177699
1177783
1177903
1177943
1178105
1178405
1178726
1178778
1178887
1179013
1179180
1179266
1179409
1179679
1179712
1179792
1180180
1180360
1180538
1180690
1180787
1180819
1180969
1180982
1181073
1181130
1181190
1181242
1181280
1181303
1181334
1181463
1181503
1181617
1182001
1182118
1182245
1182375
1182480
1182909
1183641
1183752
1183869
1184249
1184336
1184404
1184484
1184749
1184835
1184914
1185035
1185161
1185296
1185427
1185561
1185586
1185659
1185702
1185793
1185817
1185911
1186341
1186598
1186887
1187023
1187145
1187247
1187576
1187754
1187976
1188006
1188056
1188322
1188516
1188643
1189163
1189299
1189544
1189566
1189627
1189660
1189747
1190441
1190645
1190679
1190715
1191003
1191040
1191288
1191402
1191500
1191632
1191672
1193777
1193865
1194063
1194828
1194866
1195578
1195652
1195914
1196284
1196656
1196964
1197013
1197065
1197283
1197427
1197462
1197609
1197628
1197679
1197959
1198602
1198840
1198866
1198936
1199039
1199143
1199394
1199470
1199616
1199644
1199702
1199913
1200056
1200083
1200211
1200267
1200364
1200391
1200427
1200504
1200809
1200829
1201574
1201777
1201871
1201994
1202332
1202562
1202591
1202639
1202773
1203195
1203229
1203497
1203692
1203867
1203965
1204078
1204093
1204231
1204259
1204281
1204411
1205159
1205180
1205476
1205529
1205860
1205963
1206071
1206646
1206692
1206706
1206775
1206909
1206987
1207030
1207135
1207515
1207603
1207711
1208009
1208496
1208639
1208718
1209013
1209144
1209279
1209704
1209995
1210141
1210170
1210184
1210305
1210961
1211331
1211532
1211554
1211756
1212005
1212026
1212732
1213244
1215038
1215153
1215230
1216229
1218928
1220258
1221996
1222655
1222939
1223234
1223460
1223650
1223662
1224160
1224528
1224906
1225044
1225638
1225670
1225750
1226015
1226376
1226955
1227177
1227248
1227434
1227694
1227750
1227898
1227919
1228128
1228171
1228372
1228911
1228980
1229239
1229367
1229450
1229632
1229649
1229991
1230203
1230226
1230308
1230434
1230479
1230752
1230774
1230851
1230955
1231017
1231054
1231241
1231359
1231462
1231822
1231929
1232079
1232123
1232162
1232276
1232304
1232404
1232499
1232690
1232828
1233140
1233448
1233707
1233800
1233938
1234255
1234391
1234731
1234998
1235154
1235181
1235263
1235314
1235459
1235491
1235563
1235592
1235618
1235925
1235992
1236220
1236295
1236335
1236407
1236499
1236573
1236597
1236742
1236952
1237018
1237132
1237198
1237327
1237395
1237516
1237717
1237780
1237932
1237970
1238031
1238097
1238172
1238250
1238275
1238376
1238461
1238482
1238564
1238615
1238730
1238891
1238968
1239148
1239257
1239269
1239487
1239688
1239733
1239797
1239819
1239891
1239951
1240107
1240169
1240233
1240341
1240366
1240431
1240490
1240592
1240719
1240864
1240970
1241162
1241254
1241453
1241551
1241711
1241767
1241793
1241888
1242039
1242206
1242281
1242504
1242538
1242639
1242828
1242898
1242929
1242993
1243090
1243227
1243595
1243705
1243764
1243791
1243865
1243974
1244061
1244216
1244290
1244335
1244345
1244563
1244620
1244702
1244772
1244990
1245205
1245454
1245546
1245576
1245649
1245688
1245703
1245785
1245861
1246009
1246093
1246194
1246224
1246375
1246422
1246472
1246633
1246650
1246728
1246822
1246901
1246978
1246992
1247124
1247210
1247239
1247329
1247431
1247453
1247597
1247727
1247796
1247879
1247911
1247987
1248086
1248179
1248327
1248472
1248618
1248739
1248877
1248984
1249077
1249095
1249219
1249645
1249700
1249856
1249904
1250009
1250105
1250125
1250211
1250306
1250450
1250468
1250561
1251065
1251137
1251405
1251521
1251592
1251645
1251725
1251769
1251809
1252128
1252294
1252521
1252791
1252949
1253084
1253359
1253537
1253754
1254060
1254197
1254227
1254373
1254448
1254650
1254731
1254808
1254881
1255035
1255182
1255261
1255280
1255372
1255534
1255566
1255658
1255736
1255776
1256009
1256339
1256469
1256665
1256918
1257107
1257301
1257323
1257459
1257495
1257612
1257833
1258002
1258096
1258128
1258219
1258321
1258365
1258541
1258574
1258711
1258799
1258826
1258898
1258960
1259055
1259241
1259386
1259671
1259737
1259751
1260037
1260053
1260314
1260672
1260711
1260824
1260857
1261084
1261194
1261248
1261501
1261623
1261939
1262074
1262134
1262206
1262225
1262360
1262461
1262504
1262561
1262702
1262815
1263300
1263380
1263628
1263642
1263723
1263757
1263864
1264118
1264135
1264272
1264330
1264412
1264482
1264644
1264949
1265050
1265147
1265162
1265355
1265781
1265985
1266063
1266096
1266192
1266340
1267111
1267378
1267621
1267677
1267761
1267780
1267830
1268076
1268147
1268263
1268293
1268397
1268533
1268777
1268799
1269171
1269298
1269318
1269471
1269492
1270053
1270385
1270494
1270595
1270744
1270800
1271024
1271226
1271345
1271368
1271408
1271497
1271661
1271760
1271844
1271888
1271957
1272112
1272646
1272768
1272848
1272890
1272990
1273019
1273370
1273464
1273798
1273815
1273858
1274219
1274254
1274467
1274682
1274713
1274881
1275279
1275407
1275460
1275620
1275677
1275753
1275909
1276092
1276140
1276168
1276353
1276699
1276786
1276962
1277006
1277058
1277133
1277262
1277290
1277335
1277521
1277687
1278127
1278187
1278465
1278524
1278752
1278829
1278874
1279032
1279180
1279291
1279774
1280033
1280064
1280122
1280356
1280390
1280505
1280539
1280679
1280764
1281179
1281253
1281437
1281788
1281906
1282027
1282047
1282137
1282249
1282617
1282740
1282831
1283276
1283570
1283719
1283878
1283994
1284092
1284126
1284202
1284281
1284400
1284588
1284859
1284910
1285040
1285090
1285269
1285456
1285612
1285979
1286071
1286244
1286504
1286666
1286912
1287071
1287201
1287425
1287472
1287664
1287782
1287891
1287955
1288063
1288186
1288628
1288736
1288850
1289023
1289155
1289350
1289473
1289579
1289643
1289682
1289757
1290108
1290404
1290474
1290564
1290844
1291053
1291196
1291474
1291553
1291582
1291739
1291907
1292114
1292230
1292504
1292579
1292734
1293150
1293287
1293352
1293402
1293507
1293580
1293842
1293935
1293968
1294225
1294427
1294629
1294678
1294741
1294781
1294796
1294894
1294963
1295023
1295185
1295285
1295397
1295446
1295710
1295877
1295923
1295986
1296192
1296298
1296372
1296509
1296575
1296614
1296766
1296929
1297041
1297161
1297239
1297315
1297459
1297513
1297576
1297870
1297896
1297962
1298127
1298288
1298404
1298464
1298584
1298622
1298830
1298863
1298961
1299143
1299297
1299364
1299592
1299615
1299709
1299844
1299945
1300067
1300316
1300433
1300515
1300568
1300792
1301073
1301210
1301250
1301329
1301369
1301396
1301576
1301613
1301976
1302098
1302159
1302184
1302330
1302348
1302434
1302532
1302680
1302846
1302982
1303064
1303078
1303224
1303322
1303457
1303573
1303675
1303792
1303947
1304066
1304079
1304224
1304299
1304642
1304866
1304903
1305019
1305131
1305329
1305416
1305599
1305715
1305739
1305813
1305882
1306022
1306212
1306263
1306556
1306578
1306720
1306808
1307045
1307058
1307183
1307221
1307792
1307979
1308107
1308255
1308368
1308525
1308587
1308664
1308703
1308789
1309095
1309105
1309219
1309241
1309294
1309531
1309794
1310020
1310072
1310148
1310332
1310593
1310928
1311012
1311072
1311404
1311538
1311655
1311676
1311881
1312157
1312304
1312458
1312520
1312718
1312808
1312968
1313070
1313176
1313244
1313267
1313361
1313656
1313714
1314097
1314133
1314230
1314394
1314444
1314542
1315110
1315319
1315559
1315721
1315852
1315904
1316108
1316124
1316641
1316680
1316791
1316826
1316861
1317049
1317103
1317683
1317730
1318066
1318150
1318413
1318491
1318569
1318592
1318681
1318951
1319121
1319482
1319503
1319596
1319785
1320034
1320092
1320172
1320328
1320605
1320946
1321073
1321324
1321360
1321434
1321605
1321639
1321779
1321879
1321900
1322460
1322486
1322818
1323018
1323084
1323096
1323238
1323355
1323426
1323787
1324049
1324508
1324643
1324695
1325006
1325081
1325128
1325382
1325511
1325592
1325818
1325956
1325974
1326063
1326101
1326164
1326252
1326292
1326679
1326812
1327104
1327244
1327297
1327702
1327963
1328016
1328118
1328173
1328297
1328315
1328395
1328531
1328684
1328736
1328959
1329249
1329269
1329599
1329626
1329733
1329796
1330053
1330090
1330274
1330291
1330566
1330597
1330726
1330824
1331086
1331146
1331166
1331379
1331443
1331525
1331988
1332043
1332097
1332150
1332183
1332411
1332499
1332882
1332908
1333080
1333172
1333243
1333416
1333429
1333574
1334075
1334261
1334295
1334358
1334503
1334766
1334889
1335075
1335103
1335181
1335364
1335483
1335521
1335598
1335617
1335708
1335834
1336090
1336141
1336536
1336638
1336680
1336985
1337345
1337463
1337607
1337749
1338315
1338523
1338831
1338872
1339046
1339216
1339302
1339336
1339506
1339617
1339766
1340051
1340257
1340423
1340521
1340574
1340807
1340958
1341068
1341107
1341329
1341508
1341614
1341685
1342016
1342110
1342301
1342867
1342908
1343056
1343228
1343332
1343383
1343448
1343674
1343755
1343902
1343925
1344039
1344182
1344506
1344820
1344901
1345052
1345127
1345488
1345770
1345874
1345981
1346081
1346175
1346361
1346613
1346764
1346931
1347269
1347286
1347375
1347434
1347650
1347677
1348219
1348526
1348677
1348934
1349089
1349212
1349240
1349452
1349515
1349664
1349692
1349847
1349969
1350209
1350461
1350525
1350850
1350943
1350970
1351135
1351220
1351430
1351604
1351867
1351988
1352102
1352297
1352379
1352471
1352657
1352683
1353012
1353221
1353550
1353626
1353975
1354029
1354303
1354335
1354415
1354624
1354735
1354765
1354900
1354990
1355056
1355119
1355307
1355728
1355823
1355883
1355948
1356006
1356059
1356127
1356344
1356397
1356668
1356828
1357074
1357286
1357659
1357960
1358012
1358235
1358254
1358531
1358589
1358618
1358708
1358801
1359273
1359384
1359798
1360229
1360284
1360478
1360499
1360608
1360749
1360761
1361219
1361257
1361950
1362072
1362103
1362323
1362404
1362641
1362737
1362858
1363047
1363145
1363190
1363449
1363482
1363627
1363953
1364073
1364165
1364220
1364333
1364406
1364478
1364527
1364629
1364657
1364743
1364922
1365306
1365540
1365615
1365984
1366139
1366264
1366304
1366428
1366513
1366585
1366740
1366858
1367223
1367261
1367361
1367807
1367849
1367987
1368138
1368398
1368476
1368571
1368697
1368985
1369074
1369246
1369310
1369351
1369490
1369558
1369652
1369779
1369930
1370027
1370138
1370454
1370591
1370670
1370828
1371022
1371127
1371285
1371409
1371428
1371547
1371646
1371902
1371953
1372082
1372236
1372454
1372907
1372992
1373076
1373256
1373341
1373543
1373930
1374295
1374363
1374559
1374898
1375022
1375140
1375291
1375524
1375773
1375958
1376136
1376317
1376465
1376584
1376704
1377260
1377436
1377574
1377703
1377856
1378013
1378042
1378173
1378275
1378301
1378490
1378778
1379071
1379139
1379305
1379535
1379677
1379743
1379935
1380063
1380549
1380582
1380689
1380840
1380989
1381034
1381150
1381290
1381457
1381613
1381714
1381823
1382091
1382241
1382344
1382468
1382995
1383171
1383195
1383526
1383568
1383905
1383968
1384105
1384245
1384523
1384989
1385270
1385656
1385692
1385716
1385842
1385872
1386165
1386439
1386808
1386877
1386966
1387142
1387277
1387488
1387566
1387903
1388176
1388469
1388753
1389059
1389448
1389653
1389903
1390029
1390459
1390641
1390768
1392441
1392678
1392868
1393284
1393676
1393844
1393967
1394085
1394181
1394292
1394464
1394703
1394772
1395316
1396193
1396792
1397055
1397162
1398008
1398086
1399296
1399317
1399392
1399422
1399699
1399759
1399834
1399932
1400255
1400356
1400508
1400539
1400640
1400839
1400950
1401162
1401227
1401276
1401432
1401653
1401835
1402159
1402172
1402285
1402355
1402441
1402507
1402573
1402650
1402776
1402904
1403033
1403541
1403699
1403899
1403928
1404042
1404098
1404121
1404675
1404770
1404803
1404868
1404892
1405020
1405083
1405356
1405465
1405776
1405868
1406279
1406499
1406620
1406725
1406820
1406948
1406964
1407380
1407562
1407883
1408295
1408312
1408494
1408749
1408767
1408872
1409240
1409584
1409663
1409871
1410305
1410476
1410567
1410678
1410773
1410841
1410857
1411154
1411219
1411270
1411533
1411828
1411869
1412090
1412395
1412527
1412583
1412707
1412858
1413062
1413199
1413244
1413281
1413308
1413409
1413519
1413744
1413899
1414132
1414643
1414873
1415090
1415120
1415497
1415615
1415810
1415859
1415918
1416399
1416556
1416822
1417129
1417163
1417175
1417801
1417856
1417977
1418046
1418167
1418394
1418499
1418674
1418941
1418994
1419089
1419237
1419337
1419444
1419524
1419724
1419771
1419865
1419923
1419996
1420366
1420440
1420740
1420821
1421118
1421217
1421284
1421315
1421456
1421628
1421678
1421972
1422012
1422075
1422187
1422404
1422507
1422602
1422889
1423194
1423292
1423363
1423374
1423541
1423869
1423921
1424023
1424174
1424243
1424331
1424390
1424471
1424668
1424794
1424897
1424989
1425055
1425137
1425266
1425520
1425595
1426013
1426087
1426194
1426469
1426534
1426581
1426654
1426804
1426879
1427086
1427226
1427317
1427593
1427782
1427842
1427967
1427998
1428298
1428340
1428404
1428463
1428627
1428809
1428939
1429312
1429398
1429540
1429977
1430020
1430171
1430201
1430312
1430575
1430588
1430714
1430794
1430862
1431028
1431084
1431216
1431364
1431497
1431688
1431766
1431846
1431869
1431975
1432428
1432704
1432780
1432845
1432878
1433113
1433197
1433210
1433388
1433577
1433832
1433913
1434151
1434241
1434320
1434522
1434596
1434789
1434947
1435039
1435172
1435282
1435359
1435370
1435450
1435507
1435624
1435732
1435994
1436202
1436284
1436409
1436435
1436498
1436613
1436734
1436925
1436964
1437123
1437431
1437897
1438560
1438720
1438783
1438935
1439437
1439645
1439727
1439782
1439820
1439888
1440004
1440061
1440091
1440293
1440361
1440614
1440871
1440962
1441006
1441079
1441133
1441381
1442019
1442186
1442443
1442585
1442832
1443026
1443107
1443159
1443425
1443536
1443592
1443803
1443932
1443957
1444177
1444330
1444811
1444860
1444895
1444979
1445209
1445387
1445639
1445674
1445906
1446006
1446185
1446251
1446392
1446494
1446544
1446942
1447062
1447263
1447358
1447789
1447948
1447976
1448158
1448348
1448450
1448668
1448700
1448819
1448858
1448947
1449168
1449268
1449416
1449526
1449691
1449983
1450203
1450294
1450434
1450530
1450731
1450977
1451132
1451234
1451712
1451843
1451961
1452040
1452151
1452308
1452383
1452446
1452650
1452785
1452900
1452936
1453189
1453289
1453412
1453482
1453688
1453725
1454160
1454293
1454356
1454391
1454457
1454506
1454647
1454768
1454887
1454922
1455228
1455268
1455314
1455382
1455443
1455742
1455998
1456049
1456078
1456372
1456402
1456512
1456577
1456803
1456940
1457339
1457426
1457595
1457626
1457759
1457855
1458157
1458188
1458238
1458422
1458436
1458610
1458748
1458814
1458907
1459162
1459199
1459578
1459791
1459812
1459944
1459988
1460041
1460118
1460225
1460597
1460773
1461025
1461144
1461188
1461199
1461433
1461510
1461618
1461648
1461785
1461846
1461877
1461904
1462216
1462549
1462633
1462676
1462909
1462928
1463049
1463066
1463275
1463374
1463569
1463619
1463776
1463968
1464175
1464239
1464256
1464536
1464600
1464644
1464757
1464878
1464915
1464979
1465221
1465283
1465521
1465688
1465917
1466013
1466126
1466299
1466355
1466453
1466617
1466702
1467237
1467295
1467442
1467614
1467768
1467792
1467862
1467884
1468159
1468275
1468319
1468809
1468882
1468941
1469109
1469148
1469189
1469207
1469378
1469496
1469521
1469880
1470068
1470117
1470246
1470437
1470559
1470894
1470973
1471811
1471928
1471986
1472030
1472061
1472114
1472148
1472457
1472508
1472583
1472715
1472792
1472879
1473115
1473434
1473448
1473506
1473663
1473827
1473903
1474027
1474121
1474135
1474220
1474265
1474554
1474808
1474973
1475376
1475453
1475648
1475801
1475853
1476154
1476508
1476577
1476664
1476763
1477427
1477466
1477598
1477672
1477886
1477905
1477991
1478358
1478483
1478581
1478750
1478912
1479003
1479304
1479583
1479718
1479757
1480074
1480206
1480355
1480465
1480485
1480580
1480774
1480935
1481134
1481403
1481619
1481945
1482115
1482199
1482320
1482410
1482422
1482527
1482565
1483303
1483667
1484013
1484036
1484151
1484291
1484383
1484482
1484567
1484660
1484689
1484944
1484994
1485071
1485319
1485431
1485524
1485620
1485945
1486059
1486348
1486555
1486638
1486683
1486922
1487059
1487262
1487406
1487606
1487652
1487874
1488121
1488269
1488323
1488453
1488497
1488632
1488729
1488822
1489301
1489413
1489742
1489820
1489887
1489987
1490373
1490447
1490474
1490559
1490818
1491021
1491084
1491339
1491350
1491630
1491807
1491873
1491947
1492039
1492203
1492217
1492362
1492458
1492876
1492895
1492976
1493029
1493447
1493477
1493593
1493658
1493726
1493857
1493999
1494446
1494520
1494789
1494919
1494930
1495058
1495121
1495300
1495711
1495971
1496224
1496298
1496382
1496520
1496714
1496872
1497038
1497186
1497328
1497442
1497497
1497756
1497852
1497896
1498046
1498138
1498162
1498284
1498438
1498779
1499217
1499425
1499574
1500153
1500376
1500739
1500884
1501414
1501639
1501852
1502016
1502050
1502145
1502261
1502484
1502769
1503009
1503094
1503133
1503206
1503511
1503658
1503676
1503728
1503865
1504058
1504212
1504249
1504598
1504655
1504885
1504914
1505226
1505346
1505445
1505894
1505989
1506021
1506141
1506299
1506499
1506580
1506681
1506764
1506871
1506942
1507121
1507134
1507227
1507366
1507463
1507612
1507677
1507761
1507956
1507970
1508056
1508080
1508141
1508179
1508466
1508513
1508622
1509006
1509344
1509424
1509612
1509776
1509960
1510059
1510207
1510239
1510721
1510877
1511167
1511294
1511521
1511767
1511838
1511881
1512002
1512099
1512196
1512363
1512908
1512954
1513112
1513388
1513526
1513649
1513819
1513911
1513990
1514190
1514666
1514718
1514802
1515324
1515609
1515688
1515833
1516006
1516085
1516248
1516439
1516625
1516650
1516855
1516978
1517185
1517786
1518027
1518140
1518302
1518475
1518867
1518914
1519266
1519614
1520476
1521957
1522045
1522263
1524970
1525114
1525543
1525831
1526272
1526593
1526763
1527772
1529137
1529502
1529825
1530279
1530474
1530633
1535822
1536261
1536920
1537336
1538464
1538571
1538729
1540555
1540720
1541741
1542053
1543323
1550961
1552401
1552947
1553053
1554055
1554544
1554717
1554999
1555571
1556026
1556094
1556118
1556824
1556836
1556860
1556890
1556946
1557112
1557139
1557160
1557211
1557247
1557333
1557473
1557560
1557725
1557856
1557923
1558003
1558214
1558460
1558643
1558924
1559134
1559300
1559345
1559616
1559700
1559747
1559952
1559992
1560195
1560335
1561860
1562055
1562582
1564215
1565845
1566686
1567249
1567316
1567368
1568133
1568752
1570397
1570477
1571876
1572033
1573680
1574057
1574891
1574992
1575367
1575457
1575635
1575879
1575906
1576045
1576387
1576981
1577349
1578284
1578530
1578797
1579368
1579696
1580145
1580778
1580935
1581080
1581390
1581452
1581482
1583200
1583463
1584035
1584634
1585401
1585745
1585869
1585949
1586381
1586500
1586782
1587994
1588054
1588267
1588889
1589187
1589290
1589471
1590510
1590573
1590761
1590849
1591615
1593209
1593290
1593535
1594035
1594167
1594188
1594880
1595298
1595964
1596712
1596935
1597158
1597644
1598431
1598529
1599212
1599541
1599659
1600536
1601006
1601298
1601957
1602683
1602778
1602962
1604189
1604554
1604729
1604846
1605765
1605825
1606033
1606212
1606321
1606529
1606620
1606983
1607459
1607481
1607766
1607989
1608046
1608067
1608302
1608986
1609119
1609359
1609973
1610166
1610219
1610235
1611046
1611148
1612158
1612300
1612601
1612721
1613261
1613815
1613843
1613986
1614212
1614239
1615880
1615906
1616456
1616680
1616957
1617299
1617484
1617880
1618285
1618562
1618822
1619259
1619320
1620327
1621192
1621329
1621369
1621843
1622152
1622517
1622720
1623085
1623151
1623696
1623859
1624295
1624488
1624584
1624810
1624884
1625140
1625499
1625563
1626063
1627363
1627765
1627787
1628525
1628616
1628693
1629871
1630126
1630918
1631342
1631406
1631653
1632108
1632184
1632322
1632529
1632553
1632928
1633251
1633357
1633469
1633705
1633965
1634154
1634402
1634651
1634830
1634994
1635302
1635370
1635543
1635739
1635837
1636046
1636315
1636559
1636612
1636703
1636745
1637374
1637636
1638131
1638994
1639783
1639802
1640007
1640499
1640795
1640885
1641086
1641148
1641606
1641903
1642083
1642169
1642885
1643166
1643485
1643912
1644268
1644560
1644774
1644980
1645335
1646035
1646467
1646527
1646730
1647631
1647807
1648394
1649000
1649458
1649614
1649866
1650097
1650883
1651117
1651465
1651622
1651849
1651919
1652133
1652656
1653147
1653297
1653332
1654061
1654278
1654333
1654463
1654618
1654698
1655159
1655286
1655979
1655995
1656157
1656190
1657827
1658242
1658355
1658386
1658585
1658733
1659930
1660227
1660795
1661578
1661781
1662182
1662317
1662445
1662659
1664464
1664711
1664893
1664973
1665220
1665305
1665372
1665747
1665801
1668130
1668749
1669500
1669850
1670445
1671018
1671218
1671803
1672043
1672323
1672506
1672724
1672837
1673098
1673826
1673992
1674367
1675282
1675911
1676025
1676470
1676809
1676954
1677015
1677083
1678089
1678139
1678232
1679016
1679136
1679293
1679439
1679524
1679764
1680000
1680457
1680596
1680734
1681133
1681299
1681540
1682061
1682318
1682699
1683470
1683541
1683572
1683815
1684067
1684778
1684936
1685499
1685976
1686008
1686147
1686429
1686660
1686683
1687185
1687210
1687461
1687674
1687754
1687878
1688513
1688532
1689508
1689641
1690428
1690873
1691041
1691194
1691240
1691618
1691727
1691787
1691902
1693752
1693876
1695390
1695500
1695771
1696256
1696698
1696719
1696804
1696852
1697039
1697414
1697498
1697682
1697710
1697917
1698199
1698236
1698731
1698793
1698960
1699390
1699533
1699650
1700209
1700469
1700872
1700993
1701234
1701922
1702333
1702728
1703641
1703679
1703896
1705326
1705708
1705811
1705952
1706808
1707013
1707508
1707984
1708011
1708159
1708317
1708533
1708945
1709696
1710898
1711154
1711435
1711989
1712287
1712796
1712932
1712983
1713101
1713209
1713583
1714690
1714843
1716727
1717228
1717345
1717671
1718924
1720301
1720455
1720505
1720590
1720607
1721296
1722276
1722955
1723840
1726180
1726325
1728576
1730814
1730883
1731369
1731695
1732098
1732323
1732793
1733164
1733304
1733371
1734065
1734672
1734762
1735152
1735415
1736285
1737020
1737162
1737420
1737703
1738084
1738110
1738298
1738507
1738553
1738714
1739044
1740019
1740678
1741075
1741598
1742151
1742252
1742838
1742892
1743667
1745149
1746123
1746710
1747526
1747677
1748322
1748372
1748592
1749231
1749464
1749584
1749648
1749727
1750315
1750444
1750885
1751488
1752248
1752294
1753728
1753890
1754321
1755047
1755271
1755290
1755936
1756251
1756355
1756615
1757193
1758125
1758398
1758418
1758648
1759292
1759368
1761054
1761356
1761552
1761628
1761978
1762448
1762622
1762722
1764071
1764788
1765130
1765217
1765360
1766198
1766362
1767120
1767573
1767939
1768854
1769089
1769334
1769653
1771535
1771768
1771812
1771860
1771943
1772156
1772542
1772725
1772898
1773470
1773671
1773900
1775632
1775880
1775993
1776136
1776420
1776764
1776877
1777176
1778094
1778431
1778734
1779034
1779353
1779945
1780407
1780587
1780829
1782352
1782692
1782961
1783406
1783697
1784046
1784442
1784984
1785258
1785331
1786328
1786569
1787734
1788155
1788367
1788712
1788856
1789076
1789177
1789235
1789547
1790116
1790251
1790608
1790765
1790942
1791086
1791356
1792445
1792642
1793369
1793841
1794208
1795295
1796089
1797862
1797913
1798576
1798848
1799033
1799590
1799698
1799757
1800476
1800615
1800736
1800773
1801065
1801200
1801442
1801637
1801775
1803162
1804366
1804381
1804533
1804657
1805310
1806015
1806211
1806240
1806266
1806666
1806958
1807045
1808134
1808461
1809519
1809573
1809721
1809967
1810007
1810700
1810942
1811126
1811366
1811656
1811841
1812421
1812616
1812645
1812834
1813025
1813303
1813326
1813872
1814167
1814201
1814312
1814435
1815930
1816008
1816783
1817341
1818398
1818536
1819126
1819368
1819446
1819589
1820108
1820158
1820562
1820684
1821006
1821233
1821391
1821763
1822256
1822336
1822642
1823415
1823575
1823958
1824746
1824999
1825092
1825582
1826188
1826443
1826865
1827122
1828454
1828476
1828610
1828672
1828795
1829313
1829351
1829724
1829858
1830274
1830313
1830588
1830726
1831230
1831488
1831592
1832300
1832418
1832580
1832758
1832997
1833097
1833273
1833301
1833326
1833429
1833779
1834093
1834257
1834490
1834854
1835115
1835158
1835285
1835497
1835623
1835866
1835998
1836341
1836899
1837008
1837393
1837595
1837664
1837734
1838188
1838329
1838708
1838904
1838997
1839255
1840181
1840427
1840797
1840874
1841548
1841853
1841959
1842105
1842285
1842589
1843325
1844302
1844566
1845258
1845851
1846288
1846501
1846724
1846939
1848191
1848429
1848608
1848818
1848865
1849778
1849794
1849899
1850284
1850623
1850766
1851302
1851601
1851727
1851774
1852594
1852956
1853051
1853207
1853442
1854176
1854325
1854578
1855599
1855789
1855857
1855947
1856570
1858541
1859180
1860235
1860291
1861023
1861265
1863419
1865411
1865679
1866456
1866681
1866719
1866926
1867059
1867184
1867200
1867374
1867396
1867459
1867503
1867595
1868007
1868125
1868250
1868509
1868826
1868848
1868905
1868934
1869046
1869192
1869332
1869418
1869820
1869991
1870036
1870257
1870545
1870690
1870729
1871183
1871382
1871491
1871986
1872167
1872197
1872261
1872317
1872698
1873458
1873501
1873532
1873574
1873814
1874408
1874486
1874557
1874579
1874922
1875015
1875434
1875717
1875806
1876418
1876706
1876897
1877183
1877216
1877279
1877876
1878129
1878314
1878455
1879535
1879855
1879997
1880214
1880434
1880643
1880770
1880985
1881086
1881250
1881438
1881652
1881999
1882384
1882738
1883007
1883147
1884151
1884256
1884857
1884985
1885047
1885368
1885557
1885719
1886048
1886134
1886167
1886442
1886513
1886683
1886795
1886913
1887281
1888053
1888455
1888900
1889053
1889073
1889193
1889369
1890472
1890677
1890771
1890802
1891106
1891404
1891492
1891610
1891659
1892033
1892108
1892685
1892854
1892978
1892991
1893083
1893475
1893669
1893792
1894059
1894378
1894749
1894781
1895082
1895428
1895570
1896237
1896462
1896995
1897238
1897600
1897958
1898287
1898346
1898667
1898701
1899082
1899967
1900334
1900375
1900915
1901044
1901240
1901263
1901407
1902071
1902341
1902820
1903327
1903812
1904010
1904526
1904722
1904794
1905066
1905362
1905524
1905716
1905874
1905969
1906095
1906298
1906449
1906514
1906826
1907347
1907402
1907643
1907927
1908114
1908348
1909416
1909904
1909931
1910397
1910768
1911010
1911553
1911624
1911785
1911860
1912197
1912324
1912802
1912947
1912961
1913345
1913454
1913772
1914012
1914360
1914784
1915040
1915068
1915238
1915340
1915772
1915953
1916270
1916684
1916850
1917064
1917645
1918090
1918143
1918639
1918843
1919309
1919337
1919456
1919833
1920018
1920212
1920663
1920881
1921219
1921767
1921915
1922205
1922369
1922388
1922486
1922933
1923016
1923129
1923194
1923548
1923600
1923742
1923857
1923923
1923983
1924137
1924168
1924498
1924562
1924744
1924971
1925123
1925142
1925369
1925420
1925589
1925897
1926182
1926425
1926530
1926842
1926994
1927195
1927444
1927720
1928225
1928282
1928574
1928702
1928873
1929025
1929349
1929393
1929809
1930203
1930720
1930844
1931156
1931547
1931935
1931959
1932169
1932274
1932409
1932817
1932856
1932927
1933279
1933534
1934068
1934222
1934279
1934514
1934545
1934750
1934822
1935071
1935522
1935913
1936077
1936206
1936235
1936899
1936985
1937193
1937312
1937649
1938095
1938115
1938153
1938707
1938751
1938869
1939032
1939283
1939360
1939994
1940183
1940517
1940564
1940684
1941216
1941232
1941361
1941527
1941603
1941831
1941897
1942069
1942148
1942179
1942460
1942743
1942957
1942993
1943488
1943504
1943592
1943612
1943771
1943986
1944093
1944224
1944493
1944614
1944766
1944911
1944924
1945073
1945291
1945359
1945842
1945928
1946093
1946149
1946220
1946360
1946400
1946572
1946651
1946788
1946936
1947149
1947316
1947388
1947423
1947508
1947669
1947932
1948239
1948666
1948762
1948785
1948997
1949123
1949967
1950259
1950458
1950601
1950805
1950951
1951127
1951427
1952019
1952283
1952625
1952796
1953536
1953810
1954490
1954646
1954787
1954803
1955100
1955150
1955259
1955311
1955364
1955929
1956064
1956198
1956251
1956832
1957057
1957917
1957934
1958692
1958728
1958798
1959463
1959502
1959770
1960255
1960287
1960480
1960695
1960726
1961245
1961290
1961490
1961606
1961755
1961930
1962040
1962649
1962731
1962872
1963048
1963364
1963612
1963817
1964219
1964270
1964783
1965304
1965396
1965845
1965858
1966023
1966115
1966140
1966424
1966502
1966650
1966987
1967145
1967302
1967377
1967570
1967651
1968163
1969027
1969106
1969256
1969374
1969756
1969927
1970517
1970782
1971048
1971296
1971406
1971526
1971652
1971723
1972090
1972235
1972288
1972918
1973024
1973095
1973467
1973600
1973855
1974173
1974545
1974752
1974873
1975078
1975768
1976056
1976144
1976184
1976506
1976597
1976742
1976801
1977078
1977661
1977870
1977919
1978218
1978340
1979295
1979724
1979940
1980065
1980118
1980220
1980319
1980463
1980621
1980974
1981426
1981780
1982100
1982331
1982553
1982667
1982886
1983020
1983212
1983238
1983491
1983984
1983998
1984080
1984874
1985192
1985223
1985315
1985417
1985541
1985615
1985758
1985864
1985890
1986209
1986502
1986589
1986845
1986957
1986990
1987087
1987906
1988124
1988245
1988443
1988529
1988567
1988633
1988775
1989040
1989127
1989256
1989292
1989396
1989699
1990184
1990320
1990508
1990803
1991200
1991548
1991634
1991761
1991892
1991978
1992179
1992477
1992861
1992899
1993241
1993302
1993399
1993738
1994063
1994304
1994460
1994517
1994653
1994673
1995340
1995579
1995620
1995806
1995899
1995989
1996014
1996151
1996475
1997182
1997194
1997568
1997731
1998001
1998032
1998125
1998575
1998757
1999370
1999561
1999675
1999793
1999829
1999947
2000166
2000552
2000728
2000832
2000920
2001198
2001335
2001530
2001914
2002038
2002201
2002476
2002555
2002612
2002656
2002918
2003086
2003183
2003636
2003733
2003802
2003838
2004357
2004488
2004679
2004855
2004869
2004946
2005406
2005468
2005913
2006010
2006151
2006222
2006299
2006351
2006636
2007597
2007793
2008362
2008407
2009067
2009166
2009471
2009566
2009912
2010048
2010167
2010224
2010315
2010414
2010869
2011335
2011496
2011908
2012105
2012284
2012361
2012556
2012670
2013061
2013099
2013192
2013367
2014112
2014430
2014837
2014930
2015011
2015395
2015418
2015443
2015528
2015659
2015682
2015736
2015789
2015919
2016464
2016666
2016858
2017182
2017279
2017648
2017720
2017917
2018039
2018335
2018457
2018489
2018692
2018877
2019149
2019504
2019677
2019818
2019896
2019916
2020394
2020489
2020584
2020721
2020960
2021065
2021320
2021848
2022005
2022528
2022691
2022861
2023219
2023336
2023643
2023950
2024455
2024507
2024755
2025299
2025401
2025773
2025794
2025955
2026034
2026146
2026183
2026397
2026565
2026995
2027832
2028101
2028118
2028369
2028670
2028742
2028947
2029102
2029623
2029803
2030053
2030294
2030326
2030580
2030660
2030892
2031003
2031063
2031081
2031223
2031305
2031391
2031434
2031831
2031888
2031924
2032008
2032111
2032134
2032366
2032535
2033032
2033389
2033492
2033642
2033713
2033966
2034239
2034464
2034552
2034704
2034942
2035033
2035195
2035404
2035726
2035904
2035996
2036074
2036537
2036603
2036907
2037261
2037591
2037618
2037675
2037845
2038208
2038239
2038402
2038559
2038675
2039019
2039285
2039420
2039470
2039481
2039799
2039896
2040179
2040247
2040487
2040599
2040714
2041313
2041872
2042105
2042441
2043226
2043958
2044607
2044807
2045361
2045648
2046022
2046150
2046262
2046286
2046417
2046528
2046919
2047100
2047779
2047810
2048215
2048355
2048585
2050326
2051192
2051242
2051540
2052112
2058523
2058950
2060189
2062644
2062703
2064193
2064809
2065346
2066639
2067080
2067494
2067763
2067943
2069002
2069430
2070271
2071859
2072388
2072593
2072744
2073008
2074061
2074498
2074615
2075746
2075950
2076058
2076289
2076640
2077281
2077494
2078185
2078639
2079003
2079401
2079537
2080074
2080326
2081330
2081374
2081614
2082368
2083072
2083514
2083710
2083902
2084051
2084424
2084975
2085419
2086042
2086638
2086929
2087050
2089467
2089738
2090255
2090871
2090949
2091133
2091175
2092264
2092352
2092691
2092871
2093090
2093287
2093894
2094706
2094810
2094920
2095721
2096176
2096870
2096940
2097117
2097433
2098643
2098808
2100003
2100667
2100872
2100888
2101576
2101819
2101991
2102290
2102509
2104360
2104711
2104907
2105023
2105448
2105727
2105751
2106236
2107015
2107225
2107914
2109321
2109450
2110197
2111040
2111177
2111393
2111618
2111819
2112141
2112419
2112450
2112645
2113324
2113937
2114342
2115001
2115198
2115499
2116377
2116432
2117805
2119043
2119201
2119367
2119548
2119825
2120092
2120196
2120801
2121234
2121917
2121959
2122286
2122356
2122644
2123315
2123364
2123388
2123581
2123795
2124328
2124882
2125540
2125825
2126665
2126964
2127411
2127622
2127644
2127679
2127792
2128671
2129251
2130351
2130497
2130732
2130768
2131086
2131317
2131524
2131640
2131756
2132410
2132646
2133060
2133645
2133888
2134158
2134666
2135120
2136014
2136093
2136156
2136384
2137206
2137407
2137525
2137595
2137644
2138012
2138095
2138273
2138450
2140487
2141389
2141512
2142571
2142920
2143266
2144975
2145554
2145588
2145946
2146580
2146934
2147064
2147584
2147774
2148620
2149227
2149809
2150231
2150926
2151987
2152555
2152567
2152592
2152700
2152880
2153056
2153198
2153295
2153324
2154518
2154834
2155009
2155410
2155450
2155635
2155770
2155878
2156177
2156824
2157483
2157525
2157609
2158248
2158548
2158964
2159143
2159250
2159485
2159659
2159848
2160536
2160996
2161270
2161819
2162088
2162279
2162586
2162643
2162663
2163053
2163738
2163766
2164331
2165317
2165560
2165583
2165728
2166207
2166239
2167279
2167343
2167689
2167855
2168220
2168396
2168436
2169144
2169245
2169443
2169575
2169874
2169931
2170084
2170348
2170531
2171445
2171841
2172010
2172164
2172806
2172995
2173113
2173287
2174167
2174447
2174576
2174729
2176520
2176681
2177262
2178168
2178435
2178500
2178693
2178728
2179643
2179695
2180177
2181588
2181945
2181990
2182070
2182276
2182624
2182674
2182970
2183098
2183355
2183690
2183754
2184582
2185376
2185428
2185604
2185797
2185942
2186211
2186400
2186855
2187255
2187400
2187671
2188124
2188227
2188634
2188707
2188965
2189415
2189874
2190456
2190567
2190711
2191220
2191624
2192206
2192387
2192627
2192849
2192882
2193944
2193989
2194122
2194232
2194578
2194638
2194726
2195439
2195698
2196166
2196300
2196522
2196603
2196822
2197258
2197743
2197920
2198298
2198457
2198711
2199116
2199389
2199526
2199650
2199731
2200040
2200465
2200835
2201312
2201364
2201445
2201472
2201626
2201680
2201883
2202178
2202586
2203027
2203205
2203287
2203463
2204005
2204225
2204354
2204400
2204769
2205326
2205374
2206055
2206477
2206654
2206768
2206828
2206937
2207000
2207409
2207504
2207714
2208027
2208118
2208590
2209240
2209333
2209372
2210138
2210227
2210374
2210600
2210684
2210711
2210951
2211043
2211079
2211170
2211348
2211476
2212181
2212332
2212723
2212752
2213141
2213284
2213416
2213645
2213795
2214342
2214444
2214516
2214995
2215037
2215208
2216046
2216107
2216248
2216317
2216433
2216542
2216847
2217213
2217316
2217417
2217440
2217678
2217689
2218399
2218434
2219445
2219831
2219917
2220612
2220650
2220767
2221014
2221116
2221183
2222307
2222419
2222713
2222989
2223878
2223907
2224066
2224242
2224629
2225072
2225452
2225642
2225977
2226066
2226524
2227155
2227803
2230098
2230240
2230370
2230636
2231142
2231325
2231762
2231872
2232101
2232245
2232481
2232742
2232799
2233016
2233351
2233662
2233703
2233808
2234150
2234957
2234987
2235598
2235675
2235807
2236175
2236453
2236983
2237275
2237676
2238236
2238505
2238682
2238730
2239273
2239609
2239868
2239925
2240239
2240680
2241289
2241870
2243062
2243487
2244332
2244451
2244890
2245312
2245432
2245568
2245873
2245928
2246203
2246715
2247482
2248542
2248602
2249156
2249565
2249895
2249941
2250089
2250178
2250316
2250381
2250682
2251097
2251776
2252239
2252544
2252703
2253098
2253215
2253348
2253891
2254043
2254310
2255641
2255842
2255974
2256246
2256408
2256435
2257027
2257325
2258374
2258401
2258561
2258643
2258951
2259038
2259396
2259475
2260181
2260632
2261161
2261288
2261405
2261604
2262012
2262429
2262783
2262869
2263024
2263313
2263324
2263756
2263993
2264093
2264316
2264480
2264985
2265300
2265703
2266430
2266756
2267245
2267380
2267583
2268197
2270212
2270308
2270614
2271098
2271340
2271477
2271723
2272033
2272316
2272864
2273079
2273446
2273608
2273955
2274101
2274127
2274991
2275593
2275749
2275866
2276045
2276256
2276616
2276785
2277216
2277573
2277692
2277826
2278270
2278686
2278770
2279367
2279398
2280186
2280362
2281313
2281477
2281498
2281907
2282475
2282738
2283742
2283916
2284681
2284899
2285386
2285449
2286019
2286699
2286851
2287563
2288160
2288341
2288369
2288612
2288857
2289291
2289697
2290379
2290860
2291384
2291504
2291735
2291900
2292382
2292534
2292689
2292850
2293051
2293068
2293566
2293916
2294438
2294478
2294736
2295104
2295158
2295184
2295278
2296640
2296848
2297799
2297878
2298368
2298516
2298886
2299106
2299308
2299344
2299438
2299521
2299594
2299814
2300146
2300161
2300253
2300886
2301517
2301652
2301711
2301951
2302364
2302439
2302967
2303071
2303104
2303199
2303417
2304020
2305235
2306293
2306336
2306671
2306963
2307158
2307570
2307869
2307895
2308231
2308340
2308793
2308978
2308993
2309555
2309812
2310807
2311702
2311962
2312037
2312380
2312520
2313160
2313198
2313419
2314045
2314192
2314351
2314437
2314778
2315522
2315688
2315812
2316057
2316075
2316213
2316590
2316879
2317519
2317778
2318212
2318378
2318818
2318962
2318994
2319101
2320797
2320994
2321236
2321442
2321582
2321748
2321939
2322736
2322830
2323470
2323553
2323690
2324205
2324704
2324923
2325443
2325464
2325644
2325861
2325936
2326139
2327025
2327187
2327357
2327382
2327488
2327891
2328281
2328628
2329343
2329438
2329573
2329831
2330060
2330296
2330561
2331317
2331618
2331991
2332141
2332401
2333403
2333609
2333692
2333735
2333793
2334067
2334190
2334757
2334962
2335172
2335502
2335760
2335915
2336188
2337075
2337212
2337443
2337922
2338359
2338433
2338503
2338645
2339026
2339748
2340121
2340439
2341139
2341910
2342261
2342406
2342480
2342549
2342630
2343076
2343759
2344049
2344125
2344150
2344458
2344532
2344855
2345938
2346117
2346374
2346535
2346612
2347796
2348060
2348652
2348724
2348796
2348866
2348955
2349185
2349468
2350304
2350333
2350479
2350887
2350961
2351045
2351646
2351847
2352019
2352486
2352659
2352904
2353028
2353159
2353577
2353606
2353697
2353760
2356109
2356670
2357568
2357638
2357772
2357821
2357839
2357864
2358268
2358365
2358949
2359073
2359774
2359810
2359975
2359996
2360106
2360359
2360696
2360813
2360902
2361442
2361631
2361770
2362156
2362411
2362531
2362901
2363033
2363539
2363635
2363703
2363793
2364309
2364873
2365423
2365807
2365935
2366164
2366285
2366325
2366472
2366540
2366747
2367274
2367768
2367989
2368123
2368343
2368417
2368907
2369009
2369317
2369881
2369941
2370056
2370186
2370283
2370630
2370673
2370846
2370870
2371903
2373079
2373109
2373679
2373820
2373910
2374225
2374297
2374316
2374453
2374518
2375005
2375065
2375167
2375648
2375969
2376979
2379216
2379268
2379576
2379924
2380534
2380668
2380799
2380901
2381075
2381301
2381355
2381522
2381808
2382231
2382295
2382353
2382432
2382565
2382728
2383289
2383484
2383558
2383728
2383784
2383974
2384285
2385101
2385196
2385352
2385690
2385861
2385894
2385912
2385935
2386281
2386326
2386476
2386755
2386821
2387023
2388036
2388159
2388261
2388955
2389151
2389284
2390314
2390551
2391194
2391532
2391872
2391985
2392504
2392633
2392963
2393136
2393160
2393791
2394305
2394429
2394639
2394759
2395633
2396190
2396349
2397064
2397175
2397508
2397634
2397691
2397866
2397912
2398084
2399116
2399240
2400320
2401166
2402464
2402997
2403497
2404082
2404191
2404406
2404514
2404649
2405497
2405842
2406051
2406435
2406453
2406733
2407056
2407821
2408247
2409431
2410151
2410404
2410728
2410933
2411240
2411558
2412328
2412411
2412595
2412830
2412884
2413072
2413308
2413371
2413652
2413781
2414361
2414949
2416034
2416367
2416416
2416744
2417401
2417566
2417731
2417798
2417914
2418095
2418793
2419208
2419321
2419519
2419672
2420108
2420141
2420244
2420767
2420785
2420823
2420901
2420936
2421255
2421414
2421437
2421540
2421595
2421851
2421920
2421987
2422284
2422457
2422514
2422921
2422960
2423319
2423620
2423813
2423825
2423984
2424272
2424958
2426156
2426455
2427192
2427734
2428029
2428091
2428264
2428529
2428928
2429343
2429611
2429648
2429836
2431025
2431416
2431561
2431637
2431770
2432110
2432597
2432683
2432702
2432728
2432843
2433036
2433056
2433193
2433226
2433276
2433307
2433452
2433472
2433722
2433798
2434063
2434274
2434412
2434502
2434554
2434661
2434965
2437318
2437766
2438150
2440336
2440511
2441054
2441180
2441843
2443218
2443701
2444375
2445283
2446888
2447105
2447271
2447999
2449141
2449223
2449394
2450446
2450497
2450531
2450559
2451342
2451384
2451439
2451710
2452674
2452923
2453393
2454618
2454829
2455083
2455241
2455349
2455687
2455777
2455833
2456899
2457568
2459326
2459961
2460325
2460651
2460981
2461172
2461357
2462527
2463854
2464045
2464188
2464330
2465506
2465786
2465818
2466529
2466769
2466922
2466937
2467690
2468532
2468882
2469234
2470280
2470336
2470637
2470895
2471020
2471090
2471838
2472612
2473329
2473369
2473958
2474557
2474807
2475335
2477523
2477872
2478149
2478213
2478927
2480288
2480752
2480806
2481064
2481417
2481591
2481904
2483423
2483679
2484266
2484486
2485127
2485395
2485503
2485588
2485838
2485907
2485999
2487257
2487855
2488886
2489633
2489855
2489995
2490890
2491332
2491734
2491793
2492680
2492856
2493223
2493333
2493445
2494439
2494874
2495131
2495197
2496462
2497292
2497339
2497421
2498464
2498821
2499615
2500100
2500427
2500542
2501482
2502169
2502463
2502622
2502831
2503416
2503533
2503928
2504245
2505095
2505500
2505531
2505945
2506423
2506549
2506886
2506945
2507676
2507936
2508917
2508995
2509077
2509193
2509351
2510435
2510518
2510780
2511121
2511237
2511602
2512362
2512537
2512735
2513021
2513136
2515199
2515777
2516186
2516352
2517096
2518436
2518715
2519831
2519917
2519954
2520658
2520933
2521468
2522134
2522190
2522387
2522442
2522555
2522656
2522927
2523180
2523201
2523339
2523407
2523635
2523661
2524821
2525091
2525425
2525598
2525760
2525894
2526420
2526715
2527142
2527450
2529067
2529151
2529285
2529669
2529716
2530663
2531195
2531436
2531699
2532654
2532819
2533165
2533314
2533636
2534211
2534302
2535092
2535147
2535235
2535450
2537435
2537618
2537915
2538078
2538743
2538918
2538953
2539274
2539519
2539803
2540032
2540286
2540339
2540693
2541419
2541543
2541737
2542270
2542496
2542820
2542835
2542936
2543089
2543333
2543504
2543921
2544388
2544469
2544531
2544910
2545007
2545116
2545318
2545655
2545934
2546553
2546818
2547009
2547105
2547230
2547816
2548456
2548977
2549293
2549372
2549472
2549496
2549569
2549795
2549979
2550013
2550161
2550180
2550297
2550502
2550881
2551218
2551240
2551482
2551583
2551721
2551814
2552589
2552689
2552794
2552892
2552962
2553705
2553928
2554079
2554144
2554448
2554589
2555000
2555488
2555549
2555686
2555804
2555860
2555874
2556509
2556655
2557109
2557316
2557419
2557498
2558274
2558438
2559124
2559222
2559367
2559892
2560371
2560434
2560644
2560691
2561069
2561760
2562012
2562147
2562285
2562670
2563106
2563139
2563461
2563612
2564271
2564312
2564482
2564575
2564883
2565231
2565304
2566094
2566289
2566391
2566749
2566975
2567148
2567401
2567437
2567518
2567584
2567878
2568204
2568431
