200
1305
1360
2143
2261
2676
5716
7167
7656
9799
11391
12024
13712
14511
14658
15584
15906
16522
17151
17510
18651
19685
19963
20317
21442
23614
26174
27558
30784
31507
32139
32845
32877
33920
34335
34814
35547
35680
40251
40679
43201
45837
46179
46228
46483
46845
50011
50639
51131
52695
53798
54274
57170
57317
58452
59016
59348
59579
59723
60342
60719
60818
61276
61553
62093
62624
62850
63574
64721
65723
66365
66417
67109
67304
67404
67697
68732
69444
70457
71834
73817
74222
74543
74607
74984
75262
75675
76430
76507
77115
77806
78792
79436
80118
80231
81116
81577
82001
82316
82640
82706
85189
85355
85746
86111
86222
86639
86748
86944
87083
87263
87308
87365
87437
87647
88035
88177
89428
89683
89714
89933
90752
90962
92075
92769
93245
93736
93881
95988
96849
97490
97656
98048
98394
99863
100098
100412
101179
102743
103178
103409
104008
104800
104887
105044
105697
106168
106395
106557
106920
107960
108158
108576
108824
109402
109744
109809
110463
110823
111783
111973
113246
113993
114395
114743
115230
116241
117003
117202
118030
118181
118979
119432
119875
120278
120537
121453
121555
121858
122348
122509
123180
123260
123320
123789
124157
124490
125284
125340
125515
126020
126131
126705
127617
128359
128659
128744
129536
129702
130183
132518
132837
137857
142983
143104
143222
143337
148716
149113
154364
155344
156007
156331
157710
159663
162048
165778
167168
168161
168370
168968
169803
169941
170451
170891
173543
174524
174745
175743
175813
176607
176764
177065
177333
178021
178279
179462
179831
180010
180354
180696
181379
181915
182970
183085
183681
184831
185315
185522
185744
186187
186293
186753
188851
189994
190345
190445
190827
191118
192878
193302
193420
193772
194891
195557
195697
195804
196159
196437
196898
198156
198405
198805
200609
201292
201756
201918
202045
202736
202885
203125
203395
203616
204156
204671
205533
205820
206153
206390
207362
207453
208136
208555
208913
209651
210245
210979
211485
211899
213014
213671
214072
214768
215023
215763
216022
216110
216211
216367
216636
217351
217957
217997
218079
218901
218983
219589
220792
221312
221680
221914
222182
222461
222612
222666
225175
226153
227305
227592
230170
231061
232489
232718
233042
233163
233685
234245
234603
234951
235508
235651
236381
236626
237663
238004
238342
238531
239079
239775
239883
239960
240284
240584
241254
241756
242238
243836
244151
244222
244420
244518
245477
245622
246488
246842
247520
248018
248435
248740
248942
249306
249683
251384
252200
252356
252571
253069
253628
255056
255697
255920
256064
256185
256428
256967
257810
258196
258573
259768
260089
260606
260875
261098
261287
261735
262150
263044
263912
264011
265275
266068
266415
267468
267632
267836
267975
269089
270306
270527
271029
271799
272044
272867
274728
275276
275536
276635
276832
276973
277255
277562
278279
281261
282051
282467
282609
282748
283496
284184
284435
284750
285565
285774
286015
286684
287597
288568
288775
288867
289032
289572
290032
290928
291134
291753
293039
293303
293803
294200
294673
295163
295593
295940
296301
299798
300338
300551
301549
301792
302066
303863
304595
304877
305117
306232
306673
307247
307513
308303
310036
310186
310689
311344
311750
312498
313085
313350
313867
314781
314889
315517
315768
316334
316666
317597
317809
318522
318813
319492
320288
320465
321406
322294
323055
323429
323611
323749
324926
325015
325249
325517
325773
326440
326642
328186
328361
329061
329780
330407
331065
331481
331930
332232
333541
333748
333943
334184
334822
335450
335612
336003
336585
336809
336999
337344
338364
339582
339978
340159
340631
340736
341247
342316
342861
343247
343904
344584
345039
345375
345566
345813
346212
346298
347306
347992
348393
348663
348981
349287
350682
350991
351580
352692
353267
353860
354140
355584
357427
357835
358179
360020
360702
361539
361656
363005
363145
364611
366178
366864
367837
368008
368216
368382
369162
371026
371097
371518
372123
372975
373237
373608
373898
374601
375006
376097
376840
377129
377610
379529
380276
381395
382364
382826
383395
384096
385030
387341
387551
387981
389167
390612
391034
391132
391631
392028
392390
393431
393877
394242
394778
395644
395963
396635
396770
396954
397605
399137
399665
399895
400589
400967
402231
402375
402938
404401
404915
405080
405763
406363
407025
407250
407413
408559
409315
410328
411332
412830
413089
413280
413644
415696
416053
417501
418074
418269
418813
419182
420726
421483
421892
422731
423084
423234
423590
424000
424121
424469
424541
424746
424838
424984
425204
425747
426110
426519
427226
427686
428846
429256
429661
430254
430427
430964
431801
431870
432039
432388
433369
433477
435078
436337
436793
436942
437338
439601
439667
440995
441408
443589
443691
444385
444620
445410
445660
446366
447475
448135
448570
448760
449236
449610
449920
450123
451090
451442
451532
451797
452695
453375
454822
456298
456753
457184
457825
458468
458904
460743
461022
461203
461829
462067
462426
462649
463726
464016
464446
464774
465810
466465
466558
466858
467060
467123
468750
469648
469681
470011
470296
471303
472278
473000
473375
473893
474354
474609
475204
475508
476635
478151
478279
478457
478848
479463
480046
480513
481134
481500
483986
484331
484440
485120
485517
485970
486587
486673
486810
487525
487855
488112
489202
489626
489857
489938
490534
491207
492152
492896
493069
493305
494201
494829
495037
495796
496326
497108
497195
497321
497971
498323
498650
499279
499871
500157
500235
500490
500764
500903
501073
502667
502807
503272
503661
504094
504401
504576
505047
505492
505663
505858
506149
506431
506650
507123
508692
509255
509913
510942
511195
512124
512893
513871
514671
514795
514844
515313
515556
517088
517439
518074
519898
520142
520199
521116
521213
524212
526251
526732
526999
527885
531534
532672
532813
533006
535236
536261
537960
538119
538771
540123
540246
540285
540320
542445
542513
542928
543999
544681
545649
547726
550284
550418
551127
551906
556068
556325
558549
560092
560983
561130
562581
563170
563680
566675
566768
571776
572359
572470
572849
573447
574118
576752
579824
580438
582357
583004
583487
583857
584642
584922
585633
585938
586334
587846
592873
593687
594097
594921
595374
597312
600098
602329
602550
603213
603773
606493
607119
608614
608813
611805
614908
615065
615266
616634
616751
617734
618206
621050
627140
629470
629579
630286
633150
634002
637347
637842
638641
639578
640627
641081
643164
644845
645545
645922
647188
647970
649698
652131
653008
654102
654908
655157
655422
655566
656350
656997
659674
660129
661388
661770
662004
662918
663207
663921
664418
665970
666987
668061
668608
669175
669727
669966
672442
672818
675246
675754
676105
676525
677890
678122
678652
678909
681224
685489
685522
685822
686454
686634
687128
689136
692689
693326
693484
694200
694812
696476
697734
697929
700302
701882
706554
708408
709503
709806
710263
710862
711882
713761
714741
717491
718895
721706
722881
724522
725098
727852
730220
731560
732090
732275
732740
733040
734521
736407
736447
738483
739241
739988
740943
742993
743505
743800
744382
746179
746902
746948
746990
747299
747631
747778
747897
748067
748330
748564
748989
749207
749912
751343
759712
759817
760017
760935
761273
761698
762479
763515
763555
763906
764076
765246
765382
766141
767497
767801
767923
768117
768613
769015
770050
770171
772170
772961
773278
773518
773657
774760
775226
775324
775972
776515
777193
778461
778704
778947
779220
781183
781282
781645
781941
782872
783021
784239
784589
784902
785170
785753
785906
786224
786623
787037
787880
789055
789689
790207
790822
792274
792798
793282
793560
793681
793877
794110
794302
794937
795034
795214
795908
796242
796729
797374
798313
798682
798990
799619
799803
800310
800488
800994
801659
802437
802534
803284
803358
803487
803673
803948
804228
804299
805034
805289
805804
806272
807283
807664
807862
808107
808496
808859
808970
809571
810122
810982
812675
812982
813425
813781
814033
814352
814705
815842
816259
816830
817145
817206
817296
817853
817958
817994
818146
818749
819002
819070
819498
819572
819916
820178
820290
820375
820476
820679
820779
821157
821191
821256
822070
822373
822650
823827
824941
826111
826566
826632
827189
827568
827709
828095
828486
828882
829795
830249
830603
830662
830962
831986
832239
833451
833649
834636
834784
835431
835629
836379
836590
837606
838382
838576
840591
841353
842231
842585
842944
843069
844338
844716
845289
846030
846597
847029
847797
848018
848502
848785
849076
849400
852365
854060
854284
854427
857085
858165
858454
860064
860970
861148
863468
863719
866432
867199
868850
869205
870624
872397
876384
877124
877753
879817
880224
882699
884161
884516
885223
887363
887862
888165
888507
892308
893905
895867
896415
899608
899660
901304
901746
901829
901961
902654
903580
904182
904434
907048
908043
912523
914512
916924
918135
922000
926925
927301
928166
929039
929950
930749
931115
931663
932648
933500
934000
934823
937375
939742
940745
944349
947673
948448
949679
955442
956770
956893
958158
960006
965326
967510
968114
968305
969883
970388
973825
978326
979940
980441
980655
982881
983123
983842
991143
992297
992906
996100
1000206
1007912
1008600
1009178
1010460
1011813
1012251
1013681
1015293
1018460
1020360
1024343
1025158
1025875
1028551
1029570
1030771
1031665
1032998
1033058
1033755
1034737
1038416
1039623
1040403
1040435
1040720
1041405
1044529
1045361
1045549
1047065
1047389
1047899
1048278
1051062
1052449
1052604
1054711
1054922
1056455
1057649
1060592
1060628
1061085
1061387
1061850
1063239
1063661
1064146
1064375
1064709
1066004
1066538
1066619
1067411
1068047
1068449
1069078
1069117
1069454
1070165
1070432
1070875
1071422
1073231
1073862
1073929
1074563
1074913
1075942
1076854
1077278
1079544
1080272
1080788
1081660
1083782
1085060
1085226
1085374
1085651
1086027
1086839
1087157
1088442
1089189
1089445
1090469
1091882
1092703
1092766
1094770
1095168
1095589
1096220
1096509
1096921
1097836
1098031
1100012
1100555
1101032
1102948
1102993
1103294
1103683
1105431
1105823
1105995
1106305
1106456
1107117
1108351
1108468
1109226
1109636
1110001
1110225
1111169
1111773
1112413
1112880
1113910
1114404
1114968
1116965
1117872
1118365
1118755
1119926
1121684
1121896
1123117
1123887
1124255
1124406
1124511
1124895
1125356
1127227
1128068
1130030
1130223
1130515
1130580
1130713
1130797
1130934
1130986
1131032
1131298
1131483
1131544
1131776
1134689
1134816
1134921
1135508
1135762
1136294
1136520
1136741
1136952
1137446
1137731
1138117
1138306
1140209
1140595
1141277
1141969
1143750
1143813
1144917
1145046
1145585
1146355
1146957
1147244
1147309
1147921
1148622
1149618
1150358
1150931
1152282
1154348
1155348
1155943
1157303
1157501
1158253
1158503
1159018
1161205
1161477
1163302
1163575
1163746
1165419
1165501
1165781
1166313
1166347
1167592
1168190
1169458
1169896
1170642
1170704
1170866
1170974
1171074
1171215
1171982
1172085
1172228
1172915
1173182
1173724
1174237
1174533
1175062
1175191
1175265
1175396
1175561
1175597
1175977
1176031
1176464
1176974
1177532
1177998
1178259
1178339
1178403
1178878
1180593
1180700
1180859
1182680
1182802
1183195
1183742
1183859
1184241
1185030
1185127
1185832
1186141
1186256
1186336
1186609
1186660
1186893
1190403
1190714
1191231
1191318
1191400
1191730
1191821
1192287
1194250
1195314
1196248
1197713
1198137
1199194
1199466
1199501
1200032
1200560
1200878
1201089
1201155
1202041
1202133
1202268
1202376
1202545
1202587
1202765
1203095
1203269
1203825
1203859
1204186
1204328
1204381
1204655
1204785
1205023
1205448
1205866
1205972
1206486
1206525
1206560
1206752
1207128
1208013
1208357
1208442
1208697
1209327
1209821
1211148
1211643
1212186
1212262
1212546
1212761
1212893
1213029
1213143
1214005
1214084
1214131
1215212
1216046
1216571
1217806
1218732
1221498
1221842
1222057
1222877
1223098
1224210
1224243
1224308
1224616
1224656
1224864
1225154
1225305
1225431
1225758
1226016
1226220
1226411
1226566
1226618
1226707
1227318
1227428
1227517
1228014
1228399
1228643
1230335
1230778
1231608
1232052
1232526
1233143
1233815
1234181
1234851
1234897
1235195
1235786
1236024
1236170
1236220
1236586
1236900
1237014
1237207
1237328
1237437
1237572
1237624
1237909
1237979
1238461
1238650
1239010
1240925
1241463
1242134
1243796
1244321
1244979
1247783
1248479
1248598
1249894
1250328
1250939
1251497
1252113
1252953
1253144
1253178
1253789
1254048
1255655
1256585
1258727
1258849
1259645
1259752
1260700
1260757
1260922
1261206
1261324
1261919
1262026
1262274
1262858
1263251
1263550
1263908
1264078
1264289
1264862
1265936
1266102
1266701
1267196
1267297
1268222
1268901
1269323
1269491
1269738
1271634
1271741
1272383
1272884
1273130
1273255
1273862
1273935
1275279
1275477
1276306
1277319
1277611
1278152
1279257
1279550
1279894
1280251
1280970
1281174
1281299
1282105
1282214
1282673
1283462
1283784
1284234
1284638
1285555
1285839
1286314
1286581
1286716
1287007
1287750
1288844
1289088
1289566
1289834
1289939
1290567
1291042
1291771
1293227
1294298
1294975
1295260
1295400
1295632
1296701
1297231
1297556
1297804
1298006
1298104
1298750
1299402
1299966
1300253
1300674
1300810
1300906
1301315
1301602
1302424
1302920
1303248
1303364
1303569
1303856
1304265
1305091
1305210
1305394
1306022
1306091
1306256
1306716
1306814
1307423
1307731
1308145
1308620
1308805
1309425
1309595
1309891
1311787
1312562
1313039
1313412
1314013
1314785
1315086
1315215
1315387
1316091
1317532
1317741
1318349
1318500
1318889
1319464
1320478
1321362
1321712
1321989
1322158
1322424
1322601
1322734
1323553
1323772
1323876
1324395
1324942
1325917
1326577
1327007
1327062
1327162
1327765
1328486
1328537
1328921
1329415
1329752
1330106
1330277
1330544
1332800
1333089
1333871
1334259
1335063
1335387
1335672
1336368
1336669
1337423
1338081
1338835
1339002
1339471
1340200
1341091
1341386
1341923
1342145
1342206
1342273
1342348
1342738
1342960
1344696
1345225
1345513
1345665
1346025
1346627
1348352
1349324
1349748
1350824
1350962
1351048
1351259
1351541
1351912
1352315
1353326
1353911
1354407
1354578
1354904
1355242
1355455
1357304
1357397
1357542
1357703
1358057
1358709
1359284
1359362
1359569
1360330
1360568
1361006
1361578
1361826
1361987
1362519
1362694
1363212
1363461
1363577
1363997
1365446
1365828
1366294
1366371
1366621
1367212
1367620
1368055
1368184
1369065
1369359
1369978
1371409
1371893
1373156
1373195
1373313
1373601
1374493
1374985
1375563
1375753
1375804
1376374
1377051
1377983
1378205
1378811
1379294
1379754
1380013
1380357
1380581
1381074
1382053
1382475
1382509
1383189
1383572
1383694
1384166
1384311
1384529
1384886
1385205
1385649
1385723
1386200
1386528
1386694
1386751
1387393
1387698
1388044
1388241
1388821
1389494
1390688
1390748
1390963
1391276
1391643
1391857
1392154
1392404
1392484
1392863
1392977
1393359
1393809
1394980
1395214
1395737
1397331
1397971
1398052
1398189
1398320
1398518
1398669
1398773
1399148
1399299
1399424
1399563
1399684
1400407
1400915
1401601
1405117
1406853
1408071
1408623
1409918
1410410
1412722
1413055
1413406
1413843
1414455
1417631
1419137
1419402
1421022
1422091
1422562
1422946
1423269
1425163
1425595
1425953
1426506
1427755
1428849
1429108
1429604
1429931
1430338
1430639
1430952
1432232
1432587
1432823
1433692
1434068
1435150
1436483
1438371
1438566
1438935
1439603
1440202
1440350
1440740
1441416
1441781
1442045
1442519
1443289
1443476
1444495
1444815
1445361
1447195
1447375
1447663
1448304
1448906
1449617
1450738
1451066
1451979
1452169
1452977
1454225
1454374
1454831
1455419
1455841
1456494
1456669
1456878
1457073
1457460
1457907
1458309
1458454
1460290
1460346
1460694
1460851
1461818
1462682
1463678
1464121
1464514
1464553
1464843
1465383
1465482
1465745
1465918
1467763
1468653
1468908
1469631
1470910
1471522
1471570
1472048
1473724
1474784
1475205
1476107
1476883
1477801
1478960
1480703
1480961
1481301
1481754
1481852
1483685
1484428
1484500
1486182
1487039
1487159
1487322
1487862
1489139
1489524
1490593
1490974
1492061
1492701
1492968
1493824
1495904
1496419
1496717
1497324
1497633
1499009
1499480
1499686
1501010
1501183
1501417
1501589
1501676
1501817
1502018
1502215
1502515
1504180
1504573
1504732
1505342
1505915
1506471
1507238
1507929
1508444
1508654
1508842
1508909
1509076
1509489
1509610
1510692
1510770
1510875
1510992
1511866
1512017
1512838
1513440
1513827
1513970
1514842
1515113
1515283
1515323
1515820
1516258
1516511
1517443
1517770
1518002
1518253
1518589
1518669
1519111
1519299
1519626
1519953
1520225
1520766
1520979
1521955
1523129
1524139
1524266
1524815
1526144
1526369
1526849
1527085
1527350
1527551
1527879
1527968
1528355
1528427
1528488
1528559
1528679
1529574
1530170
1530565
1531022
1531358
1531761
1534022
1536437
1538068
1541662
1541841
1541895
1542387
1542927
1543187
1546053
1549475
1552519
1553251
1553436
1553937
1554185
1554740
1555114
1555781
1555886
1556032
1556139
1556403
1556825
1557429
1557491
1558074
1558424
1558626
1558707
1558996
1559527
1559576
1559842
1559892
1560834
1560950
1561152
1563139
1564473
1566078
1567563
1568093
1568698
1569095
1569855
1570319
1570678
1571066
1571482
1572715
1573088
1573285
1573369
1573834
1574292
1574486
1574704
1574945
1575317
1575494
1575665
1575764
1575879
1575981
1576195
1576588
1577366
1577583
1578215
1578491
1579039
1579627
1579770
1580642
1580917
1581147
1581349
1581430
1581692
1582215
1582905
1583029
1583399
1583809
1583863
1583991
1584321
1584688
1584992
1585116
1585286
1585356
1585972
1586077
1586609
1586795
1586934
1587175
1587354
1587482
1588268
1588849
1589423
1589682
1589851
1590289
1590943
1591627
1592810
1593736
1594066
1594805
1595296
1596551
1597472
1597627
1597936
1598335
1598484
1598846
1599171
1599262
1599631
1600271
1600356
1600640
1601124
1601644
1601773
1602170
1602659
1603079
1604503
1605265
1605516
1606190
1606466
1606835
1607678
1608276
1608738
1608965
1609160
1609212
1609509
1609859
1610645
1610710
1611337
1611640
1611974
1612062
1612373
1612547
1613229
1613605
1613948
1614336
1614502
1614716
1615369
1615537
1615797
1616151
1616237
1616423
1616711
1617300
1618315
1619444
1619699
1619818
1621656
1621813
1621932
1622202
1622437
1622517
1624757
1625159
1625417
1626473
1627043
1627561
1627727
1627880
1629406
1629983
1630266
1630580
1630643
1630743
1630903
1631216
1631583
1631864
1632125
1632198
1632822
1632988
1633427
1634835
1635112
1635729
1635918
1636153
1636426
1638364
1638476
1639258
1639475
1639837
1640477
1640858
1641036
1641487
1641985
1642589
1643568
1643614
1644211
1644339
1645362
1645863
1646281
1647091
1647442
1647504
1647702
1648141
1649335
1649593
1650167
1650483
1650867
1651125
1651691
1653332
1654322
1654530
1654796
1655165
1655389
1655734
1656895
1657405
1657488
1657706
1658149
1658430
1659175
1660159
1660421
1660739
1661274
1661364
1662562
1663124
1663457
1663600
1664055
1664444
1664926
1665701
1665953
1666349
1666580
1666871
1667000
1667232
1667484
1669094
1669372
1669928
1670117
1671509
1672026
1672135
1672318
1672637
1672982
1673719
1674356
1674482
1674715
1675210
1675840
1676323
1677166
1677619
1678028
1678469
1678639
1679063
1679389
1679663
1680049
1680219
1680975
1681454
1681581
1682108
1682206
1682889
1683517
1683934
1684306
1685155
1686296
1687252
1687832
1688033
1689506
1689676
1690210
1690408
1690854
1690997
1691383
1691817
1692434
1692660
1693434
1693691
1694015
1694863
1694987
1695155
1696032
1696689
1698661
1699341
1699524
1699715
1699842
1700372
1700576
1701047
1701214
1701642
1703023
1703219
1703282
1704490
1704708
1705763
1707744
1707990
1708480
1708618
1709099
1711016
1711424
1711538
1711639
1712491
1712628
1712963
1713738
1714527
1715404
1715736
1715780
1715842
1716502
1716538
1720259
1721146
1721193
1721412
1721664
1721986
1723862
1725640
1726476
1727223
1727351
1729045
1729722
1729959
1730137
1730509
1731510
1731935
1732232
1732394
1732538
1732648
1732759
1732896
1733300
1733700
1733843
1733960
1734478
1734967
1735472
1735755
1735930
1736202
1736319
1736744
1737070
1737228
1737571
1737992
1738537
1738801
1739073
1739194
1739478
1739768
1740026
1740424
1740850
1741163
1741419
1741532
1742170
1742912
1742978
1743148
1743388
1743515
1743588
1743752
1744370
1744563
1745133
1745452
1745788
1746271
1746661
1746814
1746905
1747051
1747247
1747504
1747613
1747780
1748098
1748219
1748353
1748492
1749002
1749130
1749697
1750072
1750250
1750300
1750391
1750542
1750732
1750975
1751159
1751223
1751604
1751726
1751892
1751969
1752495
1753148
1753324
1753619
1753706
1753880
1754094
1754683
1754908
1755030
1755734
1756348
1756603
1757077
1757236
1757306
1757665
1757906
1758096
1758472
1758685
1758786
1758837
1759388
1759700
1760106
1760572
1760655
1761174
1761705
1762466
1762549
1762897
1763160
1763420
1763584
1763675
1763779
1763898
1764051
1764246
1764497
1764667
1764920
1765188
1765447
1765574
1765723
1766150
1766188
1766456
1766581
1766943
1767165
1767266
1767704
1768298
1768463
1768725
1769078
1769412
1769869
1769937
1770305
1770447
1770778
1771014
1771883
1772212
1772374
1772564
1772841
1773064
1773196
1773908
1774018
1774216
1774621
1775055
1775275
1775613
1775691
1776038
1776224
1776355
1776625
1776839
1777126
1777736
1777899
1778704
1778992
1779224
1779414
1779842
1779923
1780294
1780744
1781977
1782143
1782359
1782430
1783103
1783511
1784043
1785097
1785651
1785792
1785875
1787659
1787792
1788028
1789138
1789403
1789668
1789867
1790155
1790390
1790613
1790944
1791280
1791352
1792380
1792853
1793113
1793642
1794199
1794493
1794649
1795394
1796151
1796446
1796838
1797313
1797536
1797842
1798103
1798440
1798542
1798766
1798872
1799324
1799398
1799724
1800092
1800367
1800498
1800891
1801063
1801398
1801545
1802327
1802485
1802626
1802905
1803370
1803733
1804131
1804739
1805120
1805295
1805881
1806195
1806450
1806797
1807203
1807577
1807658
1807865
1808665
1808845
1809204
1809256
1809985
1810199
1810373
1810481
1810548
1810714
1811019
1811543
1812067
1812542
1812790
1813098
1813363
1813564
1813667
1814158
1814284
1814844
1815170
1815305
1815674
1815954
1816058
1816552
1816688
1817255
1817414
1817499
1817716
1817864
1818458
1819417
1819563
1819986
1820443
1821307
1821504
1821851
1822441
1822726
1823069
1823298
1823546
1824034
1824377
1824888
1825681
1825913
1826055
1826243
1826578
1826624
1826986
1827344
1827475
1828112
1828474
1828755
1829033
1829428
1829603
1829713
1830199
1830569
1830936
1831305
1831355
1831577
1831767
1831959
1832474
1832614
1832909
1833696
1833955
1834108
1834556
1834773
1834977
1835048
1835596
1835708
1836215
1836715
1836818
1837159
1837315
1837495
1837565
1837710
1838009
1838195
1838961
1839478
1839735
1839778
1840054
1840282
1840476
1840559
1841537
1842031
1842189
1842252
1842928
1843285
1843824
1843980
1844444
1844710
1845067
1845166
1845666
1845899
1846011
1846455
1846543
1846723
1846909
1846998
1847040
1847185
1847456
1847501
1847706
1847978
1848171
1848691
1848865
1849116
1849586
1849752
1849932
1850128
1850325
1850396
1850448
1850737
1851142
1851762
1852047
1852268
1852452
1852575
1852871
1853060
1853555
1853758
1855043
1855638
1856778
1857271
1857422
1858325
1859595
1861372
1861985
1862352
1862741
1864301
1864744
1866051
1866277
1866513
1866609
1866687
1866962
1866993
1867068
1867408
1867567
1867916
1868707
1869216
1869624
1870844
1871704
1871835
1872206
1872464
1873028
1873075
1873443
1874061
1874689
1874960
1876049
1876622
1877006
1877780
1877815
1878343
1878609
1879020
1879949
1881131
1881851
1882278
1882458
1882748
1883171
1884052
1885882
1885920
1886055
1886207
1886481
1887049
1887381
1887913
1888585
1889230
1889530
1889759
1889792
1889879
1890390
1890593
1890777
1890927
1891123
1891968
1892098
1892635
1893049
1893115
1893335
1894373
1894714
1894960
1896527
1896984
1897163
1897695
1897946
1899166
1899424
1899680
1899788
1900355
1901539
1902718
1903199
1903686
1903943
1904070
1904693
1905387
1905606
1906356
1906923
1907444
1907568
1907935
1908362
1908512
1908667
1908753
1908813
1908848
1908897
1908991
1909138
1909324
1909409
1909497
1909648
1909923
1910002
1910626
1911925
1913339
1913410
1913787
1914148
1914521
1914914
1915351
1915660
1916199
1916376
1916921
1917156
1917746
1918279
1918423
1918984
1919724
1919847
1920592
1921623
1921933
1922239
1923109
1923196
1923274
1923380
1923545
1924071
1924720
1924927
1925010
1925563
1925832
1926743
1927038
1927100
1927337
1927814
1927986
1928247
1928616
1929574
1929811
1930014
1930156
1930295
1930434
1930671
1930911
1931097
1931466
1932119
1932655
1932920
1933713
1934107
1934614
1934986
1935276
1935748
1936649
1936760
1936968
1937480
1938220
1938709
1939316
1940704
1941421
1941581
1941965
1942135
1942288
1942406
1944407
1945410
1945784
1946854
1947817
1949258
1949866
1950278
1950711
1951185
1951514
1952030
1952588
1953101
1953563
1954113
1955907
1956497
1957823
1958023
1958518
1958704
1958922
1959417
1960381
1960522
1960873
1961109
1961377
1961627
1961722
1963149
1963373
1964071
1964288
1964485
1964783
1964953
1965030
1965634
1965743
1965828
1966079
1966483
1966923
1967656
1968290
1968383
1968678
1969062
1969627
1969913
1970134
1970221
1970569
1971015
1971411
1972298
1972506
1972714
1972759
1973260
1973685
1973872
1974012
1974617
1974993
1975040
1975147
1975307
1975382
1976307
1977235
1978689
1979163
1979522
1980207
1980412
1981287
1981609
1981906
1982037
1982411
1982719
1983117
1983742
1984712
1986489
1986966
1988133
1988436
1988574
1990465
1991724
1992102
1992493
1992665
1993336
1993577
1995248
1995565
1996323
1996631
1996851
1997008
1997285
1997692
1998093
1998377
1998686
1999200
1999476
2000091
2000854
2002327
2004241
2004714
2005023
2005464
2005574
2005797
2006713
2007024
2008047
2008369
2009022
2009994
2010184
2011823
2012224
2012516
2014036
2014560
2015075
2016283
2016509
2017074
2018002
2018498
2018927
2019153
2019588
2021585
2022216
2023292
2023517
2024234
2024951
2025417
2025552
2026493
2027338
2028178
2029644
2029958
2030545
2031126
2031658
2033193
2034138
2034264
2034804
2035180
2035553
2035675
2036015
2036160
2036338
2037823
2037863
2038308
2039219
2039388
2040381
2040655
2041131
2041814
2042099
2042475
2042960
2043979
2044784
2048738
2049842
2050562
2050620
2051398
2051688
2051825
2051924
2052038
2056776
2057546
2057943
2059358
2059500
2060972
2061599
2062264
2063261
2063414
2064052
2064735
2065447
2066260
2066719
2066817
2067521
2067694
2068689
2068927
2069107
2069232
2069534
2069772
2070167
2070626
2071009
2071563
2072069
2072274
2072582
2072924
2073164
2073659
2073940
2074545
2074827
2074900
2075690
2076041
2076800
2076984
2077074
2077383
2077599
2077770
2078031
2078821
2079179
2079403
2080184
2080364
2080568
2080746
2081177
2081466
2081605
2081966
2082386
2082758
2083241
2083572
2083936
2084246
2084610
2086387
2086771
2087184
2087381
2087905
2088170
2088455
2088635
2089586
2089845
2090038
2090854
2091128
2091302
2091610
2092321
2092897
2093362
2093926
2094026
2094184
2094308
2095068
2095380
2095714
2095860
2095998
2096713
2097251
2097700
2097806
2097944
2098119
2098539
2098968
2099741
2099849
2100790
2101121
2101236
2101326
2101549
2101834
2101907
2102573
2102982
2103421
2103531
2103886
2104093
2104946
2105287
2105540
2106238
2106880
2107194
2107455
2107706
2107932
2108249
2109198
2109597
2110720
2110797
2111050
2111289
2111360
2111923
2112010
2112703
2113026
2113210
2114611
2115387
2116022
2117744
2117965
2118025
2118478
2119229
2119942
2120083
2120392
2120623
2120978
2121712
2121872
2122120
2122286
2122320
2122963
2123061
2123528
2124456
2124708
2125457
2125967
2126513
2127228
2127864
2128123
2128464
2128793
2129628
2129831
2130785
2131513
2133070
2133462
2133552
2134654
2134951
2136031
2136289
2136582
2136932
2137221
2138678
2138895
2139718
2140041
2140501
2141190
2141526
2143054
2143385
2143681
2145226
2146264
2147645
2147830
2148421
2149432
2149750
2150102
2150409
2150526
2150988
2151908
2154055
2154462
2155457
2156525
2157406
2157628
2157907
2158272
2159117
2159754
2160248
2160933
2161113
2161626
2161905
2161970
2162167
2162353
2164013
2164829
2165082
2165357
2165633
2165915
2166164
2166207
2167288
2168351
2168557
2168953
2169396
2171221
2171799
2172172
2172365
2172611
2173993
2174680
2175151
2175532
2175983
2176081
2176874
2177416
2177996
2178501
2178836
2179084
2179353
2179678
2179947
2180357
2181081
2181654
2181805
2181957
2182373
2183038
2183292
2184157
2184999
2185547
2186178
2186446
2186564
2186853
2187427
2188057
2188116
2188296
2188695
2189161
2189306
2190010
2190323
2190453
2191449
2191929
2192065
2192803
2193850
2194024
2194501
2194939
2196010
2196953
2197483
2197970
2198150
2198334
2199057
2199449
2199891
2201876
2202069
2202173
2202450
2202992
2203615
2204731
2204959
2205104
2205185
2205286
2205396
2206236
2206751
2207037
2208007
2208063
2208741
2208871
2208955
2209146
2209464
2209690
2209745
2210265
2210713
2211271
2211692
2212011
2212179
2212474
2213383
2214135
2214518
2214737
2214830
2215453
2215841
2216295
2216997
2217322
2217603
2218477
2219228
2219296
2219392
2219504
2220504
2220722
2220842
2221101
2221364
2221868
2222386
2222420
2223444
2224217
2225468
2225651
2225845
2226251
2226626
2227613
2228168
2228446
2228695
2228964
2229399
2229754
2230123
2230305
2230786
2231001
2231286
2231459
2231598
2232160
2232355
2232507
2232579
2232854
2233070
2233203
2233971
2234215
2234308
2234730
2234874
2235246
2235492
2235698
2235880
2236264
2236667
2237880
2238747
2238821
2238887
2239197
2239425
2239478
2240118
2240349
2240440
2240835
2241193
2241292
2242289
2242644
2243184
2243484
2244675
2245115
2245397
2245685
2245944
2246128
2247344
2247998
2248198
2248911
2249316
2249850
2250161
2250637
2251383
2251551
2252008
2252257
2252659
2252965
2253195
2253240
2253392
2253594
2254553
2254808
2255262
2256111
2256377
2256524
2256690
2256972
2257021
2258447
2258579
2259418
2259970
2260393
2260592
2260942
2261619
2262036
2262322
2262788
2262853
2263426
2263773
2263893
2265615
2265700
2265888
2266055
2266114
2266321
2266566
2267537
2267837
2268128
2268270
2269271
2269380
2269454
2269818
2270107
2270457
2270780
2271761
2272331
2272811
2273479
2273605
2273722
2273915
2273953
2274192
2274554
2274647
2274701
2275379
2275599
2276373
2276637
2276926
2277956
2278057
2278443
2278836
2279189
2280203
2280337
2280691
2281112
2281385
2281556
2282422
2282542
2283430
2283620
2283793
2284502
2284865
2285033
2285517
2285665
2285871
2286662
2286912
2287250
2288112
2288428
2288838
2289130
2290585
2290742
2291076
2291455
2291735
2291975
2292076
2292824
2293663
2294168
2294212
2294690
2295219
2295729
2296228
2296709
2296939
2297403
2297655
2297834
2298019
2298434
2298537
2298816
2299732
2300013
2300932
2301600
2302535
2302666
2302969
2303510
2303608
2303754
2303994
2304289
2305016
2305096
2306821
2307268
2307411
2307540
2307609
2307801
2308435
2308595
2308806
2309092
2309593
2309883
2309921
2310190
2310375
2310494
2311066
2311530
2311844
2312156
2312788
2312906
2313102
2313922
2314626
2314744
2314991
2316412
2316480
2316573
2316898
2317138
2317254
2317598
2317731
2317780
2318016
2318192
2318828
2319330
2319527
2319763
2319828
2320223
2320382
2321015
2321069
2322224
2322707
2322916
2323068
2323393
2323648
2324446
2324948
2325519
2325722
2325862
2326182
2326752
2327091
2327506
2327828
2327949
2328784
2328855
2329197
2329310
2329641
2329724
2330013
2330214
2331188
2331560
2331942
2332043
2332189
2332357
2332497
2333205
2333441
2333568
2334020
2334650
2334706
2335170
2335271
2335694
2336512
2336960
2337502
2337594
2337729
2338206
2338285
2338483
2338710
2338939
2339959
2340280
2340903
2341464
2342194
2342651
2342843
2343301
2344235
2344334
2344604
2344931
2345272
2345583
2345688
2345797
2346614
2346777
2347123
2347172
2347586
2347869
2348184
2349186
2350044
2350483
2350560
2350985
2351400
2352226
2352342
2352862
2353652
2353719
2353927
2354037
2354140
2354379
2354763
2354824
2355038
2355345
2355414
2355487
2355708
2356175
2356323
2356553
2356945
2357037
2357414
2357798
2357988
2359119
2359730
2359929
2360036
2360143
2360239
2360628
2360719
2361147
2361304
2361446
2361569
2361769
2361844
2362009
2362102
2362382
2362558
2362941
2363049
2363177
2363755
2364550
2365047
2365884
2367252
2368728
2369017
2369455
2369776
2370006
2370154
2370754
2371120
2371643
2371836
2371949
2372087
2372553
2372642
2372788
2373208
2373397
2373968
2374190
2374719
2375089
2375176
2375226
2375442
2375546
2375734
2375969
2376128
2376279
2376389
2376563
2377007
2377554
2377639
2377787
2378000
2378517
2378817
2379313
2379654
2379907
2380045
2380243
2380447
2380699
2380840
2381209
2381479
2381838
2382167
2382242
2382331
2382624
2382835
2383039
2383334
2383503
2383599
2383832
2384508
2385280
2385534
2386555
2386727
2387249
2387603
2387647
2388062
2388570
2389667
2389954
2390315
2390782
2390953
2391366
2391696
2391910
2392232
2392316
2392432
2392814
2392975
2393068
2393281
2393603
2394019
2394472
2394671
2394846
2394906
2395022
2395155
2395539
2396136
2396354
2396405
2396821
2397252
2397344
2397626
2397673
2397992
2398037
2398268
2398421
2398736
2398844
2399593
2399704
2399997
2400471
2400506
2400640
2401006
2401096
2401319
2401523
2402122
2402318
2402579
2402905
2403038
2403262
2404085
2404140
2404736
2405153
2405597
2405991
2406250
2406494
2406852
2407025
2407257
2407578
2407677
2407803
2408240
2410022
2410928
2411114
2411792
2411827
2411981
2412545
2412766
2413161
2413588
2413791
2413845
2413944
2414173
2414470
2414731
2415374
2415943
2416232
2416777
2417138
2417572
2418135
2420620
2420928
2421728
2422173
2422337
2423220
2423429
2423628
2423731
2424116
2424259
2424604
2424804
2424898
2425070
2425189
2425534
2425765
2426065
2426972
2427504
2427974
2428184
2428366
2428408
2428667
2428851
2429396
2429591
2429735
2429824
2430217
2430985
2431471
2433133
2433260
2434496
2434592
2435449
2435555
2435809
2435864
2436294
2436496
2437361
2437692
2439309
2439549
2442005
2442440
2442918
2443419
2443461
2443750
2444120
2444199
2444951
2445989
2446153
2446289
2447029
2447722
2447919
2448076
2448194
2448247
2448393
2450367
2450490
2450719
2451122
2451656
2451909
2452361
2452688
2452917
2453085
2454036
2454235
2454995
2455214
2455375
2455775
2455929
2456129
2456517
2456788
2456978
2457279
2457703
2457899
2458445
2459152
2459374
2459844
2460312
2460607
2461153
2461275
2461669
2461846
2462197
2463083
2463296
2463730
2464108
2464959
2465311
2465822
2465869
2466076
2466437
2466913
2467259
2467737
2468322
2468402
2468740
2469077
2469171
2469544
2469740
2469988
2470355
2470699
2470979
2471319
2471462
2472569
2473481
2474031
2474153
2474432
2474802
2475196
2475573
2476847
2477378
2477501
2478387
2478620
2479915
2480626
2480712
2480900
2481175
2482141
2482314
2482390
2482863
2483256
2483477
2483695
2483745
2483992
2484191
2484860
2485155
2485697
2486523
2486817
2487481
2488686
2488876
2489149
2489682
2489855
2489968
2490355
2490929
2491697
2492048
2492686
2493122
2493429
2493688
2493920
2495014
2495149
2495966
2496240
2496633
2496751
2497174
2497461
2497543
2498775
2499139
2499737
2499891
2500410
2501072
2501338
2501854
2503118
2503751
2504102
2504138
2504387
2504627
2504766
2505250
2505596
2506121
2506653
2506933
2508922
2509539
2509800
2509977
2510402
2510774
2511264
2511519
2511700
2511818
2511941
2512345
2512628
2512680
2513173
2513878
2514025
2514111
2514824
2514984
2516012
2516213
2517224
2518552
2518669
2518957
2519683
2520127
2520493
2521233
2521664
2522306
2522395
2522702
2523895
2524187
2524400
2524783
2525177
2525620
2525720
2527002
2527770
2527844
2528079
2528684
2528941
2529291
2529516
2530055
2530393
2531665
2531810
2532011
2532120
2533264
2534331
2534551
2534880
2535234
2535555
2535738
2535780
2536332
2536413
2537094
2537502
2537914
2538064
2538245
2538830
2538951
2539532
2540299
2540338
2540473
2540640
2540785
2540886
2541240
2541359
2542037
2542070
2542179
2542615
2543059
2543442
2543860
2544453
2544759
2545779
2546142
2546335
2546579
2546663
2546924
2547193
2547448
2548468
2548688
2549333
2549481
2549706
2549897
2550060
2550261
2550562
2551213
2551821
2552267
2552644
2552892
2553420
2553713
2554065
2554362
2554559
2555516
2556060
2556271
2556360
2556512
2557254
2558254
2558936
2559157
2559227
2559297
2559564
2559688
2559812
2559936
2560161
2561102
2561993
2562162
2562368
2562872
2563116
2563489
2563562
2564291
2564523
2565403
2565716
2565870
2566005
2566182
2566248
2566340
2566393
2566645
2567322
2567518
2567703
2567820
2567912
2568076
