21200
22598
24162
25623
27072
28658
30056
31823
33899
37094
38574
40859
45072
47828
56484
58710
61326
63263
68325
69872
70932
72733
129238
130395
131525
133730
135117
137484
140186
142066
144203
145770
146920
149704
152560
154396
155944
157532
158989
160633
162004
164960
166358
167986
170571
172697
173886
175055
176722
177900
179656
228498
295377
297787
525712
536634
1142574
1143861
1145079
1146427
1147834
1151908
1153323
1154334
1155632
1157459
1159028
1160451
1161902
1163400
1165986
1167774
1168921
1170488
1172036
1174152
1175650
1177697
1179465
1180772
1183158
1187661
1189608
1193182
1195658
1197116
1200181
1210845
1211891
1518503
1521386
1523363
1524638
1525899
1526907
1529355
1530518
1533028
1535204
1537210
1539457
1541031
1542064
1544919
1559395
1562681
1589059
1593736
