   2.1590000e+03
   3.0840000e+03
   5.7850000e+03
   7.3710000e+03
   8.3620000e+03
   1.1243000e+04
   1.1823000e+04
   1.3412000e+04
   1.4200000e+04
   1.4501000e+04
   1.5276000e+04
   1.5996000e+04
   1.6783000e+04
   1.7006000e+04
   1.7891000e+04
   1.8180000e+04
   1.8767000e+04
   1.9150000e+04
   1.9986000e+04
   2.0971000e+04
   2.1357000e+04
   2.1487000e+04
   2.1905000e+04
   2.2430000e+04
   2.3024000e+04
   2.4051000e+04
   2.4475000e+04
   2.5074000e+04
   2.6347000e+04
   2.6567000e+04
   2.7007000e+04
   2.8097000e+04
   2.8789000e+04
   2.9210000e+04
   2.9574000e+04
   3.0003000e+04
   3.0416000e+04
   3.0711000e+04
   3.0873000e+04
   3.1350000e+04
   3.1669000e+04
   3.1876000e+04
   3.2429000e+04
   3.2711000e+04
   3.3078000e+04
   3.3628000e+04
   3.4010000e+04
   3.4210000e+04
   3.4420000e+04
   3.4812000e+04
   3.5113000e+04
   3.5387000e+04
   3.5575000e+04
   3.6371000e+04
   3.7582000e+04
   3.7842000e+04
   3.8052000e+04
   3.8245000e+04
   3.8716000e+04
   3.8963000e+04
   3.9686000e+04
   4.1063000e+04
   4.1339000e+04
   4.2006000e+04
   4.2421000e+04
   4.2778000e+04
   4.2986000e+04
   4.3236000e+04
   4.3608000e+04
   4.3998000e+04
   4.4285000e+04
   4.4865000e+04
   4.5077000e+04
   4.5354000e+04
   4.5540000e+04
   4.6161000e+04
   4.6461000e+04
   4.6783000e+04
   4.6959000e+04
   4.7362000e+04
   4.7637000e+04
   4.8293000e+04
   4.8506000e+04
   4.8898000e+04
   4.9311000e+04
   4.9989000e+04
   5.0244000e+04
   5.0398000e+04
   5.0857000e+04
   5.1037000e+04
   5.1508000e+04
   5.1827000e+04
   5.2144000e+04
   5.2431000e+04
   5.2813000e+04
   5.3683000e+04
   5.4088000e+04
   5.4353000e+04
   5.4974000e+04
   5.5277000e+04
   5.5691000e+04
   5.6066000e+04
   5.6510000e+04
   5.6789000e+04
   5.6909000e+04
   5.7371000e+04
   5.8384000e+04
   5.8710000e+04
   5.8993000e+04
   5.9268000e+04
   5.9597000e+04
   5.9815000e+04
   6.0142000e+04
   6.0857000e+04
   6.1202000e+04
   6.1356000e+04
   6.1643000e+04
   6.1793000e+04
   6.2239000e+04
   6.2588000e+04
   6.2772000e+04
   6.2942000e+04
   6.3477000e+04
   6.3645000e+04
   6.3921000e+04
   6.4253000e+04
   6.4462000e+04
   6.5007000e+04
   6.5225000e+04
   6.5593000e+04
   6.5838000e+04
   6.6417000e+04
   6.6850000e+04
   6.6993000e+04
   6.7285000e+04
   6.7529000e+04
   6.7743000e+04
   6.8013000e+04
   6.8517000e+04
   6.8923000e+04
   6.9343000e+04
   6.9609000e+04
   7.0311000e+04
   7.0795000e+04
   7.1128000e+04
   7.1427000e+04
   7.1687000e+04
   7.2253000e+04
   7.2606000e+04
   7.2864000e+04
   7.3792000e+04
   7.4083000e+04
   7.4780000e+04
   7.4923000e+04
   7.5205000e+04
   7.5517000e+04
   7.5834000e+04
   7.6099000e+04
   7.6486000e+04
   7.6789000e+04
   7.7251000e+04
   7.7552000e+04
   7.7746000e+04
   7.7951000e+04
   7.8150000e+04
   7.8704000e+04
   7.9108000e+04
   7.9262000e+04
   7.9536000e+04
   7.9905000e+04
   8.0268000e+04
   8.0761000e+04
   8.1262000e+04
   8.1636000e+04
   8.1971000e+04
   8.2159000e+04
   8.2364000e+04
   8.2820000e+04
   8.3351000e+04
   8.3408000e+04
   8.3798000e+04
   8.4227000e+04
   8.4591000e+04
   8.4906000e+04
   8.5537000e+04
   8.5586000e+04
   8.6044000e+04
   8.6323000e+04
   8.6604000e+04
   8.6850000e+04
   8.7202000e+04
   8.7500000e+04
   8.7991000e+04
   8.8282000e+04
   8.9114000e+04
   8.9172000e+04
   8.9552000e+04
   8.9614000e+04
   8.9998000e+04
   9.0048000e+04
   9.0694000e+04
   9.0829000e+04
   9.1233000e+04
   9.2173000e+04
   9.2868000e+04
   9.3110000e+04
   9.4286000e+04
   9.4332000e+04
   9.4663000e+04
   9.4915000e+04
   9.4990000e+04
   9.5855000e+04
   9.6032000e+04
   9.6919000e+04
   9.7075000e+04
   9.7838000e+04
   9.8076000e+04
   9.8312000e+04
   9.8623000e+04
   9.8785000e+04
   9.9162000e+04
   9.9373000e+04
   9.9606000e+04
   9.9902000e+04
   1.0043300e+05
   1.0090300e+05
   1.0126200e+05
   1.0171000e+05
   1.0195500e+05
   1.0208400e+05
   1.0248300e+05
   1.0320600e+05
   1.0350400e+05
   1.0372000e+05
   1.0423300e+05
   1.0449600e+05
   1.0498900e+05
   1.0524400e+05
   1.0551200e+05
   1.0578900e+05
   1.0624900e+05
   1.0653800e+05
   1.0711300e+05
   1.0780800e+05
   1.0810000e+05
   1.0838100e+05
   1.0881600e+05
   1.0911500e+05
   1.0935700e+05
   1.0994100e+05
   1.1013100e+05
   1.1045300e+05
   1.1090300e+05
   1.1113800e+05
   1.1132800e+05
   1.1151500e+05
   1.1183700e+05
   1.1207900e+05
   1.1248900e+05
   1.1261300e+05
   1.1288900e+05
   1.1301600e+05
   1.1330500e+05
   1.1359000e+05
   1.1415800e+05
   1.1430700e+05
   1.1539300e+05
   1.1606600e+05
   1.1643900e+05
   1.1671300e+05
   1.1716900e+05
   1.1732700e+05
   1.1760600e+05
   1.1805500e+05
   1.1817300e+05
   1.1842200e+05
   1.1873200e+05
   1.1909900e+05
   1.1913200e+05
   1.1985200e+05
   1.2000300e+05
   1.2046800e+05
   1.2080700e+05
   1.2112600e+05
   1.2128000e+05
   1.2168700e+05
   1.2217300e+05
   1.2240600e+05
   1.2260700e+05
   1.2313000e+05
   1.2339500e+05
   1.2361500e+05
   1.2397100e+05
   1.2422000e+05
   1.2439700e+05
   1.2464000e+05
   1.2527100e+05
   1.2536400e+05
   1.2574100e+05
   1.2586600e+05
   1.2618500e+05
   1.2661100e+05
   1.2681300e+05
   1.2700600e+05
   1.2725400e+05
   1.2754900e+05
   1.2809000e+05
   1.2858800e+05
   1.2892800e+05
   1.2912100e+05
   1.2942700e+05
   1.2959200e+05
   1.2988800e+05
   1.3032700e+05
   1.3070300e+05
   1.3092200e+05
   1.3108600e+05
   1.3132800e+05
   1.3161700e+05
   1.3180600e+05
   1.3212600e+05
   1.3239900e+05
   1.3260600e+05
   1.3277800e+05
   1.3298400e+05
   1.3371100e+05
   1.3395600e+05
   1.3429000e+05
   1.3466100e+05
   1.3472700e+05
   1.3528900e+05
   1.3603500e+05
   1.3626900e+05
   1.3692500e+05
   1.3715000e+05
   1.3733600e+05
   1.3763100e+05
   1.3772000e+05
   1.3809800e+05
   1.3847300e+05
   1.3880500e+05
   1.3907600e+05
   1.3932000e+05
   1.3974200e+05
   1.3995800e+05
   1.4019300e+05
   1.4094500e+05
   1.4110100e+05
   1.4132700e+05
   1.4161900e+05
   1.4182700e+05
   1.4214600e+05
   1.4254800e+05
   1.4276800e+05
   1.4372100e+05
   1.4419100e+05
   1.4442000e+05
   1.4468500e+05
   1.4481300e+05
   1.4502100e+05
   1.4531800e+05
   1.4561500e+05
   1.4583800e+05
   1.4606900e+05
   1.4643000e+05
   1.4661200e+05
   1.4701100e+05
   1.4765100e+05
   1.4800500e+05
   1.4821100e+05
   1.4827500e+05
   1.4855100e+05
   1.4877700e+05
   1.4902000e+05
   1.4923800e+05
   1.4953500e+05
   1.4984600e+05
   1.5020400e+05
   1.5048600e+05
   1.5074700e+05
   1.5110800e+05
   1.5113800e+05
   1.5163800e+05
   1.5234100e+05
   1.5283300e+05
   1.5302100e+05
   1.5325900e+05
   1.5365600e+05
   1.5398200e+05
   1.5411900e+05
   1.5449700e+05
   1.5505000e+05
   1.5554900e+05
   1.5580300e+05
   1.5625000e+05
   1.5686600e+05
   1.5710400e+05
   1.5741600e+05
   1.5775800e+05
   1.5818200e+05
   1.5853900e+05
   1.5988600e+05
   1.6006000e+05
   1.6037100e+05
   1.6069400e+05
   1.6090600e+05
   1.6117400e+05
   1.6135700e+05
   1.6150100e+05
   1.6177600e+05
   1.6211500e+05
   1.6224200e+05
   1.6233800e+05
   1.6276000e+05
   1.6297200e+05
   1.6323800e+05
   1.6334000e+05
   1.6382700e+05
   1.6422000e+05
   1.6445900e+05
   1.6486200e+05
   1.6505700e+05
   1.6534000e+05
   1.6575500e+05
   1.6601200e+05
   1.6639200e+05
   1.6658300e+05
   1.6678500e+05
   1.6701900e+05
   1.6727100e+05
   1.6760600e+05
   1.6779800e+05
   1.6835900e+05
   1.6850500e+05
   1.6877000e+05
   1.6905700e+05
   1.6920300e+05
   1.6938100e+05
   1.6996600e+05
   1.7039400e+05
   1.7064400e+05
   1.7098400e+05
   1.7139900e+05
   1.7163100e+05
   1.7170400e+05
   1.7237500e+05
   1.7257800e+05
   1.7306900e+05
   1.7325500e+05
   1.7368500e+05
   1.7416100e+05
   1.7442600e+05
   1.7481500e+05
   1.7512900e+05
   1.7548100e+05
   1.7632100e+05
   1.7692100e+05
   1.7751700e+05
   1.7772500e+05
   1.7800400e+05
   1.7844800e+05
   1.7883000e+05
   1.7900700e+05
   1.7949700e+05
   1.7961100e+05
   1.8006800e+05
   1.8106500e+05
   1.8483300e+05
   1.8520700e+05
   1.8618600e+05
   1.8706400e+05
   1.8809700e+05
   1.8883200e+05
   1.8955300e+05
   1.9111600e+05
   1.9165300e+05
   1.9340700e+05
   1.9405300e+05
   1.9472800e+05
   1.9555800e+05
   1.9615800e+05
   1.9755800e+05
   1.9869100e+05
   2.0044800e+05
   2.0400200e+05
   2.0478200e+05
   2.0686100e+05
   2.0820500e+05
   2.0923600e+05
   2.1013300e+05
   2.1137400e+05
   2.1269500e+05
   2.1316400e+05
   2.1354800e+05
   2.1477600e+05
   2.1507200e+05
   2.1536500e+05
   2.1600800e+05
   2.1747700e+05
   2.1839600e+05
   2.1898900e+05
   2.1968300e+05
   2.2037100e+05
   2.2102500e+05
   2.2229100e+05
   2.2296900e+05
   2.2360800e+05
   2.2399800e+05
   2.2417400e+05
   2.2466900e+05
   2.2561600e+05
   2.2610600e+05
   2.2728400e+05
   2.2755300e+05
   2.2775900e+05
   2.2829000e+05
   2.2874400e+05
   2.2905800e+05
   2.3003000e+05
   2.3048600e+05
   2.3088800e+05
   2.3141300e+05
   2.3174100e+05
   2.3196300e+05
   2.3219800e+05
   2.3261300e+05
   2.3299300e+05
   2.3346200e+05
   2.3444400e+05
   2.3467200e+05
   2.3489900e+05
   2.3548000e+05
   2.3574800e+05
   2.3589100e+05
   2.3619500e+05
   2.3644100e+05
   2.3662200e+05
   2.3707500e+05
   2.3749600e+05
   2.3849500e+05
   2.3870300e+05
   2.3898700e+05
   2.3948900e+05
   2.4089900e+05
   2.4218600e+05
   2.4400800e+05
   2.4448500e+05
   2.4604000e+05
   2.4637200e+05
   2.4793900e+05
   2.4915900e+05
   2.4998100e+05
   2.5050400e+05
   2.5101300e+05
   2.5166100e+05
   2.5180700e+05
   2.5189600e+05
   2.5215400e+05
   2.5232200e+05
   2.5256400e+05
   2.5270100e+05
   2.5326000e+05
   2.5346500e+05
   2.5386700e+05
   2.5406100e+05
   2.5417000e+05
   2.5447000e+05
   2.5472400e+05
   2.5492800e+05
   2.5503700e+05
   2.5533500e+05
   2.5549400e+05
   2.5580200e+05
   2.5622900e+05
   2.5650400e+05
   2.5695700e+05
   2.5720200e+05
   2.5751000e+05
   2.5779400e+05
   2.5809500e+05
   2.5856300e+05
   2.5889700e+05
   2.5904200e+05
   2.5965400e+05
   2.5980700e+05
   2.6020900e+05
   2.6055000e+05
   2.6083400e+05
   2.6147600e+05
   2.6195600e+05
   2.6214000e+05
   2.6247600e+05
   2.6313900e+05
   2.6371800e+05
   2.6413300e+05
   2.6434300e+05
   2.6471200e+05
   2.6512200e+05
   2.6695700e+05
   2.6774400e+05
   2.6846400e+05
   2.6930400e+05
   2.6982900e+05
   2.7022700e+05
   2.7162200e+05
   2.7179700e+05
   2.7321900e+05
   2.7392400e+05
   2.7475600e+05
   2.7595700e+05
   2.7686400e+05
   2.7792300e+05
   2.7834000e+05
   2.8005300e+05
   2.8128300e+05
   2.8163400e+05
   2.8203700e+05
   2.8228800e+05
   2.8239100e+05
   2.8264100e+05
   2.8287100e+05
   2.8320600e+05
   2.8340600e+05
   2.8385500e+05
   2.8397600e+05
   2.8470000e+05
   2.8494500e+05
   2.8593100e+05
   2.8623200e+05
   2.8669600e+05
   2.8685600e+05
   2.8723800e+05
   2.8763300e+05
   2.8790600e+05
   2.8825700e+05
   2.8883900e+05
   2.8898800e+05
   2.8920800e+05
   2.8964800e+05
   2.9028900e+05
   2.9080100e+05
   2.9116100e+05
   2.9163400e+05
   2.9198700e+05
   2.9221200e+05
   2.9281900e+05
   2.9298100e+05
   2.9328500e+05
   2.9346000e+05
   2.9375500e+05
   2.9404100e+05
   2.9427400e+05
   2.9452000e+05
   2.9473600e+05
   2.9509200e+05
   2.9550300e+05
   2.9585800e+05
   2.9615700e+05
   2.9657900e+05
   2.9673000e+05
   2.9711500e+05
   2.9740200e+05
   2.9773000e+05
   2.9797100e+05
   2.9839400e+05
   2.9892800e+05
   2.9955600e+05
   3.0000500e+05
   3.0013200e+05
   3.0029800e+05
   3.0061700e+05
   3.0084000e+05
   3.0127200e+05
   3.0146300e+05
   3.0163200e+05
   3.0192200e+05
   3.0202400e+05
   3.0237100e+05
   3.0259400e+05
   3.0272000e+05
   3.0304700e+05
   3.0359600e+05
   3.0409000e+05
   3.0459400e+05
   3.0468300e+05
   3.0554800e+05
   3.0595700e+05
   3.0635700e+05
   3.0660100e+05
   3.0683800e+05
   3.0721400e+05
   3.0757600e+05
   3.0805900e+05
   3.0825500e+05
   3.0863400e+05
   3.0897300e+05
   3.0933300e+05
   3.0983600e+05
   3.1007100e+05
   3.1019800e+05
   3.1036100e+05
   3.1078200e+05
   3.1151300e+05
   3.1192300e+05
   3.1209800e+05
   3.1257500e+05
   3.1304400e+05
   3.1325600e+05
   3.1347400e+05
   3.1378800e+05
   3.1385400e+05
   3.1428200e+05
   3.1454200e+05
   3.1485100e+05
   3.1508600e+05
   3.1575400e+05
   3.1619200e+05
   3.1647200e+05
   3.1691000e+05
   3.1710600e+05
   3.1759500e+05
   3.1794600e+05
   3.1819000e+05
   3.1840400e+05
   3.1861000e+05
   3.1878000e+05
   3.1902300e+05
   3.1937500e+05
   3.1957600e+05
   3.1971200e+05
   3.1999000e+05
   3.2045700e+05
   3.2074800e+05
   3.2111500e+05
   3.2130100e+05
   3.2160300e+05
   3.2181900e+05
   3.2208900e+05
   3.2225600e+05
   3.2249900e+05
   3.2278700e+05
   3.2285100e+05
   3.2317200e+05
   3.2336700e+05
   3.2361900e+05
   3.2408700e+05
   3.2449800e+05
   3.2486900e+05
   3.2508900e+05
   3.2539300e+05
   3.2561300e+05
   3.2580500e+05
   3.2620800e+05
   3.2638000e+05
   3.2678400e+05
   3.2705700e+05
   3.2723200e+05
   3.2736800e+05
   3.2760100e+05
   3.2789500e+05
   3.2808700e+05
   3.2830000e+05
   3.2873200e+05
   3.2903400e+05
   3.2939200e+05
   3.2961300e+05
   3.3002800e+05
   3.3030100e+05
   3.3063300e+05
   3.3088700e+05
   3.3102500e+05
   3.3126300e+05
   3.3151000e+05
   3.3167400e+05
   3.3180600e+05
   3.3196600e+05
   3.3227400e+05
   3.3244000e+05
   3.3260500e+05
   3.3278700e+05
   3.3315500e+05
   3.3343200e+05
   3.3373700e+05
   3.3392600e+05
   3.3409800e+05
   3.3437100e+05
   3.3455100e+05
   3.3488900e+05
   3.3500500e+05
   3.3533600e+05
   3.3545700e+05
   3.3570300e+05
   3.3592500e+05
   3.3613000e+05
   3.3632200e+05
   3.3675300e+05
   3.3703000e+05
   3.3716600e+05
   3.3734200e+05
   3.3748100e+05
   3.3767200e+05
   3.3779700e+05
   3.3821300e+05
   3.3837400e+05
   3.3851100e+05
   3.3882100e+05
   3.3901500e+05
   3.3911200e+05
   3.3937700e+05
   3.3962500e+05
   3.3980500e+05
   3.4009100e+05
   3.4057400e+05
   3.4076300e+05
   3.4100800e+05
   3.4112200e+05
   3.4130200e+05
   3.4156700e+05
   3.4175500e+05
   3.4177700e+05
   3.4211200e+05
   3.4225500e+05
   3.4255800e+05
   3.4283500e+05
   3.4303800e+05
   3.4320100e+05
   3.4341800e+05
   3.4368800e+05
   3.4389400e+05
   3.4417400e+05
   3.4437000e+05
   3.4450600e+05
   3.4472900e+05
   3.4493500e+05
   3.4521400e+05
   3.4537000e+05
   3.4570200e+05
   3.4608300e+05
   3.4624300e+05
   3.4645600e+05
   3.4673400e+05
   3.4708700e+05
   3.4721400e+05
   3.4743400e+05
   3.4762400e+05
   3.4803600e+05
   3.4827400e+05
   3.4842600e+05
   3.4875600e+05
   3.4910800e+05
   3.4948500e+05
   3.4966300e+05
   3.5007400e+05
   3.5021300e+05
   3.5053300e+05
   3.5082800e+05
   3.5099600e+05
   3.5112900e+05
   3.5132000e+05
   3.5150900e+05
   3.5170700e+05
   3.5204900e+05
   3.5222100e+05
   3.5239200e+05
   3.5273400e+05
   3.5278800e+05
   3.5318000e+05
   3.5343200e+05
   3.5362300e+05
   3.5395600e+05
   3.5430100e+05
   3.5450200e+05
   3.5474600e+05
   3.5552100e+05
   3.5572300e+05
   3.5611900e+05
   3.5631400e+05
   3.5661700e+05
   3.5688400e+05
   3.5703000e+05
   3.5745600e+05
   3.5768000e+05
   3.5792900e+05
   3.5850800e+05
   3.5896700e+05
   3.5937600e+05
   3.5980400e+05
   3.6037200e+05
   3.6054200e+05
   3.6076900e+05
   3.6102400e+05
   3.6113600e+05
   3.6128100e+05
   3.6156200e+05
   3.6186100e+05
   3.6209400e+05
   3.6226000e+05
   3.6255600e+05
   3.6293300e+05
   3.6335100e+05
   3.6369300e+05
   3.6416000e+05
   3.6475700e+05
   3.6491300e+05
   3.6541200e+05
   3.6606200e+05
   3.6654300e+05
   3.6689400e+05
   3.6734600e+05
   3.6756900e+05
   3.6859800e+05
   3.6889600e+05
   3.6933400e+05
   3.7002500e+05
   3.7039300e+05
   3.7069500e+05
   3.7150200e+05
   3.7168100e+05
   3.7205600e+05
   3.7228300e+05
   3.7277800e+05
   3.7379700e+05
   3.7446000e+05
   3.7532400e+05
   3.7601900e+05
   3.7649700e+05
   3.7699000e+05
   3.7732600e+05
   3.7786300e+05
   3.7847100e+05
   3.7901400e+05
   3.7926100e+05
   3.7957600e+05
   3.7987500e+05
   3.8081700e+05
   3.8111800e+05
   3.8124500e+05
   3.8162000e+05
   3.8189100e+05
   3.8219900e+05
   3.8253400e+05
   3.8272000e+05
   3.8295600e+05
   3.8304800e+05
   3.8351300e+05
   3.8387300e+05
   3.8416700e+05
   3.8452800e+05
   3.8516500e+05
   3.8605900e+05
   3.8643000e+05
   3.8677400e+05
   3.8697900e+05
   3.8740200e+05
   3.8782100e+05
   3.8795800e+05
   3.8875400e+05
   3.8926400e+05
   3.8962500e+05
   3.9018100e+05
   3.9058400e+05
   3.9092400e+05
   3.9105000e+05
   3.9127300e+05
   3.9164900e+05
   3.9179600e+05
   3.9226500e+05
   3.9317900e+05
   3.9341800e+05
   3.9372000e+05
   3.9392700e+05
   3.9500800e+05
   3.9517300e+05
   3.9565600e+05
   3.9612000e+05
   3.9686400e+05
   3.9739100e+05
   3.9751900e+05
   3.9791400e+05
   3.9832100e+05
   3.9870100e+05
   3.9922700e+05
   3.9966100e+05
   3.9988100e+05
   3.9999300e+05
   4.0040400e+05
   4.0064400e+05
   4.0109700e+05
   4.0136800e+05
   4.0151600e+05
   4.0217400e+05
   4.0243900e+05
   4.0259100e+05
   4.0289300e+05
   4.0313400e+05
   4.0362100e+05
   4.0381000e+05
   4.0413800e+05
   4.0466400e+05
   4.0511700e+05
   4.0539800e+05
   4.0603400e+05
   4.0626900e+05
   4.0651300e+05
   4.0693100e+05
   4.0737300e+05
   4.0772400e+05
   4.0806600e+05
   4.0930400e+05
   4.0999000e+05
   4.1069100e+05
   4.1139500e+05
   4.1181300e+05
   4.1266800e+05
   4.1319900e+05
   4.1398400e+05
   4.1465000e+05
   4.1499700e+05
   4.1629500e+05
   4.1735100e+05
   4.1790200e+05
   4.1840600e+05
   4.1926100e+05
   4.1999700e+05
   4.2039100e+05
   4.2061200e+05
   4.2166200e+05
   4.2209900e+05
   4.2247600e+05
   4.2292300e+05
   4.2344100e+05
   4.2396200e+05
   4.2423500e+05
   4.2445300e+05
   4.2477600e+05
   4.2520200e+05
   4.2576100e+05
   4.2650600e+05
   4.2705900e+05
   4.2725500e+05
   4.2759000e+05
   4.2772300e+05
   4.2811900e+05
   4.2827500e+05
   4.2839300e+05
   4.2878400e+05
   4.2889200e+05
   4.2930000e+05
   4.2974100e+05
   4.3014000e+05
   4.3033200e+05
   4.3078800e+05
   4.3093000e+05
   4.3114500e+05
   4.3152600e+05
   4.3162100e+05
   4.3169900e+05
   4.3208000e+05
   4.3225200e+05
   4.3272900e+05
   4.3290400e+05
   4.3313900e+05
   4.3355400e+05
   4.3403200e+05
   4.3437600e+05
   4.3481300e+05
   4.3532700e+05
   4.3558900e+05
   4.3611500e+05
   4.3671500e+05
   4.3728100e+05
   4.3800900e+05
   4.3837600e+05
   4.3870500e+05
   4.3909600e+05
   4.3954300e+05
   4.4027300e+05
   4.4091000e+05
   4.4140400e+05
   4.4303800e+05
   4.4333000e+05
   4.4409800e+05
   4.4563300e+05
   4.4647600e+05
   4.4731200e+05
   4.4755800e+05
   4.4840200e+05
   4.4898400e+05
   4.4902100e+05
   4.4966200e+05
   4.5003100e+05
   4.5031300e+05
   4.5042600e+05
   4.5069700e+05
   4.5099200e+05
   4.5162100e+05
   4.5167900e+05
   4.5209600e+05
   4.5233600e+05
   4.5286100e+05
   4.5361700e+05
   4.5386700e+05
   4.5470200e+05
   4.5520900e+05
   4.5560100e+05
   4.5580500e+05
   4.5653800e+05
   4.5700100e+05
   4.5705800e+05
   4.5751700e+05
   4.5767400e+05
   4.5794700e+05
   4.5839600e+05
   4.5876900e+05
   4.5912200e+05
   4.5969700e+05
   4.5995600e+05
   4.6046000e+05
   4.6091300e+05
   4.6103400e+05
   4.6146600e+05
   4.6170500e+05
   4.6227400e+05
   4.6249900e+05
   4.6275600e+05
   4.6349300e+05
   4.6368700e+05
   4.6397700e+05
   4.6444000e+05
   4.6490800e+05
   4.6556700e+05
   4.6582200e+05
   4.6607200e+05
   4.6646500e+05
   4.6701100e+05
   4.6724100e+05
   4.6764200e+05
   4.6812700e+05
   4.6862200e+05
   4.6887900e+05
   4.6900300e+05
   4.6930000e+05
   4.6943200e+05
   4.6992200e+05
   4.7019300e+05
   4.7148500e+05
   4.7180600e+05
   4.7202600e+05
   4.7215600e+05
   4.7269600e+05
   4.7435200e+05
   4.7497100e+05
   4.7562400e+05
   4.7647400e+05
   4.7745900e+05
   4.7797100e+05
   4.7847300e+05
   4.7879900e+05
   4.7912800e+05
   4.7980100e+05
   4.8035500e+05
   4.8082600e+05
   4.8125000e+05
   4.8184900e+05
   4.8205700e+05
   4.8274500e+05
   4.8313700e+05
   4.8323700e+05
   4.8425400e+05
   4.8482100e+05
   4.8501100e+05
   4.8534100e+05
   4.8573000e+05
   4.8638300e+05
   4.8672800e+05
   4.8712700e+05
   4.8730800e+05
   4.8760400e+05
   4.8816100e+05
   4.8833700e+05
   4.8876100e+05
   4.8927200e+05
   4.9015800e+05
   4.9038800e+05
   4.9082500e+05
   4.9101200e+05
   4.9139500e+05
   4.9185800e+05
   4.9210800e+05
   4.9293400e+05
   4.9400600e+05
   4.9469600e+05
   4.9532700e+05
   4.9656100e+05
   4.9795500e+05
   4.9885900e+05
   4.9978800e+05
   5.0018800e+05
   5.0063400e+05
   5.0187800e+05
   5.0231700e+05
   5.0363100e+05
   5.0409500e+05
   5.0452300e+05
   5.0495200e+05
   5.0607900e+05
   5.0664400e+05
   5.0740400e+05
   5.0824800e+05
   5.0885700e+05
   5.0898800e+05
   5.0913800e+05
   5.0956300e+05
   5.0997400e+05
   5.1052700e+05
   5.1078800e+05
   5.1112100e+05
   5.1145300e+05
   5.1181300e+05
   5.1250300e+05
   5.1290300e+05
   5.1313700e+05
   5.1339100e+05
   5.1437400e+05
   5.1453800e+05
   5.1470900e+05
   5.1502300e+05
   5.1537300e+05
   5.1553100e+05
   5.1584100e+05
   5.1609200e+05
   5.1629400e+05
   5.1662000e+05
   5.1677800e+05
   5.1708600e+05
   5.1759900e+05
   5.1776500e+05
   5.1812600e+05
   5.1834600e+05
   5.1867100e+05
   5.1894100e+05
   5.1912100e+05
   5.1962400e+05
   5.1989900e+05
   5.2002700e+05
   5.2030100e+05
   5.2053400e+05
   5.2075200e+05
   5.2106900e+05
   5.2149100e+05
   5.2160700e+05
   5.2216200e+05
   5.2430200e+05
   5.2434700e+05
   5.2444700e+05
   5.2473300e+05
   5.2503700e+05
   5.2516100e+05
   5.2528600e+05
   5.2537600e+05
   5.2554200e+05
   5.2567900e+05
   5.2580100e+05
   5.2597100e+05
   5.2614700e+05
   5.2644600e+05
   5.2656200e+05
   5.2667000e+05
   5.2678500e+05
   5.2692900e+05
   5.2710600e+05
   5.2723400e+05
   5.2737300e+05
   5.2759200e+05
   5.2775600e+05
   5.2791100e+05
   5.2803400e+05
   5.2813800e+05
   5.2822600e+05
   5.2837300e+05
   5.2848900e+05
   5.2873400e+05
   5.2877800e+05
   5.2891500e+05
   5.2904800e+05
   5.2916000e+05
   5.2932700e+05
   5.2964800e+05
   5.2983400e+05
   5.2994700e+05
   5.3002000e+05
   5.3020800e+05
   5.3031000e+05
   5.3045300e+05
   5.3074100e+05
   5.3130400e+05
   5.3137400e+05
   5.3147700e+05
   5.3155400e+05
   5.3172600e+05
   5.3176200e+05
   5.3190200e+05
   5.3206600e+05
   5.3219000e+05
   5.3235200e+05
   5.3243700e+05
   5.3261700e+05
   5.3275200e+05
   5.3296000e+05
   5.3305400e+05
   5.3322100e+05
   5.3339700e+05
   5.3356400e+05
   5.3365800e+05
   5.3383700e+05
   5.3395200e+05
   5.3403900e+05
   5.3428500e+05
   5.3439700e+05
   5.3454900e+05
   5.3485900e+05
   5.3505000e+05
   5.3517500e+05
   5.3536000e+05
   5.3554400e+05
   5.3587200e+05
   5.3593500e+05
   5.3611700e+05
   5.3648200e+05
   5.3670300e+05
   5.3682400e+05
   5.3699000e+05
   5.3720000e+05
   5.3742300e+05
   5.3764400e+05
   5.3783700e+05
   5.3796100e+05
   5.3815500e+05
   5.3826900e+05
   5.3856200e+05
   5.3858300e+05
   5.3898100e+05
   5.3929300e+05
   5.3959000e+05
   5.3991800e+05
   5.3999300e+05
   5.4029900e+05
   5.4053800e+05
   5.4072000e+05
   5.4089300e+05
   5.4120500e+05
   5.4155700e+05
   5.4176400e+05
   5.4201000e+05
   5.4225900e+05
   5.4244900e+05
   5.4275500e+05
   5.4288900e+05
   5.4307600e+05
   5.4318200e+05
   5.4350500e+05
   5.4363500e+05
   5.4399700e+05
   5.4415300e+05
   5.4435800e+05
   5.4449700e+05
   5.4474900e+05
   5.4515500e+05
   5.4526000e+05
   5.4558800e+05
   5.4581200e+05
   5.4605400e+05
   5.4654300e+05
   5.4666000e+05
   5.4688600e+05
   5.4696600e+05
   5.4717900e+05
   5.4740800e+05
   5.4759100e+05
   5.4774400e+05
   5.4799700e+05
   5.4831900e+05
   5.4847100e+05
   5.4868500e+05
   5.4883300e+05
   5.4906400e+05
   5.4932900e+05
   5.4969000e+05
   5.4992400e+05
   5.5001000e+05
   5.5030000e+05
   5.5038800e+05
   5.5086600e+05
   5.5097500e+05
   5.5145600e+05
   5.5181100e+05
   5.5192100e+05
   5.5234300e+05
   5.5249300e+05
   5.5279100e+05
   5.5301800e+05
   5.5309100e+05
   5.5337700e+05
   5.5349900e+05
   5.5376200e+05
   5.5398100e+05
   5.5417900e+05
   5.5426900e+05
   5.5451200e+05
   5.5487900e+05
   5.5510200e+05
   5.5546200e+05
   5.5590200e+05
   5.5609100e+05
   5.5630600e+05
   5.5647200e+05
   5.5669400e+05
   5.5709200e+05
   5.5733500e+05
   5.5751100e+05
   5.5777600e+05
   5.5785600e+05
   5.5813600e+05
   5.5839500e+05
   5.5911100e+05
   5.5918200e+05
   5.5967600e+05
   5.5993400e+05
   5.6038000e+05
   5.6069300e+05
   5.6111200e+05
   5.6132100e+05
   5.6158600e+05
   5.6170500e+05
   5.6197400e+05
   5.6216300e+05
   5.6232600e+05
   5.6256400e+05
   5.6286800e+05
   5.6298800e+05
   5.6324200e+05
   5.6342200e+05
   5.6378900e+05
   5.6405000e+05
   5.6430100e+05
   5.6488500e+05
   5.6493600e+05
   5.6537100e+05
   5.6572200e+05
   5.6592600e+05
   5.6612000e+05
   5.6623900e+05
   5.6653100e+05
   5.6674000e+05
   5.6694300e+05
   5.6727100e+05
   5.6730300e+05
   5.6770200e+05
   5.6798400e+05
   5.6833100e+05
   5.6875700e+05
   5.6901100e+05
   5.6939300e+05
   5.6955400e+05
   5.7011300e+05
   5.7015700e+05
   5.7049600e+05
   5.7068400e+05
   5.7093200e+05
   5.7110300e+05
   5.7123600e+05
   5.7138400e+05
   5.7163600e+05
   5.7191600e+05
   5.7220600e+05
   5.7248800e+05
   5.7293800e+05
   5.7310300e+05
   5.7338300e+05
   5.7367700e+05
   5.7391200e+05
   5.7424500e+05
   5.7449700e+05
   5.7475000e+05
   5.7487100e+05
   5.7501800e+05
   5.7545000e+05
   5.7555800e+05
   5.7603500e+05
   5.7644300e+05
   5.7680400e+05
   5.7743000e+05
   5.7775800e+05
   5.7791100e+05
   5.7826600e+05
   5.7856200e+05
   5.7884400e+05
   5.7902300e+05
   5.7925800e+05
   5.7942900e+05
   5.7979500e+05
   5.7997600e+05
   5.8039700e+05
   5.8093000e+05
   5.8121900e+05
   5.8148300e+05
   5.8194500e+05
   5.8233500e+05
   5.8263100e+05
   5.8303500e+05
   5.8330600e+05
   5.8356300e+05
   5.8394900e+05
   5.8406100e+05
   5.8467500e+05
   5.8474300e+05
   5.8510000e+05
   5.8535000e+05
   5.8564700e+05
   5.8587500e+05
   5.8609800e+05
   5.8635900e+05
   5.8669000e+05
   5.8692800e+05
   5.8721000e+05
   5.8755100e+05
   5.8788300e+05
   5.8816600e+05
   5.8874700e+05
   5.8884400e+05
   5.8900400e+05
   5.8924200e+05
   5.8974000e+05
   5.8984700e+05
   5.8994800e+05
   5.9020100e+05
   5.9027900e+05
   5.9038000e+05
   5.9068300e+05
   5.9080100e+05
   5.9110200e+05
   5.9118600e+05
   5.9134300e+05
   5.9158200e+05
   5.9167500e+05
   5.9207900e+05
   5.9221700e+05
   5.9244200e+05
   5.9264600e+05
   5.9290800e+05
   5.9308500e+05
   5.9328800e+05
   5.9355700e+05
   5.9385800e+05
   5.9399900e+05
   5.9421300e+05
   5.9454700e+05
   5.9462100e+05
   5.9490700e+05
   5.9509600e+05
   5.9526000e+05
   5.9539800e+05
   5.9571700e+05
   5.9582900e+05
   5.9609600e+05
   5.9627000e+05
   5.9664200e+05
   5.9693900e+05
   5.9719400e+05
   5.9746600e+05
   5.9759300e+05
   5.9788700e+05
   5.9809700e+05
   5.9834400e+05
   5.9854900e+05
   5.9884000e+05
   5.9904100e+05
   5.9919900e+05
   5.9935500e+05
   5.9959000e+05
   5.9967000e+05
   5.9989400e+05
   6.0008800e+05
   6.0023200e+05
   6.0059300e+05
   6.0078900e+05
   6.0113500e+05
   6.0134000e+05
   6.0167300e+05
   6.0198800e+05
   6.0238300e+05
   6.0290100e+05
   6.0325500e+05
   6.0358800e+05
   6.0386200e+05
   6.0398000e+05
   6.0413200e+05
   6.0442000e+05
   6.0479400e+05
   6.0520800e+05
   6.0542700e+05
   6.0566000e+05
   6.0611200e+05
   6.0620700e+05
   6.0660400e+05
   6.0685400e+05
   6.0708900e+05
   6.0737300e+05
   6.0750900e+05
   6.0775000e+05
   6.0797400e+05
   6.0832100e+05
   6.0850100e+05
   6.0864400e+05
   6.0899600e+05
   6.0956600e+05
   6.0982400e+05
   6.1014400e+05
   6.1047700e+05
   6.1058700e+05
   6.1098100e+05
   6.1116100e+05
   6.1127200e+05
   6.1169400e+05
   6.1182800e+05
   6.1231000e+05
   6.1247100e+05
   6.1278100e+05
   6.1308000e+05
   6.1332100e+05
   6.1352500e+05
   6.1389600e+05
   6.1406900e+05
   6.1427800e+05
   6.1455500e+05
   6.1474400e+05
   6.1514300e+05
   6.1555500e+05
   6.1580200e+05
   6.1609800e+05
   6.1633600e+05
   6.1685200e+05
   6.1725000e+05
   6.1760100e+05
   6.1790200e+05
   6.1816400e+05
   6.1868600e+05
   6.1874500e+05
   6.1913000e+05
   6.1959800e+05
   6.1982400e+05
   6.2002900e+05
   6.2022800e+05
   6.2053300e+05
   6.2088600e+05
   6.2114900e+05
   6.2185300e+05
   6.2201900e+05
   6.2240600e+05
   6.2274800e+05
   6.2305500e+05
   6.2328400e+05
   6.2382700e+05
   6.2400200e+05
   6.2444300e+05
   6.2477800e+05
   6.2498900e+05
   6.2562700e+05
   6.2598600e+05
   6.2638700e+05
   6.2648500e+05
   6.2691800e+05
   6.2708500e+05
   6.2755900e+05
   6.2775700e+05
   6.2796400e+05
   6.2808100e+05
   6.2821600e+05
   6.2846300e+05
   6.2864700e+05
   6.2885400e+05
   6.2909500e+05
   6.2935500e+05
   6.2953800e+05
   6.2983200e+05
   6.3004500e+05
   6.3023600e+05
   6.3047300e+05
   6.3064400e+05
   6.3091300e+05
   6.3112600e+05
   6.3135200e+05
   6.3162600e+05
   6.3185700e+05
   6.3195700e+05
   6.3236400e+05
   6.3264200e+05
   6.3288400e+05
   6.3304400e+05
   6.3327600e+05
   6.3347300e+05
   6.3373200e+05
   6.3397000e+05
   6.3415700e+05
   6.3432600e+05
   6.3466800e+05
   6.3492300e+05
   6.3512000e+05
   6.3549400e+05
   6.3564200e+05
   6.3584900e+05
   6.3606200e+05
   6.3647600e+05
   6.3660000e+05
   6.3703000e+05
   6.3725000e+05
   6.3737300e+05
   6.3766700e+05
   6.3782300e+05
   6.3814900e+05
   6.3825200e+05
   6.3845900e+05
   6.3855000e+05
   6.3871400e+05
   6.3894000e+05
   6.3937500e+05
   6.3964500e+05
   6.3973900e+05
   6.4003600e+05
   6.4021300e+05
   6.4041800e+05
   6.4072200e+05
   6.4104000e+05
   6.4130500e+05
   6.4158600e+05
   6.4191300e+05
   6.4227700e+05
   6.4243200e+05
   6.4272100e+05
   6.4292900e+05
   6.4322700e+05
   6.4370000e+05
   6.4408400e+05
   6.4435300e+05
   6.4454900e+05
   6.4471200e+05
   6.4503700e+05
   6.4561500e+05
   6.4612900e+05
   6.4649800e+05
   6.4676800e+05
   6.4734700e+05
   6.4761200e+05
   6.4802600e+05
   6.4843800e+05
   6.4886900e+05
   6.4918300e+05
   6.4964800e+05
   6.5016500e+05
   6.5062200e+05
   6.5091700e+05
   6.5156000e+05
   6.5170100e+05
   6.5225700e+05
   6.5257400e+05
   6.5296100e+05
   6.5319200e+05
   6.5341000e+05
   6.5372600e+05
   6.5409500e+05
   6.5435100e+05
   6.5470700e+05
   6.5487700e+05
   6.5512100e+05
   6.5544700e+05
   6.5564400e+05
   6.5576000e+05
   6.5623400e+05
   6.5659900e+05
   6.5716700e+05
   6.5759000e+05
   6.5834400e+05
   6.5867800e+05
   6.5895800e+05
   6.5921700e+05
   6.5931500e+05
   6.5957100e+05
   6.6017500e+05
   6.6053900e+05
   6.6085900e+05
   6.6117400e+05
   6.6158200e+05
   6.6185900e+05
   6.6211700e+05
   6.6229200e+05
   6.6257100e+05
   6.6274500e+05
   6.6290100e+05
   6.6318100e+05
   6.6338900e+05
   6.6357100e+05
   6.6387100e+05
   6.6399600e+05
   6.6432100e+05
   6.6446500e+05
   6.6452900e+05
   6.6479500e+05
   6.6508300e+05
   6.6536900e+05
   6.6564900e+05
   6.6600100e+05
   6.6631600e+05
   6.6662200e+05
   6.6679800e+05
   6.6709500e+05
   6.6726100e+05
   6.6772300e+05
   6.6781500e+05
   6.6832200e+05
   6.6870600e+05
   6.6913300e+05
   6.6967600e+05
   6.6994300e+05
   6.7040400e+05
   6.7053100e+05
   6.7096200e+05
   6.7115200e+05
   6.7137500e+05
   6.7165600e+05
   6.7186200e+05
   6.7221200e+05
   6.7299400e+05
   6.7327300e+05
   6.7352700e+05
   6.7390000e+05
   6.7445300e+05
   6.7470500e+05
   6.7488700e+05
   6.7521700e+05
   6.7532900e+05
   6.7557500e+05
   6.7594100e+05
   6.7627200e+05
   6.7652500e+05
   6.7696000e+05
   6.7716800e+05
   6.7769100e+05
   6.7791100e+05
   6.7808100e+05
   6.7850400e+05
   6.7858900e+05
   6.7902400e+05
   6.7933500e+05
   6.7969400e+05
   6.8023700e+05
   6.8039600e+05
   6.8098400e+05
   6.8133100e+05
   6.8169900e+05
   6.8199500e+05
   6.8244400e+05
   6.8257600e+05
   6.8277500e+05
   6.8292000e+05
   6.8315300e+05
   6.8336400e+05
   6.8376300e+05
   6.8401900e+05
   6.8451300e+05
   6.8462000e+05
   6.8500800e+05
   6.8548200e+05
   6.8582800e+05
   6.8634400e+05
   6.8658100e+05
   6.8691400e+05
   6.8734900e+05
   6.8744800e+05
   6.8796100e+05
   6.8801200e+05
   6.8845600e+05
   6.8878300e+05
   6.8900200e+05
   6.8920100e+05
   6.8950100e+05
   6.8980300e+05
   6.8998900e+05
   6.9016900e+05
   6.9044200e+05
   6.9077700e+05
   6.9119500e+05
   6.9137800e+05
   6.9171400e+05
   6.9198700e+05
   6.9260600e+05
   6.9289000e+05
   6.9324700e+05
   6.9355700e+05
   6.9376000e+05
   6.9410500e+05
   6.9436200e+05
   6.9462700e+05
   6.9481300e+05
   6.9510500e+05
   6.9522000e+05
   6.9548100e+05
   6.9555900e+05
   6.9600700e+05
   6.9653600e+05
   6.9684800e+05
   6.9713300e+05
   6.9758400e+05
   6.9777100e+05
   6.9795200e+05
   6.9838300e+05
   6.9877200e+05
   6.9904100e+05
   6.9928100e+05
   6.9947900e+05
   6.9985000e+05
   7.0004300e+05
   7.0018200e+05
   7.0050200e+05
   7.0072500e+05
   7.0113600e+05
   7.0120700e+05
   7.0142100e+05
   7.0173200e+05
   7.0196300e+05
   7.0233300e+05
   7.0252600e+05
   7.0264000e+05
   7.0300800e+05
   7.0314400e+05
   7.0329500e+05
   7.0379700e+05
   7.0397200e+05
   7.0425100e+05
   7.0478500e+05
   7.0510800e+05
   7.0520100e+05
   7.0575900e+05
   7.0614300e+05
   7.0650800e+05
   7.0722900e+05
   7.0757100e+05
   7.0827400e+05
   7.0890200e+05
   7.0920400e+05
   7.0959400e+05
   7.0984300e+05
   7.1041500e+05
   7.1079200e+05
   7.1120200e+05
   7.1173000e+05
   7.1209400e+05
   7.1284000e+05
   7.1348700e+05
   7.1373800e+05
   7.1439100e+05
   7.1462700e+05
   7.1477700e+05
   7.1516000e+05
   7.1560200e+05
   7.1566500e+05
   7.1604000e+05
   7.1660200e+05
   7.1686900e+05
   7.1711000e+05
   7.1738000e+05
   7.1760500e+05
   7.1781000e+05
   7.1810700e+05
   7.1834400e+05
   7.1856100e+05
   7.1876600e+05
   7.1897000e+05
   7.1916600e+05
   7.1934000e+05
   7.1947200e+05
   7.1965200e+05
   7.1985500e+05
   7.2013700e+05
   7.2026000e+05
   7.2070300e+05
   7.2095700e+05
   7.2124100e+05
   7.2139600e+05
   7.2153800e+05
   7.2180300e+05
   7.2187900e+05
   7.2200900e+05
   7.2225400e+05
   7.2239500e+05
   7.2270600e+05
   7.2281300e+05
   7.2312000e+05
   7.2330800e+05
   7.2358200e+05
   7.2373400e+05
   7.2392500e+05
   7.2428400e+05
   7.2436600e+05
   7.2469200e+05
   7.2487600e+05
   7.2520500e+05
   7.2545800e+05
   7.2578400e+05
   7.2593800e+05
   7.2619100e+05
   7.2643900e+05
   7.2657800e+05
   7.2706200e+05
   7.2733100e+05
   7.2761200e+05
   7.2805900e+05
   7.2844300e+05
   7.2873700e+05
   7.2884700e+05
   7.2922900e+05
   7.2928800e+05
   7.2976300e+05
   7.3028100e+05
   7.3030900e+05
   7.3073400e+05
   7.3091800e+05
   7.3119300e+05
   7.3212400e+05
   7.3245300e+05
   7.3290400e+05
   7.3339200e+05
   7.3375600e+05
   7.3392200e+05
   7.3429800e+05
   7.3470900e+05
   7.3480100e+05
   7.3571900e+05
   7.3599200e+05
   7.3625200e+05
   7.3675600e+05
   7.3738100e+05
   7.3782800e+05
   7.3816300e+05
   7.3866200e+05
   7.3905500e+05
   7.3960800e+05
   7.4039300e+05
   7.4059300e+05
   7.4103100e+05
   7.4119700e+05
   7.4192700e+05
   7.4236200e+05
   7.4267000e+05
   7.4283300e+05
   7.4333500e+05
   7.4409000e+05
   7.4434400e+05
   7.4495500e+05
   7.4543700e+05
   7.4583000e+05
   7.4593300e+05
   7.4617800e+05
   7.4649100e+05
   7.4689500e+05
   7.4721300e+05
   7.4816400e+05
   7.4887100e+05
   7.4932200e+05
   7.4963000e+05
   7.4989600e+05
   7.5025100e+05
   7.5056100e+05
   7.5101700e+05
   7.5136600e+05
   7.5169500e+05
   7.5280400e+05
   7.5333000e+05
   7.5365800e+05
   7.5413500e+05
   7.5455000e+05
   7.5478200e+05
   7.5502100e+05
   7.5547400e+05
   7.5593800e+05
   7.5617700e+05
   7.5687500e+05
   7.5717100e+05
   7.5761700e+05
   7.5799000e+05
   7.5828800e+05
   7.5848200e+05
   7.5877700e+05
   7.5925800e+05
   7.5985900e+05
   7.6051200e+05
   7.6105100e+05
   7.6154900e+05
   7.6225900e+05
   7.6267000e+05
   7.6327800e+05
   7.6349700e+05
   7.6414000e+05
   7.6456200e+05
   7.6478200e+05
   7.6572800e+05
   7.6627200e+05
   7.6633800e+05
   7.6662400e+05
   7.6691400e+05
   7.6727900e+05
   7.6742500e+05
   7.6782600e+05
   7.6830100e+05
   7.6853600e+05
   7.6893000e+05
   7.6933400e+05
   7.6953500e+05
   7.6991500e+05
   7.7038800e+05
   7.7096700e+05
   7.7160200e+05
   7.7207800e+05
   7.7261700e+05
   7.7272800e+05
   7.7315100e+05
   7.7431400e+05
   7.7487500e+05
   7.7557900e+05
   7.7612400e+05
   7.7631900e+05
   7.7679100e+05
   7.7753000e+05
   7.7805300e+05
   7.7856900e+05
   7.7896600e+05
   7.7936400e+05
   7.8011700e+05
   7.8054900e+05
   7.8114700e+05
   7.8134900e+05
   7.8160300e+05
   7.8182300e+05
   7.8214400e+05
   7.8241100e+05
   7.8263100e+05
   7.8274200e+05
   7.8308200e+05
   7.8333300e+05
   7.8353700e+05
   7.8380700e+05
   7.8398000e+05
   7.8422800e+05
   7.8452000e+05
   7.8469500e+05
   7.8501300e+05
   7.8532700e+05
   7.8561200e+05
   7.8582200e+05
   7.8617700e+05
   7.8624100e+05
   7.8651500e+05
   7.8665400e+05
   7.8697800e+05
   7.8711100e+05
   7.8721900e+05
   7.8755800e+05
   7.8773200e+05
   7.8800500e+05
   7.8823300e+05
   7.8856600e+05
   7.8893500e+05
   7.8903200e+05
   7.8938200e+05
   7.8956700e+05
   7.8991700e+05
   7.9011300e+05
   7.9045500e+05
   7.9087000e+05
   7.9129000e+05
   7.9163900e+05
   7.9225800e+05
   7.9248000e+05
   7.9295500e+05
   7.9324700e+05
   7.9353100e+05
   7.9380300e+05
   7.9422400e+05
   7.9453300e+05
   7.9469000e+05
   7.9527700e+05
   7.9577900e+05
   7.9593100e+05
   7.9608000e+05
   7.9666400e+05
   7.9702700e+05
   7.9728100e+05
   7.9753300e+05
   7.9787000e+05
   7.9806000e+05
   7.9843200e+05
   7.9875500e+05
   7.9909200e+05
   7.9941700e+05
   7.9979300e+05
   8.0003500e+05
   8.0036200e+05
   8.0046200e+05
   8.0087700e+05
   8.0129700e+05
   8.0159300e+05
   8.0197900e+05
   8.0233300e+05
   8.0251800e+05
   8.0270500e+05
   8.0308800e+05
   8.0328300e+05
   8.0381500e+05
   8.0490300e+05
   8.0520200e+05
   8.0566700e+05
   8.0601100e+05
   8.0635600e+05
   8.0683000e+05
   8.0704100e+05
   8.0724500e+05
   8.0743400e+05
   8.0780700e+05
   8.0825300e+05
   8.0853200e+05
   8.0875900e+05
   8.0902400e+05
   8.0923700e+05
   8.0972500e+05
   8.0994100e+05
   8.1006900e+05
   8.1014800e+05
   8.1038600e+05
   8.1056600e+05
   8.1065600e+05
   8.1094400e+05
   8.1105300e+05
   8.1136200e+05
   8.1163400e+05
   8.1179700e+05
   8.1220600e+05
   8.1237900e+05
   8.1271700e+05
   8.1285200e+05
   8.1307500e+05
   8.1334700e+05
   8.1365900e+05
   8.1377500e+05
   8.1381500e+05
   8.1624000e+05
   8.1637700e+05
   8.1650300e+05
   8.1683400e+05
   8.1696800e+05
   8.1723600e+05
   8.1734800e+05
   8.1742000e+05
   8.1752500e+05
   8.1772400e+05
   8.1796000e+05
   8.1802700e+05
   8.1815600e+05
   8.1824900e+05
   8.1850700e+05
   8.1862400e+05
   8.1866700e+05
   8.1887800e+05
   8.1896400e+05
   8.1913700e+05
   8.1934700e+05
   8.1942300e+05
   8.1965600e+05
   8.1974600e+05
   8.1990200e+05
   8.2008400e+05
   8.2016900e+05
   8.2025300e+05
   8.2047400e+05
   8.2054900e+05
   8.2069100e+05
   8.2081500e+05
   8.2097500e+05
   8.2108100e+05
   8.2116500e+05
   8.2130400e+05
   8.2139600e+05
   8.2153500e+05
   8.2171100e+05
   8.2177400e+05
   8.2198200e+05
   8.2212300e+05
   8.2228900e+05
   8.2242400e+05
   8.2265300e+05
   8.2278100e+05
   8.2289400e+05
   8.2302500e+05
   8.2325400e+05
   8.2335500e+05
   8.2348300e+05
   8.2368200e+05
   8.2382400e+05
   8.2396200e+05
   8.2419600e+05
   8.2437800e+05
   8.2463200e+05
   8.2471900e+05
   8.2490100e+05
   8.2503700e+05
   8.2514000e+05
   8.2538100e+05
   8.2547200e+05
   8.2581300e+05
   8.2598300e+05
   8.2620300e+05
   8.2637400e+05
   8.2655700e+05
   8.2672200e+05
   8.2694400e+05
   8.2717900e+05
   8.2750200e+05
   8.2755100e+05
   8.2776800e+05
   8.2780900e+05
   8.2807900e+05
   8.2816800e+05
   8.2840600e+05
   8.2852400e+05
   8.2870300e+05
   8.2896700e+05
   8.2899100e+05
   8.2924100e+05
   8.2946000e+05
   8.2952200e+05
   8.2957400e+05
   8.2984300e+05
   8.2987300e+05
   8.3013300e+05
   8.3021400e+05
   8.3053900e+05
   8.3064900e+05
   8.3092500e+05
   8.3097000e+05
   8.3120200e+05
   8.3137700e+05
   8.3157200e+05
   8.3179300e+05
   8.3189100e+05
   8.3211400e+05
   8.3221000e+05
   8.3239400e+05
   8.3257800e+05
   8.3284200e+05
   8.3290100e+05
   8.3312300e+05
   8.3337800e+05
   8.3341400e+05
   8.3380000e+05
   8.3400200e+05
   8.3419600e+05
   8.3442500e+05
   8.3455700e+05
   8.3460000e+05
   8.3496500e+05
   8.3510600e+05
   8.3528500e+05
   8.3550500e+05
   8.3583600e+05
   8.3604900e+05
   8.3619500e+05
   8.3644200e+05
   8.3670000e+05
   8.3694300e+05
   8.3737100e+05
   8.3750100e+05
   8.3769600e+05
   8.3791600e+05
   8.3806300e+05
   8.3825700e+05
   8.3847300e+05
   8.3855500e+05
   8.3879600e+05
   8.3890900e+05
   8.3912500e+05
   8.3930300e+05
   8.3950300e+05
   8.3958000e+05
   8.3977600e+05
   8.4000600e+05
   8.4005600e+05
   8.4032800e+05
   8.4047400e+05
   8.4068300e+05
   8.4095200e+05
   8.4110300e+05
   8.4123600e+05
   8.4141800e+05
   8.4176600e+05
   8.4192300e+05
   8.4222000e+05
   8.4232100e+05
   8.4255100e+05
   8.4264300e+05
   8.4284100e+05
   8.4309300e+05
   8.4330500e+05
   8.4352500e+05
   8.4360100e+05
   8.4398400e+05
   8.4408700e+05
   8.4435200e+05
   8.4460400e+05
   8.4484900e+05
   8.4517500e+05
   8.4519700e+05
   8.4540800e+05
   8.4561200e+05
   8.4586500e+05
   8.4615300e+05
   8.4666600e+05
   8.4690100e+05
   8.4739000e+05
   8.4748200e+05
   8.4783800e+05
   8.4802600e+05
   8.4852100e+05
   8.4860500e+05
   8.4891900e+05
   8.4905700e+05
   8.4930400e+05
   8.4942600e+05
   8.4965600e+05
   8.4988800e+05
   8.5008700e+05
   8.5017800e+05
   8.5042300e+05
   8.5072200e+05
   8.5092700e+05
   8.5114400e+05
   8.5125200e+05
   8.5147100e+05
   8.5176500e+05
   8.5185800e+05
   8.5230700e+05
   8.5240900e+05
   8.5250500e+05
   8.5266000e+05
   8.5292400e+05
   8.5325500e+05
   8.5354100e+05
   8.5371900e+05
   8.5401400e+05
   8.5431200e+05
   8.5450400e+05
   8.5478200e+05
   8.5492000e+05
   8.5502300e+05
   8.5538600e+05
   8.5550100e+05
   8.5589000e+05
   8.5603400e+05
   8.5660900e+05
   8.5680400e+05
   8.5711100e+05
   8.5719700e+05
   8.5785000e+05
   8.5806200e+05
   8.5817100e+05
   8.5847400e+05
   8.5868700e+05
   8.5881500e+05
   8.5920300e+05
   8.5947900e+05
   8.5958000e+05
   8.5992700e+05
   8.6010600e+05
   8.6025700e+05
   8.6047600e+05
   8.6080200e+05
   8.6097100e+05
   8.6118500e+05
   8.6148700e+05
   8.6190600e+05
   8.6216500e+05
   8.6265300e+05
   8.6279500e+05
   8.6302800e+05
   8.6311600e+05
   8.6334400e+05
   8.6340000e+05
   8.6358200e+05
   8.6374000e+05
   8.6415500e+05
   8.6428500e+05
   8.6455000e+05
   8.6469500e+05
   8.6488500e+05
   8.6515000e+05
   8.6538500e+05
   8.6570700e+05
   8.6608500e+05
   8.6633500e+05
   8.6655400e+05
   8.6678800e+05
   8.6699900e+05
   8.6719300e+05
   8.6738500e+05
   8.6764400e+05
   8.6782600e+05
   8.6797900e+05
   8.6815100e+05
   8.6842800e+05
   8.6887600e+05
   8.6916500e+05
   8.6949600e+05
   8.6973100e+05
   8.6992400e+05
   8.7006100e+05
   8.7039100e+05
   8.7052300e+05
   8.7093600e+05
   8.7108000e+05
   8.7126000e+05
   8.7154000e+05
   8.7214400e+05
   8.7232600e+05
   8.7258800e+05
   8.7305600e+05
   8.7319000e+05
   8.7340000e+05
   8.7367400e+05
   8.7385400e+05
   8.7410700e+05
   8.7448700e+05
   8.7473100e+05
   8.7511700e+05
   8.7534200e+05
   8.7554100e+05
   8.7578600e+05
   8.7612700e+05
   8.7654200e+05
   8.7691900e+05
   8.7724600e+05
   8.7755500e+05
   8.7764400e+05
   8.7769600e+05
   8.7793800e+05
   8.7805100e+05
   8.7811500e+05
   8.7859300e+05
   8.7875400e+05
   8.7891400e+05
   8.7912000e+05
   8.7928800e+05
   8.7954300e+05
   8.7967600e+05
   8.7982700e+05
   8.8002100e+05
   8.8026500e+05
   8.8043300e+05
   8.8070900e+05
   8.8094800e+05
   8.8147800e+05
   8.8161400e+05
   8.8200700e+05
   8.8220700e+05
   8.8255600e+05
   8.8290900e+05
   8.8329300e+05
   8.8351500e+05
   8.8364900e+05
   8.8392400e+05
   8.8422300e+05
   8.8437500e+05
   8.8453500e+05
   8.8484700e+05
   8.8516700e+05
   8.8552100e+05
   8.8583600e+05
   8.8607600e+05
   8.8618500e+05
   8.8636300e+05
   8.8657300e+05
   8.8668000e+05
   8.8686200e+05
   8.8713500e+05
   8.8744000e+05
   8.8768800e+05
   8.8793800e+05
   8.8829600e+05
   8.8837800e+05
   8.8864200e+05
   8.8877400e+05
   8.8901000e+05
   8.8917800e+05
   8.8954400e+05
   8.8973700e+05
   8.9005000e+05
   8.9027800e+05
   8.9050000e+05
   8.9079200e+05
   8.9104400e+05
   8.9131900e+05
   8.9165800e+05
   8.9184700e+05
   8.9211900e+05
   8.9250800e+05
   8.9278400e+05
   8.9297500e+05
   8.9325200e+05
   8.9355500e+05
   8.9367700e+05
   8.9393700e+05
   8.9416500e+05
   8.9447300e+05
   8.9467400e+05
   8.9493300e+05
   8.9523000e+05
   8.9567000e+05
   8.9581100e+05
   8.9627400e+05
   8.9636400e+05
   8.9673900e+05
   8.9704000e+05
   8.9737700e+05
   8.9762100e+05
   8.9825800e+05
   8.9859000e+05
   8.9887700e+05
   8.9918700e+05
   8.9942900e+05
   8.9961100e+05
   8.9998900e+05
   9.0025500e+05
   9.0042800e+05
   9.0076900e+05
   9.0107400e+05
   9.0137100e+05
   9.0151500e+05
   9.0183400e+05
   9.0201500e+05
   9.0223400e+05
   9.0258800e+05
   9.0278700e+05
   9.0281800e+05
   9.0327000e+05
   9.0340100e+05
   9.0361000e+05
   9.0388900e+05
   9.0405000e+05
   9.0448100e+05
   9.0471100e+05
   9.0498500e+05
   9.0512700e+05
   9.0557000e+05
   9.0563400e+05
   9.0586300e+05
   9.0625400e+05
   9.0656900e+05
   9.0682900e+05
   9.0715300e+05
   9.0748800e+05
   9.0787400e+05
   9.0814300e+05
   9.0842600e+05
   9.0876200e+05
   9.0919300e+05
   9.0943300e+05
   9.0966200e+05
   9.0986000e+05
   9.1016000e+05
   9.1046700e+05
   9.1068100e+05
   9.1085300e+05
   9.1105700e+05
   9.1125800e+05
   9.1166300e+05
   9.1209400e+05
   9.1226400e+05
   9.1248800e+05
   9.1277800e+05
   9.1298300e+05
   9.1340300e+05
   9.1365800e+05
   9.1392400e+05
   9.1420900e+05
   9.1443500e+05
   9.1464600e+05
   9.1517200e+05
   9.1533900e+05
   9.1562300e+05
   9.1596300e+05
   9.1614400e+05
   9.1647100e+05
   9.1654000e+05
   9.1661400e+05
   9.1703800e+05
   9.1709400e+05
   9.1765300e+05
   9.1785000e+05
   9.1808800e+05
   9.1817000e+05
   9.1855200e+05
   9.1871900e+05
   9.1888600e+05
   9.1915300e+05
   9.1939800e+05
   9.1961800e+05
   9.1977900e+05
   9.2008100e+05
   9.2040700e+05
   9.2072200e+05
   9.2105700e+05
   9.2127500e+05
   9.2148600e+05
   9.2172700e+05
   9.2189400e+05
   9.2233100e+05
   9.2256200e+05
   9.2271800e+05
   9.2302400e+05
   9.2315400e+05
   9.2339400e+05
   9.2357500e+05
   9.2368400e+05
   9.2410200e+05
   9.2436300e+05
   9.2460900e+05
   9.2485700e+05
   9.2507400e+05
   9.2542300e+05
   9.2571100e+05
   9.2599900e+05
   9.2627300e+05
   9.2639300e+05
   9.2653200e+05
   9.2693200e+05
   9.2715400e+05
   9.2746600e+05
   9.2772800e+05
   9.2814300e+05
   9.2875500e+05
   9.2887800e+05
   9.2924900e+05
   9.2949300e+05
   9.2974100e+05
   9.2989700e+05
   9.3002900e+05
   9.3017900e+05
   9.3052000e+05
   9.3070700e+05
   9.3099800e+05
   9.3119900e+05
   9.3146400e+05
   9.3170300e+05
   9.3187500e+05
   9.3212700e+05
   9.3245600e+05
   9.3276300e+05
   9.3318300e+05
   9.3322600e+05
   9.3351100e+05
   9.3374100e+05
   9.3383700e+05
   9.3419700e+05
   9.3431900e+05
   9.3442900e+05
   9.3463600e+05
   9.3479500e+05
   9.3500100e+05
   9.3521200e+05
   9.3543700e+05
   9.3591500e+05
   9.3618600e+05
   9.3638600e+05
   9.3659700e+05
   9.3684000e+05
   9.3714700e+05
   9.3729300e+05
   9.3761400e+05
   9.3772200e+05
   9.3808600e+05
   9.3824000e+05
   9.3838800e+05
   9.3870900e+05
   9.3878200e+05
   9.3906700e+05
   9.3932900e+05
   9.3960400e+05
   9.3988100e+05
   9.4004900e+05
   9.4036800e+05
   9.4067600e+05
   9.4113500e+05
   9.4141000e+05
   9.4164300e+05
   9.4193100e+05
   9.4206200e+05
   9.4228200e+05
   9.4257500e+05
   9.4279500e+05
   9.4294700e+05
   9.4342300e+05
   9.4385000e+05
   9.4429100e+05
   9.4447400e+05
   9.4486500e+05
   9.4524000e+05
   9.4555700e+05
   9.4586000e+05
   9.4603100e+05
   9.4616800e+05
   9.4635800e+05
   9.4656800e+05
   9.4668500e+05
   9.4694600e+05
   9.4721800e+05
   9.4729400e+05
   9.4752600e+05
   9.4775200e+05
   9.4795500e+05
   9.4820300e+05
   9.4846700e+05
   9.4873200e+05
   9.4881100e+05
   9.4914600e+05
   9.4930900e+05
   9.4973700e+05
   9.4994500e+05
   9.5017000e+05
   9.5041200e+05
   9.5064400e+05
   9.5108300e+05
   9.5129800e+05
   9.5158000e+05
   9.5191000e+05
   9.5241500e+05
   9.5269200e+05
   9.5290600e+05
   9.5319700e+05
   9.5341500e+05
   9.5371700e+05
   9.5401200e+05
   9.5419600e+05
   9.5435900e+05
   9.5466400e+05
   9.5485200e+05
   9.5507000e+05
   9.5535100e+05
   9.5575100e+05
   9.5598600e+05
   9.5622900e+05
   9.5641500e+05
   9.5652400e+05
   9.5693000e+05
   9.5739700e+05
   9.5744600e+05
   9.5776500e+05
   9.5803500e+05
   9.5835600e+05
   9.5851900e+05
   9.5869700e+05
   9.5904400e+05
   9.5920200e+05
   9.5946900e+05
   9.5960100e+05
   9.5976200e+05
   9.6006600e+05
   9.6033900e+05
   9.6054000e+05
   9.6076700e+05
   9.6092100e+05
   9.6124500e+05
   9.6166100e+05
   9.6170100e+05
   9.6193900e+05
   9.6227400e+05
   9.6245900e+05
   9.6256500e+05
   9.6271900e+05
   9.6294600e+05
   9.6319000e+05
   9.6341800e+05
   9.6369500e+05
   9.6383600e+05
   9.6420500e+05
   9.6448500e+05
   9.6459500e+05
   9.6476200e+05
   9.6498900e+05
   9.6532100e+05
   9.6547500e+05
   9.6568500e+05
   9.6604700e+05
   9.6618800e+05
   9.6646400e+05
   9.6665700e+05
   9.6676000e+05
   9.6696300e+05
   9.6734200e+05
   9.6755600e+05
   9.6799700e+05
   9.6815500e+05
   9.6855200e+05
   9.6906900e+05
   9.6945000e+05
   9.6965900e+05
   9.6990700e+05
   9.7035500e+05
   9.7051500e+05
   9.7071300e+05
   9.7106000e+05
   9.7116900e+05
   9.7133500e+05
   9.7174200e+05
   9.7187500e+05
   9.7200900e+05
   9.7216900e+05
   9.7260800e+05
   9.7279900e+05
   9.7307300e+05
   9.7315000e+05
   9.7346200e+05
   9.7366800e+05
   9.7389100e+05
   9.7402300e+05
   9.7435700e+05
   9.7455400e+05
   9.7462700e+05
   9.7477700e+05
   9.7512900e+05
   9.7534500e+05
   9.7544900e+05
   9.7570500e+05
   9.7588500e+05
   9.7612800e+05
   9.7621200e+05
   9.7648600e+05
   9.7662800e+05
   9.7695300e+05
   9.7721300e+05
   9.7751600e+05
   9.7758600e+05
   9.7781500e+05
   9.7799900e+05
   9.7819700e+05
   9.7823700e+05
   9.7836300e+05
   9.7854100e+05
   9.7865600e+05
   9.7884100e+05
   9.7906600e+05
   9.7920900e+05
   9.7931200e+05
   9.7943500e+05
   9.7968400e+05
   9.7980900e+05
   9.8002500e+05
   9.8038900e+05
   9.8066000e+05
   9.8081900e+05
   9.8114900e+05
   9.8121600e+05
   9.8145600e+05
   9.8179900e+05
   9.8214600e+05
   9.8221600e+05
   9.8257000e+05
   9.8314000e+05
   9.8346400e+05
   9.8362300e+05
   9.8397600e+05
   9.8409500e+05
   9.8468200e+05
   9.8527000e+05
   9.8546500e+05
   9.8550600e+05
   9.8584600e+05
   9.8638400e+05
   9.8656100e+05
   9.8706500e+05
   9.8770700e+05
   9.8796600e+05
   9.8841500e+05
   9.8868500e+05
   9.8898400e+05
   9.8910400e+05
   9.8929700e+05
   9.8977600e+05
   9.9044500e+05
   9.9088100e+05
   9.9148400e+05
   9.9184200e+05
   9.9228800e+05
   9.9315500e+05
   9.9346800e+05
   9.9360400e+05
   9.9375700e+05
   9.9410100e+05
   9.9441900e+05
   9.9488200e+05
   9.9499300e+05
   9.9570500e+05
   9.9594100e+05
   9.9636000e+05
   9.9669600e+05
   9.9676900e+05
   9.9721900e+05
   9.9754900e+05
   9.9776400e+05
   9.9804900e+05
   9.9818500e+05
   9.9859900e+05
   9.9903500e+05
   9.9942400e+05
   9.9999500e+05
   1.0010760e+06
   1.0012530e+06
   1.0016420e+06
   1.0019770e+06
   1.0022200e+06
   1.0023620e+06
   1.0030090e+06
   1.0033300e+06
   1.0037440e+06
   1.0042780e+06
   1.0045410e+06
   1.0049030e+06
   1.0053090e+06
   1.0054920e+06
   1.0058850e+06
   1.0060760e+06
   1.0063370e+06
   1.0066240e+06
   1.0067780e+06
   1.0069500e+06
   1.0074270e+06
   1.0080060e+06
   1.0083340e+06
   1.0091410e+06
   1.0095040e+06
   1.0099990e+06
   1.0106580e+06
   1.0113090e+06
   1.0115080e+06
   1.0116950e+06
   1.0123470e+06
   1.0133710e+06
   1.0144400e+06
   1.0147680e+06
   1.0151690e+06
   1.0153790e+06
   1.0157220e+06
   1.0157570e+06
   1.0162690e+06
   1.0164650e+06
   1.0167380e+06
   1.0169910e+06
   1.0172160e+06
   1.0176840e+06
   1.0179580e+06
   1.0184260e+06
   1.0187590e+06
   1.0192680e+06
   1.0201180e+06
   1.0210430e+06
   1.0212510e+06
   1.0215370e+06
   1.0217760e+06
   1.0220580e+06
   1.0225540e+06
   1.0232230e+06
   1.0234430e+06
   1.0237220e+06
   1.0240390e+06
   1.0243550e+06
   1.0245630e+06
   1.0248640e+06
   1.0253850e+06
   1.0257040e+06
   1.0259660e+06
   1.0261540e+06
   1.0264670e+06
   1.0268990e+06
   1.0275950e+06
   1.0280090e+06
   1.0290510e+06
   1.0292560e+06
   1.0295960e+06
   1.0297990e+06
   1.0302760e+06
   1.0304250e+06
   1.0305430e+06
   1.0307680e+06
   1.0310620e+06
   1.0313270e+06
   1.0315340e+06
   1.0317600e+06
   1.0320280e+06
   1.0322760e+06
   1.0324140e+06
   1.0328030e+06
   1.0331300e+06
   1.0334820e+06
   1.0337840e+06
   1.0339560e+06
   1.0343500e+06
   1.0344780e+06
   1.0345850e+06
   1.0348720e+06
   1.0351120e+06
   1.0355210e+06
   1.0356650e+06
   1.0358210e+06
   1.0360170e+06
   1.0360900e+06
   1.0364170e+06
   1.0365510e+06
   1.0370170e+06
   1.0371110e+06
   1.0376360e+06
   1.0380520e+06
   1.0387180e+06
   1.0388730e+06
   1.0390100e+06
   1.0394030e+06
   1.0397030e+06
   1.0398410e+06
   1.0401290e+06
   1.0402490e+06
   1.0405560e+06
   1.0406960e+06
   1.0408920e+06
   1.0411890e+06
   1.0415420e+06
   1.0420510e+06
   1.0422290e+06
   1.0425570e+06
   1.0429910e+06
   1.0432520e+06
   1.0436210e+06
   1.0438830e+06
   1.0441220e+06
   1.0445320e+06
   1.0446470e+06
   1.0449420e+06
   1.0451980e+06
   1.0455350e+06
   1.0458070e+06
   1.0459960e+06
   1.0464080e+06
   1.0467110e+06
   1.0479900e+06
   1.0482670e+06
   1.0485260e+06
   1.0489970e+06
   1.0490580e+06
   1.0495120e+06
   1.0496880e+06
   1.0501870e+06
   1.0504870e+06
   1.0508140e+06
   1.0517800e+06
   1.0521780e+06
   1.0525290e+06
   1.0529040e+06
   1.0537790e+06
   1.0544230e+06
   1.0547760e+06
   1.0554470e+06
   1.0566090e+06
   1.0570110e+06
   1.0574150e+06
   1.0578280e+06
   1.0583350e+06
   1.0585400e+06
   1.0588690e+06
   1.0597250e+06
   1.0603820e+06
   1.0608710e+06
   1.0610530e+06
   1.0614000e+06
   1.0616470e+06
   1.0619560e+06
   1.0625640e+06
   1.0630910e+06
   1.0636230e+06
   1.0639230e+06
   1.0644250e+06
   1.0648320e+06
   1.0650060e+06
   1.0650970e+06
   1.0655080e+06
   1.0657380e+06
   1.0661610e+06
   1.0666100e+06
   1.0667830e+06
   1.0671530e+06
   1.0673540e+06
   1.0676630e+06
   1.0680940e+06
   1.0684350e+06
   1.0689990e+06
   1.0692000e+06
   1.0695500e+06
   1.0696780e+06
   1.0703510e+06
   1.0705520e+06
   1.0708700e+06
   1.0709250e+06
   1.0720420e+06
   1.0720920e+06
   1.0725740e+06
   1.0731070e+06
   1.0735830e+06
   1.0741000e+06
   1.0743840e+06
   1.0746620e+06
   1.0749450e+06
   1.0751000e+06
   1.0754490e+06
   1.0755270e+06
   1.0761140e+06
   1.0763220e+06
   1.0764800e+06
   1.0768620e+06
   1.0772000e+06
   1.0776960e+06
   1.0777810e+06
   1.0787530e+06
   1.0788070e+06
   1.0796790e+06
   1.0801170e+06
   1.0805830e+06
   1.0812510e+06
   1.0816380e+06
   1.0820230e+06
   1.0823630e+06
   1.0828440e+06
   1.0833450e+06
   1.0836440e+06
   1.0842970e+06
   1.0846910e+06
   1.0851340e+06
   1.0857070e+06
   1.0859070e+06
   1.0864870e+06
   1.0870270e+06
   1.0874630e+06
   1.0880140e+06
   1.0883450e+06
   1.0885890e+06
   1.0890650e+06
   1.0892990e+06
   1.0898390e+06
   1.0903040e+06
   1.0904350e+06
   1.0909030e+06
   1.0913450e+06
   1.0919960e+06
   1.0927450e+06
   1.0928970e+06
   1.0932860e+06
   1.0937480e+06
   1.0939700e+06
   1.0942290e+06
   1.0944300e+06
   1.0946780e+06
   1.0950490e+06
   1.0957640e+06
   1.0964810e+06
   1.0967420e+06
   1.0971220e+06
   1.0975990e+06
   1.0980470e+06
   1.0982700e+06
   1.0986580e+06
   1.0989860e+06
   1.0993310e+06
   1.0995710e+06
   1.1001980e+06
   1.1007610e+06
   1.1010490e+06
   1.1013230e+06
   1.1016280e+06
   1.1019530e+06
   1.1026220e+06
   1.1028490e+06
   1.1030850e+06
   1.1032940e+06
   1.1039960e+06
   1.1041120e+06
   1.1046460e+06
   1.1048770e+06
   1.1051980e+06
   1.1054800e+06
   1.1058850e+06
   1.1063900e+06
   1.1068700e+06
   1.1070160e+06
   1.1074300e+06
   1.1075690e+06
   1.1077650e+06
   1.1082890e+06
   1.1086070e+06
   1.1089720e+06
   1.1092890e+06
   1.1095070e+06
   1.1098890e+06
   1.1101440e+06
   1.1105650e+06
   1.1108070e+06
   1.1108620e+06
   1.1112180e+06
   1.1113590e+06
   1.1116080e+06
   1.1121940e+06
   1.1125820e+06
   1.1131400e+06
   1.1134540e+06
   1.1138350e+06
   1.1141650e+06
   1.1145000e+06
   1.1149590e+06
   1.1152510e+06
   1.1157030e+06
   1.1162220e+06
   1.1169000e+06
   1.1171260e+06
   1.1172960e+06
   1.1177990e+06
   1.1183550e+06
   1.1186120e+06
   1.1189560e+06
   1.1192370e+06
   1.1195710e+06
   1.1200640e+06
   1.1202930e+06
   1.1206160e+06
   1.1209960e+06
   1.1211470e+06
   1.1214410e+06
   1.1217680e+06
   1.1218870e+06
   1.1226150e+06
   1.1230330e+06
   1.1235130e+06
   1.1236410e+06
   1.1241040e+06
   1.1253250e+06
   1.1258310e+06
   1.1262450e+06
   1.1268260e+06
   1.1270260e+06
   1.1275950e+06
   1.1278120e+06
   1.1284930e+06
   1.1287670e+06
   1.1295800e+06
   1.1299190e+06
   1.1304530e+06
   1.1312050e+06
   1.1314550e+06
   1.1316670e+06
   1.1318810e+06
   1.1320040e+06
   1.1323480e+06
   1.1326740e+06
   1.1327660e+06
   1.1330730e+06
   1.1333220e+06
   1.1334580e+06
   1.1337520e+06
   1.1338880e+06
   1.1342270e+06
   1.1344600e+06
   1.1347140e+06
   1.1348320e+06
   1.1351260e+06
   1.1353590e+06
   1.1357470e+06
   1.1358740e+06
   1.1362590e+06
   1.1364250e+06
   1.1366760e+06
   1.1369320e+06
   1.1371840e+06
   1.1375330e+06
   1.1377940e+06
   1.1382760e+06
   1.1385000e+06
   1.1386060e+06
   1.1388360e+06
   1.1394030e+06
   1.1395090e+06
   1.1398930e+06
   1.1399960e+06
   1.1402720e+06
   1.1406230e+06
   1.1408700e+06
   1.1410450e+06
   1.1414360e+06
   1.1419120e+06
   1.1421550e+06
   1.1424240e+06
   1.1428210e+06
   1.1430100e+06
   1.1433420e+06
   1.1434360e+06
   1.1438340e+06
   1.1441480e+06
   1.1442750e+06
   1.1444410e+06
   1.1447530e+06
   1.1449420e+06
   1.1451680e+06
   1.1454550e+06
   1.1459220e+06
   1.1461070e+06
   1.1463490e+06
   1.1466060e+06
   1.1468590e+06
   1.1474210e+06
   1.1477490e+06
   1.1480690e+06
   1.1485500e+06
   1.1490170e+06
   1.1494220e+06
   1.1498820e+06
