   2.1590000e+03
   3.0540000e+03
   5.7250000e+03
   7.2810000e+03
   8.2420000e+03
   1.1093000e+04
   1.1643000e+04
   1.3202000e+04
   1.3960000e+04
   1.4231000e+04
   1.4976000e+04
   1.5666000e+04
   1.6423000e+04
   1.6616000e+04
   1.7471000e+04
   1.7730000e+04
   1.8287000e+04
   1.8640000e+04
   1.9446000e+04
   2.0401000e+04
   2.0757000e+04
   2.0857000e+04
   2.1245000e+04
   2.1740000e+04
   2.2304000e+04
   2.3301000e+04
   2.3695000e+04
   2.4264000e+04
   2.5507000e+04
   2.5697000e+04
   2.6107000e+04
   2.7167000e+04
   2.7829000e+04
   2.8220000e+04
   2.8554000e+04
   2.8953000e+04
   2.9336000e+04
   2.9601000e+04
   2.9733000e+04
   3.0180000e+04
   3.0469000e+04
   3.0646000e+04
   3.1169000e+04
   3.1421000e+04
   3.1758000e+04
   3.2278000e+04
   3.2630000e+04
   3.2800000e+04
   3.2980000e+04
   3.3342000e+04
   3.3613000e+04
   3.3857000e+04
   3.4015000e+04
   3.4781000e+04
   3.5962000e+04
   3.6192000e+04
   3.6372000e+04
   3.6535000e+04
   3.6976000e+04
   3.7193000e+04
   3.7886000e+04
   3.9233000e+04
   3.9479000e+04
   4.0116000e+04
   4.0501000e+04
   4.0828000e+04
   4.1006000e+04
   4.1226000e+04
   4.1568000e+04
   4.1928000e+04
   4.2185000e+04
   4.2735000e+04
   4.2917000e+04
   4.3164000e+04
   4.3320000e+04
   4.3911000e+04
   4.4181000e+04
   4.4473000e+04
   4.4619000e+04
   4.4992000e+04
   4.5237000e+04
   4.5863000e+04
   4.6046000e+04
   4.6408000e+04
   4.6791000e+04
   4.7439000e+04
   4.7664000e+04
   4.7788000e+04
   4.8217000e+04
   4.8367000e+04
   4.8808000e+04
   4.9097000e+04
   4.9384000e+04
   4.9641000e+04
   4.9993000e+04
   5.0833000e+04
   5.1208000e+04
   5.1443000e+04
   5.2034000e+04
   5.2307000e+04
   5.2691000e+04
   5.3036000e+04
   5.3450000e+04
   5.3699000e+04
   5.3789000e+04
   5.4221000e+04
   5.5204000e+04
   5.5500000e+04
   5.5753000e+04
   5.5998000e+04
   5.6297000e+04
   5.6485000e+04
   5.6782000e+04
   5.7467000e+04
   5.7782000e+04
   5.7906000e+04
   5.8163000e+04
   5.8283000e+04
   5.8699000e+04
   5.9018000e+04
   5.9172000e+04
   5.9312000e+04
   5.9817000e+04
   5.9955000e+04
   6.0201000e+04
   6.0503000e+04
   6.0682000e+04
   6.1197000e+04
   6.1385000e+04
   6.1723000e+04
   6.1938000e+04
   6.2487000e+04
   6.2890000e+04
   6.3003000e+04
   6.3265000e+04
   6.3479000e+04
   6.3663000e+04
   6.3903000e+04
   6.4377000e+04
   6.4753000e+04
   6.5143000e+04
   6.5379000e+04
   6.6051000e+04
   6.6505000e+04
   6.6808000e+04
   6.7077000e+04
   6.7307000e+04
   6.7843000e+04
   6.8166000e+04
   6.8394000e+04
   6.9292000e+04
   6.9553000e+04
   7.0220000e+04
   7.0333000e+04
   7.0585000e+04
   7.0867000e+04
   7.1154000e+04
   7.1389000e+04
   7.1746000e+04
   7.2019000e+04
   7.2451000e+04
   7.2722000e+04
   7.2886000e+04
   7.3061000e+04
   7.3230000e+04
   7.3754000e+04
   7.4128000e+04
   7.4252000e+04
   7.4496000e+04
   7.4835000e+04
   7.5168000e+04
   7.5631000e+04
   7.6102000e+04
   7.6446000e+04
   7.6751000e+04
   7.6909000e+04
   7.7084000e+04
   7.7510000e+04
   7.8011000e+04
   7.8038000e+04
   7.8398000e+04
   7.8797000e+04
   7.9131000e+04
   7.9416000e+04
   8.0017000e+04
   8.0036000e+04
   8.0464000e+04
   8.0713000e+04
   8.0964000e+04
   8.1180000e+04
   8.1502000e+04
   8.1770000e+04
   8.2231000e+04
   8.2492000e+04
   8.3294000e+04
   8.3322000e+04
   8.3672000e+04
   8.3704000e+04
   8.4058000e+04
   8.4078000e+04
   8.4694000e+04
   8.4799000e+04
   8.5173000e+04
   8.6083000e+04
   8.6748000e+04
   8.6960000e+04
   8.8106000e+04
   8.8122000e+04
   8.8423000e+04
   8.8645000e+04
   8.8690000e+04
   8.9525000e+04
   8.9672000e+04
   9.0529000e+04
   9.0655000e+04
   9.1388000e+04
   9.1596000e+04
   9.1802000e+04
   9.2083000e+04
   9.2215000e+04
   9.2562000e+04
   9.2743000e+04
   9.2946000e+04
   9.3212000e+04
   9.3713000e+04
   9.4153000e+04
   9.4482000e+04
   9.4900000e+04
   9.5115000e+04
   9.5214000e+04
   9.5583000e+04
   9.6276000e+04
   9.6544000e+04
   9.6730000e+04
   9.7213000e+04
   9.7446000e+04
   9.7909000e+04
   9.8134000e+04
   9.8372000e+04
   9.8619000e+04
   9.9049000e+04
   9.9308000e+04
   9.9853000e+04
   1.0051800e+05
   1.0078000e+05
   1.0103100e+05
   1.0143600e+05
   1.0170500e+05
   1.0191700e+05
   1.0247100e+05
   1.0263100e+05
   1.0292300e+05
   1.0334300e+05
   1.0354800e+05
   1.0370800e+05
   1.0386500e+05
   1.0415700e+05
   1.0436900e+05
   1.0474900e+05
   1.0484300e+05
   1.0508900e+05
   1.0518600e+05
   1.0544500e+05
   1.0570000e+05
   1.0623800e+05
   1.0635700e+05
   1.0741300e+05
   1.0805600e+05
   1.0839900e+05
   1.0864300e+05
   1.0906900e+05
   1.0919700e+05
   1.0944600e+05
   1.0986500e+05
   1.0995300e+05
   1.1017200e+05
   1.1045200e+05
   1.1078900e+05
   1.1079200e+05
   1.1148200e+05
   1.1160300e+05
   1.1203800e+05
   1.1234700e+05
   1.1263600e+05
   1.1276000e+05
   1.1313700e+05
   1.1359300e+05
   1.1379600e+05
   1.1396700e+05
   1.1446000e+05
   1.1469500e+05
   1.1488500e+05
   1.1521100e+05
   1.1543000e+05
   1.1557700e+05
   1.1579000e+05
   1.1639100e+05
   1.1645400e+05
   1.1680100e+05
   1.1689600e+05
   1.1718500e+05
   1.1758100e+05
   1.1775300e+05
   1.1791600e+05
   1.1813400e+05
   1.1839900e+05
   1.1891000e+05
   1.1937800e+05
   1.1968800e+05
   1.1985100e+05
   1.2012700e+05
   1.2026200e+05
   1.2052800e+05
   1.2093700e+05
   1.2128300e+05
   1.2147200e+05
   1.2160600e+05
   1.2181800e+05
   1.2207700e+05
   1.2223600e+05
   1.2252600e+05
   1.2276900e+05
   1.2294600e+05
   1.2308800e+05
   1.2326400e+05
   1.2396100e+05
   1.2417600e+05
   1.2448000e+05
   1.2482100e+05
   1.2485700e+05
   1.2538900e+05
   1.2610500e+05
   1.2630900e+05
   1.2693500e+05
   1.2713000e+05
   1.2728600e+05
   1.2755100e+05
   1.2761000e+05
   1.2795800e+05
   1.2830300e+05
   1.2860500e+05
   1.2884600e+05
   1.2906000e+05
   1.2945200e+05
   1.2963800e+05
   1.2984300e+05
   1.3056500e+05
   1.3069100e+05
   1.3088700e+05
   1.3114900e+05
   1.3132700e+05
   1.3161600e+05
   1.3198800e+05
   1.3217800e+05
   1.3310100e+05
   1.3354100e+05
   1.3374000e+05
   1.3397500e+05
   1.3407300e+05
   1.3425100e+05
   1.3451800e+05
   1.3478500e+05
   1.3497800e+05
   1.3517900e+05
   1.3551000e+05
   1.3566200e+05
   1.3603100e+05
   1.3664100e+05
   1.3696500e+05
   1.3714100e+05
   1.3717500e+05
   1.3742100e+05
   1.3761700e+05
   1.3783000e+05
   1.3801800e+05
   1.3828500e+05
   1.3856600e+05
   1.3889400e+05
   1.3914600e+05
   1.3937700e+05
   1.3970800e+05
   1.4020800e+05
   1.4088100e+05
   1.4134300e+05
   1.4150100e+05
   1.4170900e+05
   1.4207600e+05
   1.4237200e+05
   1.4247900e+05
   1.4282700e+05
   1.4335000e+05
   1.4381900e+05
   1.4404300e+05
   1.4446000e+05
   1.4504600e+05
   1.4525400e+05
   1.4553600e+05
   1.4584800e+05
   1.4624200e+05
   1.4656900e+05
   1.4788600e+05
   1.4803000e+05
   1.4831100e+05
   1.4860400e+05
   1.4878600e+05
   1.4902400e+05
   1.4917700e+05
   1.4929100e+05
   1.4953600e+05
   1.4984500e+05
   1.4994200e+05
   1.5000800e+05
   1.5040000e+05
   1.5058200e+05
   1.5081800e+05
   1.5089000e+05
   1.5134700e+05
   1.5171000e+05
   1.5191900e+05
   1.5229200e+05
   1.5245700e+05
   1.5271000e+05
   1.5309500e+05
   1.5332200e+05
   1.5367200e+05
   1.5383300e+05
   1.5400500e+05
   1.5420900e+05
   1.5443100e+05
   1.5473600e+05
   1.5489800e+05
   1.5542900e+05
   1.5554500e+05
   1.5578000e+05
   1.5603700e+05
   1.5615300e+05
   1.5630100e+05
   1.5685600e+05
   1.5725400e+05
   1.5747400e+05
   1.5778400e+05
   1.5816900e+05
   1.5837100e+05
   1.5841400e+05
   1.5905500e+05
   1.5922800e+05
   1.5968900e+05
   1.5984500e+05
   1.6024500e+05
   1.6069100e+05
   1.6092600e+05
   1.6128500e+05
   1.6156900e+05
   1.6189100e+05
   1.6270100e+05
   1.6327100e+05
   1.6383700e+05
   1.6401500e+05
   1.6426400e+05
   1.6467800e+05
   1.6503000e+05
   1.6517700e+05
   1.6563700e+05
   1.6572100e+05
   1.6614800e+05
   1.6711500e+05
   1.7085300e+05
   1.7119700e+05
   1.7214600e+05
   1.7299400e+05
   1.7399700e+05
   1.7470200e+05
   1.7539300e+05
   1.7692600e+05
   1.7743300e+05
   1.7915700e+05
   1.7977300e+05
   1.8041800e+05
   1.8121800e+05
   1.8178800e+05
   1.8315800e+05
   1.8426100e+05
   1.8598800e+05
   1.8951200e+05
   1.9026200e+05
   1.9231100e+05
   1.9362500e+05
   1.9462600e+05
   1.9549300e+05
   1.9670400e+05
   1.9799500e+05
   1.9843400e+05
   1.9878800e+05
   1.9998600e+05
   2.0025200e+05
   2.0051500e+05
   2.0112800e+05
   2.0256700e+05
   2.0345600e+05
   2.0401900e+05
   2.0468300e+05
   2.0534100e+05
   2.0596500e+05
   2.0720100e+05
   2.0784900e+05
   2.0845800e+05
   2.0881800e+05
   2.0896400e+05
   2.0942900e+05
   2.1034600e+05
   2.1080600e+05
   2.1195400e+05
   2.1219300e+05
   2.1236900e+05
   2.1287000e+05
   2.1329400e+05
   2.1357800e+05
   2.1452000e+05
   2.1494600e+05
   2.1531800e+05
   2.1581300e+05
   2.1611100e+05
   2.1630300e+05
   2.1650800e+05
   2.1689300e+05
   2.1724300e+05
   2.1768200e+05
   2.1863400e+05
   2.1883200e+05
   2.1902900e+05
   2.1958000e+05
   2.1981800e+05
   2.1993100e+05
   2.2020500e+05
   2.2042100e+05
   2.2057200e+05
   2.2099500e+05
   2.2138600e+05
   2.2235500e+05
   2.2253300e+05
   2.2278700e+05
   2.2325900e+05
   2.2463900e+05
   2.2589600e+05
   2.2768800e+05
   2.2813500e+05
   2.2966000e+05
   2.2996200e+05
   2.3149900e+05
   2.3268900e+05
   2.3348100e+05
   2.3397400e+05
   2.3445300e+05
   2.3507100e+05
   2.3518700e+05
   2.3524600e+05
   2.3547400e+05
   2.3561200e+05
   2.3582400e+05
   2.3593100e+05
   2.3646000e+05
   2.3663500e+05
   2.3700700e+05
   2.3717100e+05
   2.3725000e+05
   2.3752000e+05
   2.3774400e+05
   2.3791800e+05
   2.3799700e+05
   2.3826500e+05
   2.3839400e+05
   2.3867200e+05
   2.3906900e+05
   2.3931400e+05
   2.3973700e+05
   2.3995200e+05
   2.4023000e+05
   2.4048400e+05
   2.4075500e+05
   2.4119300e+05
   2.4149700e+05
   2.4161200e+05
   2.4219400e+05
   2.4231700e+05
   2.4268900e+05
   2.4300000e+05
   2.4325400e+05
   2.4386600e+05
   2.4431600e+05
   2.4447000e+05
   2.4477600e+05
   2.4540900e+05
   2.4595800e+05
   2.4634300e+05
   2.4652300e+05
   2.4686200e+05
   2.4724200e+05
   2.4904700e+05
   2.4980400e+05
   2.5049400e+05
   2.5130400e+05
   2.5179900e+05
   2.5216700e+05
   2.5353200e+05
   2.5367700e+05
   2.5506900e+05
   2.5574400e+05
   2.5654600e+05
   2.5771700e+05
   2.5859400e+05
   2.5962300e+05
   2.6001000e+05
   2.6169300e+05
   2.6289300e+05
   2.6321400e+05
   2.6358700e+05
   2.6380800e+05
   2.6388100e+05
   2.6410100e+05
   2.6430100e+05
   2.6460600e+05
   2.6477600e+05
   2.6519500e+05
   2.6528600e+05
   2.6598000e+05
   2.6619500e+05
   2.6715100e+05
   2.6742200e+05
   2.6785600e+05
   2.6798600e+05
   2.6833800e+05
   2.6870300e+05
   2.6894600e+05
   2.6926700e+05
   2.6981900e+05
   2.6993800e+05
   2.7012800e+05
   2.7053800e+05
   2.7114900e+05
   2.7163100e+05
   2.7196100e+05
   2.7240400e+05
   2.7272700e+05
   2.7292200e+05
   2.7349900e+05
   2.7363100e+05
   2.7390500e+05
   2.7405000e+05
   2.7431500e+05
   2.7457100e+05
   2.7477400e+05
   2.7499000e+05
   2.7517600e+05
   2.7550200e+05
   2.7588300e+05
   2.7620800e+05
   2.7647700e+05
   2.7686900e+05
   2.7699000e+05
   2.7734500e+05
   2.7760200e+05
   2.7790000e+05
   2.7811100e+05
   2.7850400e+05
   2.7900800e+05
   2.7960600e+05
   2.8002500e+05
   2.8012200e+05
   2.8025800e+05
   2.8054700e+05
   2.8074000e+05
   2.8114200e+05
   2.8130300e+05
   2.8144200e+05
   2.8170200e+05
   2.8177400e+05
   2.8209100e+05
   2.8228400e+05
   2.8238000e+05
   2.8267700e+05
   2.8319600e+05
   2.8366000e+05
   2.8413400e+05
   2.8419300e+05
   2.8502800e+05
   2.8540700e+05
   2.8577700e+05
   2.8599100e+05
   2.8619800e+05
   2.8654400e+05
   2.8687600e+05
   2.8732900e+05
   2.8749500e+05
   2.8784400e+05
   2.8815300e+05
   2.8848300e+05
   2.8895600e+05
   2.8916100e+05
   2.8925800e+05
   2.8939100e+05
   2.8978200e+05
   2.9048300e+05
   2.9086300e+05
   2.9100800e+05
   2.9145500e+05
   2.9189400e+05
   2.9207600e+05
   2.9226400e+05
   2.9254800e+05
   2.9258400e+05
   2.9298200e+05
   2.9321200e+05
   2.9349100e+05
   2.9369600e+05
   2.9433400e+05
   2.9474200e+05
   2.9499200e+05
   2.9540000e+05
   2.9556600e+05
   2.9602500e+05
   2.9634600e+05
   2.9656000e+05
   2.9674400e+05
   2.9692000e+05
   2.9706000e+05
   2.9727300e+05
   2.9759500e+05
   2.9776600e+05
   2.9787200e+05
   2.9812000e+05
   2.9855700e+05
   2.9881800e+05
   2.9915500e+05
   2.9931100e+05
   2.9958300e+05
   2.9976900e+05
   3.0000900e+05
   3.0014600e+05
   3.0035900e+05
   3.0061700e+05
   3.0065100e+05
   3.0094200e+05
   3.0110700e+05
   3.0132900e+05
   3.0176700e+05
   3.0214800e+05
   3.0248900e+05
   3.0267900e+05
   3.0295300e+05
   3.0314300e+05
   3.0330500e+05
   3.0367800e+05
   3.0382000e+05
   3.0419400e+05
   3.0443700e+05
   3.0458200e+05
   3.0468800e+05
   3.0489100e+05
   3.0515500e+05
   3.0531700e+05
   3.0550000e+05
   3.0590200e+05
   3.0617400e+05
   3.0650200e+05
   3.0669300e+05
   3.0707800e+05
   3.0732100e+05
   3.0762300e+05
   3.0784700e+05
   3.0795500e+05
   3.0816300e+05
   3.0838000e+05
   3.0851400e+05
   3.0861600e+05
   3.0874600e+05
   3.0902400e+05
   3.0916000e+05
   3.0929500e+05
   3.0944700e+05
   3.0978500e+05
   3.1003200e+05
   3.1030700e+05
   3.1046600e+05
   3.1060800e+05
   3.1085100e+05
   3.1100100e+05
   3.1130900e+05
   3.1139500e+05
   3.1169600e+05
   3.1178700e+05
   3.1200300e+05
   3.1219500e+05
   3.1237000e+05
   3.1253200e+05
   3.1293300e+05
   3.1318000e+05
   3.1328600e+05
   3.1343200e+05
   3.1354100e+05
   3.1370200e+05
   3.1379700e+05
   3.1418300e+05
   3.1431400e+05
   3.1442100e+05
   3.1470100e+05
   3.1486500e+05
   3.1493200e+05
   3.1516700e+05
   3.1538500e+05
   3.1553500e+05
   3.1579100e+05
   3.1624400e+05
   3.1640300e+05
   3.1661800e+05
   3.1670200e+05
   3.1685200e+05
   3.1708700e+05
   3.1724500e+05
   3.1757200e+05
   3.1768500e+05
   3.1795800e+05
   3.1820500e+05
   3.1837800e+05
   3.1851100e+05
   3.1869800e+05
   3.1893800e+05
   3.1911400e+05
   3.1936400e+05
   3.1953000e+05
   3.1963600e+05
   3.1982900e+05
   3.2000500e+05
   3.2025400e+05
   3.2038000e+05
   3.2068200e+05
   3.2103300e+05
   3.2116300e+05
   3.2134600e+05
   3.2159400e+05
   3.2191700e+05
   3.2201400e+05
   3.2220400e+05
   3.2236400e+05
   3.2274600e+05
   3.2295400e+05
   3.2307600e+05
   3.2337600e+05
   3.2369800e+05
   3.2404500e+05
   3.2419300e+05
   3.2457400e+05
   3.2468300e+05
   3.2497300e+05
   3.2523800e+05
   3.2537600e+05
   3.2547900e+05
   3.2564000e+05
   3.2579900e+05
   3.2596700e+05
   3.2627900e+05
   3.2642100e+05
   3.2656200e+05
   3.2687400e+05
   3.2689800e+05
   3.2726000e+05
   3.2748200e+05
   3.2764300e+05
   3.2794600e+05
   3.2826100e+05
   3.2843200e+05
   3.2864600e+05
   3.2939100e+05
   3.2956300e+05
   3.2992900e+05
   3.3009400e+05
   3.3036700e+05
   3.3060400e+05
   3.3072000e+05
   3.3111600e+05
   3.3131000e+05
   3.3152900e+05
   3.3207800e+05
   3.3250700e+05
   3.3288600e+05
   3.3328400e+05
   3.3382200e+05
   3.3396200e+05
   3.3415900e+05
   3.3438400e+05
   3.3446600e+05
   3.3458100e+05
   3.3483200e+05
   3.3510100e+05
   3.3530400e+05
   3.3544000e+05
   3.3570600e+05
   3.3605300e+05
   3.3644100e+05
   3.3675300e+05
   3.3719000e+05
   3.3775700e+05
   3.3788300e+05
   3.3835200e+05
   3.3897200e+05
   3.3942300e+05
   3.3974400e+05
   3.4016600e+05
   3.4035900e+05
   3.4135800e+05
   3.4162600e+05
   3.4203400e+05
   3.4269500e+05
   3.4303300e+05
   3.4330500e+05
   3.4408200e+05
   3.4423100e+05
   3.4457600e+05
   3.4477300e+05
   3.4523800e+05
   3.4622700e+05
   3.4686000e+05
   3.4769400e+05
   3.4835900e+05
   3.4880700e+05
   3.4927000e+05
   3.4957600e+05
   3.5008300e+05
   3.5066100e+05
   3.5117400e+05
   3.5139100e+05
   3.5167600e+05
   3.5194500e+05
   3.5285700e+05
   3.5312800e+05
   3.5322500e+05
   3.5357000e+05
   3.5381100e+05
   3.5408900e+05
   3.5439400e+05
   3.5455000e+05
   3.5475600e+05
   3.5481800e+05
   3.5525300e+05
   3.5558300e+05
   3.5584700e+05
   3.5617800e+05
   3.5678500e+05
   3.5764900e+05
   3.5799000e+05
   3.5830400e+05
   3.5847900e+05
   3.5887200e+05
   3.5926100e+05
   3.5936800e+05
   3.6013400e+05
   3.6061400e+05
   3.6094500e+05
   3.6147100e+05
   3.6184400e+05
   3.6215400e+05
   3.6225000e+05
   3.6244300e+05
   3.6278900e+05
   3.6290600e+05
   3.6334500e+05
   3.6422900e+05
   3.6443800e+05
   3.6471000e+05
   3.6488700e+05
   3.6593800e+05
   3.6607300e+05
   3.6652600e+05
   3.6696000e+05
   3.6767400e+05
   3.6817100e+05
   3.6826900e+05
   3.6863400e+05
   3.6901100e+05
   3.6936100e+05
   3.6985700e+05
   3.7026100e+05
   3.7045100e+05
   3.7053300e+05
   3.7091400e+05
   3.7112400e+05
   3.7154700e+05
   3.7178800e+05
   3.7190600e+05
   3.7253400e+05
   3.7276900e+05
   3.7289100e+05
   3.7316300e+05
   3.7337400e+05
   3.7383100e+05
   3.7399000e+05
   3.7428800e+05
   3.7478400e+05
   3.7520700e+05
   3.7545800e+05
   3.7606400e+05
   3.7626900e+05
   3.7648300e+05
   3.7687100e+05
   3.7728300e+05
   3.7760400e+05
   3.7791600e+05
   3.7912400e+05
   3.7978000e+05
   3.8045100e+05
   3.8112500e+05
   3.8151300e+05
   3.8233800e+05
   3.8283900e+05
   3.8359400e+05
   3.8423000e+05
   3.8454700e+05
   3.8581500e+05
   3.8684100e+05
   3.8736200e+05
   3.8783600e+05
   3.8866100e+05
   3.8936700e+05
   3.8973100e+05
   3.8992200e+05
   3.9094200e+05
   3.9134900e+05
   3.9169600e+05
   3.9211300e+05
   3.9260100e+05
   3.9309200e+05
   3.9333500e+05
   3.9352300e+05
   3.9381600e+05
   3.9421200e+05
   3.9474100e+05
   3.9545600e+05
   3.9597900e+05
   3.9614500e+05
   3.9645000e+05
   3.9655300e+05
   3.9691900e+05
   3.9704500e+05
   3.9713300e+05
   3.9749400e+05
   3.9757200e+05
   3.9795000e+05
   3.9836100e+05
   3.9873000e+05
   3.9889200e+05
   3.9931800e+05
   3.9943000e+05
   3.9961500e+05
   3.9996600e+05
   4.0003100e+05
   4.0007900e+05
   4.0043000e+05
   4.0057200e+05
   4.0101900e+05
   4.0116400e+05
   4.0136900e+05
   4.0175400e+05
   4.0220200e+05
   4.0251600e+05
   4.0292300e+05
   4.0340700e+05
   4.0363900e+05
   4.0413500e+05
   4.0470500e+05
   4.0524100e+05
   4.0593900e+05
   4.0627600e+05
   4.0657500e+05
   4.0693600e+05
   4.0735300e+05
   4.0805300e+05
   4.0866000e+05
   4.0912400e+05
   4.1072800e+05
   4.1099000e+05
   4.1172800e+05
   4.1323300e+05
   4.1404600e+05
   4.1485200e+05
   4.1506800e+05
   4.1588200e+05
   4.1643400e+05
   4.1644100e+05
   4.1705200e+05
   4.1739100e+05
   4.1764300e+05
   4.1772600e+05
   4.1796700e+05
   4.1823200e+05
   4.1883100e+05
   4.1885900e+05
   4.1924600e+05
   4.1945600e+05
   4.1995100e+05
   4.2067700e+05
   4.2089700e+05
   4.2170200e+05
   4.2217900e+05
   4.2254100e+05
   4.2271500e+05
   4.2341800e+05
   4.2385100e+05
   4.2387800e+05
   4.2430700e+05
   4.2443400e+05
   4.2467700e+05
   4.2509600e+05
   4.2543900e+05
   4.2576200e+05
   4.2630700e+05
   4.2653600e+05
   4.2701000e+05
   4.2743300e+05
   4.2752400e+05
   4.2792600e+05
   4.2813500e+05
   4.2867400e+05
   4.2886900e+05
   4.2909600e+05
   4.2980300e+05
   4.2996700e+05
   4.3022700e+05
   4.3066000e+05
   4.3109800e+05
   4.3172700e+05
   4.3195200e+05
   4.3217200e+05
   4.3253500e+05
   4.3305100e+05
   4.3325100e+05
   4.3362200e+05
   4.3407700e+05
   4.3454200e+05
   4.3476900e+05
   4.3486300e+05
   4.3513000e+05
   4.3523200e+05
   4.3569200e+05
   4.3593300e+05
   4.3719500e+05
   4.3748600e+05
   4.3767600e+05
   4.3777600e+05
   4.3828600e+05
   4.3991200e+05
   4.4050100e+05
   4.4112400e+05
   4.4194400e+05
   4.4289900e+05
   4.4338100e+05
   4.4385300e+05
   4.4414900e+05
   4.4444800e+05
   4.4509100e+05
   4.4561500e+05
   4.4605600e+05
   4.4645000e+05
   4.4701900e+05
   4.4719700e+05
   4.4785500e+05
   4.4821700e+05
   4.4828700e+05
   4.4927400e+05
   4.4981100e+05
   4.4997100e+05
   4.5027100e+05
   4.5063000e+05
   4.5125300e+05
   4.5156800e+05
   4.5193700e+05
   4.5208800e+05
   4.5235400e+05
   4.5288100e+05
   4.5302700e+05
   4.5342100e+05
   4.5390200e+05
   4.5475800e+05
   4.5495800e+05
   4.5536500e+05
   4.5552200e+05
   4.5587500e+05
   4.5630800e+05
   4.5652800e+05
   4.5732400e+05
   4.5836600e+05
   4.5902600e+05
   4.5962700e+05
   4.6083100e+05
   4.6219500e+05
   4.6306900e+05
   4.6396800e+05
   4.6433800e+05
   4.6475400e+05
   4.6596800e+05
   4.6637700e+05
   4.6766100e+05
   4.6809500e+05
   4.6849300e+05
   4.6889200e+05
   4.6998900e+05
   4.7052400e+05
   4.7125400e+05
   4.7206800e+05
   4.7264700e+05
   4.7274800e+05
   4.7286800e+05
   4.7326300e+05
   4.7364400e+05
   4.7416700e+05
   4.7439800e+05
   4.7470100e+05
   4.7500300e+05
   4.7533300e+05
   4.7599300e+05
   4.7636300e+05
   4.7656700e+05
   4.7679100e+05
   4.7774400e+05
   4.7787800e+05
   4.7801900e+05
   4.7830300e+05
   4.7862300e+05
   4.7875100e+05
   4.7903100e+05
   4.7925200e+05
   4.7942400e+05
   4.7972000e+05
   4.7984800e+05
   4.8012600e+05
   4.8060900e+05
   4.8074500e+05
   4.8107600e+05
   4.8126600e+05
   4.8156100e+05
   4.8180100e+05
   4.8195100e+05
   4.8242400e+05
   4.8266900e+05
   4.8276700e+05
   4.8301100e+05
   4.8321400e+05
   4.8340200e+05
   4.8368900e+05
   4.8408100e+05
   4.8416700e+05
   4.8469200e+05
   4.8680200e+05
   4.8681700e+05
   4.8688700e+05
   4.8714300e+05
   4.8741700e+05
   4.8751100e+05
   4.8760600e+05
   4.8766600e+05
   4.8780200e+05
   4.8790900e+05
   4.8800100e+05
   4.8814100e+05
   4.8828700e+05
   4.8855600e+05
   4.8864200e+05
   4.8872000e+05
   4.8880500e+05
   4.8891900e+05
   4.8906600e+05
   4.8916400e+05
   4.8927300e+05
   4.8946200e+05
   4.8959600e+05
   4.8972100e+05
   4.8981400e+05
   4.8988800e+05
   4.8994600e+05
   4.9006300e+05
   4.9014900e+05
   4.9036400e+05
   4.9037800e+05
   4.9048500e+05
   4.9058800e+05
   4.9067000e+05
   4.9080700e+05
   4.9109800e+05
   4.9125400e+05
   4.9133700e+05
   4.9138000e+05
   4.9153800e+05
   4.9161000e+05
   4.9172300e+05
   4.9198100e+05
   4.9251400e+05
   4.9255400e+05
   4.9262700e+05
   4.9267400e+05
   4.9281600e+05
   4.9282200e+05
   4.9293200e+05
   4.9306600e+05
   4.9316000e+05
   4.9329200e+05
   4.9334700e+05
   4.9349700e+05
   4.9360200e+05
   4.9378000e+05
   4.9384400e+05
   4.9398100e+05
   4.9412700e+05
   4.9426400e+05
   4.9432800e+05
   4.9447700e+05
   4.9456200e+05
   4.9461900e+05
   4.9483500e+05
   4.9491700e+05
   4.9503900e+05
   4.9531900e+05
   4.9548000e+05
   4.9557500e+05
   4.9573000e+05
   4.9588400e+05
   4.9618200e+05
   4.9621500e+05
   4.9636700e+05
   4.9670200e+05
   4.9689300e+05
   4.9698400e+05
   4.9712000e+05
   4.9730000e+05
   4.9749300e+05
   4.9768400e+05
   4.9784700e+05
   4.9794100e+05
   4.9810500e+05
   4.9818900e+05
   4.9845200e+05
   4.9884100e+05
   4.9912300e+05
   4.9939000e+05
   4.9968800e+05
   4.9973300e+05
   5.0000900e+05
   5.0021800e+05
   5.0037000e+05
   5.0051300e+05
   5.0079500e+05
   5.0111700e+05
   5.0129400e+05
   5.0151000e+05
   5.0172900e+05
   5.0188900e+05
   5.0216500e+05
   5.0226900e+05
   5.0242600e+05
   5.0250200e+05
   5.0279500e+05
   5.0289500e+05
   5.0322700e+05
   5.0335300e+05
   5.0352800e+05
   5.0363700e+05
   5.0385900e+05
   5.0423500e+05
   5.0431000e+05
   5.0460800e+05
   5.0480200e+05
   5.0501400e+05
   5.0547300e+05
   5.0556000e+05
   5.0575600e+05
   5.0580600e+05
   5.0598900e+05
   5.0618800e+05
   5.0634100e+05
   5.0646400e+05
   5.0668700e+05
   5.0697900e+05
   5.0710100e+05
   5.0728500e+05
   5.0740300e+05
   5.0760400e+05
   5.0783900e+05
   5.0817000e+05
   5.0837400e+05
   5.0843000e+05
   5.0869000e+05
   5.0874800e+05
   5.0919600e+05
   5.0927500e+05
   5.0972600e+05
   5.1005100e+05
   5.1013100e+05
   5.1052300e+05
   5.1064300e+05
   5.1091100e+05
   5.1110800e+05
   5.1115100e+05
   5.1140700e+05
   5.1149900e+05
   5.1173200e+05
   5.1192100e+05
   5.1208900e+05
   5.1214900e+05
   5.1236200e+05
   5.1269900e+05
   5.1289200e+05
   5.1322200e+05
   5.1363200e+05
   5.1379100e+05
   5.1397600e+05
   5.1411200e+05
   5.1430400e+05
   5.1467200e+05
   5.1488500e+05
   5.1503100e+05
   5.1526600e+05
   5.1531600e+05
   5.1556600e+05
   5.1579500e+05
   5.1648100e+05
   5.1652200e+05
   5.1698600e+05
   5.1721400e+05
   5.1763000e+05
   5.1791300e+05
   5.1830200e+05
   5.1848100e+05
   5.1871600e+05
   5.1880500e+05
   5.1904400e+05
   5.1920300e+05
   5.1933600e+05
   5.1954400e+05
   5.1981800e+05
   5.1990800e+05
   5.2013200e+05
   5.2028200e+05
   5.2061900e+05
   5.2085000e+05
   5.2107100e+05
   5.2162500e+05
   5.2164600e+05
   5.2205100e+05
   5.2237200e+05
   5.2254600e+05
   5.2271000e+05
   5.2279900e+05
   5.2306100e+05
   5.2324000e+05
   5.2341300e+05
   5.2371100e+05
   5.2371300e+05
   5.2408200e+05
   5.2433400e+05
   5.2465100e+05
   5.2504700e+05
   5.2527100e+05
   5.2562300e+05
   5.2575400e+05
   5.2628300e+05
   5.2629700e+05
   5.2660600e+05
   5.2676400e+05
   5.2698200e+05
   5.2712300e+05
   5.2722600e+05
   5.2734400e+05
   5.2756600e+05
   5.2781600e+05
   5.2807600e+05
   5.2832800e+05
   5.2874800e+05
   5.2888300e+05
   5.2913300e+05
   5.2939700e+05
   5.2960200e+05
   5.2990500e+05
   5.3012700e+05
   5.3035000e+05
   5.3044100e+05
   5.3055800e+05
   5.3096000e+05
   5.3103800e+05
   5.3148500e+05
   5.3186300e+05
   5.3219400e+05
   5.3279000e+05
   5.3308800e+05
   5.3321100e+05
   5.3353600e+05
   5.3380200e+05
   5.3405400e+05
   5.3420300e+05
   5.3440800e+05
   5.3454900e+05
   5.3488500e+05
   5.3503600e+05
   5.3542700e+05
   5.3593000e+05
   5.3618900e+05
   5.3642300e+05
   5.3685500e+05
   5.3721500e+05
   5.3748100e+05
   5.3785500e+05
   5.3809600e+05
   5.3832300e+05
   5.3867900e+05
   5.3876100e+05
   5.3934500e+05
   5.3938300e+05
   5.3971000e+05
   5.3993000e+05
   5.4019700e+05
   5.4039500e+05
   5.4058800e+05
   5.4081900e+05
   5.4112000e+05
   5.4132800e+05
   5.4158000e+05
   5.4189100e+05
   5.4219300e+05
   5.4244600e+05
   5.4299700e+05
   5.4306400e+05
   5.4319400e+05
   5.4340200e+05
   5.4387000e+05
   5.4394700e+05
   5.4401800e+05
   5.4424100e+05
   5.4428900e+05
   5.4436000e+05
   5.4463300e+05
   5.4472100e+05
   5.4499200e+05
   5.4504600e+05
   5.4517300e+05
   5.4538200e+05
   5.4544500e+05
   5.4581900e+05
   5.4592700e+05
   5.4612200e+05
   5.4629600e+05
   5.4652800e+05
   5.4667500e+05
   5.4684800e+05
   5.4708700e+05
   5.4735800e+05
   5.4746900e+05
   5.4765300e+05
   5.4795700e+05
   5.4800100e+05
   5.4825700e+05
   5.4841600e+05
   5.4855000e+05
   5.4865800e+05
   5.4894700e+05
   5.4902900e+05
   5.4926600e+05
   5.4941000e+05
   5.4975200e+05
   5.5001900e+05
   5.5024400e+05
   5.5048600e+05
   5.5058300e+05
   5.5084700e+05
   5.5102700e+05
   5.5124400e+05
   5.5141900e+05
   5.5168000e+05
   5.5185100e+05
   5.5197900e+05
   5.5210500e+05
   5.5231000e+05
   5.5236000e+05
   5.5255400e+05
   5.5271800e+05
   5.5283200e+05
   5.5316300e+05
   5.5332900e+05
   5.5364500e+05
   5.5382000e+05
   5.5412300e+05
   5.5440800e+05
   5.5477300e+05
   5.5526100e+05
   5.5558500e+05
   5.5588800e+05
   5.5613200e+05
   5.5622000e+05
   5.5634200e+05
   5.5660000e+05
   5.5694400e+05
   5.5732800e+05
   5.5751700e+05
   5.5772000e+05
   5.5814200e+05
   5.5820700e+05
   5.5857400e+05
   5.5879400e+05
   5.5899900e+05
   5.5925300e+05
   5.5935900e+05
   5.5957000e+05
   5.5976400e+05
   5.6008100e+05
   5.6023100e+05
   5.6034400e+05
   5.6066600e+05
   5.6120600e+05
   5.6143400e+05
   5.6172400e+05
   5.6202700e+05
   5.6210700e+05
   5.6247100e+05
   5.6262100e+05
   5.6270200e+05
   5.6309400e+05
   5.6319800e+05
   5.6365000e+05
   5.6378100e+05
   5.6406100e+05
   5.6433000e+05
   5.6454100e+05
   5.6471500e+05
   5.6505600e+05
   5.6519900e+05
   5.6537800e+05
   5.6562500e+05
   5.6578400e+05
   5.6615300e+05
   5.6653500e+05
   5.6675200e+05
   5.6701800e+05
   5.6722600e+05
   5.6771200e+05
   5.6808000e+05
   5.6840100e+05
   5.6867200e+05
   5.6890400e+05
   5.6939600e+05
   5.6942500e+05
   5.6978000e+05
   5.7021800e+05
   5.7041400e+05
   5.7058900e+05
   5.7075800e+05
   5.7103300e+05
   5.7135600e+05
   5.7158900e+05
   5.7226300e+05
   5.7239900e+05
   5.7275600e+05
   5.7306800e+05
   5.7334500e+05
   5.7354400e+05
   5.7405700e+05
   5.7420200e+05
   5.7461300e+05
   5.7491800e+05
   5.7509900e+05
   5.7570700e+05
   5.7603600e+05
   5.7640700e+05
   5.7647500e+05
   5.7687800e+05
   5.7701500e+05
   5.7745900e+05
   5.7762700e+05
   5.7780400e+05
   5.7789100e+05
   5.7799600e+05
   5.7821300e+05
   5.7836700e+05
   5.7854400e+05
   5.7875500e+05
   5.7898500e+05
   5.7913800e+05
   5.7940200e+05
   5.7958500e+05
   5.7974600e+05
   5.7995300e+05
   5.8009400e+05
   5.8033300e+05
   5.8051600e+05
   5.8071200e+05
   5.8095600e+05
   5.8115700e+05
   5.8122700e+05
   5.8160400e+05
   5.8185200e+05
   5.8206400e+05
   5.8219400e+05
   5.8239600e+05
   5.8256300e+05
   5.8279200e+05
   5.8300000e+05
   5.8315700e+05
   5.8329600e+05
   5.8360800e+05
   5.8383300e+05
   5.8400000e+05
   5.8434400e+05
   5.8446200e+05
   5.8463900e+05
   5.8482200e+05
   5.8520600e+05
   5.8530000e+05
   5.8570000e+05
   5.8589000e+05
   5.8598300e+05
   5.8624700e+05
   5.8637300e+05
   5.8666900e+05
   5.8674200e+05
   5.8691900e+05
   5.8698000e+05
   5.8711400e+05
   5.8731000e+05
   5.8771500e+05
   5.8795500e+05
   5.8801900e+05
   5.8828600e+05
   5.8843300e+05
   5.8860800e+05
   5.8888200e+05
   5.8917000e+05
   5.8940500e+05
   5.8965600e+05
   5.8995300e+05
   5.9028700e+05
   5.9041200e+05
   5.9067100e+05
   5.9084900e+05
   5.9111700e+05
   5.9156000e+05
   5.9191400e+05
   5.9215300e+05
   5.9231900e+05
   5.9245200e+05
   5.9274700e+05
   5.9329500e+05
   5.9377900e+05
   5.9411800e+05
   5.9435800e+05
   5.9490700e+05
   5.9514200e+05
   5.9552600e+05
   5.9590800e+05
   5.9630900e+05
   5.9659300e+05
   5.9702800e+05
   5.9751500e+05
   5.9794200e+05
   5.9820700e+05
   5.9882000e+05
   5.9893100e+05
   5.9945700e+05
   5.9974400e+05
   6.0010100e+05
   6.0030200e+05
   6.0049000e+05
   6.0077600e+05
   6.0111500e+05
   6.0134100e+05
   6.0166700e+05
   6.0180700e+05
   6.0202100e+05
   6.0231700e+05
   6.0248400e+05
   6.0257000e+05
   6.0301400e+05
   6.0334900e+05
   6.0388700e+05
   6.0428000e+05
   6.0500400e+05
   6.0530800e+05
   6.0555800e+05
   6.0578700e+05
   6.0585500e+05
   6.0608100e+05
   6.0665500e+05
   6.0698900e+05
   6.0727900e+05
   6.0756400e+05
   6.0794200e+05
   6.0818900e+05
   6.0841700e+05
   6.0856200e+05
   6.0881100e+05
   6.0895500e+05
   6.0908100e+05
   6.0933100e+05
   6.0950900e+05
   6.0966100e+05
   6.0993100e+05
   6.1002600e+05
   6.1032100e+05
   6.1043500e+05
   6.1046900e+05
   6.1070500e+05
   6.1096300e+05
   6.1121900e+05
   6.1146900e+05
   6.1179100e+05
   6.1207600e+05
   6.1235200e+05
   6.1249800e+05
   6.1276500e+05
   6.1290100e+05
   6.1333300e+05
   6.1339500e+05
   6.1387200e+05
   6.1422600e+05
   6.1462300e+05
   6.1513600e+05
   6.1537300e+05
   6.1580400e+05
   6.1590100e+05
   6.1630200e+05
   6.1646200e+05
   6.1665500e+05
   6.1690600e+05
   6.1708200e+05
   6.1740200e+05
   6.1815400e+05
   6.1840300e+05
   6.1862700e+05
   6.1897000e+05
   6.1949300e+05
   6.1971500e+05
   6.1986700e+05
   6.2016700e+05
   6.2024900e+05
   6.2046500e+05
   6.2080100e+05
   6.2110200e+05
   6.2132500e+05
   6.2173000e+05
   6.2190800e+05
   6.2240100e+05
   6.2259100e+05
   6.2273100e+05
   6.2312400e+05
   6.2317900e+05
   6.2358400e+05
   6.2386500e+05
   6.2419400e+05
   6.2470700e+05
   6.2483600e+05
   6.2539400e+05
   6.2571100e+05
   6.2604900e+05
   6.2631500e+05
   6.2673400e+05
   6.2683600e+05
   6.2700500e+05
   6.2712000e+05
   6.2732300e+05
   6.2750400e+05
   6.2787300e+05
   6.2809900e+05
   6.2856300e+05
   6.2864000e+05
   6.2899800e+05
   6.2944200e+05
   6.2975800e+05
   6.3024400e+05
   6.3045100e+05
   6.3075400e+05
   6.3115900e+05
   6.3122800e+05
   6.3171100e+05
   6.3173200e+05
   6.3214600e+05
   6.3244300e+05
   6.3263200e+05
   6.3280100e+05
   6.3307100e+05
   6.3334300e+05
   6.3349900e+05
   6.3364900e+05
   6.3389200e+05
   6.3419700e+05
   6.3458500e+05
   6.3473800e+05
   6.3504400e+05
   6.3528700e+05
   6.3587600e+05
   6.3613000e+05
   6.3645700e+05
   6.3673700e+05
   6.3691000e+05
   6.3722500e+05
   6.3745200e+05
   6.3768700e+05
   6.3784300e+05
   6.3810500e+05
   6.3819000e+05
   6.3842100e+05
   6.3846900e+05
   6.3888700e+05
   6.3938600e+05
   6.3966800e+05
   6.3992300e+05
   6.4034400e+05
   6.4050100e+05
   6.4065200e+05
   6.4105300e+05
   6.4141200e+05
   6.4165100e+05
   6.4186100e+05
   6.4202900e+05
   6.4237000e+05
   6.4253300e+05
   6.4264200e+05
   6.4293200e+05
   6.4312500e+05
   6.4350600e+05
   6.4354700e+05
   6.4373100e+05
   6.4401200e+05
   6.4421300e+05
   6.4455300e+05
   6.4471600e+05
   6.4480000e+05
   6.4513800e+05
   6.4524400e+05
   6.4536500e+05
   6.4583700e+05
   6.4598200e+05
   6.4623100e+05
   6.4673500e+05
   6.4702800e+05
   6.4709100e+05
   6.4761900e+05
   6.4797300e+05
   6.4830800e+05
   6.4899900e+05
   6.4931100e+05
   6.4998400e+05
   6.5058200e+05
   6.5085400e+05
   6.5121400e+05
   6.5143300e+05
   6.5197500e+05
   6.5232200e+05
   6.5270200e+05
   6.5320000e+05
   6.5353400e+05
   6.5425000e+05
   6.5486700e+05
   6.5508800e+05
   6.5571100e+05
   6.5591700e+05
   6.5603700e+05
   6.5639000e+05
   6.5680200e+05
   6.5683500e+05
   6.5718000e+05
   6.5771200e+05
   6.5794900e+05
   6.5816000e+05
   6.5840000e+05
   6.5859500e+05
   6.5877000e+05
   6.5903700e+05
   6.5924400e+05
   6.5943100e+05
   6.5960600e+05
   6.5978000e+05
   6.5994600e+05
   6.6009000e+05
   6.6019200e+05
   6.6034200e+05
   6.6051500e+05
   6.6076700e+05
   6.6086000e+05
   6.6127300e+05
   6.6149700e+05
   6.6175100e+05
   6.6187600e+05
   6.6198800e+05
   6.6222300e+05
   6.6226900e+05
   6.6236900e+05
   6.6258400e+05
   6.6269500e+05
   6.6297600e+05
   6.6305300e+05
   6.6333000e+05
   6.6348800e+05
   6.6373200e+05
   6.6385400e+05
   6.6401500e+05
   6.6434400e+05
   6.6439600e+05
   6.6469200e+05
   6.6484600e+05
   6.6514500e+05
   6.6536800e+05
   6.6566400e+05
   6.6578800e+05
   6.6601100e+05
   6.6622900e+05
   6.6633800e+05
   6.6679200e+05
   6.6703100e+05
   6.6728200e+05
   6.6769900e+05
   6.6805300e+05
   6.6831700e+05
   6.6839700e+05
   6.6874900e+05
   6.6877800e+05
   6.6922300e+05
   6.6971100e+05
   6.7013400e+05
   6.7028800e+05
   6.7053300e+05
   6.7143400e+05
   6.7173300e+05
   6.7215400e+05
   6.7261200e+05
   6.7294600e+05
   6.7308200e+05
   6.7342800e+05
   6.7380900e+05
   6.7387100e+05
   6.7475900e+05
   6.7500200e+05
   6.7523200e+05
   6.7570600e+05
   6.7630100e+05
   6.7671800e+05
   6.7702300e+05
   6.7749200e+05
   6.7785500e+05
   6.7837800e+05
   6.7913300e+05
   6.7930300e+05
   6.7971100e+05
   6.7984700e+05
   6.8054700e+05
   6.8095200e+05
   6.8123000e+05
   6.8136300e+05
   6.8183500e+05
   6.8256000e+05
   6.8278400e+05
   6.8336500e+05
   6.8381700e+05
   6.8418000e+05
   6.8425300e+05
   6.8446800e+05
   6.8475100e+05
   6.8512500e+05
   6.8541300e+05
   6.8633400e+05
   6.8701100e+05
   6.8743200e+05
   6.8771000e+05
   6.8794600e+05
   6.8827100e+05
   6.8855100e+05
   6.8897700e+05
   6.8929600e+05
   6.8959500e+05
   6.9067400e+05
   6.9117000e+05
   6.9146800e+05
   6.9191500e+05
   6.9230000e+05
   6.9250200e+05
   6.9271100e+05
   6.9313400e+05
   6.9356800e+05
   6.9377700e+05
   6.9444500e+05
   6.9471100e+05
   6.9512700e+05
   6.9547000e+05
   6.9573800e+05
   6.9590200e+05
   6.9616700e+05
   6.9661800e+05
   6.9718900e+05
   6.9781200e+05
   6.9832100e+05
   6.9878900e+05
   6.9946900e+05
   6.9985000e+05
   7.0042800e+05
   7.0061700e+05
   7.0123000e+05
   7.0162200e+05
   7.0181200e+05
   7.0272800e+05
   7.0324200e+05
   7.0327800e+05
   7.0353400e+05
   7.0379400e+05
   7.0412900e+05
   7.0424500e+05
   7.0461600e+05
   7.0506100e+05
   7.0526600e+05
   7.0563000e+05
   7.0600400e+05
   7.0617500e+05
   7.0652500e+05
   7.0696800e+05
   7.0751700e+05
   7.0812200e+05
   7.0856800e+05
   7.0907700e+05
   7.0915800e+05
   7.0955100e+05
   7.1068400e+05
   7.1121500e+05
   7.1188900e+05
   7.1240400e+05
   7.1256900e+05
   7.1301100e+05
   7.1372000e+05
   7.1421300e+05
   7.1469900e+05
   7.1506600e+05
   7.1543400e+05
   7.1615700e+05
   7.1655900e+05
   7.1712700e+05
   7.1729900e+05
   7.1752300e+05
   7.1771300e+05
   7.1800400e+05
   7.1824100e+05
   7.1843100e+05
   7.1851200e+05
   7.1882200e+05
   7.1904300e+05
   7.1921700e+05
   7.1945700e+05
   7.1960000e+05
   7.1981800e+05
   7.2008000e+05
   7.2022500e+05
   7.2051300e+05
   7.2079700e+05
   7.2105200e+05
   7.2123200e+05
   7.2155700e+05
   7.2159100e+05
   7.2183500e+05
   7.2194400e+05
   7.2223800e+05
   7.2234100e+05
   7.2241900e+05
   7.2272800e+05
   7.2287200e+05
   7.2311500e+05
   7.2331300e+05
   7.2361600e+05
   7.2395500e+05
   7.2402200e+05
   7.2434200e+05
   7.2449700e+05
   7.2481700e+05
   7.2498300e+05
   7.2529500e+05
   7.2568000e+05
   7.2607000e+05
   7.2638900e+05
   7.2697800e+05
   7.2717000e+05
   7.2761500e+05
   7.2787700e+05
   7.2813100e+05
   7.2837300e+05
   7.2876400e+05
   7.2904300e+05
   7.2917000e+05
   7.2972700e+05
   7.3019900e+05
   7.3032100e+05
   7.3044000e+05
   7.3099400e+05
   7.3132700e+05
   7.3155100e+05
   7.3177300e+05
   7.3208000e+05
   7.3224000e+05
   7.3258200e+05
   7.3287500e+05
   7.3318200e+05
   7.3347700e+05
   7.3382300e+05
   7.3403500e+05
   7.3433200e+05
   7.3440200e+05
   7.3478700e+05
   7.3517700e+05
   7.3544300e+05
   7.3579900e+05
   7.3612300e+05
   7.3627800e+05
   7.3643500e+05
   7.3678800e+05
   7.3695300e+05
   7.3745500e+05
   7.3851300e+05
   7.3878200e+05
   7.3921700e+05
   7.3953100e+05
   7.3984600e+05
   7.4029000e+05
   7.4047100e+05
   7.4064500e+05
   7.4080400e+05
   7.4114700e+05
   7.4156300e+05
   7.4181200e+05
   7.4200900e+05
   7.4224400e+05
   7.4242700e+05
   7.4288500e+05
   7.4307100e+05
   7.4316900e+05
   7.4321800e+05
   7.4342600e+05
   7.4357600e+05
   7.4363600e+05
   7.4389400e+05
   7.4397300e+05
   7.4425200e+05
   7.4449400e+05
   7.4462700e+05
   7.4500600e+05
   7.4514900e+05
   7.4545700e+05
   7.4556200e+05
   7.4575500e+05
   7.4599700e+05
   7.4627900e+05
   7.4636500e+05
   7.4637500e+05
   7.4877000e+05
   7.4887700e+05
   7.4897300e+05
   7.4927400e+05
   7.4937800e+05
   7.4961600e+05
   7.4969800e+05
   7.4974000e+05
   7.4981500e+05
   7.4998400e+05
   7.5019000e+05
   7.5022700e+05
   7.5032600e+05
   7.5038900e+05
   7.5061700e+05
   7.5070400e+05
   7.5071700e+05
   7.5089800e+05
   7.5095400e+05
   7.5109700e+05
   7.5127700e+05
   7.5132300e+05
   7.5152600e+05
   7.5158600e+05
   7.5171200e+05
   7.5186400e+05
   7.5191900e+05
   7.5197300e+05
   7.5216400e+05
   7.5220900e+05
   7.5232100e+05
   7.5241500e+05
   7.5254500e+05
   7.5262100e+05
   7.5267500e+05
   7.5278400e+05
   7.5284600e+05
   7.5295500e+05
   7.5310100e+05
   7.5313400e+05
   7.5331200e+05
   7.5342300e+05
   7.5355900e+05
   7.5366400e+05
   7.5386300e+05
   7.5396100e+05
   7.5404400e+05
   7.5414500e+05
   7.5434400e+05
   7.5441500e+05
   7.5451300e+05
   7.5468200e+05
   7.5479400e+05
   7.5490200e+05
   7.5510600e+05
   7.5525800e+05
   7.5548200e+05
   7.5553900e+05
   7.5569100e+05
   7.5579700e+05
   7.5587000e+05
   7.5608100e+05
   7.5614200e+05
   7.5645300e+05
   7.5659300e+05
   7.5678300e+05
   7.5692400e+05
   7.5707700e+05
   7.5721200e+05
   7.5740400e+05
   7.5760900e+05
   7.5790200e+05
   7.5792100e+05
   7.5810800e+05
   7.5811900e+05
   7.5835900e+05
   7.5841800e+05
   7.5862600e+05
   7.5871400e+05
   7.5886300e+05
   7.5909700e+05
   7.5934100e+05
   7.5953000e+05
   7.5956200e+05
   7.5958400e+05
   7.5982300e+05
   7.6008300e+05
   7.6013400e+05
   7.6042900e+05
   7.6050900e+05
   7.6075500e+05
   7.6077000e+05
   7.6097200e+05
   7.6111700e+05
   7.6128200e+05
   7.6147300e+05
   7.6154100e+05
   7.6173400e+05
   7.6180000e+05
   7.6195400e+05
   7.6210800e+05
   7.6234200e+05
   7.6237100e+05
   7.6256300e+05
   7.6278800e+05
   7.6279400e+05
   7.6315000e+05
   7.6332200e+05
   7.6348600e+05
   7.6368500e+05
   7.6378700e+05
   7.6380000e+05
   7.6413500e+05
   7.6424600e+05
   7.6439500e+05
   7.6458500e+05
   7.6488600e+05
   7.6506900e+05
   7.6518500e+05
   7.6540200e+05
   7.6563000e+05
   7.6584300e+05
   7.6624100e+05
   7.6634100e+05
   7.6650600e+05
   7.6669600e+05
   7.6681300e+05
   7.6697700e+05
   7.6716300e+05
   7.6721500e+05
   7.6742600e+05
   7.6750900e+05
   7.6769500e+05
   7.6784300e+05
   7.6801300e+05
   7.6806000e+05
   7.6822600e+05
   7.6842600e+05
   7.6844600e+05
   7.6868800e+05
   7.6880400e+05
   7.6898300e+05
   7.6922200e+05
   7.6934300e+05
   7.6944600e+05
   7.6959800e+05
   7.6991600e+05
   7.7004300e+05
   7.7031000e+05
   7.7038100e+05
   7.7058100e+05
   7.7064300e+05
   7.7081100e+05
   7.7103300e+05
   7.7121500e+05
   7.7140500e+05
   7.7145100e+05
   7.7180400e+05
   7.7187700e+05
   7.7211200e+05
   7.7233400e+05
   7.7254900e+05
   7.7284500e+05
   7.7304800e+05
   7.7322200e+05
   7.7344500e+05
   7.7370300e+05
   7.7418600e+05
   7.7439100e+05
   7.7485000e+05
   7.7491200e+05
   7.7523800e+05
   7.7539600e+05
   7.7586100e+05
   7.7591500e+05
   7.7619900e+05
   7.7630700e+05
   7.7652400e+05
   7.7661600e+05
   7.7681600e+05
   7.7701800e+05
   7.7718700e+05
   7.7724800e+05
   7.7746300e+05
   7.7773200e+05
   7.7790700e+05
   7.7809400e+05
   7.7817200e+05
   7.7836100e+05
   7.7862500e+05
   7.7868800e+05
   7.7910700e+05
   7.7917900e+05
   7.7924500e+05
   7.7937000e+05
   7.7960400e+05
   7.7990500e+05
   7.8016100e+05
   7.8030900e+05
   7.8057400e+05
   7.8084200e+05
   7.8100400e+05
   7.8125200e+05
   7.8136000e+05
   7.8143300e+05
   7.8176600e+05
   7.8185100e+05
   7.8221000e+05
   7.8232400e+05
   7.8286900e+05
   7.8303400e+05
   7.8331100e+05
   7.8336700e+05
   7.8399000e+05
   7.8417200e+05
   7.8425100e+05
   7.8452400e+05
   7.8470700e+05
   7.8480500e+05
   7.8516300e+05
   7.8540900e+05
   7.8548000e+05
   7.8579700e+05
   7.8594600e+05
   7.8606700e+05
   7.8625600e+05
   7.8655200e+05
   7.8669100e+05
   7.8687500e+05
   7.8714700e+05
   7.8753600e+05
   7.8776500e+05
   7.8822300e+05
   7.8833500e+05
   7.8853800e+05
   7.8859600e+05
   7.8879400e+05
   7.8882000e+05
   7.8897200e+05
   7.8910000e+05
   7.8948500e+05
   7.8958500e+05
   7.8982000e+05
   7.8993500e+05
   7.9009500e+05
   7.9033000e+05
   7.9053500e+05
   7.9082700e+05
   7.9117500e+05
   7.9139500e+05
   7.9158400e+05
   7.9178800e+05
   7.9196900e+05
   7.9213300e+05
   7.9229500e+05
   7.9252400e+05
   7.9267600e+05
   7.9279900e+05
   7.9294100e+05
   7.9318800e+05
   7.9360600e+05
   7.9386500e+05
   7.9416600e+05
   7.9437100e+05
   7.9453400e+05
   7.9464100e+05
   7.9494100e+05
   7.9504300e+05
   7.9542600e+05
   7.9554000e+05
   7.9569000e+05
   7.9594000e+05
   7.9651400e+05
   7.9666600e+05
   7.9689800e+05
   7.9733600e+05
   7.9744000e+05
   7.9762000e+05
   7.9786400e+05
   7.9801400e+05
   7.9823700e+05
   7.9858700e+05
   7.9880100e+05
   7.9915700e+05
   7.9935200e+05
   7.9952100e+05
   7.9973600e+05
   8.0004700e+05
   8.0043200e+05
   8.0077900e+05
   8.0107600e+05
   8.0135500e+05
   8.0141400e+05
   8.0143600e+05
   8.0164800e+05
   8.0173100e+05
   8.0176500e+05
   8.0221300e+05
   8.0234400e+05
   8.0247400e+05
   8.0265000e+05
   8.0278800e+05
   8.0301300e+05
   8.0311600e+05
   8.0323700e+05
   8.0340100e+05
   8.0361500e+05
   8.0375300e+05
   8.0399900e+05
   8.0420800e+05
   8.0470800e+05
   8.0481400e+05
   8.0517700e+05
   8.0534700e+05
   8.0566600e+05
   8.0598900e+05
   8.0634300e+05
   8.0653500e+05
   8.0663900e+05
   8.0688400e+05
   8.0715300e+05
   8.0727500e+05
   8.0740500e+05
   8.0768700e+05
   8.0797700e+05
   8.0830100e+05
   8.0858600e+05
   8.0879600e+05
   8.0887500e+05
   8.0902300e+05
   8.0920300e+05
   8.0928000e+05
   8.0943200e+05
   8.0967500e+05
   8.0995000e+05
   8.1016800e+05
   8.1038800e+05
   8.1071600e+05
   8.1076800e+05
   8.1100200e+05
   8.1110400e+05
   8.1131000e+05
   8.1144800e+05
   8.1178400e+05
   8.1194700e+05
   8.1223000e+05
   8.1242800e+05
   8.1262000e+05
   8.1288200e+05
   8.1310400e+05
   8.1334900e+05
   8.1365800e+05
   8.1381700e+05
   8.1405900e+05
   8.1441800e+05
   8.1466400e+05
   8.1482500e+05
   8.1507200e+05
   8.1534500e+05
   8.1543700e+05
   8.1566700e+05
   8.1586500e+05
   8.1614300e+05
   8.1631400e+05
   8.1654300e+05
   8.1681000e+05
   8.1722000e+05
   8.1733100e+05
   8.1776400e+05
   8.1782400e+05
   8.1816900e+05
   8.1844000e+05
   8.1874700e+05
   8.1896100e+05
   8.1956800e+05
   8.1987000e+05
   8.2012700e+05
   8.2040700e+05
   8.2061900e+05
   8.2077100e+05
   8.2111900e+05
   8.2135500e+05
   8.2149800e+05
   8.2180900e+05
   8.2208400e+05
   8.2235100e+05
   8.2246500e+05
   8.2275400e+05
   8.2290500e+05
   8.2309400e+05
   8.2341800e+05
   8.2358700e+05
   8.2358800e+05
   8.2401000e+05
   8.2411100e+05
   8.2429000e+05
   8.2453900e+05
   8.2467000e+05
   8.2507100e+05
   8.2527100e+05
   8.2551500e+05
   8.2562700e+05
   8.2604000e+05
   8.2607400e+05
   8.2627300e+05
   8.2663400e+05
   8.2691900e+05
   8.2714900e+05
   8.2744300e+05
   8.2774800e+05
   8.2810400e+05
   8.2834300e+05
   8.2859600e+05
   8.2890200e+05
   8.2930300e+05
   8.2951300e+05
   8.2971200e+05
   8.2988000e+05
   8.3015000e+05
   8.3042700e+05
   8.3061100e+05
   8.3075300e+05
   8.3092700e+05
   8.3109800e+05
   8.3147300e+05
   8.3187400e+05
   8.3201400e+05
   8.3220800e+05
   8.3246800e+05
   8.3264300e+05
   8.3303300e+05
   8.3325800e+05
   8.3349400e+05
   8.3374900e+05
   8.3394500e+05
   8.3412600e+05
   8.3462200e+05
   8.3475900e+05
   8.3501300e+05
   8.3532300e+05
   8.3547400e+05
   8.3577100e+05
   8.3581000e+05
   8.3585400e+05
   8.3624800e+05
   8.3627400e+05
   8.3680300e+05
   8.3697000e+05
   8.3717800e+05
   8.3723000e+05
   8.3758200e+05
   8.3771900e+05
   8.3785600e+05
   8.3809300e+05
   8.3830800e+05
   8.3849800e+05
   8.3862900e+05
   8.3890100e+05
   8.3919700e+05
   8.3948200e+05
   8.3978700e+05
   8.3997500e+05
   8.4015600e+05
   8.4036700e+05
   8.4050400e+05
   8.4091100e+05
   8.4111200e+05
   8.4123800e+05
   8.4151400e+05
   8.4161400e+05
   8.4182400e+05
   8.4197500e+05
   8.4205400e+05
   8.4244200e+05
   8.4267300e+05
   8.4288900e+05
   8.4310700e+05
   8.4329400e+05
   8.4361300e+05
   8.4387100e+05
   8.4412900e+05
   8.4437300e+05
   8.4446300e+05
   8.4457200e+05
   8.4494200e+05
   8.4513400e+05
   8.4541600e+05
   8.4564800e+05
   8.4603300e+05
   8.4661500e+05
   8.4670800e+05
   8.4704900e+05
   8.4726300e+05
   8.4748100e+05
   8.4760700e+05
   8.4770900e+05
   8.4782900e+05
   8.4814000e+05
   8.4829700e+05
   8.4855800e+05
   8.4872900e+05
   8.4896400e+05
   8.4917300e+05
   8.4931500e+05
   8.4953700e+05
   8.4983600e+05
   8.5011300e+05
   8.5050300e+05
   8.5051600e+05
   8.5077100e+05
   8.5097100e+05
   8.5103700e+05
   8.5136700e+05
   8.5145900e+05
   8.5153900e+05
   8.5171600e+05
   8.5184500e+05
   8.5202100e+05
   8.5220200e+05
   8.5239700e+05
   8.5284500e+05
   8.5308600e+05
   8.5325600e+05
   8.5343700e+05
   8.5365000e+05
   8.5392700e+05
   8.5404300e+05
   8.5433400e+05
   8.5441200e+05
   8.5474600e+05
   8.5487000e+05
   8.5498800e+05
   8.5527900e+05
   8.5532200e+05
   8.5557700e+05
   8.5580900e+05
   8.5605400e+05
   8.5630100e+05
   8.5643900e+05
   8.5672800e+05
   8.5700600e+05
   8.5743500e+05
   8.5768000e+05
   8.5788300e+05
   8.5814100e+05
   8.5824200e+05
   8.5843200e+05
   8.5869500e+05
   8.5888500e+05
   8.5900700e+05
   8.5945300e+05
   8.5985000e+05
   8.6026100e+05
   8.6041400e+05
   8.6077500e+05
   8.6112000e+05
   8.6140700e+05
   8.6168000e+05
   8.6182100e+05
   8.6192800e+05
   8.6208800e+05
   8.6226800e+05
   8.6235500e+05
   8.6258600e+05
   8.6282800e+05
   8.6287400e+05
   8.6307600e+05
   8.6327200e+05
   8.6344500e+05
   8.6366300e+05
   8.6389700e+05
   8.6413200e+05
   8.6418100e+05
   8.6448600e+05
   8.6461900e+05
   8.6501700e+05
   8.6519500e+05
   8.6539000e+05
   8.6560200e+05
   8.6580400e+05
   8.6621300e+05
   8.6639800e+05
   8.6665000e+05
   8.6695000e+05
   8.6742500e+05
   8.6767200e+05
   8.6785600e+05
   8.6811700e+05
   8.6830500e+05
   8.6857700e+05
   8.6884200e+05
   8.6899600e+05
   8.6912900e+05
   8.6940400e+05
   8.6956200e+05
   8.6975000e+05
   8.7000100e+05
   8.7037100e+05
   8.7057600e+05
   8.7078900e+05
   8.7094500e+05
   8.7102400e+05
   8.7140000e+05
   8.7183700e+05
   8.7185600e+05
   8.7214500e+05
   8.7238500e+05
   8.7267600e+05
   8.7280900e+05
   8.7295700e+05
   8.7327400e+05
   8.7340200e+05
   8.7363900e+05
   8.7374100e+05
   8.7387200e+05
   8.7414600e+05
   8.7438900e+05
   8.7456000e+05
   8.7475700e+05
   8.7488100e+05
   8.7517500e+05
   8.7556100e+05
   8.7557100e+05
   8.7577900e+05
   8.7608400e+05
   8.7623900e+05
   8.7631500e+05
   8.7643900e+05
   8.7663600e+05
   8.7685000e+05
   8.7704800e+05
   8.7729500e+05
   8.7740600e+05
   8.7774500e+05
   8.7799500e+05
   8.7807500e+05
   8.7821200e+05
   8.7840900e+05
   8.7871100e+05
   8.7883500e+05
   8.7901500e+05
   8.7934700e+05
   8.7945800e+05
   8.7970400e+05
   8.7986700e+05
   8.7994000e+05
   8.8011300e+05
   8.8046200e+05
   8.8064600e+05
   8.8105700e+05
   8.8118500e+05
   8.8155200e+05
   8.8203900e+05
   8.8239000e+05
   8.8256900e+05
   8.8278700e+05
   8.8320500e+05
   8.8333500e+05
   8.8350300e+05
   8.8382000e+05
   8.8389900e+05
   8.8403500e+05
   8.8441200e+05
   8.8451500e+05
   8.8461900e+05
   8.8474900e+05
   8.8515800e+05
   8.8531900e+05
   8.8556300e+05
   8.8561000e+05
   8.8589200e+05
   8.8606800e+05
   8.8626100e+05
   8.8636300e+05
   8.8666700e+05
   8.8683400e+05
   8.8687700e+05
   8.8699700e+05
   8.8731900e+05
   8.8750500e+05
   8.8757900e+05
   8.8780500e+05
   8.8795500e+05
   8.8816800e+05
   8.8822200e+05
   8.8846600e+05
   8.8857800e+05
   8.8887300e+05
   8.8910300e+05
   8.8937600e+05
   8.8941600e+05
   8.8961500e+05
   8.8976900e+05
   8.8993700e+05
   8.8994700e+05
   8.9004300e+05
   8.9019100e+05
   8.9027600e+05
   8.9043100e+05
   8.9062600e+05
   8.9073900e+05
   8.9081200e+05
   8.9090500e+05
   8.9112400e+05
   8.9121900e+05
   8.9140500e+05
   8.9173900e+05
   8.9198000e+05
   8.9210900e+05
   8.9240900e+05
   8.9244600e+05
   8.9265600e+05
   8.9296900e+05
   8.9328600e+05
   8.9332600e+05
   8.9365000e+05
   8.9419000e+05
   8.9448400e+05
   8.9461300e+05
   8.9493600e+05
   8.9502500e+05
   8.9558200e+05
   8.9614000e+05
   8.9630500e+05
   8.9631600e+05
   8.9662600e+05
   8.9713400e+05
   8.9728100e+05
   8.9775500e+05
   8.9836700e+05
   8.9859600e+05
   8.9901500e+05
   8.9925500e+05
   8.9952400e+05
   8.9961400e+05
   8.9977700e+05
   9.0022600e+05
   9.0086500e+05
   9.0127100e+05
   9.0184400e+05
   9.0217200e+05
   9.0258800e+05
   9.0342500e+05
   9.0370800e+05
   9.0381400e+05
   9.0393700e+05
   9.0425100e+05
   9.0453900e+05
   9.0497200e+05
   9.0505300e+05
   9.0573500e+05
   9.0594100e+05
   9.0633000e+05
   9.0663600e+05
   9.0667900e+05
   9.0709900e+05
   9.0739900e+05
   9.0758400e+05
   9.0783900e+05
   9.0794500e+05
   9.0832900e+05
   9.0873500e+05
   9.0909400e+05
   9.0963500e+05
   9.1068600e+05
   9.1083300e+05
   9.1119200e+05
   9.1149700e+05
   9.1171000e+05
   9.1182200e+05
   9.1243900e+05
   9.1273000e+05
   9.1311400e+05
   9.1361800e+05
   9.1385100e+05
   9.1418300e+05
   9.1455900e+05
   9.1471200e+05
   9.1507500e+05
   9.1523600e+05
   9.1546700e+05
   9.1572400e+05
   9.1584800e+05
   9.1599000e+05
   9.1643700e+05
   9.1698600e+05
   9.1728400e+05
   9.1806100e+05
   9.1839400e+05
   9.1885900e+05
   9.1948800e+05
   9.2010900e+05
   9.2027800e+05
   9.2043500e+05
   9.2105700e+05
   9.2205100e+05
   9.2309000e+05
   9.2338800e+05
   9.2375900e+05
   9.2393900e+05
   9.2425200e+05
   9.2425700e+05
   9.2473900e+05
   9.2490500e+05
   9.2514800e+05
   9.2537100e+05
   9.2556600e+05
   9.2600400e+05
   9.2624800e+05
   9.2668600e+05
   9.2698900e+05
   9.2746800e+05
   9.2828800e+05
   9.2918300e+05
   9.2936100e+05
   9.2961700e+05
   9.2982600e+05
   9.3007800e+05
   9.3054400e+05
   9.3118300e+05
   9.3137300e+05
   9.3162200e+05
   9.3190900e+05
   9.3219500e+05
   9.3237300e+05
   9.3264400e+05
   9.3313500e+05
   9.3342400e+05
   9.3365600e+05
   9.3381400e+05
   9.3409700e+05
   9.3449900e+05
   9.3516500e+05
   9.3554900e+05
   9.3656100e+05
   9.3673600e+05
   9.3704600e+05
   9.3721900e+05
   9.3766600e+05
   9.3778500e+05
   9.3787300e+05
   9.3806800e+05
   9.3833200e+05
   9.3856700e+05
   9.3874400e+05
   9.3894000e+05
   9.3917800e+05
   9.3939600e+05
   9.3950400e+05
   9.3986300e+05
   9.4016000e+05
   9.4048200e+05
   9.4075400e+05
   9.4089600e+05
   9.4126000e+05
   9.4135800e+05
   9.4143500e+05
   9.4169200e+05
   9.4190200e+05
   9.4228100e+05
   9.4239500e+05
   9.4252100e+05
   9.4268700e+05
   9.4273000e+05
   9.4302700e+05
   9.4313100e+05
   9.4356700e+05
   9.4363100e+05
   9.4412600e+05
   9.4451200e+05
   9.4514800e+05
   9.4527300e+05
   9.4538000e+05
   9.4574300e+05
   9.4601300e+05
   9.4612100e+05
   9.4637900e+05
   9.4646900e+05
   9.4674600e+05
   9.4685600e+05
   9.4702200e+05
   9.4728900e+05
   9.4761200e+05
   9.4809100e+05
   9.4823900e+05
   9.4853700e+05
   9.4894100e+05
   9.4917200e+05
   9.4951100e+05
   9.4974300e+05
   9.4995200e+05
   9.5033200e+05
   9.5041700e+05
   9.5068200e+05
   9.5090800e+05
   9.5121500e+05
   9.5145700e+05
   9.5161600e+05
   9.5199800e+05
   9.5227100e+05
   9.5352000e+05
   9.5376700e+05
   9.5399600e+05
   9.5443700e+05
   9.5446800e+05
   9.5489200e+05
   9.5503800e+05
   9.5550700e+05
   9.5577700e+05
   9.5607400e+05
   9.5701000e+05
   9.5737800e+05
   9.5769900e+05
   9.5804400e+05
   9.5888900e+05
   9.5950300e+05
   9.5982600e+05
   9.6046700e+05
   9.6159900e+05
   9.6197100e+05
   9.6234500e+05
   9.6272800e+05
   9.6320500e+05
   9.6338000e+05
   9.6367900e+05
   9.6450500e+05
   9.6513200e+05
   9.6559100e+05
   9.6574300e+05
   9.6606000e+05
   9.6627700e+05
   9.6655600e+05
   9.6713400e+05
   9.6763100e+05
   9.6813300e+05
   9.6840300e+05
   9.6887500e+05
   9.6925200e+05
   9.6939600e+05
   9.6945700e+05
   9.6983800e+05
   9.7003800e+05
   9.7043100e+05
   9.7085000e+05
   9.7099300e+05
   9.7133300e+05
   9.7150400e+05
   9.7178300e+05
   9.7218400e+05
   9.7249500e+05
   9.7302900e+05
   9.7320000e+05
   9.7352000e+05
   9.7361800e+05
   9.7426100e+05
   9.7443200e+05
   9.7472000e+05
   9.7474500e+05
   9.7583200e+05
   9.7585200e+05
   9.7630400e+05
   9.7680700e+05
   9.7725300e+05
   9.7774000e+05
   9.7799400e+05
   9.7824200e+05
   9.7849500e+05
   9.7862000e+05
   9.7893900e+05
   9.7898700e+05
   9.7954400e+05
   9.7972200e+05
   9.7985000e+05
   9.8020200e+05
   9.8051000e+05
   9.8097600e+05
   9.8103100e+05
   9.8197300e+05
   9.8199700e+05
   9.8283900e+05
   9.8324700e+05
   9.8368300e+05
   9.8432100e+05
   9.8467800e+05
   9.8503300e+05
   9.8534300e+05
   9.8579400e+05
   9.8626500e+05
   9.8653400e+05
   9.8715700e+05
   9.8752100e+05
   9.8793400e+05
   9.8847700e+05
   9.8864700e+05
   9.8919700e+05
   9.8970700e+05
   9.9011300e+05
   9.9063400e+05
   9.9093500e+05
   9.9114900e+05
   9.9159500e+05
   9.9179900e+05
   9.9230900e+05
   9.9274400e+05
   9.9284500e+05
   9.9328300e+05
   9.9369500e+05
   9.9431600e+05
   9.9503500e+05
   9.9515700e+05
   9.9551600e+05
   9.9594800e+05
   9.9614000e+05
   9.9636900e+05
   9.9654000e+05
   9.9675800e+05
   9.9709900e+05
   9.9778400e+05
   9.9847100e+05
   9.9870200e+05
   9.9905200e+05
   9.9949900e+05
   9.9991700e+05
   1.0001100e+06
   1.0004680e+06
   1.0007660e+06
   1.0010810e+06
   1.0012910e+06
   1.0018880e+06
   1.0024210e+06
   1.0026790e+06
   1.0029230e+06
   1.0031980e+06
   1.0034930e+06
   1.0041320e+06
   1.0043290e+06
   1.0045350e+06
   1.0047140e+06
   1.0053860e+06
   1.0054720e+06
   1.0059760e+06
   1.0061770e+06
   1.0064680e+06
   1.0067200e+06
   1.0070950e+06
   1.0075700e+06
   1.0080200e+06
   1.0081360e+06
   1.0085200e+06
   1.0086290e+06
   1.0087950e+06
   1.0092890e+06
   1.0095770e+06
   1.0099120e+06
   1.0101990e+06
   1.0103870e+06
   1.0107390e+06
   1.0109640e+06
   1.0113550e+06
   1.0115670e+06
   1.0115920e+06
   1.0119180e+06
   1.0120290e+06
   1.0122480e+06
   1.0128040e+06
   1.0131620e+06
   1.0136900e+06
   1.0139740e+06
   1.0143250e+06
   1.0146250e+06
   1.0149300e+06
   1.0153590e+06
   1.0156210e+06
   1.0160430e+06
   1.0165320e+06
   1.0171800e+06
   1.0173760e+06
   1.0175160e+06
   1.0179890e+06
   1.0185150e+06
   1.0187420e+06
   1.0190560e+06
   1.0193070e+06
   1.0196110e+06
   1.0200740e+06
   1.0202730e+06
   1.0205660e+06
   1.0209160e+06
   1.0210370e+06
   1.0213010e+06
   1.0215980e+06
   1.0216870e+06
   1.0223850e+06
   1.0227730e+06
   1.0232230e+06
   1.0233210e+06
   1.0237540e+06
   1.0249450e+06
   1.0254210e+06
   1.0258050e+06
   1.0263560e+06
   1.0265260e+06
   1.0270650e+06
   1.0272520e+06
   1.0279030e+06
   1.0281470e+06
   1.0289300e+06
   1.0292390e+06
   1.0297430e+06
   1.0304650e+06
   1.0306850e+06
   1.0308670e+06
   1.0310510e+06
   1.0311440e+06
   1.0314580e+06
   1.0317540e+06
   1.0318160e+06
   1.0320930e+06
   1.0323120e+06
   1.0324180e+06
   1.0326820e+06
   1.0327880e+06
   1.0330970e+06
   1.0333000e+06
   1.0335240e+06
   1.0336120e+06
   1.0338760e+06
   1.0340790e+06
   1.0344370e+06
   1.0345340e+06
   1.0348890e+06
   1.0350250e+06
   1.0352460e+06
   1.0354720e+06
   1.0356940e+06
   1.0360130e+06
   1.0362440e+06
   1.0366960e+06
   1.0368900e+06
   1.0369660e+06
   1.0371660e+06
   1.0377030e+06
   1.0377790e+06
   1.0381330e+06
   1.0382060e+06
   1.0384520e+06
   1.0387730e+06
   1.0389900e+06
   1.0391350e+06
   1.0394960e+06
   1.0399420e+06
   1.0401550e+06
   1.0403940e+06
   1.0407610e+06
   1.0409200e+06
   1.0412220e+06
   1.0412860e+06
   1.0416540e+06
   1.0419380e+06
   1.0420350e+06
   1.0421710e+06
   1.0424530e+06
   1.0426120e+06
   1.0428080e+06
   1.0430650e+06
   1.0435020e+06
   1.0436570e+06
   1.0438690e+06
   1.0440960e+06
   1.0443190e+06
   1.0448510e+06
   1.0451490e+06
   1.0454390e+06
   1.0458900e+06
   1.0463270e+06
   1.0467020e+06
   1.0471320e+06
   1.0473420e+06
   1.0474480e+06
   1.0477670e+06
   1.0480500e+06
   1.0482900e+06
   1.0484380e+06
   1.0486010e+06
   1.0487360e+06
   1.0490780e+06
   1.0492490e+06
   1.0497310e+06
   1.0499460e+06
   1.0503710e+06
   1.0508170e+06
   1.0510550e+06
   1.0512850e+06
   1.0515060e+06
   1.0519220e+06
   1.0521790e+06
   1.0525240e+06
   1.0529120e+06
   1.0530570e+06
   1.0533750e+06
   1.0536600e+06
   1.0539890e+06
   1.0546290e+06
   1.0547940e+06
   1.0550380e+06
   1.0554660e+06
   1.0559390e+06
   1.0566990e+06
   1.0569790e+06
   1.0574340e+06
   1.0574760e+06
   1.0579990e+06
   1.0589840e+06
   1.0593410e+06
   1.0596340e+06
   1.0601890e+06
   1.0605150e+06
   1.0607390e+06
   1.0609950e+06
   1.0613570e+06
   1.0615890e+06
   1.0616490e+06
   1.0618980e+06
   1.0621760e+06
   1.0622700e+06
   1.0626100e+06
   1.0629570e+06
   1.0631530e+06
   1.0635340e+06
   1.0638940e+06
   1.0642210e+06
   1.0644820e+06
   1.0647330e+06
   1.0649740e+06
   1.0651690e+06
   1.0653900e+06
   1.0657310e+06
   1.0661790e+06
   1.0665790e+06
   1.0668340e+06
   1.0671870e+06
   1.0674690e+06
   1.0677530e+06
   1.0679940e+06
   1.0684720e+06
   1.0686430e+06
   1.0689630e+06
   1.0693690e+06
   1.0696200e+06
   1.0700120e+06
   1.0704030e+06
   1.0705670e+06
   1.0710890e+06
   1.0714600e+06
   1.0715920e+06
   1.0720650e+06
   1.0724430e+06
   1.0725780e+06
   1.0728130e+06
   1.0730620e+06
   1.0734110e+06
   1.0737240e+06
   1.0740500e+06
   1.0744410e+06
   1.0745910e+06
   1.0749880e+06
   1.0752730e+06
   1.0755690e+06
   1.0758390e+06
   1.0760880e+06
   1.0764310e+06
   1.0766880e+06
   1.0772500e+06
   1.0772900e+06
   1.0778530e+06
   1.0786380e+06
   1.0792710e+06
   1.0795400e+06
   1.0799830e+06
   1.0802830e+06
   1.0805580e+06
   1.0808590e+06
   1.0815800e+06
   1.0824780e+06
   1.0827710e+06
   1.0831880e+06
   1.0835520e+06
   1.0836280e+06
   1.0837770e+06
   1.0841110e+06
   1.0842640e+06
   1.0843720e+06
   1.0844540e+06
   1.0847780e+06
   1.0850970e+06
   1.0853910e+06
   1.0855130e+06
   1.0857350e+06
   1.0859230e+06
   1.0861810e+06
   1.0865030e+06
   1.0867960e+06
   1.0871070e+06
   1.0872520e+06
   1.0876430e+06
   1.0880880e+06
   1.0884070e+06
   1.0884610e+06
   1.0888820e+06
   1.0891620e+06
   1.0891930e+06
   1.0895490e+06
   1.0900060e+06
   1.0902360e+06
   1.0905720e+06
   1.0907020e+06
   1.0910710e+06
   1.0912580e+06
   1.0915640e+06
   1.0918610e+06
   1.0919610e+06
   1.0921560e+06
   1.0925950e+06
   1.0926670e+06
   1.0929480e+06
   1.0931030e+06
   1.0932510e+06
   1.0934350e+06
   1.0936330e+06
   1.0940740e+06
   1.0943880e+06
   1.0945580e+06
   1.0948720e+06
   1.0949450e+06
   1.0952610e+06
   1.0955110e+06
   1.0955620e+06
   1.0960790e+06
   1.0963590e+06
   1.0965500e+06
   1.0967940e+06
   1.0969780e+06
   1.0971770e+06
   1.0975000e+06
   1.0978560e+06
   1.0981270e+06
   1.0986980e+06
   1.0989670e+06
   1.0995260e+06
   1.0999380e+06
   1.1004610e+06
   1.1005920e+06
   1.1016810e+06
   1.1018260e+06
   1.1023850e+06
   1.1027610e+06
   1.1029450e+06
   1.1034940e+06
   1.1036680e+06
   1.1041060e+06
   1.1042530e+06
   1.1045940e+06
   1.1048520e+06
   1.1050180e+06
   1.1055650e+06
   1.1059260e+06
   1.1063740e+06
   1.1067140e+06
   1.1070310e+06
   1.1076150e+06
   1.1079070e+06
   1.1081740e+06
   1.1089080e+06
   1.1090310e+06
   1.1098910e+06
   1.1101260e+06
   1.1112960e+06
   1.1115430e+06
   1.1118410e+06
   1.1124090e+06
   1.1128950e+06
   1.1132040e+06
   1.1135610e+06
   1.1135900e+06
   1.1140230e+06
   1.1142670e+06
   1.1144510e+06
   1.1149210e+06
   1.1152190e+06
   1.1157540e+06
   1.1161730e+06
   1.1162500e+06
   1.1166670e+06
   1.1169250e+06
   1.1171640e+06
   1.1176170e+06
   1.1176600e+06
   1.1183730e+06
   1.1186400e+06
   1.1189510e+06
   1.1191790e+06
   1.1195110e+06
   1.1198750e+06
   1.1201330e+06
   1.1209530e+06
   1.1211550e+06
   1.1214980e+06
   1.1217230e+06
   1.1222370e+06
   1.1224530e+06
   1.1225700e+06
   1.1229260e+06
   1.1238880e+06
   1.1240830e+06
   1.1243040e+06
   1.1244530e+06
   1.1249830e+06
   1.1251800e+06
   1.1256180e+06
   1.1261340e+06
   1.1266800e+06
   1.1270270e+06
   1.1279040e+06
   1.1282170e+06
   1.1284420e+06
   1.1288580e+06
   1.1293040e+06
   1.1296190e+06
   1.1298510e+06
   1.1304280e+06
   1.1307610e+06
   1.1310640e+06
   1.1316110e+06
   1.1318940e+06
   1.1320700e+06
   1.1323180e+06
   1.1327120e+06
   1.1328870e+06
   1.1331720e+06
   1.1335570e+06
   1.1343860e+06
   1.1345790e+06
   1.1349330e+06
   1.1354220e+06
   1.1356320e+06
   1.1357910e+06
   1.1360310e+06
   1.1363870e+06
   1.1367670e+06
   1.1372320e+06
   1.1374350e+06
   1.1378330e+06
   1.1382350e+06
   1.1383520e+06
   1.1388520e+06
   1.1392140e+06
   1.1397820e+06
   1.1398640e+06
   1.1405300e+06
   1.1411400e+06
   1.1416390e+06
   1.1418890e+06
   1.1419720e+06
   1.1423640e+06
   1.1426560e+06
   1.1428280e+06
   1.1429830e+06
   1.1431540e+06
   1.1434210e+06
   1.1436200e+06
   1.1437670e+06
   1.1440150e+06
   1.1442650e+06
   1.1445080e+06
   1.1448870e+06
   1.1451330e+06
   1.1452190e+06
   1.1454390e+06
   1.1457070e+06
   1.1459430e+06
   1.1461990e+06
   1.1462660e+06
   1.1465610e+06
   1.1468640e+06
   1.1470240e+06
   1.1471850e+06
   1.1475790e+06
   1.1481230e+06
   1.1483470e+06
   1.1489620e+06
   1.1493720e+06
   1.1498150e+06
