3328
6653
10194
12334
15854
18574
22065
23981
27240
30065
33196
36706
39670
42322
44622
48152
50723
53474
56863
57361
62370
65889
68874
72249
75349
77565
78340
80666
83879
86974
89920
93096
96369
98515
99850
102250
104846
107367
110507
113213
115648
119193
121825
124760
127635
137553
139686
142515
145681
148665
152150
154806
156912
160348
162659
166028
169258
172347
175303
178678
181393
184179
187503
193194
196069
198995
199805
202406
205355
207851
210496
213163
216143
216846
219378
222124
225263
228983
231339
234079
237423
241553
243224
243603
246160
251846
253847
256013
259857
262942
266303
268030
274504
277920
279835
282550
283140
285047
289231
291702
294378
297483
303278
305025
306234
309344
311694
315348
317545
324220
326701
330364
332780
335772
336326
338192
340769
344188
346578
350338
352888
356149
358629
362043
364371
367455
369781
371869
373515
375992
378069
379841
381891
384194
386915
389020
392515
394681
397906
401242
404382
407421
409278
411334
414180
416516
418924
421718
424563
427029
429386
431842
433878
436105
438472
440878
443623
446099
447836
449513
453133
455330
457716
461096
463746
466408
469591
471934
474813
476916
479906
481981
485016
487374
490357
492854
495550
497546
500212
502854
505689
507750
510476
512771
515657
517620
520401
522562
528367
530310
532201
534228
536065
538001
540469
542555
546085
549140
551756
554235
556412
559119
561204
564080
566871
569611
573107
575531
578207
580070
581272
582520
585565
590434
593552
595316
598844
600278
603217
605753
608179
611170
613791
616452
619088
619551
621238
623774
626276
628942
631411
633908
636593
639429
641715
644221
647767
648700
651420
654075
656432
659343
661873
663271
666246
668762
671267
674583
676440
679097
681711
684663
686944
689529
692086
694876
697512
700138
702418
705184
707610
710445
712931
715453
718073
720680
723085
725741
728227
731911
732785
734067
736100
738790
741445
743892
746983
749299
752120
755103
757630
759946
762452
765367
769552
772286
780005
780684
786294
787503
790259
792225
794930
798779
801240
804454
807451
810354
813799
816297
818828
821976
824512
826659
828775
831557
834267
837082
839135
842869
845529
848633
850707
854305
857156
860017
862687
864689
867869
871293
873325
876545
879965
882799
885844
888011
890796
894566
896826
899713
901339
903482
905279
907789
911643
914165
917659
919696
922865
924862
927863
930762
933518
936452
938679
941345
944660
947645
950351
953687
956830
959815
961539
964798
965213
967779
969999
973949
975660
976106
982855
985476
987172
990083
993313
995648
999044
1001315
1005029
1007710
1010355
1012661
1015037
1015975
1017613
1020819
1023679
1025670
1028676
1031491
1034037
1037351
1040157
1042523
1045558
1048535
1051520
1054074
1056501
1059655
1062421
1065137
1068861
1070869
1073739
1076678
1077327
1077836
1079893
1082838
1085464
1088849
1091814
1094180
1096187
1100506
1102187
1106671
1110251
1113869
1116365
1118062
1119626
1122964
1125320
1128166
1131510
1134655
1137221
1140686
1143652
1146372
1149283
1152297
1155492
1158188
1161372
1164188
1167060
1170817
1173729
1176818
1180368
1182994
1186293
1188974
1190885
1194449
1197091
1197545
1200077
1203185
1205493
1208009
1209102
1210853
1211888
1213848
1216610
1219545
1222401
1224917
1227792
1230403
1233089
1236039
1238699
1242203
1244011
1247045
1249081
1252227
1255352
1257435
1260064
1263169
1266045
1269539
1271885
1274792
1277736
1280402
1283403
1286064
1289284
1291694
1294349
1297690
1299387
1303495
1305571
1309551
1312181
1314367
1316654
1319430
1322035
1322785
1324910
1327566
1329579
1333007
1334756
1336941
1339707
1341713
1345014
1346725
1348672
1349837
1350855
1354064
1356520
1357608
1359555
1363160
1365067
1368062
1370707
1373918
1376827
1379489
1382075
1384595
1386761
1390126
1393167
1395996
1398619
1402486
1405481
1407258
1410314
1413305
1416375
1418500
1421036
1424421
1427077
1429689
1431925
1435393
1437461
1439393
1442608
1445064
1446597
1449770
1452941
1454912
1457894
1460483
1463199
1466213
1468740
1470896
1474167
1477236
1479424
1482804
1484764
1487101
1491054
1496092
1497035
1498562
1501248
1504259
1509930
1512919
1515425
1518050
1521412
1523938
1526557
1529912
1532938
1534790
1538448
1541113
1543720
1546765
1549401
1553115
1555790
1558243
1559804
1562889
1565575
1568161
1571257
1574401
1574946
1576736
1579628
1580261
1582254
1585120
1588110
1590884
1591849
1594259
1596195
1602227
1605431
1608352
1610938
1614597
1617112
1618799
1621894
1624586
1627811
1630740
1633941
1636751
1639906
1642801
1645886
1649420
1651437
1654093
1656569
1659281
1662426
1664796
1668107
1672140
1674127
1677076
1680147
1680490
1682663
1686283
1689636
1692232
1694418
1698797
1699112
1701627
1703993
1706928
1709490
1714087
1716613
1719000
1721924
1725165
1728315
1731619
1734690
1738138
1741513
1744667
1747453
1749839
1754073
1759980
1760484
1763039
1765604
1768136
1771600
1774556
1776796
1779781
1783176
1786077
1788787
1791343
1794328
1797243
1799320
1802076
1804302
1805950
1808725
1810273
1812229
1814136
1815794
1817457
1818729
1821345
1823611
1826926
1829821
1832816
1836021
1839107
1842622
1845302
1848647
1850997
1853513
1856744
1859444
1862320
1865390
1867651
1869937
1872822
1875808
1878599
1880590
1883984
1885841
1888513
1891419
1897354
1899526
1902235
1904403
1907627
1909440
1912778
1915056
1920915
1923148
1923997
1925754
1928195
1931210
1935897
1938506
1941522
1944108
1947134
1947534
1949759
1952844
1954737
1957686
1960807
1963926
1965604
1969014
1971534
1974441
1977515
1980376
1982237
1985758
1987540
1992667
1995042
2000677
2002994
2005975
2008890
2010977
2014356
2016632
2019817
2022693
2025025
2028030
2031668
2034533
2038137
2040663
2043818
2044913
2047192
2048936
2051527
2056210
2058195
2059205
2060012
2062339
2063008
2064675
2067377
2069888
2072512
2075873
2078353
2081235
2083864
2086556
2089525
2091747
2092397
2094677
2097563
2099898
2102374
2105695
2107702
2108195
2110243
2113034
2115539
2118664
2120951
2123391
2126407
2128193
2130799
2133411
2136879
2139157
2142052
2145052
2147033
2150124
2151715
2154397
2157846
2160727
2163393
2164826
2167700
2170375
2173231
2175747
2178509
2180988
2183494
2186067
2188516
2191541
2194048
2196344
2198811
2201885
2202475
2204700
2207226
2209852
2212888
2215294
2217670
2219966
2222758
2224818
2227574
2229880
2231977
2234213
2237029
2239714
2242850
2245047
2247732
2250038
2252879
2255210
2257686
2260222
2262388
2264681
2267700
2270375
2273332
2275687
2278748
2280519
2283550
2285712
2288198
2290433
2292995
2295544
2297701
2300158
2302703
2305240
2307626
2310722
2312544
2314854
2317296
2320036
2322718
2325244
2327244
2329861
2331293
2334203
2335830
2336559
2340103
2341242
2342020
2343398
2344887
2346004
2347362
2349065
2350403
2351971
2353861
2356048
2357821
2359562
2360760
2362788
2365433
2366877
2368175
2372228
2373200
2375367
2379417
2382266
