2765
5914
8107
11256
14421
17216
20148
23617
26222
29297
32212
34917
37593
40585
44142
46899
49923
52290
55027
57102
61934
64806
67925
71051
73915
77130
78160
80002
82018
86235
88751
92026
94782
97524
99445
101261
103578
106483
109110
112024
114749
117432
120401
122997
125609
133935
138612
141257
144642
147114
150283
153214
156089
158759
161874
164430
168084
171245
174493
176940
179945
183656
186331
189416
195300
198532
199600
200772
203439
206503
209059
212115
215418
216403
217741
220646
225084
226956
229765
233579
236435
239581
242345
243424
244991
250253
252769
255620
257980
261235
264001
266872
272783
275582
278343
281443
282966
284897
287394
290344
293250
296089
302139
304596
305215
307671
310406
313917
316667
322277
325652
328288
330544
334297
336065
337090
340448
342112
345780
348505
351191
354256
357357
360326
362932
366027
368603
370929
372237
374783
377139
378867
380943
382411
385482
387472
391796
393523
396814
399849
402829
405903
408599
411125
412982
415098
417325
420310
423336
425801
428193
430773
432976
434777
437272
439729
442444
444591
446708
448671
451500
453808
456442
459348
462149
464959
467830
470639
473285
475751
478427
480913
483818
486264
488800
491406
494021
496618
499280
501799
504166
506722
509427
511813
514295
516971
519321
521728
524034
529475
531142
533419
535116
536763
539190
541436
544162
547246
550232
552798
555689
558001
559688
562564
565368
568292
571578
574010
576779
578986
581019
581678
584307
589665
591861
594013
596983
599153
602418
604621
607686
610082
612873
615487
617874
619227
620491
623025
625268
628017
630664
632969
635961
638197
640637
643193
645779
647935
650408
652378
655513
657989
660325
662581
665168
667614
670110
673025
675371
677943
680723
683365
686184
688650
691162
693833
696487
699083
701340
704206
706701
709307
711873
714894
717194
719597
722232
725223
727727
730074
732516
733029
735365
738446
739720
742544
745339
748071
750691
753536
755964
758608
762148
764349
768043
770649
776300
780179
784856
786873
788541
791487
794676
796747
799583
802584
805542
808807
811563
814518
817853
820539
823176
825647
827498
829884
832829
835595
838420
841365
844061
846577
849882
852567
855872
858568
860874
864085
866735
869267
872562
875421
878656
881357
884426
887398
890268
892629
895170
898600
901231
901709
904206
907345
910055
912737
916195
918761
921437
923914
926888
928905
932076
934602
937921
940802
943748
946876
949678
952567
955438
958308
961283
964079
965057
966077
969140
971936
974821
975896
980803
983707
986493
989378
991934
995050
998064
1000786
1003725
1006432
1009277
1011768
1014449
1015268
1017094
1019849
1022166
1024682
1027447
1030382
1032729
1036293
1039358
1041944
1044440
1047575
1050410
1053136
1056041
1059086
1061632
1064747
1067483
1069820
1072601
1076119
1077059
1077602
1078765
1082129
1084447
1087612
1090286
1092874
1095099
1097744
1100799
1104849
1108427
1111449
1115147
1117393
1118957
1121377
1124462
1126634
1130003
1132958
1135833
1139078
1141814
1144970
1147764
1150740
1153775
1157099
1159765
1162591
1165915
1169425
1172451
1175710
1178305
1181600
1184336
1186897
1190043
1193302
1196288
1197306
1198443
1201594
1204064
1207025
1208463
1210134
1211113
1213080
1215636
1218318
1221067
1224273
1226355
1229293
1232079
1234686
1237587
1240267
1243411
1245977
1248829
1251298
1253615
1256250
1259415
1262487
1265256
1267942
1270847
1273324
1276318
1279150
1282149
1285020
1287790
1290477
1293347
1295907
1298842
1301554
1304984
1307798
1310550
1313169
1315731
1318431
1321266
1322604
1324092
1326718
1328604
1331110
1333612
1335863
1338465
1340465
1343541
1345298
1347474
1349461
1350100
1352696
1354832
1357239
1358776
1360783
1363798
1366743
1368950
1372051
1375110
1378235
1380761
1383163
1385483
1388499
1391454
1394884
1397654
1400659
1403644
1406491
1409675
1412181
1415176
1417622
1420637
1423143
1425700
1428605
1431150
1433675
1435913
1438668
1441274
1443257
1445916
1448652
1451154
1453874
1456985
1459475
1462410
1465027
1467498
1470174
1472674
1475379
1478335
1481290
1483872
1487007
1489433
1494808
1496375
1497514
1500615
1503135
1508756
1511347
1514263
1517208
1519854
1522665
1525978
1528714
1531619
1534105
1536851
1539806
1542833
1545603
1548602
1551757
1553983
1556571
1559015
1562030
1564548
1567462
1570618
1573039
1574691
1575788
1578525
1579858
1581170
1584471
1586841
1590012
1591679
1592532
1594924
1601527
1604054
1606669
1610010
1612500
1615295
1617927
1620916
1623848
1627187
1629484
1632847
1635878
1639288
1641843
1644848
1648109
1650409
1652715
1655926
1658557
1660379
1664538
1667722
1670057
1673182
1676497
1679033
1680381
1681875
1684855
1687370
1690684
1693350
1697164
1698921
1699800
1703144
1706669
1709344
1712320
1714506
1717667
1721095
1724120
1727246
1730151
1733407
1737529
1740055
1743010
1745796
1749480
1752016
1758575
1760252
1761211
1764585
1767621
1770432
1772902
1775544
1779373
1781748
1784375
1787160
1790065
1793760
1796286
1798951
1800448
1802585
1805326
1807856
1809514
1811031
1813188
1814935
1816413
1817830
1820732
1822453
1825538
1828294
1831429
1834625
1837559
1841189
1843745
1846720
1849406
1852735
1855879
1858715
1861161
1863707
1866592
1869218
1872190
1874769
1877405
1880087
1882473
1884923
1888038
1890105
1895756
1898272
1900769
1903873
1906069
1909064
1911537
1913747
1919723
1921964
1923262
1924629
1927145
1929661
1934784
1937279
1940435
1943080
1945827
1947319
1948241
1950538
1954008
1956748
1959364
1961876
1964941
1967886
1970646
1973442
1976277
1978908
1981774
1984090
1986407
1991213
1993209
1999280
2001801
2004591
2007137
2009944
2012485
2015414
2018629
2021454
2024010
2027241
2030100
2033385
2036601
2039226
2042307
2044617
2046394
2047892
2050408
2053074
2057137
2058864
2059403
2061180
2062838
2063696
2065344
2068708
2071065
2074279
2076935
2079561
2082456
2085332
2088127
2090673
2092122
2093239
2095955
2098941
2101775
2104281
2106757
2107867
2109393
2112149
2114746
2117187
2119467
2122233
2124700
2127421
2129737
2132378
2134922
2137714
2140274
2143025
2145976
2148492
2150997
2153639
2155779
2158954
2161410
2163956
2166707
2169483
2172233
2174798
2177783
2180060
2182937
2185272
2187658
2190264
2192966
2195606
2198127
2200693
2202261
2203103
2205640
2208506
2211619
2214325
2216401
2218889
2221284
2223620
2226436
2228462
2230765
2233081
2235321
2238158
2241252
2243608
2246653
2248935
2251411
2253642
2256324
2258944
2261326
2263917
2266641
2269423
2272132
2274675
2276906
2279571
2282106
2284808
2287198
2289744
2292170
2294503
2296803
2299419
2302015
2304421
2306977
2309123
2311599
2314125
2316517
2318997
2321460
2323679
2326202
2328803
2330449
2332785
2335311
2336100
2337637
2340453
2341567
2342300
2343977
2345195
2346453
2348490
2349510
2350816
2353173
2355016
2356787
2358474
2359981
2361479
2364141
2366537
2367250
2370095
2372608
2373976
2377803
2380379
