299
941
1601
2350
3178
3884
4529
5157
5994
7077
7985
8557
9093
9845
10711
11251
11885
12444
13179
13792
14411
15101
16051
17133
17792
18372
19060
19525
20143
20798
21414
22148
22799
23558
24318
25232
26076
26825
27622
28577
29233
30035
30846
31774
32858
33886
34934
35727
36405
37053
37596
38307
39400
40314
41083
41743
42548
43257
43999
44628
45311
45945
46668
47198
47834
48532
49154
49988
50895
51781
52721
53679
54528
55229
55964
57318
58051
58678
59371
60186
61025
61919
62739
63563
64350
65005
65585
66345
67268
68161
68915
69912
70835
71515
72233
73129
73856
74666
75415
76202
76876
77597
78520
79400
80045
80642
81317
82248
82887
83515
84076
84839
85525
86265
87870
88745
89445
90120
90919
91629
92350
93224
94028
94800
95561
96504
97168
97889
99224
100000
100630
102047
103086
104256
105127
106051
106930
107741
108559
109281
109883
110406
111136
111797
112621
113255
113779
114426
114961
115601
116248
117051
117755
118911
119497
120276
121097
121745
122745
124713
126158
127092
127697
128385
129029
129943
130720
131372
131911
132530
133077
133571
134189
134982
135501
136188
136911
138045
138828
139804
140393
140921
141546
142028
142548
143343
144216
144865
145641
146324
147014
147599
148342
148999
149624
150224
150909
151723
152672
153458
154187
155761
156576
157222
157933
158473
159016
159600
160179
161132
162113
163092
164097
164807
165316
165876
166519
167511
168297
169009
169936
170577
171094
171679
172202
172822
173395
173938
174713
175714
177025
178006
178687
179237
179873
180478
181085
181711
182277
182853
183506
184036
184639
185300
185903
186611
187267
187994
188689
189433
190257
190931
191626
192454
193124
193871
194505
195218
196478
197376
198828
199442
200018
200554
201153
201727
202285
202980
203638
204420
205133
205877
206669
207273
207818
208383
208971
209794
210508
211167
211838
212823
213548
214375
214974
215573
216198
216802
217432
218008
218648
219289
219939
220586
221183
221825
222425
222986
223697
224412
225071
225621
226242
226935
227671
228305
228983
229748
230386
231092
231779
232421
233256
234012
234512
235714
236494
237325
237893
238519
239245
240042
240722
241512
242117
242799
243398
244073
244899
245682
246786
247431
248123
248842
249619
250654
252023
252874
253584
254313
254951
255679
256469
257328
257958
258525
259843
260799
261753
262423
263061
264004
264701
265415
266181
266781
267432
268017
268681
269413
269952
270670
271248
271935
272626
273322
274149
275092
275882
276410
276919
277622
278245
279124
279745
280321
281022
281774
282566
283208
283979
284530
285226
285952
286582
287258
287895
288550
289533
290285
290916
291638
292237
292787
293339
293957
294693
295450
296126
296761
297380
298209
299013
299620
300150
300833
301575
302159
302710
303228
304035
304814
305401
306064
306702
307313
307968
308657
309368
310206
310973
311624
312379
313063
313815
314669
315384
316141
316774
317642
318303
319042
319653
320242
320785
321562
322313
323004
323548
324328
324865
325488
326100
326622
327363
328221
328941
329524
330211
331087
332029
332754
333474
334035
334606
335208
335941
336651
337530
338484
339180
339834
340456
341114
342170
342862
343534
344169
344827
345569
346370
347201
347896
348509
349560
350370
351089
352024
352575
353195
353956
355091
355946
357269
358116
359155
360713
361813
362717
363599
364294
364869
365465
366185
366894
367521
368317
369108
370212
371476
372294
373715
374788
375677
376354
377074
377687
378298
379079
379709
380201
380667
381534
382638
383449
384045
384865
386238
387328
388081
388809
389457
390239
390885
391403
392217
393023
393570
394140
394869
395573
396463
398539
399832
400695
401869
402839
403680
404191
404753
405428
406254
407137
407758
408227
408727
409337
410074
410681
411351
411939
412971
413566
414038
414695
415337
416688
417342
418280
419548
420256
420779
421395
422158
422703
423193
423923
424820
426314
427604
428249
428833
429355
429881
430414
431107
432228
433334
435192
435839
436696
437320
437894
438410
438973
439625
440354
440907
441464
441978
442628
443157
443682
444382
445013
445610
446400
447306
448028
448614
449155
449879
450565
451305
451967
452745
453910
454610
455412
456049
456568
457127
457743
458398
459174
459741
460278
461009
461700
462316
462907
463640
464438
465256
465814
466497
467369
468091
468611
469279
470113
471181
472196
472831
473512
474259
475128
476115
477208
478141
478821
479598
480246
480975
481532
482141
483025
483612
484226
484884
485844
486643
487268
487982
488676
489476
490221
491014
491749
492627
493600
494533
495144
495920
496848
497517
498284
498991
499799
500714
501608
502498
503461
504663
505502
506225
507086
507951
508856
509995
510867
511461
512102
512804
513801
514546
515137
515846
516996
517811
518485
519699
520491
521263
522074
522803
524011
524963
525659
526505
527314
528146
529108
529823
530456
531220
532196
532993
533809
534593
535486
536291
537365
538494
539626
540532
541523
542295
543358
544455
545401
546639
548107
549265
550431
551523
552571
553298
554674
555557
558321
559821
561461
562741
563808
564760
565487
566577
567586
568864
570087
571230
572886
575052
576274
577100
578004
579119
580157
581310
582213
583298
584273
585372
586797
587881
589327
590512
591671
592631
593550
594721
595766
596534
597112
598042
599343
600519
601647
602610
603440
604497
605626
606973
608149
609123
610424
611372
612448
613464
614533
615783
616819
617838
619058
620388
621452
622350
623136
624153
625606
626761
627880
629408
630528
631613
632502
633314
634378
635580
636323
637238
638073
638997
639855
641095
642184
643178
644236
645214
646521
648019
649321
650362
651250
652137
653237
654685
656331
657845
658969
659896
660901
662012
663133
663961
665012
666242
667759
668899
670104
671377
672850
673932
675283
676502
677712
678721
679564
680566
681674
682636
683767
684751
685706
686852
688591
689928
691982
693046
694099
695077
696207
697364
698186
699050
702553
703694
704780
706303
707373
708291
709260
710246
711287
712313
713349
714432
716226
717492
718875
720067
721363
722822
724477
725471
726450
728110
729496
730896
732438
733673
735021
736034
737143
738464
739911
741364
742682
743757
744762
745711
746706
747858
749893
751093
752289
754142
755706
757214
758534
759650
760837
761854
763054
764328
765851
767225
769855
770798
771952
773044
774168
775560
777655
779116
781686
782807
784087
785581
787093
789438
791055
792999
794313
795761
797080
798730
800160
801612
803122
804799
806379
807653
808865
810064
811539
813291
814944
816832
818220
819293
820419
822102
823531
825158
826496
828053
829532
830853
832545
834166
835667
837133
838547
840095
841601
842961
844611
845939
849401
850581
851760
853654
855302
857106
858341
859524
860802
862011
863763
865200
867218
868338
869291
870238
871331
872689
873870
874964
876218
878088
879519
881008
882617
883792
884932
886419
888250
889611
890619
891773
893289
894761
896285
897718
899556
900961
902363
903698
904664
906058
907248
908758
910047
911380
913384
914966
916087
917156
918496
920218
922201
923564
924686
925888
927049
928305
929567
933623
934730
935708
937317
938668
940086
941573
943058
944176
945784
947478
948882
950114
951174
952484
953936
955226
957051
958908
959891
961081
964288
965374
966378
967495
968820
969715
970963
972271
973316
974686
975869
977491
978883
980365
981693
983040
984667
985967
987029
988467
989935
991403
992618
994031
995572
997467
998804
1000413
1001642
1002830
1004032
1005383
1006749
1008681
1010147
1011430
1012752
1014321
1015693
1017381
1018871
1023213
1024394
1025591
1026818
1028265
1029575
1030741
1031935
1033203
1034339
1035565
1036996
1038357
1039566
1042042
1043775
1045036
1046154
1047700
1049047
1050055
1051083
1052557
1053686
1054881
1056240
1057644
1059150
1062144
1063838
1065027
1066253
1067483
1068407
1069431
1070577
1071722
1072886
1074093
1075536
1076770
1077934
1078045
1079308
1080663
1082100
1083626
1085183
1091923
1093159
1094641
1096327
1097712
1098996
1100726
1102770
1104160
1105665
1106764
1107908
1110796
1111935
1113323
1114971
1119265
1120882
1123305
1125506
1127595
1128817
1130244
1136878
1138489
1140442
1141645
1144051
1145879
1147486
1149012
1150523
1151695
1153077
1154186
1155830
1157263
1159028
1160398
1161955
1163195
1164879
1166388
1169353
1170744
1171898
1173354
1174695
1175812
1177755
1178905
1180052
1181088
1182611
1183941
1187229
1188639
1189891
1190972
1192015
1193183
1194644
1195811
1197349
1198718
1199712
1200962
1202426
1203930
1205221
1206685
1207864
1209450
1210691
1212264
1213497
1215695
1218175
1219651
1220683
1222319
1223735
1225386
1226737
1228274
1229801
1232757
1234816
1236192
1237255
1238812
1240406
1242011
1243152
1244338
1245937
1247970
1249680
1250931
1252132
1253514
1255532
1256898
1258301
1261538
1262956
1264630
1266093
1267453
1269026
1270756
1273963
1275365
1276919
1278767
1280406
1281924
1283270
1284752
1286075
1288153
1289559
1290840
1292677
1294427
1295671
1296978
1298508
1300194
1301740
1303493
1305992
1309689
1311089
1312607
1313885
1315726
1317713
1319881
1321983
1323662
1327229
1328652
1329768
1330947
1332406
1336482
1340263
1342037
1347671
1354952
1356298
1357521
1358413
1359614
1360855
1362435
1365573
1366857
1370287
1371881
1373216
1374313
1379734
1380765
1382378
1384371
1386486
1387681
1388477
1389216
1390127
1391481
1392724
1393867
1394931
1396465
1397559
1398944
1400188
1401170
1402140
1403309
1404346
1405525
1406619
1407743
1409100
1410229
1411501
1412557
1413729
1415120
1416521
1417676
1418787
1419869
1421167
1422748
1424039
1425461
1426550
1427586
1428787
1430282
1431636
1433031
1434489
1435733
1436967
1438176
1439492
1441196
1442484
1444041
1445319
1446642
1448088
1449330
1451503
1453093
1454536
1455934
1457425
1458932
1460285
1461648
1462957
1465033
1466241
1467208
1468244
1469155
1470160
1471396
1472922
1474784
1476069
1477288
1478500
1479606
1481149
1482507
1483802
1485619
1487239
1488585
1489735
1490836
1492008
1493206
1494403
1495580
1496711
1497860
1498976
1500155
1501254
1502832
1504151
1505726
1506750
1508258
1509811
1511550
1512951
1514495
1516105
1517317
1518228
1519334
1520428
1523588
1524802
1525693
1526482
1527363
1528306
1529577
1530877
1532287
1533716
1535329
1536468
1537476
1538744
1540038
1541206
1542749
1544249
1548319
1549669
1554215
1555824
1557326
1558913
1560531
1562502
1563894
1565338
1568066
1569568
1571254
1572680
1573821
1575128
1576771
1578326
1579600
1580924
1582449
1583783
1584855
1586315
1587449
1588933
1590422
1591818
1593374
1594542
1595651
1596913
1597977
1599598
1600848
1601873
1603571
1604813
1605806
1606934
1607870
1611183
1612486
1613491
1614560
1615538
1616612
1617749
1618783
1620308
1621539
1622683
1623653
1624622
1625715
1626802
1627798
1629027
1630794
1632039
1633249
1634527
1635578
1636707
1637951
1639302
1640654
1642065
1643307
1644548
1645909
1647951
1650170
1651377
1652614
1653902
1655420
1659136
1661302
1662557
1664145
1665842
1667229
1668784
1670418
1671633
1673386
1674702
1675905
1677220
1678464
1679813
1683220
1684399
1685522
1687021
1688300
1690061
1691439
1692931
1694256
1696366
1697999
1699907
1701718
1702972
1704783
1706035
1707125
1708246
1709697
1710973
1714629
1716197
1717438
1718430
1719308
1720700
1721983
1723716
1725440
1726832
1728068
1729391
1730766
1732042
1733401
1734587
1738681
1739980
1741678
1743582
1745087
1746811
1748435
1749693
1750803
1752039
1753293
1754802
1756193
1757436
1758668
1759964
1761569
1763106
1765502
1767695
1769105
1773297
1775000
1776887
1778256
1782431
1784761
1786065
1787717
1790045
1791460
1795044
1797118
1802601
1803867
1805241
1806886
1809089
1810295
1811786
1815448
1821686
1823298
1824464
1825417
1826899
1828940
1830553
1831553
1832710
1833816
1835233
1836471
1837989
1839674
1840927
1842270
1843390
1844713
1846119
1847364
1848805
1849861
1850881
1852063
1853065
1854575
1855659
1856912
1858121
1859201
1860189
1861014
1861993
1863039
1864452
1865842
1867169
1868565
1869660
1870797
1871817
1873030
1874337
1875386
1876315
1877169
1878096
1879029
1880118
1881174
1882195
1883281
1884282
1885042
1885894
1886915
1888813
1890240
1891329
1892573
1893641
1894739
1895935
1896964
1897997
1899622
1901053
1902557
1903797
1904920
1905885
1907036
1908135
1909285
1910609
1911661
1913404
1914605
1915854
1916805
1917682
1918842
1920041
1920958
1921894
1922942
1923903
1924909
1926081
1927255
1928260
1929280
1930376
1931457
1932189
1933333
1934658
1935688
1936974
1937847
1938659
1939757
1940794
1942269
1943694
1945571
1946695
1948122
1949325
1950486
1951500
1952580
1953670
1954719
1955869
1956971
1960044
1961925
1963045
1964840
1966083
1967417
1968536
1969594
1970622
1971819
1972909
1973945
1974856
1975854
1978900
1980010
1981033
1981943
1982923
1983919
1985308
1986514
1987567
1988691
1989658
1990764
1991701
1992479
1993553
1995348
1996680
1997813
1998771
1999530
2000450
2001619
2002774
2003653
2004538
2005482
2008386
2010055
2011174
2012260
2013315
2014259
2015199
2015983
2016771
2018248
2019689
2020809
2022061
2023407
2024711
2025889
2026809
2027781
2029261
2030246
2031087
2031976
2032918
2034158
2035296
2036471
2038591
2040009
2041111
2042311
2043666
2045019
2046222
2047309
2048564
2049726
2052677
2054166
2060733
2063227
2064214
2065035
2066010
2067150
2067943
2068896
2070067
2070876
2071794
2072799
2073807
2074691
2075479
2076296
2077052
2077724
2078542
2079460
2080349
2081449
2082561
2083350
2084123
2084931
2085739
2086797
2087780
2088837
2089739
2090494
2091575
2092654
2093579
2094499
2095603
2096367
2097294
2098082
2098817
2099663
2100480
2101269
2102203
2103046
2103903
2104895
2106225
2107181
2107862
2109673
2110643
2111749
2112639
2113545
2114431
2115415
2116531
2117484
2118244
2119027
2119828
2120765
2121858
2122792
2123542
2124198
2125453
2126504
2127470
2128168
2128995
2130138
2131071
2132926
2133839
2134709
2135410
2136353
2137424
2138306
2139290
2140245
2141026
2141858
2142786
2143638
2144521
2145793
2146657
2147342
2148183
2149100
2149996
2151093
2151897
2153080
2154071
2155027
2156073
2156918
2157722
2158847
2159702
2160764
2161892
2162644
2163668
2164370
2164994
2165863
2166743
2167453
2168142
2168950
2169732
2170396
2170994
2171932
2172739
2173589
2174326
2175244
2176044
2176928
2177710
2178356
2179172
2180010
2181051
2181902
2182884
2183623
2184512
2185335
2186118
2186923
2187757
2188524
2189234
2190347
2191183
2191901
2193248
2193828
2194479
2195264
2196125
2196904
2197677
2198844
2199374
2200098
2200802
2201737
2202774
2203865
2204627
2205406
2206605
2207346
2208229
2209149
2210152
2211022
2212403
2212570
2213414
2214573
2216212
2219258
2220229
2220905
2221709
2222903
2223942
2225618
2229185
2230324
2231306
2232071
2232629
2233563
2234485
2235253
2235928
2236436
2237206
2237872
2238594
2239559
2240638
2241885
2243470
2244550
2245475
2246427
2247290
2248187
2249280
2250407
2251438
2252575
2253568
2254429
2255765
2256839
2257937
2259095
2259999
2260997
2261948
2262856
2263716
2264739
2265627
2266382
2267081
2267851
2268687
2269783
2270624
2271908
2272785
2273701
2274741
2275705
2276631
2277535
2278716
2279959
2281213
2282226
2283079
2283837
2284712
2285735
2286901
2287920
2288910
2289919
2290702
2291381
2292308
2293242
2294272
2295379
2296164
2296984
2297836
2298813
2299842
2300971
2302146
2303207
2304227
2305179
2306163
2307126
2308084
2309039
2309775
2310964
2311903
2313733
2314563
2315403
2316362
2317142
2317907
2318627
2319252
2320026
2320657
2322259
2323717
2324519
2325421
2326453
2327680
2328852
2329549
2330346
2331380
2332271
2333418
2334894
2336103
2336959
2338011
2339643
2342833
2343938
2344944
2346408
2349620
2350959
2351809
2355050
2356204
2357414
2358298
2359255
2360311
2361481
2362907
2363828
2364718
2365544
2367183
2368276
2369138
2369768
2371158
2372372
2373417
2374302
2375438
2376630
2377617
2378641
2379704
2380827
2381995
2383496
