32290
34381
35134
37224
37946
40575
41776
42782
43618
44781
45763
46464
48652
49455
52266
53961
55052
58181
67780
70178
70726
71654
87339
88384
97505
109187
112132
114027
117405
118024
119290
120784
122575
123342
125564
137351
154365
155281
155984
156631
157386
159283
161233
161766
163276
164678
165355
166371
167386
169451
170197
173971
175496
176009
176727
178525
180162
183154
188486
189049
190350
195476
196355
197386
200192
203146
203820
204804
205620
206574
208629
209447
210087
210961
212679
213198
213721
215058
216582
217940
220023
227589
230534
250314
250925
251813
252967
254981
258026
258691
259253
259853
260485
261803
263108
264097
267220
269899
272600
274478
275817
277742
287267
288876
289695
290295
290954
291951
293466
295990
298171
298804
299499
300410
301307
301851
302456
303856
304821
305851
307028
307801
309193
310295
314507
316763
317727
319779
321427
322199
322864
325966
327631
328630
330368
330935
331617
333144
336669
337316
337864
339967
342471
343100
346816
347494
348621
350120
350632
351694
353897
354694
355692
356208
356818
357335
358571
359325
359834
362374
362880
363507
365255
365777
366318
366864
367574
368561
372185
375618
376277
377302
399135
400036
400680
401339
402196
402800
403452
403996
404756
405574
406648
407614
409932
411277
411969
412679
413514
414475
414981
415661
416476
417251
417821
418616
419486
420229
421252
422332
423773
424436
424936
425512
426526
427053
428194
429282
430519
431439
432310
432913
433766
434476
435134
435706
436260
437657
438982
439486
439993
441120
441833
442444
443193
443797
444366
445115
445918
447688
448539
449639
450728
451317
453158
455384
456206
457424
458033
460774
461282
464485
467184
469510
470167
471971
473183
474832
475808
477095
477661
478664
479315
480160
482268
483396
485357
486201
488743
489396
490189
492019
494412
496675
499491
502004
504293
506679
509623
512726
517033
520136
522023
524472
528518
529900
530404
531235
531743
532363
533371
534372
535082
535839
536575
537872
538502
540446
541582
542164
542745
543571
544258
545038
545801
546400
553630
554137
554751
555696
556300
556925
557819
558324
559526
560090
560793
561488
562036
562677
563563
564177
564718
565656
566379
566892
569031
569576
570214
570813
572803
575509
576373
578393
579330
580654
582007
594805
602219
620766
635741
648325
650557
652317
653879
654464
655103
655793
656622
657174
657782
659993
662382
667371
669873
672376
673182
673996
674641
675235
676071
677284
687678
699336
700413
701216
701949
702548
703906
704825
705619
714644
728790
729368
729919
731884
732806
734732
735552
741691
742757
743538
744559
745211
746182
746801
747713
748447
749199
750053
750569
752215
752997
759510
767774
779630
783923
786968
787610
788145
788845
789889
790395
791067
792034
792871
794195
799490
800264
801172
801935
802602
803223
803767
804393
805278
806615
807476
808079
809232
810867
812005
814320
815279
816504
823192
824587
843794
844375
845895
846470
847524
852521
853620
858217
862964
864217
865686
866754
867366
867905
868788
870166
870871
871451
871952
873909
877517
878699
880902
882751
883404
884302
885818
886758
887493
888447
889602
892827
895466
898198
898800
909880
913921
915662
916437
917427
918000
919147
920355
921364
922030
922999
923788
924655
925258
925766
926365
926933
928109
928767
930788
931732
933027
933791
934321
936563
937190
938739
940239
963518
964736
966438
967809
968474
969020
971441
972172
972750
973679
974760
984352
1019975
1022138
1049743
1051968
1052755
1054959
1059293
1059891
1060864
1061450
1062410
1063113
1063864
1065427
1066077
1066787
1068191
1069585
1072060
1072642
1075685
1076538
1077942
1078697
1079453
1080143
1081030
1081635
1082983
1083494
1084006
1084573
1085161
1085718
1086524
1087181
1087958
1088848
1093956
1095667
1096340
1096902
1097475
1098409
1099135
1099652
1100650
1101580
1104305
1104821
1105468
1106027
1106702
1107273
1108284
1109854
1110491
1112534
1113488
1114226
1116153
1117306
1120415
1121866
1122761
1130103
1131533
1132659
1134736
1144370
1145598
1147172
1149178
1150125
1151030
1151603
1152161
1152760
1153546
1154446
1154968
1155818
1156467
1157103
1158000
1158602
1159142
1159742
1160382
1161178
1161974
1162565
1164801
1165628
1166931
1176163
1176789
1177484
1178596
1179611
1181040
1181635
1182895
1183530
1185011
1185548
1186200
1186876
1189596
1193106
1194096
1194785
1195703
1196213
1196812
1198220
1198760
1201307
1202719
1203402
1205268
1212209
1214812
1215535
1217644
1218147
1219486
1220767
1222131
1223588
1224699
1225334
1226107
1227012
1227971
1228985
1230130
1231147
1232365
1233302
1234404
1237228
1238253
1239984
1241939
1243016
1244860
1245623
1246822
1247437
1248235
1249066
1249698
1250535
1252095
1252950
1253582
1256069
1258611
1259383
1260548
1261471
1264076
1265153
1266965
1270683
1275918
1276754
1277424
1278007
1278642
1279319
1281637
1282496
1284019
1286295
1286807
1287516
1288074
1288802
1289544
1290260
1291498
1292486
1293230
1293861
1294908
1295503
1297891
1298637
1301557
1304653
1309997
1314281
1315252
1315928
1317972
1321089
1323808
1325614
1326128
1327612
1328540
1329092
1330474
1331091
1334179
1334743
1335546
1336084
1336638
1337176
1338279
1338817
1339641
1340669
1342208
1342959
1343537
1345273
1346167
1346955
1348249
1353613
1354233
1355005
1355851
1362004
1362616
1363176
1363714
1364296
1364860
1367019
1379521
1386883
1393131
1443790
1445961
1521553
1609177
1687664
1714750
1761919
1784148
1795170
1795703
1796374
1798065
1801782
1803428
1804184
1804912
1805463
1806188
1806911
1807520
1808380
1809354
1810399
1811060
1811769
1812352
1813570
1814083
1815212
1815926
1816790
1817438
1818289
1819168
1820065
1820803
1821620
1824382
1824903
1826107
1826893
1827410
1828342
1829210
1829889
1830677
1831313
1832822
1833657
1834192
1834877
1835752
1836492
1837354
1837888
1838560
1839364
1840293
1841458
1841970
1843532
1846081
1849367
1852451
1853319
1854118
1856424
1863698
1865108
1872912
1879959
1887778
1888528
1889079
1889588
1890570
1891482
1892240
1893096
1894104
1894723
1895569
1896623
1897599
1898386
1899221
1899984
1900809
1901949
1903382
1904790
1907154
1908810
1910099
1911517
1912295
1914599
1915751
1916435
1917917
1918434
1919390
1921118
1922371
1926422
1927074
1928163
1929157
1929996
1931287
1932002
1932632
1933386
1934069
1934984
1936250
1937603
1938683
1941442
1944086
1945541
1946723
1947975
1948697
1949490
1950278
1950970
1951893
1958207
1958808
1962404
1976385
1978112
1981407
1984337
1986317
1989138
1989941
1991568
1992465
1993171
1993696
1994582
1995103
1996067
1996571
1997297
1998009
1998606
1999516
2001881
2004073
2005122
2005969
2006726
2021816
2024041
2026836
2028074
2028594
2029287
2029895
2030580
2031117
2031843
2032483
2033107
2033665
2034462
2035368
2035923
2036646
2037166
2037913
2038422
2038950
2039489
2040220
2040988
2042096
2042684
2043523
2044314
2049726
2051932
2052793
2053756
2054329
2054946
2055737
2056297
2056922
2058154
2059817
2060385
2064975
2066810
2067964
2068699
2069252
2070059
2070620
2071238
2072388
2073332
2074288
2074983
2075903
2076613
2077122
2077927
2078592
2079352
2080651
2081455
2082293
2088084
2090766
2091499
2106670
2117197
2122425
2123031
2124530
2125432
2126972
2127642
2128217
2130129
2130753
2132373
2132976
2133806
2134562
2135142
2135963
2137435
2138106
2138640
2139492
2140223
2141776
2142997
2143646
2144227
2146040
2148034
2150722
2152638
2153361
2154327
2158673
2159901
2161425
2166850
2169713
2174564
2177505
2183279
2185640
2187782
2189895
2191153
2192846
2193588
2194301
2195667
2196459
2198055
2198640
2200418
2201216
2201813
2203206
2205617
2206176
2206786
2207294
2207910
2208637
2209258
2209879
2210409
2210974
2211821
2212663
2213674
2215010
2217468
2218234
2219175
2219712
2220505
2221152
2222115
2224004
2224701
2225309
2225958
2227277
2228359
2230472
2231531
2232238
2232818
2233533
2234207
2234888
2235449
2236105
2236610
2237386
2238426
2239041
2239715
2240222
2243122
2244247
2244946
2321057
2322623
2323166
2327786
2360924
2372347
