299
911
1541
2260
3058
3734
4349
4947
5754
6807
7685
8227
8733
9455
10291
10801
11405
11934
12639
13222
13811
14471
15391
16443
17072
17622
18280
18715
19303
19928
20514
21218
21839
22568
23298
24182
24996
25715
26482
27407
28033
28805
29586
30484
31538
32536
33554
34317
34965
35583
36096
36777
37840
38724
39463
40093
40868
41547
42259
42858
43511
44115
44808
45308
45914
46582
47174
47978
48855
49711
50621
51549
52368
53039
53744
55068
55771
56368
57031
57816
58625
59489
60279
61073
61830
62455
63005
63735
64628
65491
66215
67182
68075
68725
69413
70279
70976
71756
72475
73232
73876
74567
75460
76310
76925
77492
78137
79038
79647
80245
80776
81509
82165
82875
84450
85295
85965
86610
87379
88059
88750
89594
90368
91110
91841
92754
93388
94079
95384
96130
96730
98117
99126
100266
101107
102001
102850
103631
104419
105111
105683
106176
106876
107507
108301
108905
109399
110016
110521
111131
111748
112521
113195
114321
114877
115626
116417
117035
118005
119943
121358
122262
122837
123495
124109
124993
125740
126362
126871
127460
127977
128441
129029
129792
130281
130938
131631
132735
133488
134434
134993
135491
136086
136538
137028
137793
138636
139255
140001
140654
141314
141869
142582
143209
143804
144374
145029
145813
146732
147488
148187
149731
150516
151132
151813
152323
152836
153390
153939
154862
155813
156762
157737
158417
158896
159426
160039
161001
161757
162439
163336
163947
164434
164989
165482
166072
166615
167128
167873
168844
170125
171076
171727
172247
172853
173428
174005
174601
175137
175683
176306
176806
177379
178010
178583
179261
179887
180584
181249
181963
182757
183401
184066
184864
185504
186221
186825
187508
188738
189606
191028
191612
192158
192664
193233
193777
194305
194970
195598
196350
197033
197747
198509
199083
199598
200133
200691
201484
202168
202797
203438
204393
205088
205885
206454
207023
207618
208192
208792
209338
209948
210559
211179
211796
212363
212975
213545
214076
214757
215442
216071
216591
217182
217845
218551
219155
219803
220538
221146
221822
222479
223091
223896
224622
225092
226264
227014
227815
228353
228949
229645
230412
231062
231822
232397
233049
233618
234263
235059
235812
236886
237501
238163
238852
239599
240604
241943
242764
243444
244143
244751
245449
246209
247038
247638
248175
249463
250389
251313
251953
252561
253474
254141
254825
255561
256131
256752
257307
257941
258643
259152
259840
260388
261045
261706
262372
263169
264082
264842
265340
265819
266492
267085
267934
268525
269071
269742
270464
271226
271838
272579
273100
273766
274462
275062
275708
276315
276940
277893
278615
279216
279908
280477
280997
281519
282107
282813
283540
284186
284791
285380
286179
286953
287530
288030
288683
289395
289949
290470
290958
291735
292484
293041
293674
294282
294863
295488
296147
296828
297636
298373
298994
299719
300373
301095
301919
302604
303331
303934
304772
305403
306112
306693
307252
307765
308512
309233
309894
310408
311158
311665
312258
312840
313332
314043
314871
315561
316114
316771
317617
318529
319224
319914
320445
320986
321558
322261
322941
323790
324714
325380
326004
326596
327224
328250
328912
329554
330159
330787
331499
332270
333071
333736
334319
335340
336120
336809
337714
338235
338825
339556
340661
341486
342779
343596
344605
346133
347203
348077
348929
349594
350139
350705
351395
352074
352671
353437
354198
355272
356506
357294
358685
359728
360587
361234
361924
362507
363088
363839
364439
364901
365337
366174
367248
368029
368595
369385
370728
371788
372511
373209
373827
374579
375195
375683
376467
377243
377760
378300
378999
379673
380533
382579
383842
384675
385819
386759
387570
388051
388583
389228
390024
390877
391468
391907
392377
392957
393664
394241
394881
395439
396441
397006
397448
398075
398687
400008
400632
401540
402778
403456
403949
404535
405268
405783
406243
406943
407810
409274
410534
411149
411703
412195
412691
413194
413857
414948
416024
417852
418469
419296
419890
420434
420920
421453
422075
422774
423297
423824
424308
424928
425427
425922
426592
427193
427760
428520
429396
430088
430644
431155
431849
432505
433215
433847
434595
435730
436400
437172
437779
438268
438797
439383
440008
440754
441291
441798
442499
443160
443746
444307
445010
445778
446566
447094
447747
448589
449281
449771
450409
451213
452251
453236
453841
454492
455209
456048
457005
458068
458971
459621
460368
460986
461685
462212
462791
463645
464202
464786
465414
466344
467113
467708
468392
469056
469826
470541
471304
472009
472857
473800
474703
475284
476030
476928
477567
478304
478981
479759
480644
481508
482368
483301
484473
485282
485975
486806
487641
488516
489625
490467
491031
491642
492314
493281
493996
494557
495236
496356
497141
497785
498969
499731
500473
501254
501953
503131
504053
504719
505535
506314
507116
508048
508733
509336
510070
511016
511783
512569
513323
514186
514961
516005
517104
518206
519082
520043
520785
521818
522885
523801
525009
526447
527575
528711
529773
530791
531488
532834
533687
536421
537891
539501
540751
541788
542710
543407
544467
545446
546694
547887
549000
550626
552762
553954
554750
555624
556709
557717
558840
559713
560768
561713
562782
564177
565231
566647
567802
568931
569861
570750
571891
572906
573644
574192
575092
576363
577509
578607
579540
580340
581367
582466
583783
584929
585873
587144
588062
589108
590094
591133
592353
593359
594348
595538
596838
597872
598740
599496
600483
601906
603031
604120
605618
606708
607763
608622
609404
610438
611610
612323
613208
614013
614907
615735
616945
618004
618968
619996
620944
622221
623689
624961
625972
626830
627687
628757
630175
631791
633275
634369
635266
636241
637322
638413
639211
640232
641432
642919
644029
645204
646447
647890
648942
650263
651452
652632
653611
654424
655396
656474
657406
658507
659461
660386
661502
663211
664518
666542
667576
668599
669547
670647
671774
672566
673400
676873
677984
679040
680533
681573
682461
683400
684356
685367
686363
687369
688422
690186
691422
692775
693937
695203
696632
698257
699221
700170
701800
703156
704526
706038
707243
708561
709544
710623
711914
713331
714754
716042
717087
718062
718981
719946
721068
723073
724243
725409
727232
728766
730244
731534
732620
733777
734764
735934
737178
738671
740015
742615
743528
744652
745714
746808
748170
750235
751666
754206
755297
756547
758011
759493
761808
763395
765309
766593
768011
769300
770920
772320
773742
775222
776869
778419
779663
780845
782014
783459
785181
786804
788662
790020
791063
792159
793812
795211
796808
798116
799643
801092
802383
804045
805636
807107
808543
809927
811445
812921
814251
815871
817169
820601
821751
822900
824764
826382
828156
829361
830514
831762
832941
834663
836070
838058
839148
840071
840988
842051
843379
844530
845594
846818
848658
850059
851518
853097
854242
855352
856809
858610
859941
860919
862043
863529
864971
866465
867868
869676
871051
872423
873728
874664
876028
877188
878668
879927
881230
883204
884756
885847
886886
888196
889888
891841
893174
894266
895438
896569
897795
899027
903053
904130
905078
906657
907978
909366
910823
912278
913366
914944
916608
917982
919184
920214
921494
922916
924176
925971
927798
928751
929911
933088
934144
935118
936205
937500
938365
939583
940861
941876
943216
944369
945961
947323
948775
950073
951390
952987
954257
955289
956697
958135
959573
960758
962141
963652
965517
966824
968403
969602
970760
971932
973253
974589
976491
977927
979180
980472
982011
983353
985011
986471
990783
991934
993101
994298
995715
996995
998131
999295
1000533
1001639
1002835
1004236
1005567
1006746
1009192
1010895
1012126
1013214
1014730
1016047
1017025
1018023
1019467
1020566
1021731
1023060
1024434
1025910
1028874
1030538
1031697
1032893
1034093
1034987
1035981
1037097
1038212
1039346
1040523
1041936
1043140
1044274
1044355
1045588
1046913
1048320
1049816
1051343
1058053
1059259
1060711
1062367
1063722
1064976
1066676
1068690
1070050
1071525
1072594
1073708
1076566
1077675
1079033
1080651
1084915
1086502
1088895
1091066
1093125
1094317
1095714
1102318
1103899
1105822
1106995
1109371
1111169
1112746
1114242
1115723
1116865
1118217
1119296
1120910
1122313
1124048
1125388
1126915
1128125
1129779
1131258
1134193
1135554
1136678
1138104
1139415
1140502
1142415
1143535
1144652
1145658
1147151
1148451
1151709
1153089
1154311
1155362
1156375
1157513
1158944
1160081
1161589
1162928
1163892
1165112
1166546
1168020
1169281
1170715
1171864
1173420
1174631
1176174
1177377
1179545
1181995
1183441
1184443
1186049
1187435
1189056
1190377
1191884
1193381
1196307
1198336
1199682
1200715
1202242
1203806
1205381
1206492
1207648
1209217
1211220
1212900
1214121
1215292
1216644
1218632
1219968
1221341
1224548
1225936
1227580
1229013
1230343
1231886
1233586
1236763
1238135
1239659
1241477
1243086
1244574
1245890
1247342
1248635
1250683
1252059
1253310
1255117
1256837
1258051
1259328
1260828
1262484
1264000
1265723
1268192
1271859
1273229
1274717
1275965
1277776
1279733
1281871
1283943
1285592
1289129
1290522
1291608
1292757
1294186
1298232
1301983
1303727
1309331
1316582
1317898
1319091
1319953
1321124
1322335
1323885
1326993
1328247
1331647
1333211
1334516
1335583
1340974
1341975
1343558
1345521
1347606
1348771
1349537
1350246
1351127
1352451
1353664
1354777
1355811
1357315
1358379
1359734
1360948
1361900
1362840
1363979
1364986
1366135
1367199
1368293
1369620
1370719
1371961
1372987
1374129
1375490
1376861
1377986
1379067
1380119
1381387
1382938
1384199
1385591
1386650
1387656
1388827
1390292
1391616
1392981
1394409
1395623
1396827
1398006
1399292
1400966
1402224
1403751
1404999
1406292
1407708
1408920
1411063
1412623
1414036
1415404
1416865
1418342
1419665
1420998
1422277
1424323
1425501
1426438
1427444
1428325
1429300
1430506
1432002
1433834
1435089
1436278
1437460
1438536
1440049
1441377
1442642
1444429
1446019
1447335
1448455
1449526
1450668
1451836
1453003
1454150
1455251
1456370
1457456
1458605
1459674
1461222
1462511
1464056
1465050
1466528
1468051
1469760
1471131
1472645
1474225
1475407
1476288
1477364
1478428
1481558
1482742
1483603
1484362
1485213
1486126
1487367
1488637
1490017
1491416
1492999
1494108
1495086
1496324
1497588
1498726
1500239
1501709
1505749
1507069
1511585
1513164
1514636
1516193
1517781
1519722
1521084
1522498
1525196
1526668
1528324
1529720
1530831
1532108
1533721
1535246
1536490
1537784
1539279
1540583
1541625
1543055
1544159
1545613
1547072
1548438
1549964
1551102
1552181
1553413
1554447
1556038
1557258
1558253
1559921
1561133
1562096
1563194
1564100
1567383
1568656
1569631
1570670
1571618
1572662
1573769
1574773
1576268
1577469
1578583
1579523
1580462
1581525
1582582
1583548
1584747
1586484
1587699
1588879
1590127
1591148
1592247
1593461
1594782
1596104
1597485
1598697
1599908
1601239
1603251
1605440
1606617
1607824
1609082
1610570
1614256
1616392
1617617
1619175
1620842
1622199
1623724
1625328
1626513
1628236
1629522
1630695
1631980
1633194
1634513
1637890
1639039
1640132
1641601
1642850
1644581
1645929
1647391
1648686
1650766
1652369
1654247
1656028
1657252
1659033
1660255
1661315
1662406
1663827
1665073
1668699
1670237
1671448
1672410
1673258
1674620
1675873
1677576
1679270
1680632
1681838
1683131
1684476
1685722
1687051
1688207
1692271
1693540
1695208
1697082
1698557
1700251
1701845
1703073
1704153
1705359
1706583
1708062
1709423
1710636
1711838
1713104
1714679
1716186
1718552
1720715
1722095
1726257
1727930
1729787
1731126
1735271
1737571
1738845
1740467
1742765
1744150
1747704
1749748
1755201
1756437
1757781
1759396
1761569
1762745
1764206
1767838
1774046
1775628
1776764
1777687
1779139
1781150
1782733
1783703
1784830
1785906
1787293
1788501
1789989
1791644
1792867
1794180
1795270
1796563
1797939
1799154
1800565
1801591
1802581
1803733
1804705
1806185
1807239
1808462
1809641
1810691
1811649
1812444
1813393
1814409
1815792
1817152
1818449
1819815
1820880
1821987
1822977
1824160
1825437
1826456
1827355
1828179
1829076
1829979
1831038
1832064
1833055
1834111
1835082
1835812
1836634
1837625
1839493
1840890
1841949
1843163
1844201
1845269
1846435
1847434
1848437
1850032
1851433
1852907
1854117
1855210
1856145
1857266
1858335
1859455
1860749
1861771
1863484
1864655
1865874
1866795
1867642
1868772
1869941
1870828
1871734
1872752
1873683
1874659
1875801
1876945
1877920
1878910
1879976
1881027
1881729
1882843
1884138
1885138
1886394
1887237
1888019
1889087
1890094
1891539
1892934
1894781
1895875
1897272
1898445
1899576
1900560
1901610
1902670
1903689
1904809
1905881
1908924
1910775
1911865
1913630
1914843
1916147
1917236
1918264
1919262
1920429
1921489
1922495
1923376
1924344
1927360
1928440
1929433
1930313
1931263
1932229
1933588
1934764
1935787
1936881
1937818
1938894
1939801
1940549
1941593
1943358
1944660
1945763
1946691
1947420
1948310
1949449
1950574
1951423
1952278
1953192
1956066
1957705
1958794
1959850
1960875
1961789
1962699
1963453
1964211
1965658
1967069
1968159
1969381
1970697
1971971
1973119
1974009
1974951
1976401
1977356
1978167
1979026
1979938
1981148
1982256
1983401
1985491
1986879
1987951
1989121
1990446
1991769
1992942
1993999
1995224
1996356
1999277
2000736
2007273
2009737
2010694
2011485
2012430
2013540
2014303
2015226
2016367
2017146
2018034
2019009
2019987
2020841
2021599
2022386
2023112
2023754
2024542
2025430
2026289
2027359
2028441
2029200
2029943
2030721
2031499
2032527
2033480
2034507
2035379
2036104
2037155
2038204
2039099
2039989
2041063
2041797
2042694
2043452
2044157
2044973
2045760
2046519
2047423
2048236
2049063
2050025
2051325
2052251
2052902
2054683
2055623
2056699
2057559
2058435
2059291
2060245
2061331
2062254
2062984
2063737
2064508
2065415
2066478
2067382
2068102
2068728
2069953
2070974
2071910
2072578
2073375
2074488
2075391
2077216
2078099
2078939
2079610
2080523
2081564
2082416
2083370
2084295
2085046
2085848
2086746
2087568
2088421
2089663
2090497
2091152
2091963
2092850
2093716
2094783
2095557
2096710
2097671
2098597
2099613
2100428
2101202
2102297
2103122
2104154
2105252
2105974
2106968
2107640
2108234
2109073
2109923
2110603
2111262
2112040
2112792
2113426
2113994
2114902
2115679
2116499
2117206
2118094
2118864
2119718
2120470
2121086
2121872
2122680
2123691
2124512
2125464
2126173
2127032
2127825
2128578
2129353
2130157
2130894
2131574
2132657
2133463
2134151
2135468
2136018
2136639
2137394
2138225
2138974
2139717
2140854
2141354
2142048
2142722
2143627
2144634
2145695
2146427
2147176
2148345
2149056
2149909
2150799
2151772
2152612
2153963
2154100
2154914
2156043
2157652
2160668
2161609
2162255
2163029
2164193
2165202
2166848
2170385
2171494
2172446
2173181
2173709
2174613
2175505
2176243
2176888
2177366
2178106
2178742
2179434
2180369
2181418
2182635
2184190
2185240
2186135
2187057
2187890
2188757
2189820
2190917
2191918
2193025
2193988
2194819
2196125
2197169
2198237
2199365
2200239
2201207
2202128
2203006
2203836
2204829
2205687
2206412
2207081
2207821
2208627
2209693
2210504
2211758
2212605
2213491
2214501
2215435
2216331
2217205
2218356
2219569
2220793
2221776
2222599
2223327
2224172
2225165
2226301
2227290
2228250
2229229
2229982
2230631
2231528
2232432
2233432
2234509
2235264
2236054
2236876
2237823
2238822
2239921
2241066
2242097
2243087
2244009
2244963
2245896
2246824
2247749
2248455
2249614
2250523
2252323
2253123
2253933
2254862
2255612
2256347
2257037
2257632
2258376
2258977
2260549
2261977
2262749
2263621
2264623
2265820
2266962
2267629
2268396
2269400
2270261
2271378
2272824
2274003
2274829
2275851
2277453
2280613
2281688
2282664
2284098
2287280
2288589
2289409
2292620
2293744
2294924
2295778
2296705
2297731
2298871
2300267
2301158
2302018
2302814
2304423
2305486
2306318
2306918
2308278
2309462
2310477
2311332
2312438
2313600
2314557
2315551
2316584
2317677
2318815
2320286
