205509
393533
521753
558470
586390
622339
631203
668110
680794
707879
731481
740331
773437
780049
820091
885252
906974
924754
928889
946167
947800
965910
975176
977130
980320
1042265
1048077
1057875
1063070
1067302
1099733
1127243
1140815
1150571
1157205
1160666
1170945
1180566
1194482
1202055
1218259
1226355
1307411
1322583
1327315
1340063
1365653
1369944
1374601
1384854
1385841
1403887
1406920
1441870
1443002
1452669
1455600
1469102
1477663
1504475
1507763
1521088
1537142
1540872
1561975
1565610
1567435
1571358
1584274
1619621
1645620
1652434
1658095
1712000
1718447
1727593
1730037
1733471
1745467
1761341
1767389
1787705
1792474
1795639
1806694
1808240
1838388
1842205
1848572
1867649
1878332
1886277
1887643
1891351
1895245
1905543
1921197
1932422
1933812
1939552
1941644
1943975
1945088
1958778
1962192
1985436
1987486
2024027
2026806
2028135
2035410
2043014
2051088
2075116
2075874
2088948
2096657
2119161
2124248
2125258
2147723
2165553
2174587
2184292
2199420
2201480
2207573
2210500
2215646
2219256
2221004
2240612
2244361
2278295
2317881
2365471
2374201
2383076
