266
1006
1610
3276
4150
5039
5463
5686
6509
8082
9093
10122
10911
11667
12527
13349
14149
15230
16093
18106
18717
21060
21447
22402
24382
25128
25659
26294
28126
28888
29762
31746
32694
33591
34522
35312
35924
37078
37875
38395
39442
42148
43139
44174
44946
46622
47265
48397
49157
51393
52968
53766
55865
56540
57470
58201
59008
59659
60283
61024
61663
62346
63090
63780
64676
65728
67077
67821
69958
70669
71404
72090
72890
73666
74245
75355
76121
76860
77546
78490
79122
80486
81003
81825
82891
83729
85378
86210
86977
87649
88442
90264
90970
91698
92579
93206
94005
94793
95556
96346
97213
97940
100129
122756
131161
132478
135861
136951
138133
139181
141414
142569
144924
146438
147358
148502
149339
151497
152246
153425
154797
155873
156913
158310
159093
159812
162069
162900
164089
166232
167425
168303
168972
170911
171841
172554
173516
174232
174814
175600
176405
177050
178147
180140
183607
184297
185472
186683
187864
189087
191576
193370
194309
195859
197591
198303
199046
200009
200684
201381
202256
203335
204367
205362
206190
206945
208062
208628
209283
210442
211229
212241
215273
216098
217110
218173
219029
220047
220982
221733
222693
223506
224871
229396
230139
231255
231961
232947
233804
234611
236048
236716
237017
237682
238506
239293
239992
240866
241711
242435
243553
244320
245095
245938
246536
247501
248241
249209
250011
250929
251770
253222
253763
254503
255502
256364
257087
257679
260141
261073
261811
262586
263267
265569
266172
268358
269028
269571
270138
271019
271666
272418
273218
273980
274774
275633
277378
278921
279688
280865
281835
282435
282957
284024
285029
286050
287062
287662
288252
289375
289963
290543
291034
291492
292133
292853
293705
295331
296355
297188
298161
299180
299790
300556
301402
302128
302837
304006
304677
305637
306255
306951
307583
308270
309105
309739
310464
311862
312636
314482
315346
315788
316235
316923
317731
318898
320583
323239
323945
325037
325693
326651
327397
328146
328894
329692
330240
331167
332652
333198
333917
334633
335562
336565
337533
338243
339047
339852
341258
341898
342755
343559
343854
346826
348328
349064
349706
350465
351321
352042
352794
353500
354850
355604
356322
357622
359376
359874
360653
362667
363202
363675
364593
365475
365981
366615
367959
368835
369664
370466
371205
372781
374365
375248
375960
376596
377214
378004
378678
379275
380038
380697
381284
381930
382484
383146
383738
384807
385398
386242
387905
388640
389685
390339
391306
398791
400216
401367
402832
404748
405480
405996
406365
407234
407952
408655
409326
410067
410190
411563
412300
412915
413595
414275
415011
415595
416255
417579
418825
419684
422668
423272
423953
424781
425612
426704
427343
428045
428810
429521
431553
432317
435008
435849
436716
437422
438357
439133
439881
440656
441455
442033
442778
443713
444571
445984
446796
447571
448168
449534
450135
451812
452643
453316
454006
455751
457123
457897
458674
459715
460590
461814
462515
463268
464357
465089
465736
468652
469252
470041
471003
471640
472251
474239
475852
476569
477425
478301
479103
480205
482029
482837
483479
484923
485626
486553
487197
487908
488600
489478
490107
490662
491437
492400
494572
495337
497005
497667
498461
499633
500484
501248
501991
502663
503273
503346
504171
505444
506310
507203
508067
508931
509674
511436
512380
513146
513800
514599
515398
516153
516948
517619
518406
519031
519209
519881
520828
521843
522498
523083
523788
524526
525431
527158
528111
528795
531808
532424
533422
534305
535348
536506
537199
537957
539085
539947
541770
542622
543223
543846
544757
545754
546644
548114
548300
548944
549735
550432
551187
552143
552812
553605
554384
555217
555953
556798
558720
559470
560247
561279
561967
562635
563650
565002
566192
567199
567873
568637
569426
570259
571103
571750
572636
572844
573315
574164
574931
575810
576420
577459
578339
579015
579764
580696
581249
582227
583177
584468
585252
586064
586877
587699
588404
589125
589991
590689
591529
592819
593677
594382
595393
596995
597806
598595
600217
600884
601574
602148
603082
603745
604348
605784
606285
606988
607830
608565
609573
610183
610990
611990
613443
614248
615303
616694
618476
619302
620127
620927
621634
622804
623413
624080
624813
625667
626411
627078
628029
629426
630482
631468
633367
634199
635446
635949
637433
638327
639387
640115
641514
642193
642937
643661
644278
644995
645799
646732
647538
648362
649158
649933
650792
651516
652199
652884
653556
654849
655494
656225
657342
658152
659033
659927
660971
661578
662314
663296
663938
664588
665424
666152
667052
667831
668423
669808
670454
671162
672169
672893
673678
674407
676115
676722
677384
679253
679856
680742
681315
682109
682714
683477
684145
684790
684967
685659
686470
687241
688127
688638
689351
690006
690896
691761
692620
693399
694199
694899
695685
696458
697094
698590
699239
700096
700938
701846
702512
703178
703903
704866
705762
706616
707607
708292
708978
710159
710859
711608
712423
713972
726383
738889
745932
746898
748255
749131
750038
750840
752527
753700
754299
755066
756115
756770
757677
758838
759910
760799
761777
762742
763612
764381
766358
767114
768325
769343
770258
771088
771762
772700
773549
774350
775104
775970
776828
778564
779418
779985
780513
780985
781573
782082
782540
783236
783745
784528
786623
787351
788139
788763
789456
789897
790900
791710
792400
793391
795127
796505
797392
798242
799085
799870
800540
801283
802253
803853
804613
805678
806449
808382
809314
809773
809970
810619
811441
811978
812585
813764
815327
816052
816623
817317
818361
819076
819802
820715
821368
821602
822256
823282
823919
824734
825321
826250
827042
827992
828776
829614
832295
834908
835668
836480
837136
837931
838869
839828
841716
842453
843290
844599
847520
848276
849872
850869
852224
853121
854652
855848
858404
859186
860012
860605
861940
862675
863601
864387
865073
865818
866404
867183
868265
868906
869514
870861
871522
872270
873216
873906
874786
875878
876509
877091
877839
878538
879283
880084
880822
881754
882471
883250
883969
884695
885262
886292
886820
887850
888438
888714
889367
890671
891493
892188
893102
894037
895289
896249
897532
898206
898988
