266
976
1550
3186
4030
4889
5283
5476
6269
7812
8793
9792
10551
11277
12107
12899
13669
14720
15553
17536
18117
20430
20787
21712
23662
24378
24879
25484
27286
28018
28862
30816
31734
32601
33502
34262
34844
35968
36735
37225
38242
40918
41879
42884
43626
45272
45885
46987
47717
49923
51468
52236
54305
54950
55850
56551
57328
57949
58543
59254
59863
60516
61230
61890
62756
63778
65097
65811
67918
68599
69304
69960
70730
71476
72025
73105
73841
74550
75206
76120
76722
78056
78543
79335
80371
81179
82798
83600
84337
84979
85742
87534
88210
88908
89759
90356
91125
91883
92616
93376
94213
94910
97069
119666
128041
129328
132681
133741
134893
135911
138114
139239
141564
143048
143938
145052
145859
147987
148706
149855
151197
152243
153253
154620
155373
156062
158289
159090
160249
162362
163525
164373
165012
166921
167821
168504
169436
170122
170674
171430
172205
172820
173887
175850
179287
179947
181092
182273
183424
184617
187076
188840
189749
191269
192971
193653
194366
195299
195944
196611
197456
198505
199507
200472
201270
201995
203082
203618
204243
205372
206129
207111
210113
210908
211890
212923
213749
214737
215642
216363
217293
218076
219411
223906
224619
225705
226381
227337
228164
228941
230348
230986
231257
231892
232686
233443
234112
234956
235771
236465
237553
238290
239035
239848
240416
241351
242061
242999
243771
244659
245470
246892
247403
248113
249082
249914
250607
251169
253601
254503
255211
255956
256607
258879
259452
261608
262248
262761
263298
264149
264766
265488
266258
266990
267754
268583
270298
271811
272548
273695
274635
275205
275697
276734
277709
278700
279682
280252
280812
281905
282463
283013
283474
283902
284513
285203
286025
287621
288615
289418
290361
291350
291930
292666
293482
294178
294857
295996
296637
297567
298155
298821
299423
300080
300885
301489
302184
303552
304296
306112
306946
307358
307775
308433
309211
310348
312003
314629
315305
316367
316993
317921
318637
319356
320074
320842
321360
322257
323712
324228
324917
325603
326502
327475
328413
329093
329867
330642
332018
332628
333455
334229
334494
337436
338908
339614
340226
340955
341781
342472
343194
343870
345190
345914
346602
347872
349596
350064
350813
352797
353302
353745
354633
355485
355961
356565
357879
358725
359524
360296
361005
362551
364105
364958
365640
366246
366834
367594
368238
368805
369538
370167
370724
371340
371864
372496
373058
374097
374658
375472
377105
377810
378825
379449
380386
387841
389236
390357
391792
393678
394380
394866
395205
396044
396732
397405
398046
398757
398850
400193
400900
401485
402135
402785
403491
404045
404675
405969
407185
408014
410968
411542
412193
412991
413792
414854
415463
416135
416870
417551
419553
420287
422948
423759
424596
425272
426177
426923
427641
428386
429155
429703
430418
431323
432151
433534
434316
435061
435628
436964
437535
439182
439983
440626
441286
443001
444343
445087
445834
446845
447690
448884
449555
450278
451337
452039
452656
455542
456112
456871
457803
458410
458991
460949
462532
463219
464045
464891
465663
466735
468529
469307
469919
471333
472006
472903
473517
474198
474860
475708
476307
476832
477577
478510
480652
481387
483025
483657
484421
485563
486384
487118
487831
488473
489053
489096
489891
491134
491970
492833
493667
494501
495214
496946
497860
498596
499220
499989
500758
501483
502248
502889
503646
504241
504389
505031
505948
506933
507558
508113
508788
509496
510371
512068
512991
513645
516628
517214
518182
519035
520048
521176
521839
522567
523665
524497
526290
527112
527683
528276
529157
530124
530984
532424
532580
533194
533955
534622
535347
536273
536912
537675
538424
539227
539933
540748
542640
543360
544107
545109
545767
546405
547390
548712
549872
550849
551493
552227
552986
553789
554603
555220
556076
556254
556695
557514
558251
559100
559680
560689
561539
562185
562904
563806
564329
565277
566197
567458
568212
568994
569777
570569
571244
571935
572771
573439
574249
575509
576337
577012
577993
579565
580346
581105
582697
583334
583994
584538
585442
586075
586648
588054
588525
589198
590010
590715
591693
592273
593050
594020
595443
596218
597243
598604
600356
601152
601947
602717
603394
604534
605113
605750
606453
607277
607991
608628
609549
610916
611942
612898
614767
615569
616786
617259
618713
619577
620607
621305
622674
623323
624037
624731
625318
626005
626779
627682
628458
629252
630018
630763
631592
632286
632939
633594
634236
635499
636114
636815
637902
638682
639533
640397
641411
641988
642694
643646
644258
644878
645684
646382
647252
648001
648563
649918
650534
651212
652189
652883
653638
654337
656015
656592
657224
659063
659636
660492
661035
661799
662374
663107
663745
664360
664507
665169
665950
666691
667547
668028
668711
669336
670196
671031
671860
672609
673379
674049
674805
675548
676154
677620
678239
679066
679878
680756
681392
682028
682723
683656
684522
685346
686307
686962
687618
688769
689439
690158
690943
692462
704843
717319
724332
725268
726595
727441
728318
729090
730747
731890
732459
733196
734215
734840
735717
736848
737890
738749
739697
740632
741472
742211
744158
744884
746065
747053
747938
748738
749382
750290
751109
751880
752604
753440
754268
755974
756798
757335
757833
758275
758833
759312
759740
760406
760885
761638
763703
764401
765159
765753
766416
766827
767800
768580
769240
770201
771907
773255
774112
774932
775745
776500
777140
777853
778793
780363
781093
782128
782869
784772
785674
786103
786270
786889
787681
788188
788765
789914
791447
792142
792683
793347
794361
795046
795742
796625
797248
797452
798076
799072
799679
800464
801021
801920
802682
803602
804356
805164
807815
810398
811128
811910
812536
813301
814209
815138
816996
817703
818510
819789
822680
823406
824972
825939
827264
828131
829632
830798
833324
834076
834872
835435
836740
837445
838341
839097
839753
840468
841024
841773
842825
843436
844014
845331
845962
846680
847596
848256
849106
850168
850769
851321
852039
852708
853423
854194
854902
855804
856491
857240
857929
858625
859162
860162
860660
861660
862218
862464
863087
864361
865153
865818
866702
867607
868829
869759
871012
871656
872408
