334
706
1453
1953
2330
2637
2942
3288
3563
4040
5541
6007
6263
7140
8845
9503
9719
10487
10904
11362
11673
12511
12858
13579
14568
15202
15562
15904
17227
17407
17788
18217
18529
18997
20516
21893
22327
22539
23600
24850
25182
25462
25665
26253
26697
27333
28353
28639
28860
29940
30419
30892
31534
31967
32370
33201
33861
34520
34901
35206
35419
35709
36183
36462
36940
37303
37719
38036
38151
38408
38553
39043
40373
41101
41444
41706
42224
42591
43101
43621
44851
44987
45356
45947
46223
46520
46696
46926
47122
47341
47540
47864
48264
48374
48612
48684
48711
48852
49100
49179
49292
49522
49720
49960
50093
50197
50377
50787
51014
51161
51408
51465
51641
51780
51928
52119
52316
52402
52719
52886
53110
53272
53423
53644
53848
54103
54418
54591
54825
55028
55375
55609
55713
55934
56321
56756
56920
57076
57390
57639
57798
58100
58296
58400
58533
58705
59347
59574
59740
59884
60023
60277
60427
60582
60864
60996
61120
61230
61377
61483
61553
61654
61766
62110
62226
62273
62348
62409
62592
62763
62813
62937
63405
63544
63581
63637
63685
63707
63801
64023
64245
64349
64382
64568
64597
64947
65552
65650
65747
65857
65894
67246
67330
67440
67523
67583
67656
67780
67827
67867
67930
68115
68153
68213
68272
68330
68392
68444
68516
68560
68680
68729
68809
68828
68935
68968
69069
69144
69229
69315
69372
69536
69595
69670
69735
69790
69864
70069
70161
70301
70350
70527
70702
70880
71103
71261
71415
71619
72059
72195
72438
72762
72837
72998
73039
73085
73159
73362
73435
73522
73642
73917
74180
74444
74683
74991
75110
75211
75297
75538
75692
75792
75959
76721
77011
77430
77765
78298
79223
79389
79810
80270
80415
80782
81039
81175
81426
81840
82225
82553
82822
83603
83860
84602
85510
85753
86363
87418
87631
88133
88620
88914
89162
89377
89546
89705
89935
90162
90450
90778
91053
91259
91542
91824
92068
92398
92721
93024
93372
93566
93760
94064
94276
94452
94825
95631
96356
96968
97402
98949
100504
100730
100983
101318
101613
101823
102312
102620
102940
103132
103333
103434
103646
104297
104525
104679
105052
105550
105734
105867
105985
106126
106798
107362
108023
108075
108440
108750
108851
109245
109535
109714
109858
110112
110252
110394
110572
110804
110978
111099
111280
111540
111893
112145
112236
112586
112804
112973
113213
113527
113694
113838
114002
114188
114348
114597
114771
115061
115190
115576
115739
115881
116069
116257
116403
116597
116890
117257
117398
117610
117826
118181
118331
118528
118829
119432
119781
119984
120371
121105
121230
121432
121624
121860
122107
122413
122712
122952
123303
123583
123794
123933
124159
124389
124542
124764
124867
125095
125299
125499
125670
125971
126308
126552
126716
126851
127121
127387
127580
127691
127872
128434
128577
128974
129142
129283
129775
130268
130412
130770
131309
131499
131792
131955
132278
132684
132911
133274
133739
134200
134392
134634
134853
135548
136037
136346
136961
137396
137520
137854
138136
138563
138888
139243
139667
140082
140522
140728
141075
141339
141514
141757
142249
142582
143173
143408
143615
143870
144154
144824
145158
145444
145657
146280
146475
146905
147184
147588
147813
147995
148148
148218
148290
148395
148520
148582
148648
148719
148829
149174
149301
149713
149868
150090
150393
150697
151037
151209
151476
151947
152490
152630
152939
153382
154410
154791
155177
155626
156221
156618
156962
157148
157504
158024
158701
159394
159793
160296
160410
160735
160937
161261
161479
161910
162246
162747
163067
163464
164282
164485
164807
165166
165731
165893
166278
166578
166922
167104
167368
167702
167842
167880
167944
168014
168097
168258
168433
168635
168821
169013
169302
169729
169894
170208
170408
170788
171392
171602
171800
172259
172484
172659
172874
173023
173165
173279
173503
173593
173829
173935
174171
174369
174685
174953
175119
175372
175529
175688
175819
176030
176195
176307
176445
176589
176706
177089
177216
177361
177674
178217
178359
178585
178838
178999
179165
179378
179709
179868
180033
180341
180507
180767
180977
181281
181506
181719
182002
182240
182421
182493
182656
182881
183074
183380
183593
183843
184113
184314
184595
184838
184984
185364
185539
185775
185949
186079
186266
187028
187166
187329
187519
188009
188419
188542
188982
189196
189322
189522
189780
190032
190258
190460
190642
190910
191147
191401
191665
191943
192129
192285
192546
192684
192898
193051
193222
193410
193578
193766
194141
194475
194642
195015
195183
195433
195583
195787
196078
196208
196543
197015
197169
197348
197556
197703
197966
198169
198760
198951
199162
199410
199569
199781
199969
200069
200234
200267
200354
200426
200829
200882
201022
201172
201292
201427
201547
201645
201773
202015
202156
202304
202510
202763
202961
203179
203510
203596
203850
204388
204679
205452
206024
206077
206267
206707
207012
207207
207494
207897
208535
208911
209305
209612
209828
210096
210272
210796
210986
211338
211777
212497
212796
213280
213621
213826
214309
215143
215963
216409
216685
217063
217410
217711
218065
218352
218385
218553
218872
219072
219372
219664
219927
220203
220337
220603
220977
221869
222331
222710
223115
223202
223382
223572
223639
223687
223801
223940
224080
224204
224331
224489
224536
224682
224927
225142
225157
225365
225539
225633
225827
226047
226195
226346
226636
226741
226942
227579
228016
228129
228418
228633
229396
229618
229909
230165
230360
230847
231285
231486
231980
232424
232578
232875
233044
234142
234248
234743
234872
235225
235482
235787
235982
236143
236377
236533
236817
237132
237760
238040
238310
238573
238983
239328
239554
239809
240383
240630
240933
241387
241677
242158
242452
242555
242724
242829
243058
243289
243448
243586
243794
243942
244001
244172
244258
244325
244384
244462
244591
244703
244867
245052
245360
245601
245740
246079
246407
246795
246982
247322
247553
247708
247922
248083
248441
248669
248992
249115
249321
249457
250087
250435
251375
251568
251887
252817
253071
253287
253662
254016
254373
254547
254889
255102
255332
255536
255775
256035
256285
256514
256901
257093
257401
257684
257897
258279
258521
259141
259382
259638
260524
260799
261382
261721
262125
262298
262476
262745
262851
263233
263494
264285
264497
264687
265004
265296
265464
265676
266262
266467
266780
266987
267128
267503
267716
268156
268590
268873
269008
269163
269397
269798
270195
270548
271016
271378
271599
271734
271937
272080
272410
272655
272851
273094
273232
273530
273850
274219
274449
274820
274996
275317
275577
275713
275966
276112
276221
276382
276660
276814
276986
277295
277471
277686
277893
278257
278575
278897
279104
279491
279680
279888
280179
280370
280513
280649
280926
281206
281556
281730
281820
282063
282186
282849
282971
283252
283548
283687
283887
284048
284280
284378
284606
284739
284880
285045
285204
285333
285500
285906
286355
286495
286737
286849
287006
287205
287323
287509
287621
287914
288199
288492
288636
289085
289384
289516
289744
289902
289995
290225
290360
290541
290688
290832
290999
291224
291336
291541
291740
291942
292223
292380
292594
292850
293009
293235
293431
293626
293768
293949
294112
294209
294382
295013
295220
295620
295812
295913
296296
296450
296545
296703
296815
297039
297248
297371
297581
297757
298301
298468
298603
298858
299190
299322
299621
300072
300314
300483
300596
301264
301373
301586
301786
301941
302121
302375
302525
302789
302999
303328
303361
303527
303683
303809
303992
304148
304317
304501
304949
305202
305605
305830
306114
306281
306431
306542
306741
307083
307268
307563
307666
307850
307947
308184
308408
308597
308879
309095
309250
309515
309699
309868
309974
310302
310421
310705
310904
311069
311178
311846
312033
312210
312409
312556
313012
313305
313461
313953
314218
314387
314777
314981
315148
315355
315537
315877
316044
316220
316362
316633
316918
317254
317423
317716
318033
318233
318489
318687
318849
319049
319252
319356
319574
319792
320086
320339
320525
320862
320981
321300
321739
322115
322268
322497
322873
323002
323286
323737
324088
324182
324256
324309
324373
324452
324485
324544
324788
325023
325060
325713
325837
326061
326357
326605
326691
326954
327246
327379
327564
327711
327880
328086
328247
328449
328612
328682
328850
329103
329238
329420
329709
329885
330031
330255
330604
330792
330921
331023
331182
331363
331485
332060
332198
332400
332702
332801
332969
333193
333563
333724
333903
334024
334186
334378
334640
334907
335288
335539
335829
335957
336146
336311
336825
336981
337163
337633
337807
337901
338180
338372
338567
338812
339054
339215
339317
339541
339688
339872
340023
340179
340391
340506
340643
340776
341149
341296
341519
341821
341988
342234
342457
342577
342755
342996
343192
343384
343640
343811
343999
344181
344309
344419
344680
344814
344973
345184
345438
345584
345750
346019
346330
346428
346673
347179
347389
347565
347674
347863
347978
348101
348243
348335
348503
348648
349036
349185
349380
349695
349890
350126
350490
350692
350970
351123
351406
351604
351788
352037
352326
352513
353004
353183
353417
353574
353927
354026
354184
354682
354992
355200
355381
355696
355805
355990
356077
356379
356626
356772
357527
357670
357974
358182
358516
358718
358997
359109
359394
359591
359688
359855
360020
360252
360428
360661
360855
361216
361328
361453
361700
361803
361930
362091
362475
362835
362962
363212
363307
363442
363680
363827
363969
364043
364135
364210
364395
364555
364801
365042
365090
365196
365436
365561
365679
365930
366051
366232
366444
366542
366657
366941
367097
367261
367470
368051
368289
368603
368776
368865
369035
369281
369459
369665
369790
369927
370316
370514
370629
370834
370947
371142
371326
371479
371594
371824
372092
372240
372419
372636
372897
373007
373246
373443
373636
374022
374164
374345
374476
374916
375063
375268
375383
375679
375877
376235
376403
376654
376810
376983
377144
377339
377703
378243
378350
378450
378794
378884
379022
379237
379503
379730
379927
380038
380271
380612
380934
381059
381292
381465
381638
381764
381925
382059
382232
382442
382641
382841
383010
383293
383426
383620
383780
383968
384314
384436
384640
384840
384998
385314
385569
386038
386188
386527
386748
386942
387184
387352
387790
387927
388238
388455
388618
388760
389093
389294
389676
390115
390359
390903
391605
391857
392066
392239
392402
392543
392892
393055
393262
393462
393630
394100
394391
394615
394849
395088
395269
395544
395766
395958
396391
396708
396914
397141
397277
397512
397645
398004
398197
398413
398936
399061
399258
399456
399656
399807
399956
400186
400538
400786
400985
401336
401554
401760
401913
402221
402342
402632
402751
402959
403170
403500
404024
404153
404485
404713
404847
405389
405695
406212
406456
406652
406864
407462
407644
408256
408433
408625
408819
408950
409137
409292
409480
409641
409873
409989
410218
410450
410761
410929
411238
411453
411638
411885
412310
412485
412723
413117
413303
413500
413804
413967
414311
414410
414855
415050
415212
415363
415536
415722
415815
415906
416057
416121
416288
416347
416479
416565
416802
417050
417171
417386
417516
417674
417938
418038
418240
418531
418687
418886
419455
419704
419926
420121
420412
421427
421705
422461
422787
422966
423462
423807
424232
424721
425010
425373
425653
426043
426210
426486
426658
426865
427172
427495
427825
428231
428920
429078
429405
429656
429936
430115
430339
430716
431109
431282
431807
432401
432778
433375
433814
433984
434766
435037
435332
435693
435996
436508
436700
436990
437056
437260
437375
437673
437842
438038
438131
438263
438407
438452
438504
438612
438807
438991
439144
439465
439551
439717
439915
440051
440278
440585
441182
441367
441723
441964
442358
442646
443042
443526
443709
443961
444144
444696
445206
445666
446276
446907
447210
447597
447832
448288
448941
449451
449689
450127
450514
451045
451329
451504
451786
452085
452501
452785
453204
453393
453836
454041
454223
454477
455155
455536
455905
456238
456624
457265
457763
458013
458187
458456
458580
458761
458938
459096
459380
459671
460404
460754
461327
461725
461895
462114
462316
462670
462917
463369
463588
463767
464141
464388
464588
464909
465042
465382
465577
465801
466213
466361
466570
466753
467087
467528
467707
467959
468031
468249
468388
468572
468745
468988
469337
469900
470154
470259
470476
470720
470915
471085
471296
471571
471929
472492
472709
472853
473068
473489
473808
473933
474091
474331
474443
474620
474804
475063
475298
475609
475798
476071
476307
476709
476802
477104
477394
477520
477840
478215
478560
478770
479100
479407
479562
479897
480308
480427
480554
480938
481029
481231
481433
481780
481964
482124
482279
482453
482622
482744
483140
483271
483474
484035
484164
484415
484562
484870
485051
485173
485450
485813
486065
486245
486559
486679
487372
487600
487976
488279
488507
488995
489188
489432
489670
490097
490356
490440
490598
490752
491127
491315
491458
491702
491951
492303
492509
492771
493027
493295
493397
493611
493811
494068
494332
494465
494797
495046
495269
495477
495811
496060
496376
496571
497007
497217
497415
497607
497869
498042
498374
498610
498816
498940
499196
499357
499559
499695
499890
500051
500150
500245
500382
500461
500536
500707
500906
500946
501007
501087
501143
501322
501438
501555
501657
501698
501740
501823
501952
502015
502113
502194
502262
502550
502741
502804
502902
503032
503093
503236
503308
503511
503588
503748
503875
503980
504039
504142
504205
504267
504372
504468
504567
504640
504689
504753
504826
504864
504918
504992
505294
505736
505952
506330
506453
506746
506886
506997
507273
507407
507707
508208
508532
509222
509525
509663
509962
510283
510728
511280
511470
511687
511805
511853
512111
512235
512309
512604
512962
513042
513091
513202
513444
513740
513845
513945
514104
514200
514381
514524
514809
515045
515336
515465
515631
515740
515904
515994
517023
517105
517879
518541
518849
519217
519531
519704
520554
520918
521161
521495
521702
522511
522771
523394
524400
524687
525160
525437
525780
526004
526311
526832
527059
527485
527672
528042
528368
528789
529268
529857
530209
530443
530869
531032
531227
531769
532406
532803
532998
533311
533699
534206
534843
535026
535313
535473
535756
535904
536241
536638
536859
537120
537623
537869
538635
539043
539703
540014
540270
540889
541231
541671
542169
542880
543011
543088
543217
543246
543313
543432
543468
543523
543642
543715
543805
543987
544047
544115
544295
544362
544470
544528
544655
544694
544764
544802
544849
544916
545019
545142
545243
545323
545511
545808
545966
546000
546062
546133
546165
546236
546303
546353
546528
546599
546735
546797
546988
547039
547160
547231
547269
547343
547377
547490
547598
547653
547713
547768
547820
547930
547976
548078
548200
548402
548506
548584
548741
548883
548973
549130
549484
549852
549942
550096
550944
550974
551035
551144
551198
551389
551680
551795
551858
551928
552047
552072
552138
552252
552283
552479
552647
552704
552799
552871
552926
553019
553052
553156
553215
553261
553321
553393
553485
553554
553783
553906
554121
554241
554458
554728
554805
554902
555020
555149
555727
555856
556251
556460
556961
558576
558750
558912
558975
559037
559114
559340
559433
559562
559688
559839
559889
559968
560105
560212
560339
560461
560586
560812
561008
561118
561259
562050
564779
564923
565130
565245
565357
565538
565720
565798
565876
566035
566250
566290
566391
566421
566526
566904
566944
566998
567095
567233
567258
567380
567515
567598
567709
567788
567953
568161
568907
569232
569419
569706
569786
569866
570402
570466
570625
570771
570853
570913
570960
571031
571440
571474
571552
571651
571749
571819
571920
572007
572244
573598
574196
575496
575678
575781
575845
575909
576013
576132
576326
576501
576591
576685
576743
576832
576881
576998
577160
577734
577858
578074
578405
578558
580385
581334
581587
581810
582176
582343
582482
582636
582865
583082
583523
583674
584137
584328
584563
584815
585053
585293
585505
585753
585975
586198
586448
586608
586947
587208
587411
587844
588118
588427
588783
589034
589213
589628
589824
590099
590241
590513
590804
591148
591278
591792
592036
592313
592541
592870
593081
593258
593442
593596
593826
594157
594447
595022
595568
595786
596076
596710
596861
597162
597272
597409
597621
597872
598218
598449
598773
599094
599359
599589
600117
600389
600586
600865
600960
601223
601502
601838
602039
602355
602592
603211
603463
604122
604274
604618
604789
605091
605337
605681
606151
606314
606570
607172
607389
607625
607804
607982
608252
608525
608761
608890
609105
609323
609872
610066
610328
610562
610800
611035
611199
611406
611710
611973
612073
612153
612254
612547
612626
612716
612812
612940
613048
613147
613221
613273
613391
613496
613598
613817
614043
614325
614549
614763
615019
615173
615311
615475
615609
615895
615972
616326
616628
616733
616876
617031
617311
617441
617582
617722
618115
618302
618414
618522
618652
618833
618988
619094
619224
619502
619666
619836
620110
620246
620413
620715
620875
621072
621152
621403
621613
621772
622002
622209
622385
622578
622759
623170
623514
623764
623982
624100
624291
624493
624850
624983
625188
625477
625937
626108
626538
626727
626827
627142
627380
627699
627850
628037
628171
628302
628568
628699
628925
629104
629346
629687
629920
630171
630307
630516
630863
631030
631164
631346
631580
631954
632102
632336
632582
632873
633142
633487
633631
633840
633928
634171
634349
634513
634744
634978
635151
635394
635553
635678
635920
636062
636291
636378
636728
636930
637273
637546
637704
637931
638192
638370
638551
638652
638904
639111
639284
639484
639642
639954
640211
640405
640573
640760
641303
641452
641574
641707
641830
642045
642191
642365
642494
643153
643356
643546
644300
644429
644584
644730
644889
645141
645374
645618
645803
645939
646898
647061
647172
647335
647636
647799
647989
648240
648627
648856
648994
649196
649351
649661
650084
650210
650433
650667
650814
651198
651312
651505
651669
652148
652345
652563
652702
652904
653097
653288
653449
653606
653919
654054
654213
654465
654668
654765
655023
655236
655462
655560
655685
655821
655920
656104
656270
656470
656698
657039
657396
657645
657916
658085
658210
658849
659082
659290
659437
659641
659857
660093
660238
660471
660870
661062
661327
661507
661851
662135
662353
662576
663132
663566
664118
664409
664623
664796
664989
665153
665324
665691
666340
666593
667135
667279
667478
667640
668156
668275
668564
668689
668922
669185
669417
669630
669752
670153
670516
670758
670832
671036
671232
671394
671551
671679
671861
672153
672356
672732
673089
673319
673451
673620
673820
674150
674342
674650
675046
675437
675695
675880
676340
676520
676639
676895
677054
677435
677633
677886
678052
678253
678502
678831
679277
679497
679651
679722
679939
680709
680851
681006
681153
681329
681607
681730
681998
682138
682302
682475
682713
682859
683064
683181
683411
683635
683856
684340
684505
684615
684930
685095
685427
685551
685771
685947
686250
686377
686775
686890
687055
687239
687515
687868
688124
688433
688663
689046
689474
689761
689966
690486
690706
690900
691046
691217
691347
691479
691768
691936
692165
692338
692410
692615
692657
692855
692938
693131
693225
693306
693422
693501
693822
693900
694257
694404
694527
694755
694889
695085
695207
695427
695599
695764
695962
696156
696590
696950
697214
697592
697778
698130
698448
698600
698886
699076
699410
699733
699983
700658
701041
701109
701250
701742
702190
702357
702604
702792
703202
703494
703726
703926
704151
704393
704778
705155
705435
705617
705987
706456
706951
707424
707645
707876
707973
708044
708385
708507
708571
708718
708818
708917
709055
709156
709509
709777
710013
710460
710667
710987
711146
711436
711812
712365
712623
713118
713375
713806
714140
714537
714753
714868
715124
715663
716191
716374
716717
717161
717367
717962
718257
718565
718833
719528
720024
720299
720598
720720
721336
721684
721939
722220
723057
723327
723463
723731
723958
724086
724407
724704
724832
725015
725161
726056
726257
726358
726547
726603
726666
726744
726796
726996
727064
727261
727347
727538
727649
727849
727999
728343
728520
728941
729522
729790
729934
730133
730416
730684
730938
731418
731948
732547
732802
733073
733232
733571
733741
734772
735736
736170
736496
736779
737170
737522
737801
738455
738760
739027
739454
740329
740669
740863
741339
741802
742627
743011
743196
743401
743591
743930
744094
744273
744717
745289
745561
745907
746205
746453
746789
747001
747285
747802
748204
748299
748713
748824
748876
749053
749130
749300
749357
749423
749596
749709
749884
749987
750070
750262
750323
750465
750726
750871
751123
751265
751505
751977
752322
752610
753010
753189
753388
753586
753998
754311
754574
755224
755619
755718
756010
756166
756324
756635
756785
757157
757696
758064
758424
758671
759149
759366
759663
759855
760212
760493
761026
761329
761609
761904
762181
762545
762969
763989
764416
764961
765230
765561
765829
766127
766345
766528
767000
767100
767443
767685
767785
768008
768282
768447
768559
768847
769140
769399
769550
769686
769894
770100
770243
770571
771411
771695
772015
772379
772761
772986
773139
773399
773591
773847
774128
774837
774972
775212
775389
775780
775913
776048
776448
776587
776914
777177
777407
777714
778316
778677
778817
779040
779239
779351
779650
779930
780175
780475
780817
781094
781324
781490
781785
782071
782267
782480
782743
782950
783817
784385
784619
784827
785054
785235
785430
785628
785856
786814
786990
787240
787511
787944
788150
788311
788651
788887
789246
789487
789821
789988
790434
790663
790890
791185
791424
792061
792935
793283
793597
794072
794304
794445
794867
795105
795440
795810
796154
796543
796736
797083
797387
797791
798011
798172
798351
798519
798844
799064
799300
799553
799775
800093
800683
800956
801178
801340
801637
802556
802799
803141
803377
803615
803779
804020
804198
804664
804870
805160
805536
806241
806508
807061
807287
807508
807837
808525
808827
809066
809545
809809
810354
810527
810661
810923
811066
811355
811520
811660
811791
811991
812150
812548
812670
812735
812782
812871
813023
813109
813120
813242
813359
813405
813463
813596
813655
813809
813901
814133
814205
814300
814389
814453
814557
814996
815193
815333
815476
815660
815805
815927
816353
816495
816675
817473
817733
817910
818251
818455
818818
819064
819266
819467
819723
819931
820159
820327
820555
820867
821037
821613
821884
822052
822292
822552
822728
822866
823581
823885
824257
824599
824848
825113
825353
825474
825780
825976
826216
826499
826741
826964
827217
827401
827701
827979
828302
828436
828811
828952
829236
829499
829708
830172
830766
831006
831547
831801
832001
832384
832517
832912
833158
833346
833741
834173
834402
834586
834786
835057
835191
835302
835449
835524
835620
835701
835802
836095
836189
836508
836645
836843
836985
837314
837641
837799
837944
838145
838367
838641
838885
839274
839490
839763
840158
840406
840953
841263
841551
841852
842108
842304
842709
843683
844234
844706
844974
845177
845479
845670
845887
846137
846469
846936
847362
847643
847907
848273
848485
848680
848959
849108
849323
849640
849932
850341
850585
850842
851511
851693
851860
852143
852257
852527
852723
853058
853538
853976
854229
854392
854604
854799
855083
855518
855678
855934
856081
856422
856805
857226
857469
857623
857815
858170
858888
859126
859262
859513
859791
860035
860324
860485
860709
860938
861323
861776
861984
862137
862415
862539
862646
862877
863086
863108
863373
863476
863572
863789
863888
863991
864038
864306
864366
864485
864585
864711
864785
864917
865298
865485
865728
865922
866037
866153
866208
866383
866500
866603
866738
866845
866949
867105
867256
867509
867679
867821
868016
868162
868387
868492
868719
868887
868939
869274
869400
869511
869965
870122
870299
870551
870727
870864
871010
871143
871275
871517
871634
871818
872005
872434
872590
872728
873011
873431
873628
873801
873973
874177
874301
874548
874861
875023
875133
875368
875521
875770
875913
876078
876285
876472
876589
876770
876895
877126
877276
877422
877561
877701
877849
878048
878327
878477
878554
878843
879379
879742
879916
880064
880241
880451
880596
880817
880976
881144
881273
881556
881780
881919
882039
882307
882497
882788
882972
883158
883393
883535
883811
883967
884110
884247
884732
884848
885098
885263
885461
885676
885915
886158
886289
886508
886736
886898
887102
887360
887566
887777
887902
888055
888180
888323
888622
888813
888954
889144
889311
889590
889810
890013
890203
890407
890589
890788
890956
891448
891585
891797
891936
892200
892483
892690
892873
893095
893341
893482
893630
893976
894152
894394
894527
894717
895120
895266
895398
895552
895680
896079
896227
896390
896579
896768
896939
897241
897537
897646
897833
898048
898249
898332
898459
898567
898706
898904
899009
899179
899330
899441
899560
899757
900086
900211
900567
900782
901144
901308
901477
901628
901811
902037
902192
902476
903108
903297
903487
903603
903997
904184
904415
904597
904849
905100
905382
905656
905826
905964
906241
906396
906691
906920
907502
908061
908372
908537
909122
909568
909755
910019
910864
911273
911575
911802
912073
912225
912474
912808
912993
913367
913554
913744
914164
914502
914747
915343
915578
915800
916126
916405
916506
916799
917085
917250
917410
917511
917724
917916
918114
918345
918636
918773
918956
919127
919357
919456
920031
920129
920212
920314
920960
921058
921179
921257
921494
921651
921840
922042
922425
922642
922931
923206
923369
923790
924072
924614
924868
925200
925439
925697
925930
926209
926576
927124
927310
927848
928503
928811
929485
929776
930026
930386
930583
930863
930968
931286
931516
931857
932380
932570
932994
934014
934117
934342
934565
934692
934856
935173
935724
936078
936786
936985
937198
937430
937676
937986
938179
938325
938875
939006
939215
939476
939665
940009
940247
940486
940636
940854
941000
941170
941322
941498
941710
942016
942189
942580
942753
943005
943290
943461
943696
943951
944158
944389
944507
944701
944970
945105
945328
945573
945763
946330
946543
946915
947019
947356
947560
947979
948192
948384
948496
948676
948850
949107
949225
949388
949532
949726
949891
949994
950127
950306
950470
950683
950983
951188
951595
952003
952164
952297
952543
952858
953022
953454
953599
953749
954388
954494
954737
954920
955502
955659
955952
956310
956622
957065
957736
957956
958175
958351
958497
958763
958964
959142
959365
959661
959838
960193
960379
960479
960682
960801
960941
961210
961731
961795
962033
962108
962163
962375
962607
962710
963076
963487
963540
963674
963908
964019
964197
964367
964493
964902
965068
965187
965352
965649
965780
966232
966662
966777
967194
967467
967551
967900
968094
968176
968354
968576
968836
968987
969180
969755
970133
970269
970488
970797
970901
971045
971188
971402
971728
971912
972102
972343
972521
972745
972862
973197
973398
973570
973777
973903
974092
974326
974440
974601
974732
975037
975188
975279
975517
975551
975624
975760
976063
976240
976328
976415
976514
976615
976882
977084
977279
977468
977696
978120
978243
978479
978803
978947
979164
979271
979551
979750
979939
980140
980497
980813
980979
981245
981484
981661
981909
982069
982400
982553
982939
983113
983344
983669
983932
984307
984478
984711
985341
985511
985702
985888
986074
986424
986573
986727
987061
987257
987682
987855
988081
988595
988949
989111
989240
989364
989731
990016
990202
990513
990724
990962
991191
991607
992027
992164
992308
992530
992683
992937
993227
993389
993538
993841
994065
994294
994543
994813
995078
995255
995601
995693
995829
996003
996191
996358
996528
996665
996968
997137
997615
997882
998028
998184
998329
998538
998667
999028
999161
999328
999457
999700
1000024
1000188
1000435
1000905
1001176
1001893
1002107
1002259
1002477
1002872
1003030
1003217
1003513
1003714
1003882
1004154
1004549
1005059
1005277
1005499
1005646
1005870
1006159
1006322
1006561
1006739
1006944
1007230
1007399
1007574
1007804
1007972
1008287
1008470
1008715
1008906
1009076
1009273
1009411
1009576
1009923
1010067
1010472
1010825
1011298
1011635
1011869
1012011
1012243
1012351
1012600
1012757
1012974
1013088
1013311
1013515
1013724
1014013
1014175
1014268
1014343
1014418
1014475
1014540
1014641
1014714
1014798
1015046
1015195
1015288
1015375
1015527
1015593
1015722
1015975
1016161
1016349
1016485
1016650
1016962
1017152
1017351
1017842
1018185
1018489
1018630
1018795
1018966
1019182
1019712
1020035
1020233
1020574
1020876
1021344
1021688
1022032
1022498
1022822
1023230
1023522
1024306
1024743
1025122
1025544
1025950
1026279
1026523
1027071
1027291
1027931
1028561
1029008
1029387
1030268
1030638
1030917
1031528
1032328
1032807
1033254
1033544
1033765
1033959
1034250
1034551
1035195
1035748
1036385
1036684
1036846
1037056
1037177
1037287
1037424
1037548
1037670
1038003
1038302
1038500
1038710
1038960
1039298
1039562
1040034
1040322
1040714
1040861
1041118
1041339
1041527
1042319
1042954
1043472
1043544
1043938
1044087
1044379
1044545
1044621
1044696
1044855
1044925
1045031
1045075
1045199
1045348
1045540
1045622
1045720
1045893
1046017
1046109
1046247
1046518
1046678
1047007
1047094
1047263
1047375
1047491
1047661
1047931
1048114
1048551
1048699
1048941
1049046
1049307
1049756
1050043
1050198
1050493
1050944
1051012
1051280
1051570
1051854
1052300
1052540
1052741
1053081
1053376
1053668
1053826
1054285
1054570
1054759
1055264
1055547
1055747
1056108
1056307
1056744
1057042
1057318
1057564
1057869
1057972
1058435
1058785
1059020
1059269
1059537
1059797
1060009
1060183
1060387
1060614
1060864
1061155
1061359
1061977
1062285
1062494
1062877
1063122
1063378
1063523
1063760
1063989
1064113
1064351
1064799
1064882
1065077
1065290
1065547
1065835
1065994
1066108
1066267
1066379
1066494
1066587
1066704
1066930
1067384
1067554
1067818
1067927
1068164
1069060
1069323
1069592
1069967
1070182
1070584
1071047
1071281
1071730
1072141
1073059
1073271
1073583
1073842
1074611
1075127
1075349
1076018
1076340
1076620
1076818
1076976
1077244
1077464
1078172
1078566
1078801
1079039
1079332
1079595
1079813
1080188
1080423
1080636
1080906
1081057
1081507
1081690
1082095
1082397
1082598
1082913
1083280
1083551
1083720
1083913
1084075
1084273
1084470
1084781
1084899
1084989
1085076
1085514
1085579
1085750
1085929
1086124
1086406
1086975
1087240
1087510
1087717
1088014
1088350
1089065
1089579
1090185
1090670
1091274
1091905
1092788
1093706
1094062
1094459
1094727
1095392
1095529
1096074
1096566
1096850
1097609
1097796
1098052
1098276
1098678
1098787
1099067
1099326
1099681
1099881
1100169
1100497
1100837
1101224
1101736
1101886
1102116
1102404
1102509
1102619
1103073
1103291
1103727
1104057
1104239
1104875
1105071
1105404
1105731
1106216
1106404
1106651
1106838
1107292
1107808
1108233
1108408
1108885
1109123
1109606
1109719
1109895
1110232
1110551
1110887
1111241
1111612
1111943
1112276
1112471
1112775
1113020
1113211
1113723
1113917
1114182
1114627
1115031
1115221
1115447
1115667
1115901
1116199
1116425
1116595
1116918
1117085
1117351
1117733
1117910
1118197
1118580
1118766
1118962
1119192
1119668
1119832
1120008
1120262
1120450
1120677
1121205
1121583
1121870
1122182
1122588
1122934
1123155
1123324
1123514
1123656
1123952
1124326
1124712
1125029
1125143
1125531
1125665
1126869
1127122
1127304
1127656
1127994
1128251
1128448
1128670
1128889
1129093
1129508
1129680
1130257
1130545
1130721
1130979
1131521
1131923
1132304
1132711
1133003
1133243
1133704
1134073
1134290
1134678
1134971
1135152
1135335
1135624
1136006
1136247
1136567
1136748
1136867
1137259
1137405
1137594
1137807
1138037
1138199
1138275
1138338
1138442
1138730
1138770
1138895
1139063
1139243
1139399
1139503
1139722
1140000
1140042
1140153
1140262
1140333
1140495
1140561
1140649
1140860
1140935
1141044
1141191
1141312
1141545
1141659
1141787
1141919
1142013
1142154
1142244
1142448
1142576
1142645
1142853
1143049
1143220
1143662
1144113
1144275
1144576
1144774
1145261
1145505
1145674
1145926
1146301
1146463
1146678
1146913
1147207
1147406
1148167
1148540
1148824
1149196
1149624
1149967
1150594
1150748
1151077
1151304
1151783
1152183
1152776
1153804
1153980
1154100
1154716
1154887
1155234
1156222
1156467
1156764
1157072
1157269
1157575
1157681
1157845
1158051
1158299
1158675
1158867
1159125
1159902
1160116
1160323
1160577
1160816
1161043
1161422
1161590
1161945
1162127
1162486
1162678
1163123
1163352
1163630
1164052
1164281
1164499
1164681
1164734
1164909
1165263
1165409
1165543
1165780
1165936
1166483
1167138
1167450
1167669
1168019
1168319
1168504
1168709
1168932
1169095
1169277
1169517
1169800
1170002
1170549
1170877
1171048
1171270
1171431
1171686
1171829
1172043
1172177
1172444
1172615
1172871
1173179
1173421
1173598
1173776
1173971
1174239
1174424
1174972
1175670
1175882
1176107
1176416
1177041
1177221
1177355
1177467
1177587
1177678
1177771
1177867
1178067
1178191
1178426
1178709
1179044
1179332
1179576
1180132
1180490
1180688
1181027
1181417
1181724
1182109
1182222
1182297
1182362
1182451
1182776
1182845
1183046
1183263
1183358
1183565
1183694
1183856
1184256
1184475
1184713
1184976
1185377
1185542
1185838
1186097
1186633
1186812
1187229
1187768
1188513
1188769
1189261
1189408
1189598
1189907
1190665
1191290
1191828
1192149
1192498
1192939
1193170
1193301
1193609
1193782
1194297
1194782
1195197
1195828
1196401
1196685
1196895
1197102
1197312
1197879
1198355
1198577
1199015
1199172
1199646
1199800
1200095
