2080
5934
10177
13961
19902
24065
28119
29337
32352
36875
40908
44532
48686
52050
56573
60816
64750
67655
71030
74335
76421
80804
83929
87334
91866
95261
100523
104426
108909
113013
117016
120351
124324
128058
130335
133919
137344
141856
146928
149504
152369
155484
157841
161355
163591
164969
173775
181992
201171
205145
209049
212883
216337
222407
227928
231363
233200
236265
239710
242805
244582
246139
249534
260127
263402
270360
273386
275782
278767
283809
288711
292315
298685
302908
306463
313551
319741
323795
336255
342125
346768
351480
360825
361944
365459
368962
371518
377319
380464
386964
390288
400352
412672
419092
425172
431911
434947
438571
441426
444611
447586
461294
462632
474623
479775
483768
486264
501011
506612
510555
514649
517664
521228
524164
530753
538880
543672
546817
550731
553896
556612
559417
565857
574114
580663
584008
589669
594611
599084
602608
609497
616755
625072
638381
641326
644820
647825
651140
654016
656621
660675
663690
666835
670469
673654
677168
680184
682939
685226
688251
692464
695579
697706
700361
703966
707600
710815
716625
720509
727917
729874
733189
736124
739219
742454
745589
754564
761563
764958
775301
782939
788660
795040
805004
808109
811543
815247
817553
822196
825601
829075
832909
836363
842064
845499
848963
852567
856092
859636
863570
868312
872136
875630
878646
