593
4836
8690
12653
18983
22478
26331
29087
31343
35387
39161
43344
47817
51172
54436
59938
63941
66228
69822
72677
76082
79007
82352
85856
89131
93224
97867
103458
107362
111106
115209
118394
122817
126671
128777
131992
136535
139500
144871
148106
151062
153428
156313
160327
162164
163931
172407
176091
193094
203617
208020
211894
214939
220341
226850
230554
231722
234248
238412
241567
243463
245520
248216
255844
261864
267675
271509
274424
277289
281043
287782
290628
296808
300432
304466
308539
318363
322237
328527
340149
344502
350262
352619
361714
364320
367135
370180
375622
378457
381952
389220
393184
405094
417255
423884
429685
434527
435995
439170
442005
445430
451520
461514
471169
475791
482311
485046
491306
504136
509268
512542
515148
520100
523195
526290
534797
541266
545649
549144
552518
556013
557580
563650
570529
578636
581013
585565
593393
596737
601120
607690
613710
620919
632470
639010
643922
645489
649692
652448
655383
658678
662322
665647
668742
672466
675541
679475
681412
683229
686553
689888
695269
696707
697975
702328
705713
707979
715677
717793
721138
728147
732090
734177
737462
739898
744940
751130
756382
763919
769051
780413
786334
789758
803855
805623
809157
812771
816825
819440
824013
827108
831032
834896
840107
844371
846407
851759
854774
857699
861194
865467
869920
873903
876819
133
286
342
443
578
705
788
1006
1116
1199
1275
1914
2009
2167
2214
2427
2507
2625
2773
2882
2986
3110
3240
3348
3364
3515
3655
3866
3995
4060
4171
4281
4367
4512
4606
4698
4748
4885
5052
5137
5296
5410
5481
5649
5773
5863
5937
5984
6249
6282
6388
6465
6647
6733
6887
6961
7162
7396
7537
7695
7885
8087
8235
8402
8523
8800
9019
9146
9417
9485
9600
9977
10159
10365
10511
10616
10698
10760
10870
11036
11206
11313
11584
11706
11807
11826
12130
12354
12454
12557
12842
13059
13193
13300
13498
13544
13754
13839
13965
14189
14316
14424
14563
14600
14706
14912
15061
15140
15240
15343
15411
15504
15603
15653
15753
15806
15842
15989
16065
16133
16273
16338
16441
16513
16571
16658
16756
16784
16830
16872
16908
16966
17015
17033
17075
17097
17127
17173
17236
17307
17356
17408
17441
17559
17603
17863
18282
18399
18540
18571
18819
19011
19111
19252
19451
19660
19793
19941
20080
20171
20222
20293
20381
20476
20641
20771
20972
21059
21183
21357
21470
21518
21619
21687
21776
21877
21938
22194
22293
22348
22440
22561
22644
22699
22899
22958
23133
23426
23491
23637
23715
23872
23950
24002
24135
24249
24386
24512
24691
24782
24819
24924
24974
25080
25195
25297
25397
25504
25675
25742
25823
25968
26090
26213
26289
26348
26458
26542
26644
26743
26837
26907
27160
27324
27411
27579
27693
27747
27826
28015
28091
28189
28278
28382
28457
28495
28579
28647
28881
28981
29053
29159
29427
29507
29564
29642
29665
29768
29926
30035
30187
30411
30577
30673
30770
30850
30966
31075
31162
31257
31342
31487
31586
31678
31836
31925
32031
32060
32120
32279
32423
32504
32648
32687
32846
32984
33057
33202
33411
33554
33631
33682
33795
33926
34096
34180
34331
34423
34514
34699
34866
34919
34978
35021
35037
35313
35357
35475
35606
35730
35832
35888
35962
36035
36086
36113
36264
36320
36353
36405
36509
36558
36604
36660
36755
36807
36886
36954
37037
37156
37264
37372
37420
37466
37623
37712
37804
37932
38114
38202
38314
38501
38601
38669
38750
38965
39062
39144
39243
39335
39438
39552
39673
39748
39873
40092
40203
40429
40547
40605
40825
40922
41016
41224
41387
41421
41495
41587
41704
41768
41875
41970
42122
42302
42486
42620
42746
42981
43057
43158
43341
43389
43538
43702
43799
43897
43992
44099
44321
44457
44613
44708
44989
45071
45149
45292
45333
45480
45661
45782
45937
46012
46108
46206
46373
46467
46675
46706
46750
46810
46872
46930
46991
47022
47074
47097
47166
47204
47266
47323
47370
47403
47476
47528
47644
47714
47763
47856
48055
48173
48297
48409
48604
48760
49319
49422
49952
50017
50115
50273
50321
50464
50537
50675
50823
51002
51138
51208
51299
51332
51584
51726
51990
52107
52404
52488
52869
53101
53557
53778
53967
54191
54318
54417
54933
55132
55476
56045
56097
56442
56619
56818
57015
57093
57195
57552
57731
57874
57997
58147
58347
58391
58524
58738
58876
59114
59228
59370
59648
59820
60032
60091
60130
60253
60602
60937
61008
61176
61351
61539
61628
61881
62015
62087
62119
62412
62568
62613
62652
62748
62808
62889
63007
63091
63154
63258
63282
63337
63384
63416
63454
63483
63499
63557
63573
63652
63670
63701
63755
63780
63827
63844
63856
63885
63915
63929
63967
64004
64032
64057
64098
64131
64198
64251
64307
64384
64406
64465
64557
64707
64831
65047
65859
66300
67380
67530
67934
68063
68106
69266
69425
69661
69935
70088
70370
70512
71203
71441
71604
71789
72086
72145
72309
72492
72671
72915
73040
73437
73816
73974
74180
74287
74466
74897
75003
75153
75335
75403
75457
75489
75525
75562
75607
75647
75677
75709
75746
75794
75814
75879
75922
75983
76021
76042
76093
76247
78743
82256
82478
83187
83562
84551
84957
85694
85902
86155
86405
86932
87083
87298
87400
87745
88062
88144
88209
88256
88363
88482
88534
88576
88657
88725
88764
88851
88915
88947
89009
89030
89087
89134
89153
89190
89210
89249
89294
89336
89368
89397
89445
89483
89513
89525
89551
89589
89641
89668
89715
89754
89839
89888
89933
90115
90213
90557
90801
90978
91444
91562
91799
92024
92895
93467
93764
93966
94423
94603
94863
94994
95173
95440
95587
95704
95911
96193
96311
96512
96747
96846
97271
97320
97505
97667
97796
97847
98374
98440
98552
98627
98673
99133
99195
99255
99306
99369
99460
99569
99790
99852
99966
100127
100342
100522
100567
100746
100848
100974
101051
101318
101540
101711
101855
101920
101964
102056
102341
102467
102561
102650
103151
103268
103369
103396
103652
103854
103982
104057
104269
104435
104527
104647
104734
104832
104954
105152
105208
105463
105595
105732
105913
105993
106050
106162
106261
106523
106772
106867
107065
107807
108671
109513
109707
109843
109869
109988
110205
110866
111092
111397
111995
112234
112347
112439
112734
112885
113157
113235
113341
113495
113610
113730
113791
113830
113882
113994
114140
114226
114378
114471
114655
114770
114851
115026
115073
115179
115217
115276
115341
115396
115501
115571
115680
115854
116078
116168
116395
116552
116677
116947
117032
117396
117631
117726
117815
118177
118344
118677
118787
118925
119099
119392
119521
119713
119777
120142
120320
120385
120473
120734
120876
120959
121041
121164
121289
121536
121608
121690
121846
122000
122145
122256
122383
122456
122547
122630
122678
122776
122928
123006
123193
123263
123410
123574
123703
123996
124059
124270
124354
124514
124670
124704
124800
124968
125078
125161
125343
125494
125579
125778
125841
125883
126031
126107
126297
126452
126535
126618
126631
126701
126746
126799
126895
126973
127023
127085
127185
127244
127288
127381
127404
127449
127517
127559
127616
127659
127682
127734
127771
127789
127808
127842
127883
127924
127937
127954
127990
128012
128023
128066
128082
128123
128141
128172
128212
128254
128308
128329
128371
128391
128428
128484
128501
128517
128549
128586
128626
128653
128716
128747
128812
128847
128933
128960
128985
129109
129143
129203
129411
129490
129530
129624
129832
129988
130107
130340
130461
130578
130669
130762
130905
131029
131189
131423
131546
131810
131990
132087
132221
132387
132508
132744
132841
133016
133106
133473
133660
133726
133825
133941
133996
134081
134167
134284
134427
134679
134772
134854
135091
135218
135348
135508
135721
135897
136127
136219
136384
136480
136624
136762
136838
137005
137073
137210
137286
137396
137468
137550
137574
137658
137901
137998
138045
138159
138222
138301
138323
138347
138413
138453
138504
138578
138662
138712
138764
138861
138921
139021
139118
139209
139322
139386
139511
139670
139721
139786
139847
139937
140138
140217
140249
140287
140362
140394
140499
140655
140769
140865
140939
141082
141199
141281
141405
141563
141683
141755
141886
141944
142001
142050
142114
142163
142198
142261
142339
142408
142496
142550
142639
142699
142729
142783
142855
142911
142949
142969
143100
143168
143235
143334
143408
143507
143596
143655
143706
143831
143880
143923
143996
144046
144127
144176
144219
144265
144292
144347
144370
144419
144441
144473
144493
144540
144556
144576
144591
144628
144644
144663
144719
144736
144752
144778
144794
144855
144869
144904
144927
144953
144968
145002
145031
145051
145078
145100
145123
145141
145169
145208
145261
145276
145308
145347
145375
145401
145444
145469
145486
145546
145582
145599
145639
145669
145705
145763
145788
145805
145844
145871
145920
145972
146041
146079
146231
146325
146591
146664
146786
146864
146971
147145
147565
147619
147731
147796
147981
148145
148228
148366
148507
148561
148723
148830
148914
148950
149009
149052
149100
149141
149215
149323
149367
149419
149484
149559
149614
149719
149799
149885
149951
150084
150193
150341
150423
150508
150701
150775
150851
150884
150919
150946
151030
151076
151165
151215
151266
151288
151335
151411
151438
151481
151509
151561
151618
151641
151686
151709
151752
151783
151844
151872
151968
151988
152039
152084
152099
152154
152178
152222
152252
152290
152333
152386
152424
152466
152534
152579
152646
152726
152742
152773
152818
152875
152895
152928
153036
153085
153149
153197
153226
153293
153344
153378
153436
153503
153523
153539
153593
153607
153646
153670
153696
153752
153823
153871
153926
153954
154027
154130
154157
154179
154260
154287
154308
154338
154370
154386
154424
154456
154482
154509
154534
154555
154579
154607
154633
154675
154725
154753
154797
154819
154868
154913
154954
155044
155134
155166
155240
155299
155323
155353
155391
155422
155482
155502
155524
155567
155587
155620
155642
155661
155691
155707
155729
155742
155758
155801
155819
155854
155879
155898
155941
155961
155978
156008
156025
156051
156077
156116
156134
156159
156181
156216
156242
156270
156319
156339
156364
156411
156446
156485
156504
156527
156540
156574
156589
156602
156644
156662
156681
156703
156730
156755
156771
156793
156835
156853
156869
156904
156921
156945
157007
157023
157041
157102
157117
157146
157162
157187
157220
157283
157320
157347
157368
157397
157429
157448
157488
157523
157553
157597
157617
157638
157681
157706
157731
157781
157804
157872
157891
157924
157963
157997
158042
158062
158081
158109
158147
158169
158212
158242
158290
158308
158335
158369
158387
158417
158444
158472
158508
158542
158562
158602
158654
158677
158714
158753
158767
158813
158841
158862
158915
158957
158982
159029
159070
159092
159128
159148
159193
159213
159251
159266
159315
159348
159372
159405
159427
159450
159474
159494
159529
159588
159631
159663
159694
159717
159757
159810
159849
159888
159926
159953
159990
160015
160051
160095
160115
160140
160186
160224
160274
160326
160464
160694
160942
160982
161080
161138
161181
161301
161384
161421
161447
161496
161542
161601
161616
161633
161664
161678
161715
161734
161758
161782
161797
161817
161844
161866
161886
161932
161958
161977
161993
162010
162035
162062
162081
162109
162126
162153
162168
162196
162225
162247
162277
162299
162328
162391
162408
162478
162531
162555
162586
162613
162638
162668
162687
162709
162760
162823
162848
162880
162934
162970
163023
163061
163079
163102
163138
163154
163177
163231
163249
163280
163326
163361
163413
163431
163452
163496
163547
163572
163609
163646
163682
163703
163721
163757
163778
163812
163846
163875
163898
163926
163944
163984
164008
164061
164117
164145
164166
164236
164256
164283
164334
164396
164477
164549
164657
164714
164770
164820
164977
165057
165191
165401
165453
165556
165622
165694
165760
165810
165895
165988
166140
166291
166390
166627
166729
166901
167134
167440
167550
167619
167706
167856
167933
168056
168307
168453
169302
169372
169490
169796
170009
170129
170176
172655
173164
173422
173556
173642
173890
173937
174079
174117
174221
174295
174321
174377
174429
174464
174493
174557
174621
174694
174795
174871
174917
175119
175268
175698
176021
176173
176302
176512
176747
177014
177231
177283
177308
177350
177418
177494
177586
177615
177651
177740
177788
177823
177859
177886
177934
177962
178039
178069
178129
178178
178232
178279
178332
178367
178420
178473
178510
178620
178679
178724
178823
178857
178938
179046
179085
179121
179172
179192
179256
179328
179349
179422
179441
179463
179524
179560
179583
179633
179675
179733
179803
179843
179880
179923
179965
180021
180072
180138
180180
180258
180331
180424
180460
180519
180548
180633
180690
180751
180815
180862
180931
180985
181065
181111
181153
181204
181245
181311
181370
181420
181463
181511
181564
181611
181677
181723
181774
181819
181913
181975
182019
182079
182235
182374
182488
182610
182674
182758
182836
182971
182999
183068
183169
183243
183312
183489
183654
183736
183873
183913
183953
184027
184113
184160
184259
184353
184401
184512
184590
184769
184890
185007
185093
185454
185632
185727
186591
186704
186762
186829
186926
187524
187870
188032
188073
188198
188299
188374
188485
188584
188643
188762
188818
188911
188979
189037
189216
189290
189476
189510
189609
189658
189811
189970
190016
190178
190246
190361
190480
190535
190573
190630
190664
190739
190822
190971
191101
191255
191353
191561
191596
191759
191815
192091
192198
192284
192471
192564
192734
192839
192959
193026
193141
193320
193453
193925
194111
194341
194508
194580
194696
194790
194903
194967
195082
195180
195379
195506
195561
195732
195905
196087
196136
196226
196358
196466
196515
196602
196706
196810
196946
197036
197140
197188
197246
197295
197491
197581
197678
197760
197931
198154
198199
198281
198368
198429
198531
198727
198883
199002
199179
199333
199403
199533
199677
199781
199876
199949
200016
200062
200096
200240
200346
200438
200513
200569
200675
200746
200813
200915
200961
201230
201281
201416
201479
201604
201652
201717
201765
201837
201931
202047
202157
202244
202347
202413
202485
202599
202721
202861
203010
203117
203257
203381
203474
203574
203611
203773
203944
203991
204083
204205
204382
204546
204645
204754
204873
204994
205055
205109
205265
205322
205442
205536
205632
205816
205914
206088
206163
206296
206517
206650
206762
206793
206931
207115
207259
207464
207535
207590
207742
207854
207975
208052
208156
208194
208238
208280
208362
208602
208688
208753
208904
209054
209154
209199
209369
209449
209739
209856
210082
210171
210238
210281
210315
210437
210560
210786
210872
211101
211293
211521
211672
211818
211939
212026
212099
212235
212295
212391
212465
212546
212724
212853
213010
213369
213564
213661
213706
213861
214094
214211
214274
214370
214522
214715
214816
214852
214997
215089
215349
215449
215530
215619
215705
215795
215852
215933
216034
216083
216219
216378
216548
216878
217043
217186
217364
217547
217642
217705
217801
217945
218081
218135
218216
218479
218693
218826
218893
218987
219078
219134
219183
219274
219351
219569
219894
220106
220380
220788
220985
221278
221360
221576
221704
221884
222047
222128
222182
222271
222312
222416
222504
222595
222667
222724
222862
222927
222955
223116
223287
223393
223421
223476
223497
223584
223664
225314
225799
225868
226031
226101
226147
226366
226526
226847
226895
227278
227586
227774
227850
227957
228158
228518
228621
228856
229077
229221
229456
229843
230006
230370
230675
230745
230817
230876
230913
231014
231096
231156
231234
231326
231561
231951
232011
232140
232192
232427
232648
232881
233052
233191
233261
233346
233416
233526
233597
233704
233837
233950
234000
234144
234319
234458
234565
234707
234860
235009
235045
235091
235312
235562
235632
235728
235904
235951
236021
236158
236274
236401
236498
236749
236849
236934
237088
237316
237473
237632
237744
237858
238005
238112
238402
238463
238482
238594
238681
238758
238832
238906
238942
238984
239069
239123
239166
239200
239319
239429
239517
239698
239844
239927
240059
240198
240308
240393
240538
240724
240852
240948
241045
241143
241235
241361
241495
241692
241785
241881
241964
242083
242119
242206
242283
242443
242793
242866
242987
243029
243068
243197
243306
243451
243548
243646
243726
243835
243936
243982
244205
244306
244425
244613
244698
244836
245074
245172
245339
245408
245513
245544
245632
245692
245809
245913
245999
246103
246145
246304
246419
246520
246616
246699
246939
247011
247099
247332
247616
247728
247828
247927
248047
248120
248154
248169
248236
248436
248560
248613
248713
248845
248877
249001
249038
249173
249293
249360
249441
249560
249668
249896
250024
250141
250281
250380
250529
250594
250699
250846
251019
251177
251569
252988
253217
255320
255551
255638
255663
255759
255802
255885
255922
255998
256149
257327
258141
258259
258324
258417
258463
258509
258581
258608
258653
258700
258733
258787
258805
258829
258881
258898
258944
258967
258987
259041
259058
259117
259130
259149
259165
259182
259233
259274
259294
259326
259388
259434
259507
259527
259580
259628
259686
259733
259776
259821
259845
259895
259924
259949
259996
260045
260098
260137
260219
260245
260286
260343
260387
260463
260526
260569
260692
260730
260804
260839
260932
261000
261112
261187
261285
261426
261575
261684
261797
261826
261975
262060
262140
262202
262256
262508
263955
264012
264045
264068
264104
264122
264160
264196
264242
264284
264301
264342
264361
264399
264422
264457
264480
264502
264534
264569
264650
264733
264791
265439
270415
270501
270657
271198
271671
271851
272260
272362
272645
272877
272988
273211
273407
273543
273605
273666
273688
273843
273894
274006
274062
274138
274444
274553
274960
275502
275550
275949
276255
276868
276993
277165
277256
277424
277542
277658
277768
277861
277945
277996
278062
278108
278212
278294
278457
278552
278741
278918
279198
279451
279628
279724
279824
279852
279968
280020
280194
280266
280339
280378
280439
280544
280641
280849
281069
281209
281265
281345
281436
281546
281584
281789
281898
281953
282035
282177
282355
282816
283000
283204
283430
283534
283584
283630
283701
283762
283814
283902
283973
284005
284119
284190
284334
284422
284628
284675
284716
284768
284953
285329
285477
285542
285621
285697
285803
285856
285921
285961
285987
286035
286061
286079
286104
286124
286173
286218
286248
286285
286334
286412
286434
286464
286515
286564
286586
286677
286718
286782
286944
287068
287209
287372
287525
287622
287810
287902
288266
288336
288492
288576
288686
288963
289027
289079
289165
289272
289480
289556
289738
289818
289985
290156
290290
290426
290567
290673
290772
290826
290885
290936
290963
291263
291363
291509
291551
291566
291700
291869
291976
292027
292089
292134
292174
292208
292306
292378
292413
292459
292483
292532
292591
292621
292678
292743
292775
292802
292830
292909
292933
293003
293022
293071
293092
293110
293132
293169
293213
293237
293250
293269
293387
293418
293454
293477
293543
293641
293706
293740
293854
293881
293986
294157
294184
294303
294449
294570
294858
295061
295291
295400
295599
295676
295757
295801
295879
295915
295976
296035
296093
296146
296192
296259
296285
296313
296421
296495
296558
296595
296645
296816
296868
296916
296934
296972
297027
297091
297123
297144
297173
297245
297281
297309
297370
297402
297481
297507
297572
297596
297659
297690
297787
297863
297892
297993
298030
298054
298081
298124
298153
298178
298210
298249
298292
298311
298349
298383
298422
298440
298462
298508
298534
298569
298608
298653
298685
298730
298775
298837
298908
298965
299067
299126
299205
299285
299362
299456
299531
299618
299779
299937
299978
300043
300102
300155
300236
300277
300352
300394
300425
300471
300527
300562
300582
300610
300686
300725
300809
300826
300908
300998
301021
301094
301135
301178
301226
301294
301370
301405
301516
301565
301607
301641
301660
301687
301716
301756
301782
301803
301821
301865
301893
301907
301945
301971
301991
302011
302057
302131
302178
302235
302290
302337
302389
302450
302474
302496
302540
302558
302628
302651
302668
302730
302752
302783
302812
302831
302872
302908
302958
302976
303005
303020
303098
303143
303178
303195
303234
303267
303284
303323
303353
303403
303459
303497
303583
303637
303696
303747
303790
303948
304018
304079
304116
304187
304246
304321
304364
304547
304807
304861
305132
305691
306060
306139
306228
306295
306377
306475
306555
306666
306707
306780
306898
306948
307020
307106
307165
307219
307273
307375
307411
307456
307577
307614
307694
307728
307821
307972
308052
308162
308278
308319
308399
308434
308453
308492
308511
308550
308580
308660
308692
308728
308748
308819
308855
308910
308990
309058
309175
309303
309342
309498
309626
309707
309813
309847
309875
309900
309956
309974
310046
310082
310204
310301
310413
310664
311391
311470
311591
311631
311752
311822
311855
311878
311918
311978
312021
312038
312081
312118
312133
312179
312225
312252
312307
312349
312399
312419
312454
312543
312574
312603
312634
312666
312693
312724
312765
312836
312917
312954
312985
313030
313084
313124
313156
313221
313286
313337
313369
313463
315142
315450
315558
315697
315807
316131
316210
316254
316737
316892
317081
317152
317268
317529
317748
317816
317863
318007
318230
318338
318439
318538
318690
318868
319016
319236
319358
319537
319591
319711
319775
319924
320012
320087
320270
320326
320427
320515
320661
320768
320909
320980
321188
321293
321340
321410
321527
321672
321818
321917
321995
322123
322254
322328
322366
322451
322621
322681
322862
322956
323041
323232
323446
323544
323616
323712
323876
324044
324102
324192
324218
324275
324370
324391
324463
324505
324582
324648
324738
324805
324899
324970
325047
325167
325199
325283
325345
325456
325580
325682
325825
325940
326011
326132
326340
326382
326428
326462
326497
326561
326608
326675
326758
326855
327006
327108
327244
327358
327487
327571
327741
327925
328060
328174
328288
328390
328492
328586
328692
328868
328960
329023
329118
329224
329379
329474
329595
329677
329753
329899
329984
330086
330175
330294
330374
330496
330575
330600
330739
330830
330957
331040
331054
331115
331219
331313
331381
331528
331598
331789
331901
331960
332072
332129
332266
332384
332488
332572
332619
332705
332845
332908
332959
332981
333085
333138
333189
333247
333310
333416
333477
333570
333635
333746
333830
333882
334177
334266
334439
334536
334659
334806
334849
334988
335122
335284
335348
335432
335503
335568
335620
335695
335749
335795
335907
336031
336100
336200
336329
336431
336512
336563
336730
336783
336892
336948
337022
337159
337190
337382
337486
337646
337699
337766
337886
337950
338119
338222
338299
338436
338465
338548
338664
338746
338789
338818
338877
338968
339015
339048
339069
339105
339141
339159
339179
339220
339238
339310
339327
339340
339373
339417
339444
339480
339499
339559
339580
339614
339663
339756
339909
340037
340168
340291
340412
340723
340853
340957
341088
341241
341304
341410
341465
341556
341639
341779
341913
342049
342192
342322
342469
342588
342668
342859
342933
343034
343113
343194
343282
343382
343456
343576
343722
343811
343886
343971
344035
344059
344250
344401
344490
344577
344656
344720
344756
344810
344888
344939
345005
345099
345163
345221
345287
345357
345406
345422
345465
345572
345690
345733
345830
345869
345960
346005
346059
346090
346129
346239
346279
346351
346433
346478
346582
346666
346744
346812
347001
347050
347127
347184
347227
347324
347365
347536
347778
347979
348068
348102
348152
348187
348259
348284
348366
348387
348458
348509
348559
348612
348683
348702
348736
348788
348848
348895
348940
348976
349074
349173
349324
349434
349501
349611
349743
349901
350030
350134
350299
350365
350530
350641
350879
350956
351035
351188
351306
351411
351592
351657
351825
351913
352008
352166
352382
352508
352584
352709
352872
352995
353079
353258
353350
353508
353585
353644
353904
354026
354140
354203
354368
354404
354489
354664
354828
354872
354979
355032
355151
355215
355370
355552
355629
355766
355817
355890
356032
356166
356382
356529
356685
356757
356848
357087
357113
357219
357279
357379
357448
357503
357525
357570
357609
357628
357655
357685
357819
357897
358060
358269
358564
359180
359251
359435
359707
359843
360093
360201
360367
360478
360739
361006
361143
361278
361581
361675
361729
361818
361906
361972
362191
362272
362347
362382
362549
362640
362821
362913
363024
363129
363287
363383
363488
363569
363750
363906
363981
364132
364205
364365
364544
364663
364785
364940
365002
365262
365396
365481
365623
365924
366041
366099
366133
366176
366190
366240
366295
366343
366373
366476
366519
366579
366677
366780
366920
366956
367150
367356
367476
367663
367791
367929
368039
368189
368249
368355
368451
368537
368607
368678
368748
368898
368957
369039
369143
369240
369289
369406
369461
369571
369691
369765
369787
369975
370149
370299
370460
370536
370625
370675
370945
371029
371074
371301
371372
371390
371567
371613
371710
371783
371863
371901
371941
371986
372013
372037
372062
372134
372174
372229
372266
372337
372374
372504
372576
372688
372803
372955
373122
373355
373470
373679
373808
374036
374172
374214
374345
374409
374656
374789
374930
375031
375134
375287
375378
375539
375760
375970
376059
376227
376331
376429
376548
376699
376802
376965
377092
377186
377246
377317
377376
377407
377446
377526
377590
377652
377725
377857
377948
378057
378222
378292
378344
378580
378723
378948
379146
379248
379476
379585
379845
379994
380119
380255
380333
380468
380580
380712
380817
380963
381031
381219
381492
381580
381776
381824
381993
382449
382560
382785
382984
383109
383173
383255
383364
383458
383501
383619
383700
383818
383911
383968
384142
384229
384431
384562
384642
384689
384754
384780
384853
384924
385028
385092
385147
385252
385364
385448
385637
385712
385823
385842
385917
385962
386029
386081
386163
386211
386253
386286
386329
386417
386439
386465
386520
386568
386583
386612
386703
386718
386738
386778
386793
386814
386867
386890
386920
386963
386982
387004
387017
387033
387053
387068
387085
387115
387145
387161
387199
387214
387238
387259
387287
387308
387325
387353
387381
387424
387444
387462
387528
387606
387631
387692
387715
387778
387885
387944
388205
388316
388376
388515
388593
388660
388719
388769
388888
388990
389098
389338
389526
389717
389859
389992
390062
390122
390245
390454
390524
390641
390786
390829
390932
390974
391057
391185
391275
391426
391547
391658
391757
391882
391978
392064
392210
392260
392308
392498
392624
392793
392841
393199
393490
393650
393759
393856
393970
394097
394113
394316
394452
394551
394685
394833
395002
395101
395210
395282
395507
395571
395725
395838
395975
396165
396254
396421
396622
396797
396924
397018
397105
397164
397207
397280
397339
397431
397522
397573
397646
397738
397820
398060
398317
398527
398656
398728
398923
399091
399249
399385
399457
399558
399635
399699
399738
399907
399988
400051
400267
400321
400484
400614
400730
400780
400916
400984
401067
401206
401252
401513
401591
401654
401718
401880
401964
402121
402230
402349
402401
402511
402572
402824
402934
403060
403116
403228
403369
403423
403463
403516
403544
403602
403655
403759
403811
403897
403952
403997
404049
404077
404157
404253
404339
404429
404618
404739
404870
404978
405026
405099
405198
405220
405315
405432
405452
405576
405701
405755
405837
405986
406060
406101
406238
406387
406506
406576
406679
406796
406918
406988
407093
407186
407249
407381
407640
407869
407965
407994
408055
408240
408356
408452
408650
408787
408868
408972
409077
409280
409368
409422
409452
409512
409556
409627
409656
409689
409745
409846
409902
409924
409952
410025
410074
410169
410227
410321
410414
410526
410581
410771
411052
411130
411219
411322
411506
411612
411763
411855
411929
412173
412294
412433
412520
412730
412863
412946
413029
413143
413403
413497
413605
413691
413883
414007
414192
414432
414530
414639
414833
414940
415063
415253
415292
415375
415455
415588
415656
415756
415877
415937
416036
416121
416268
416420
416526
416733
416753
416875
416950
417114
417224
417388
417486
417678
417828
418017
418122
418237
418298
418378
418446
418496
418581
418664
418743
418768
418903
418989
419073
419210
419321
419407
419697
419792
419939
420331
420422
420621
420731
420801
420927
420980
421089
421184
421258
421369
421410
421544
421630
421683
421734
421778
421798
421831
421876
421905
421941
421958
421991
422023
422049
422069
422128
422223
422288
422304
422341
422411
422455
422517
422562
422699
422802
422901
423165
423298
423443
423633
423732
423844
423949
424051
424074
424245
424318
424359
424423
424550
424646
424761
424828
424893
424950
425022
425157
425247
425294
425407
425554
425620
425738
425771
425867
425973
426158
426225
426395
426556
426575
426709
426806
426868
426972
427156
427287
427534
427722
427840
427949
428138
428215
428331
428402
428470
428541
428581
428601
428644
428674
428728
428762
428790
428825
428853
428893
428952
428976
429048
429062
429103
429158
429184
429300
429331
429406
429524
429559
429652
429747
429939
430057
430142
430188
430274
430352
430400
430540
430574
430674
430814
430924
431043
431216
431281
431347
431424
431451
431500
431585
431625
431662
431739
431788
431867
431897
431986
432091
432115
432136
432206
432422
432536
432669
432806
433076
433135
433291
433370
433525
433601
433719
433830
433907
434077
434163
434323
434476
434661
434705
434815
434916
434942
435078
435149
435273
435373
435467
435537
435727
435931
436029
436240
436292
436391
436475
436558
436629
436711
436777
436838
437013
437048
437237
437498
437573
437668
437790
437910
438075
438176
438243
438329
438353
438406
438477
438692
438760
438814
438887
438985
439103
439163
439357
439696
439815
440048
440220
440326
440506
440735
440867
440955
441007
441127
441141
441234
441347
441425
441579
441788
442006
442148
442307
442634
443325
443499
443624
443716
443834
443928
444069
444128
444202
444252
444314
444446
444479
444584
444649
444713
444831
444882
444965
445073
445105
445231
445300
445416
445544
445714
445833
445997
446103
446181
446350
446464
446561
446670
446784
446919
447010
447084
447205
447308
447425
447638
447760
447810
448018
448123
448176
448497
448575
448656
448762
448900
449171
449295
449472
449710
449809
449938
450068
450111
450161
450221
450316
450387
450545
450580
450640
450726
450751
450798
450893
450969
451000
451076
451117
451225
451281
451355
451531
451624
451792
451928
452061
452120
452230
452304
452464
452825
453059
453131
453247
453487
453571
453761
453846
453959
454050
454170
454238
454370
454613
454770
454865
454963
455057
455123
455188
455344
455460
455740
455906
456106
456169
456260
456337
456372
456467
456560
456686
456734
456775
456836
456955
457013
457058
457137
457237
457296
457414
457519
457716
457919
458020
458148
458317
458421
458580
458700
458811
459149
459375
459524
459693
459886
460269
460668
460797
460915
460974
461174
461271
461385
461443
461500
461534
461594
461671
461724
461815
461881
461965
462045
462139
462324
462505
462790
463100
463584
463784
463951
463979
464088
464148
464179
464380
464595
465138
465426
465560
465664
465771
466003
466121
466217
466265
466365
466450
466525
466574
466593
466642
466663
466684
466721
466754
466779
466814
466836
466869
466906
466930
466948
467003
467020
467093
467112
467159
467190
467232
467312
467339
467387
467485
467514
467560
467574
467646
467693
467740
467771
467831
467897
467954
467980
468024
468060
468115
468322
468412
468577
468822
471016
471127
471176
471221
471253
471285
471297
471375
471402
471452
471464
471476
471523
471567
471583
471633
471657
471689
471711
471741
471779
471798
471817
471833
471881
471897
471916
471940
471987
472006
472022
472037
472073
472096
472118
472172
472203
472227
472279
472327
472354
472403
472450
472479
472504
472521
472552
472596
472638
472670
472726
472776
472794
472836
472873
472923
472961
473007
473052
473082
473112
473150
473181
473210
473254
473310
473373
473398
473424
473459
473476
473519
473563
473585
473629
473646
473680
473697
473718
473733
473759
473771
473821
473858
473882
473905
473938
473956
473994
474011
474037
474069
474109
474146
474159
474179
474224
474265
474282
474329
474350
474398
474447
474467
474509
474646
474703
474780
474837
474894
475087
475133
475210
475351
475545
475609
475703
475879
475982
476112
476185
476243
476431
476588
476731
476789
476858
476901
476949
476984
477048
477164
477216
477234
477250
477291
477320
477401
477476
477516
477560
477588
477637
477667
477706
477746
477760
477791
477814
477849
477868
477892
477910
477937
477964
477992
478025
478048
478107
478158
478176
478191
478224
478243
478268
478308
478326
478355
478399
478444
478469
478494
478533
478598
478631
478732
478773
478871
478922
479072
479252
479406
479585
479717
479839
479907
479995
480145
480368
480548
480784
481064
481175
481222
481309
481517
481634
481993
482080
482225
482349
482620
482835
482971
483056
483189
483271
483342
483496
483603
483740
483895
484068
484249
484389
484548
484717
484866
485027
485119
485198
485280
485331
485410
485575
485665
485727
485830
485913
485994
486142
486321
486576
486808
486865
486946
486994
487074
488272
488330
488592
491609
491964
492002
492317
492332
492355
492418
492469
492489
492557
492606
492663
492718
492764
492821
492863
492984
493028
493134
493240
493279
493346
493383
493428
493455
493527
493582
493651
493760
493885
493913
493973
494016
494061
494120
494157
494210
494275
494314
494387
494452
494524
494579
494617
494675
494701
494725
494751
494783
494861
494901
494937
494958
494995
495072
495096
495125
495216
495272
495293
495357
495387
495423
495497
495577
495716
496060
496105
496137
496196
496238
496263
496331
496443
496508
496552
496583
496659
496867
497076
497203
497467
498101
498269
498405
498528
498567
498788
498862
498957
498992
499035
499160
499217
499241
499281
499335
499368
499438
499537
499573
499636
499711
499769
500005
500068
500144
500246
500351
500416
500506
500579
500669
500859
500942
501048
501249
501417
501481
501577
501668
501796
501857
501939
502015
502175
502348
502560
502653
502894
503243
503355
503553
503936
504232
504326
504633
504771
504923
505075
505288
505445
505503
505577
505689
505834
505920
506013
506220
506239
506290
506310
506403
506570
506735
506804
507021
507081
507234
507364
507496
507607
507680
507809
507887
507992
508133
508191
508304
508388
508586
508743
508819
508904
508926
509015
509096
509174
509258
509449
509508
509649
509794
509860
509996
510178
510374
510536
510631
510746
510842
511079
511276
511415
511533
511637
511788
511864
511947
512039
512071
512153
512290
512358
512471
512623
512811
512885
512956
513061
513202
513307
513359
513430
513465
513502
513528
513560
513587
513637
513673
513706
513735
513770
513803
513821
513848
513861
513880
513910
513942
513994
514032
514089
514169
514228
514285
514427
514560
514640
514863
515316
515480
515717
515808
516202
516380
516511
516556
516726
516884
516932
517014
517119
517215
517320
517409
517526
517628
517714
517831
517927
518011
518045
518069
518364
518471
518580
518693
518958
519013
519086
519167
519557
519659
519890
519986
520099
520144
520245
520334
520382
520438
520498
520599
520717
520795
520894
521033
521121
521221
521397
521473
521734
521792
521876
521972
522072
522146
522395
522510
522600
522751
522825
522929
523029
523155
523429
523599
523659
523726
523838
523992
524173
524240
524301
524429
524517
524578
524736
524898
525084
525122
525284
525410
525607
525677
525807
525869
525972
526007
526227
526303
526451
526599
526719
526804
526876
526950
527033
527149
527285
527413
527507
527696
527812
527846
527896
527983
528065
528164
528185
528263
528507
528584
528706
528870
528995
529162
529329
529468
529619
529760
529914
530042
530126
530238
530287
530339
530556
530663
530793
530846
530922
531041
531254
531458
531509
531735
531824
532082
532153
532264
532416
532507
532584
532642
532693
532746
532837
532917
532990
533053
533078
533129
533145
533171
533212
533229
533262
533277
533313
533358
533388
533413
533448
533496
533575
533650
533715
533783
534160
534354
534602
535048
535229
535511
535684
535803
536082
536803
536910
537144
537370
537547
537671
537809
537952
538047
538123
538196
538272
538312
538353
538374
538598
538704
538804
538852
538916
538974
539027
539102
539116
539171
539223
539292
539340
539376
539473
539502
539529
539562
539586
539632
539676
539694
539712
539744
539761
539776
539795
539831
539863
539876
539904
539946
539963
539977
539996
540028
540052
540067
540097
540154
540203
540243
540262
540338
540430
540454
540537
540658
540705
540745
540879
541102
541199
541367
541438
541514
541610
541645
541775
541866
542001
542070
542141
542172
542227
542254
542328
542358
542395
542434
542480
542513
542554
542569
542634
542659
542733
542792
542813
542835
542901
542984
543015
543081
543107
543167
543192
543237
543275
543301
543336
543371
543407
543438
543486
543555
543586
543613
543668
543697
543743
543835
543926
544056
544217
544272
544394
544597
544753
544857
545138
545346
545470
545581
545636
545708
545734
545758
545805
545850
545879
545952
545984
546135
546201
546264
546379
546443
546572
546647
546680
546873
547053
547198
547273
547364
547674
547909
548054
548193
548442
548515
548804
549001
549140
549273
549371
549446
549485
549550
549605
549700
549755
549807
549867
549920
549992
550073
550474
550737
550897
551060
551187
551215
551335
551532
551862
551988
552253
552438
552632
552703
552798
552865
552889
552986
553092
553161
553243
553365
553420
553563
553702
553785
553899
553956
554147
554237
554376
554403
554647
554774
554908
555024
555311
555576
555645
555701
555741
555856
555942
555997
556057
556098
556137
556176
556214
556238
556263
556281
556318
556360
556380
556435
556462
556511
556533
556614
556715
556771
556861
556905
557004
557232
557534
557705
557903
557953
558038
558214
558426
558532
558730
558823
558935
559013
559087
559167
559340
559489
559605
559812
559937
560076
560166
560273
560476
560628
560725
560814
561028
561318
561448
561647
561704
561922
562005
562026
562077
562135
562182
562207
562259
562311
562352
562370
562426
562474
562496
562539
562595
562657
562762
563050
563136
563467
563556
563651
563726
563923
564061
564235
564517
564629
564709
564743
564804
564960
565110
565187
565251
565345
565490
565656
565788
566039
566084
566121
566276
566440
566664
567001
567364
567443
567503
567593
567721
567882
568021
568077
568184
568306
568572
568604
568708
570217
570277
570317
570360
570444
570458
570472
570494
570515
570551
570591
570650
570716
570745
570793
570822
570868
570885
570908
570985
571062
571263
571401
571517
571553
571609
571694
571865
572331
574119
574819
575180
575797
578277
578515
579496
579546
579569
579597
579647
579670
579705
579741
579756
579794
579822
579859
579888
579923
579943
579961
579991
580004
580049
580091
580103
580118
580137
580156
580191
580205
580241
580260
580273
580298
580317
580347
580375
580399
580417
580444
580460
580486
580507
580522
580549
580580
580595
580613
580630
580662
580677
580712
580748
580792
580812
580842
580856
580872
580892
580929
580944
580973
580997
581019
581036
581071
581088
581119
581142
581206
581234
581258
581311
581333
581378
581405
581500
581526
581561
581678
581705
581741
581794
581833
581882
581922
581992
582047
582092
582186
582314
582346
582403
582442
582483
582535
582602
582654
582722
582739
582790
582813
582871
582916
582952
583015
583059
583133
583198
583238
583276
583374
583451
583497
583636
583738
583924
583992
584071
584159
584260
584368
584553
584772
584881
584984
585213
585265
585598
585664
585777
585825
585912
586112
586174
586248
586300
586393
586471
586491
586528
586550
586563
586577
586620
586638
586661
586689
586706
586724
586742
586769
586781
586795
586825
586843
586871
586900
586914
586927
586956
586998
587018
587031
587050
587070
587087
587107
587127
587169
587213
587242
587273
587286
587323
587360
587383
587421
587449
587496
587554
587586
587624
587641
587692
587723
587757
587792
587822
587842
587866
587920
588001
588056
588182
588238
588285
588364
588421
588452
588523
588576
588618
588643
588680
588726
588811
588878
588947
589003
589039
589077
589159
589203
589251
589331
589564
589652
589843
590131
590222
590351
590674
591012
591156
591358
591636
591941
592064
592148
592314
592387
592518
592653
592761
592960
593046
593182
593288
593458
593507
593639
593677
593750
593909
594058
594132
594234
594273
594368
594390
594488
594539
594617
594699
594824
594988
595044
595120
595269
595410
595452
595503
595610
595805
595924
596102
596265
596341
596436
596546
596645
596752
596818
596882
596960
597004
597055
597122
597158
597280
597359
597445
597546
597607
597758
597826
597988
598101
598244
598331
598436
598517
598559
598627
598801
598878
598922
598997
599059
599111
599137
599169
599257
599302
599399
599489
599518
599601
599686
599737
599822
599874
599951
600010
600090
600142
600180
600209
600273
600317
600351
600385
600421
600471
600573
600599
600620
600636
600658
600684
600701
600724
600741
600776
600790
600806
600823
600855
600869
600890
600970
601006
601021
601051
601080
601110
601128
601159
601176
601223
601241
601276
601293
601317
601339
601370
601389
601415
601449
601488
601501
601514
601534
601581
601596
601635
601667
601689
601731
601751
601769
601798
601832
601859
601907
601928
601954
601988
602000
602019
602061
602080
602109
602128
602157
602173
602190
602236
602252
602285
602307
602331
602348
602435
602468
602490
602503
602549
602565
602581
602630
602647
602664
602694
602711
602747
602807
602822
602861
602877
602910
602930
602948
602968
603015
603036
603056
603092
603116
603154
603172
603249
603267
603319
603348
603390
603428
603461
603527
603548
603599
603627
603726
603804
603846
603919
603964
604094
604144
604310
604437
604573
604666
604833
604938
605183
605285
605547
605646
605823
605942
606132
606383
606559
606722
606929
607084
607375
607476
607659
607974
608128
608259
608383
608610
608711
608847
608922
609096
609262
609412
609516
609642
610051
610212
610435
610629
610774
610819
610954
611043
611128
611244
611371
611406
611534
611612
611790
611945
612026
612144
612211
612292
612412
612608
613060
613395
613541
613848
614118
614186
614331
614702
614839
615042
615219
615453
615541
615700
615824
615889
615984
616127
616211
616294
616397
616599
616710
616818
616982
617032
617101
617417
617544
617668
617876
617962
618088
618112
618188
618231
618290
618333
618388
618462
618552
618637
618729
618790
618932
619070
619169
619225
619293
619372
619403
619514
619575
619677
619760
619821
619945
619979
620040
620092
620148
620205
620232
620288
620387
620424
620505
620550
620631
620687
620806
620934
621099
621169
621232
621327
621475
621580
621693
621771
621878
621945
622020
622084
622217
622395
622440
622621
622893
623028
623183
623249
623455
623839
623976
624136
624241
624380
624508
624553
624664
624729
624859
625000
625060
625090
625132
625223
625283
625366
625461
625608
625709
625847
626006
626237
626414
626591
626726
626811
626994
627157
627195
627366
627484
627716
627925
628046
628157
628357
628400
628540
628706
628803
628934
629029
629069
629161
629215
629269
629457
629644
629809
629857
629974
630085
630305
630433
630502
630592
630700
630823
630869
631017
631067
631114
631177
631225
631266
631315
631439
631512
631658
631706
631728
631761
631811
631843
631873
631953
631977
631996
632057
632126
632198
632241
632297
632365
632407
632658
632729
632825
632974
633068
633213
633977
634102
634350
634567
635063
635219
635348
635486
635782
635868
636067
636345
636487
636685
636948
637339
637420
637780
637960
638100
638434
638480
638653
638814
639072
639266
639448
639555
639814
639890
640356
640448
640619
640962
641060
641184
641294
641320
641454
641599
641783
641980
642313
642358
642447
642590
642691
642726
642811
643020
643125
643283
643452
643497
643841
643958
644174
644280
644525
644661
644792
644878
645146
645300
645730
645840
645937
646022
646192
646512
646586
646785
646967
647171
647333
647431
647588
647729
647820
647868
648009
648141
648265
648331
648457
648844
649034
649151
649405
649739
649822
649907
650061
650215
650374
650506
650639
650750
650924
651044
651165
651345
651627
651713
651788
651938
652231
652364
652488
652581
652662
652783
652920
652971
653025
653076
653109
653133
653228
653281
653308
653345
653506
653582
653680
653809
653965
654107
654417
654542
654877
655025
655137
655284
655440
655623
655722
655804
656004
656185
656309
656459
656646
656846
657008
657159
657349
657478
657597
657761
657911
657947
658073
658372
658553
658800
659033
659147
659273
659372
659435
659523
659557
659637
659741
659778
659932
660009
660072
660150
660194
660268
660347
660424
660469
660561
660805
660920
661098
661220
661346
661417
661705
661814
662109
662213
662314
662562
662665
662866
662991
663431
663602
663951
664099
664311
664373
664445
664493
664541
664847
664956
665053
665125
665201
665325
665495
665698
665860
666029
666118
666202
666245
666433
666564
666750
666878
667073
667173
667314
667475
667548
667661
667826
668059
668218
668339
668444
668521
668563
668653
668687
668717
668772
668892
668931
668999
669082
669153
669186
669223
669299
669367
669391
669505
669559
669676
669886
670003
670122
670256
670382
670525
670646
670703
670877
671039
671131
671270
671419
671611
671788
671882
672023
672226
672320
672432
672625
672742
672979
673088
673199
673246
673374
673579
673828
673915
674117
674346
674414
674632
674740
674818
674967
675042
675275
675516
675607
675654
675814
675900
676087
676146
676204
676278
676434
676555
676653
676767
677117
677209
677326
677534
677669
677788
677912
678004
678172
678223
678557
678742
678943
679158
679273
679375
679598
679719
679781
679827
679848
679954
680153
680259
680419
680558
680817
680881
681070
681101
681196
681301
681405
681486
681512
681567
681634
681663
681688
681733
681776
681802
681830
681869
681885
681920
681970
681986
682001
682047
682063
682091
682111
682145
682176
682192
682237
682251
682319
682337
682393
682435
682516
682563
682651
682790
682871
683029
683334
683416
683633
683721
683811
683902
683994
684046
684128
684248
684448
684716
684867
684981
685073
685406
685534
685723
685865
685915
686000
686042
686111
686209
686300
686818
687039
687262
687543
687675
687810
687994
688168
688524
688745
688943
689035
689345
689460
689739
689774
689946
689998
690109
690242
690460
690627
690905
691172
691377
692154
692270
692457
692943
693086
693169
693269
693408
693667
693838
693985
694510
694595
694675
694757
694826
694858
694875
694948
694996
695011
695044
695064
695086
695109
695130
695143
695156
695169
695204
695240
695250
695266
695294
695309
695325
695355
695378
695405
695427
695475
695495
695532
695550
695581
695610
695627
695644
695669
695732
695781
695802
695846
695923
695968
696211
696488
696644
696770
696865
696963
697107
697216
697298
697669
697824
698011
698177
698263
698318
698405
698457
698495
698539
698586
698682
698731
698780
698841
698889
698969
699012
699068
699118
699227
699286
699352
699474
699552
699643
699802
699881
699978
700179
700234
700417
700537
700724
700866
701089
701221
701314
701429
701604
701694
701886
701963
702154
702238
702374
702580
703064
703173
703217
703602
703669
703786
703993
704132
704219
704284
704329
704531
704662
704737
704820
704896
705032
705147
705254
705372
705436
705508
705668
705814
705978
706091
706181
706296
706447
706545
706593
706700
706804
707015
707051
707151
707258
707368
707614
707713
707838
707992
708119
708292
708370
708773
709029
709181
709382
709462
709594
709662
709973
710175
710299
710474
710563
710761
710924
711084
711196
711357
711566
711755
711863
711996
712082
712433
712547
712868
712947
713129
713317
713450
713678
713779
713941
713970
714039
714163
714219
714314
714341
714386
714448
714832
714898
715182
715326
715661
715908
715987
716150
716260
716409
716524
716570
716655
716795
716937
717042
717136
717305
717440
717501
717574
717664
717813
717909
717981
718006
718026
718115
718160
718306
718415
718594
718701
718803
719146
719198
719313
719381
719425
719520
719681
719815
719904
719986
720257
720389
720441
720568
720630
720705
720821
720908
721037
721085
721126
721178
721203
721246
721337
721415
721529
721646
721753
721901
721962
722066
722151
722226
722368
722495
722540
722626
722689
722745
722784
722838
722878
722933
722956
722972
723040
723060
723092
723123
723183
723233
723278
723345
723436
723461
723518
723545
723567
723621
723657
723707
723758
723791
723856
723891
723996
724072
724137
724193
724313
724392
724537
724630
724696
724750
724831
724931
724981
725067
725154
725350
725584
725718
726047
726222
726307
727059
727158
727284
727388
727563
727639
727850
728073
728213
728399
729293
729931
730770
730867
731057
731479
731931
732200
732502
732636
732831
732872
732913
733050
733125
733355
733498
733554
733683
733830
733974
734044
734225
734334
734803
734886
735233
735713
735810
735908
736700
736875
736991
737093
737175
737587
737754
738299
738512
738622
738700
739051
739189
739298
739529
739653
739726
739901
740022
740230
740696
740933
741157
741411
741508
741593
741775
741881
742116
742164
742245
742380
742913
743105
743164
743221
743433
743565
743808
744467
746017
746274
746646
746883
747040
747314
747425
747520
747615
747824
747945
749201
749518
750281
750717
750997
751396
751497
751623
751646
751697
751762
751867
751932
751961
752011
752028
752061
752073
752102
752116
752144
752177
752195
752210
752250
752279
752310
752330
752369
752385
752405
752427
752470
752504
752538
752559
752577
752636
752660
752692
752707
752744
752803
752825
752887
752918
752972
753026
753087
753166
753223
753304
753425
753491
753654
753737
753899
754087
754385
754482
754938
755375
755512
755571
755986
756130
756217
756401
756563
756662
756810
757046
757262
757696
757822
757952
758125
758172
758247
758463
758673
758735
758851
759013
759035
759139
759190
759397
759489
759703
759781
759939
760027
760103
760210
760267
760426
760520
760673
760836
760973
761117
761377
761506
761614
761761
761906
761981
762121
762362
762413
762471
762672
762808
762877
762912
763072
763145
763259
763363
763464
763648
763728
763744
763830
763903
763972
764111
764162
764215
764260
764304
764363
764447
764576
764667
764735
764853
764969
765020
765123
765239
765385
765529
765573
765794
765909
766008
766081
766213
766421
766574
766725
766807
766881
767069
767124
767182
767500
767660
767718
767804
767895
767997
768127
768198
768321
768390
768565
768666
768886
768925
769122
769253
769311
769395
769481
769661
769813
769974
770049
770118
770187
770248
770355
770534
770668
770743
770829
770910
770980
771185
771261
771387
771532
771608
771666
771811
771883
771981
772124
772270
772376
772437
772552
772680
772781
772951
773060
773276
773346
773476
773554
773619
773727
773819
773998
774166
774367
774731
774853
775001
775036
775147
775183
775373
775424
775511
775560
775611
775646
775694
775766
775884
775971
776165
776327
776447
776497
776621
776746
776843
776966
777048
777475
777579
777680
777740
777897
778044
778234
778675
778767
779021
779161
779265
779515
779659
779787
779908
780120
780283
780356
780730
780825
780972
781146
781228
781554
781644
781667
781729
781754
781795
781882
781968
782015
782088
782150
782216
782289
782347
782451
782600
782860
783068
783172
783290
783497
783673
783778
784007
784442
784928
785089
785289
785374
785494
785600
785658
785943
786086
786205
786393
786476
786664
786943
787159
787322
787470
787573
787684
788057
788148
788273
788475
788582
788821
788902
788944
789032
789325
789492
789683
789880
789928
790003
790092
790208
790366
790414
790455
790556
790672
790751
790850
790937
790986
791063
791097
791170
791252
791314
791415
791453
791497
791588
791682
791716
791896
792065
792154
792261
792378
792427
792525
792606
792682
792768
792822
792884
792993
793203
793441
793583
793641
793801
793846
793929
794057
794123
794251
794295
794336
794423
794476
794549
794615
794726
794838
794946
795137
795195
795367
795486
795719
795763
795892
796009
796217
796299
796472
796536
796625
796667
796808
796896
797094
797309
797343
797394
797524
797623
797686
797723
797752
797836
797941
797966
798040
798165
798232
798351
798412
798505
798673
798896
799018
799134
799267
799381
799530
799591
799717
799915
800072
800148
800242
800303
800438
800565
800694
800839
801012
801072
801469
801564
801864
801922
802009
802109
802141
802165
802199
802277
802321
802397
802469
802544
802600
802754
802882
803056
803146
803335
803512
803742
803816
803994
804070
804136
804192
804282
804362
804432
804509
804591
804728
805086
805242
805282
805363
805415
805459
805536
805564
805691
805870
805951
806047
806157
806299
806400
806512
806629
806687
806822
806963
807172
807544
807749
807922
808038
808227
808380
808459
808541
808625
808724
808740
808884
809066
809251
809425
809576
809691
809801
809858
809910
810041
810115
810173
810232
810378
810594
810677
810786
810996
811191
811340
811442
811541
811673
811833
812020
812079
812177
812324
812411
812470
812630
812705
812804
812907
813002
813040
813110
813172
813254
813334
813469
813542
813562
813690
813785
814029
814217
815054
815157
815309
815472
815681
815860
815954
816354
816441
816681
816755
816875
816974
817089
817132
817160
817249
817371
817477
817627
817782
817949
818087
818228
818401
818681
819005
819309
819390
819489
819729
819893
820340
820457
820569
820676
821037
821129
821242
821542
821784
821903
822026
822075
822220
822429
822528
822547
822653
822714
822871
822965
823056
823169
823250
823360
823474
823601
823750
823865
823970
824026
824091
824106
824149
824188
824291
824393
824454
824516
824562
824606
824631
824646
824707
824739
824791
824839
824861
824892
824953
824997
825088
825147
825220
825312
825527
825586
825721
825789
825881
825964
826105
826177
826468
826530
826671
826894
826983
827103
827342
827475
827587
827722
827819
828134
828212
828406
828453
828632
828855
828956
829023
829180
829296
829484
829685
829750
829850
829958
830065
830297
830375
830462
830941
831022
831148
831476
831580
831635
831697
831780
831832
831971
832029
832143
832245
832299
832387
832609
832724
832807
832921
832938
833090
833123
833202
833376
833472
833503
833567
833619
833689
833733
833856
833946
833985
834035
834082
834132
834162
834192
834227
834255
834273
834291
834315
834331
834350
834373
834388
834435
834448
834460
834473
834485
834499
834521
834554
834571
834617
834636
834661
834679
834693
834723
834746
834765
834781
834822
834837
834861
834885
834904
834923
834950
834973
834988
835024
835043
835083
835123
835150
835186
835230
835259
835320
835370
835395
835475
835525
835650
835708
835801
835912
835961
836116
836187
836326
836424
836500
836570
836651
836720
836818
836855
836970
837051
837162
837256
837757
837839
837918
838190
838475
838541
838809
838912
839121
839340
839536
839671
839788
839906
839982
840001
840096
840145
840278
840426
840560
840629
840750
840910
841023
841064
841223
841488
841612
841800
841976
842162
842309
842365
842424
842552
842668
842863
842963
843109
843231
843289
843346
843472
843502
843568
843656
843723
843773
843814
843958
844029
844086
844141
844184
844217
844268
844328
844357
844424
844497
844613
844723
844813
844916
845043
845145
845319
845467
845561
845652
845811
845953
846127
846227
846330
846432
846568
846818
846984
847069
847152
847226
847348
847481
847699
847739
847799
847850
847899
847953
848152
848240
848309
848372
848481
848531
848564
848623
848687
848809
848898
848944
849062
849121
849180
849296
849349
849422
849485
849574
849668
849722
849796
849879
849934
850001
850049
850075
850111
850128
850150
850188
850225
850272
850363
850423
850482
850540
850573
850616
850699
850745
850812
850838
850916
850990
851076
851241
851334
851388
851471
851534
851640
851880
851966
852114
852167
852185
852354
852412
852491
852567
852641
852738
852812
852873
852969
853037
853102
853137
853221
853357
853413
853530
853629
853805
853889
854070
854193
854367
854545
854687
854778
854840
855048
855127
855162
855204
855227
855274
855328
855461
855556
855610
855677
855766
855845
855944
856025
856140
856269
856408
856498
856608
856743
856854
857022
857160
857444
857660
857764
857916
858020
858127
858232
858371
858461
858667
858815
858996
859184
859501
859551
859695
859875
859936
859985
860082
860183
860216
860566
860636
860759
860981
861157
861276
861392
861528
861569
861629
861737
861837
861903
861932
861999
862028
862063
862112
862128
862153
862186
862227
862244
862274
862287
862357
862373
862388
862432
862447
862487
862530
862580
862602
862623
862652
862677
862747
862766
862846
862866
862888
862918
862943
863000
863018
863038
863081
863105
863131
863174
863239
863301
863364
863439
863594
863707
863760
863833
863867
863970
864018
864072
864186
864298
864359
864453
864552
864767
865006
865287
866039
866133
866280
866404
866519
866646
866730
866806
867029
867145
867263
867426
867614
867737
867876
867921
868044
868173
868286
868318
868393
868448
868645
868942
869026
869108
869163
869380
869417
869850
870004
870038
870142
870517
870657
870743
870918
870974
871015
871077
871151
871226
871361
871465
871662
871726
871844
871932
872069
872160
872303
872430
872600
872718
872862
873057
873209
873288
873470
873531
873587
873727
873877
874081
874186
874300
874393
874512
874657
874754
874859
875001
875036
875186
875311
875388
875650
875801
875873
876113
876214
876303
876369
876470
876538
876656
876797
876879
876939
877024
877102
877209
877314
877428
877479
877532
877607
877708
877730
877806
877868
877942
878005
878092
878243
878304
878468
878720
878858
879015
879271
879443
879604
879654
879723
879966
