593
4836
8690
12653
18983
22478
26331
29087
31343
35387
39161
43344
47817
51172
54436
59938
63941
66228
69822
72677
76082
79007
82352
85856
89131
93224
97867
103458
107362
111106
115209
118394
122817
126671
128777
131992
136535
139500
144871
148106
151062
153428
156313
160327
162164
163931
172407
176091
193094
203617
208020
211894
214939
220341
226850
230554
231722
234248
238412
241567
243463
245520
248216
255844
261864
267675
271509
274424
277289
281043
287782
290628
296808
300432
304466
308539
318363
322237
328527
340149
344502
350262
352619
361714
364320
367135
370180
375622
378457
381952
389220
393184
405094
417255
423884
429685
434527
435995
439170
442005
445430
451520
461514
471169
475791
482311
485046
491306
504136
509268
512542
515148
520100
523195
526290
534797
541266
545649
549144
552518
556013
557580
563650
570529
578636
581013
585565
593393
596737
601120
607690
613710
620919
632470
639010
643922
645489
649692
652448
655383
658678
662322
665647
668742
672466
675541
679475
681412
683229
686553
689888
695269
696707
697975
702328
705713
707979
715677
717793
721138
728147
732090
734177
737462
739898
744940
751130
756382
763919
769051
780413
786334
789758
803855
805623
809157
812771
816825
819440
824013
827108
831032
834896
840107
844371
846407
851759
854774
857699
861194
865467
869920
873903
876819
