173
1013
1177
3006
5267
6339
7344
8723
10396
10839
11459
13796
14233
16271
16672
17187
18238
19001
19551
20984
21250
21802
22850
23260
25019
26020
26549
26896
27624
28209
29307
29943
31042
32155
33337
33648
34435
34713
35130
36112
38172
38896
39185
40830
40946
42463
43293
45130
45764
46433
48205
48555
49458
50204
50536
52884
53864
54236
54615
56915
57710
58456
59113
59498
60285
61893
62625
64195
64623
66077
66564
67789
69097
70289
70461
72454
74938
75435
76921
78886
81181
82292
83259
84636
85414
86193
86780
87354
88157
89119
89972
90447
90963
91867
92411
93591
93986
95251
96477
97200
98079
98926
101057
101973
102254
104232
104765
105716
107393
110210
110858
111615
112196
112852
114893
115417
117312
118485
120167
120824
121126
122484
122743
123318
126256
127160
128607
130368
130850
132184
133078
135376
135593
136217
137004
137595
138037
138932
139941
140115
140979
141330
141859
142874
144663
145329
145637
146834
147643
148066
149823
150422
150779
151229
152229
155175
155697
156856
157322
157885
158828
159117
160573
161409
162010
163519
165099
165808
166636
166961
167607
168129
168617
168908
169299
170248
171409
171665
171898
171996
172447
172662
172996
173208
173498
173977
174495
174791
174962
175074
175600
175845
176025
177614
178770
179105
179283
179917
180266
182454
183184
183468
183542
183686
183795
184045
184228
184998
185194
185432
187207
188492
189004
189178
189523
190303
191680
192973
194504
195231
195890
196498
198678
199272
199428
200960
201891
202287
203305
203667
204885
205442
205596
206349
206917
207669
208988
209417
209745
210315
211944
212405
213941
214440
215507
216038
216875
218784
219011
219684
220405
221236
221903
223511
224139
224504
224835
226550
226809
227285
229460
230953
232432
232551
233652
234355
235039
235246
236528
236945
238964
239801
240018
240975
241443
241723
242455
243168
244543
245152
246373
246688
248037
248307
249062
250034
250568
251388
251776
253914
254854
255910
257115
258686
259064
259281
260478
261891
262441
262795
264030
264368
265499
265732
266484
268128
268190
268510
268811
269035
271066
271586
272212
273315
274195
274499
276718
278816
279544
280911
281519
283016
283760
284189
284835
285594
287332
287760
288320
288537
289142
289413
290361
290797
291514
291815
292220
292694
293316
293946
294497
294711
295564
296608
296986
297637
298022
298856
299640
300471
301770
302844
303331
304432
305232
305494
305917
307197
308699
310251
310467
311077
311439
312136
312483
312960
314263
315263
315639
316553
316803
317299
317675
318569
319760
320044
321019
321586
322576
323284
323638
323727
324283
325530
326742
328107
328425
329421
331049
331620
333065
335203
335919
336456
337280
338061
338730
339673
339960
341647
342392
342813
344000
344444
344759
345899
347445
348039
348260
349106
349745
350411
351950
352270
352905
353667
354252
355345
355616
356347
356717
358016
358472
358912
359877
360305
360633
360812
361388
362837
363246
363885
364917
365621
366795
367216
369331
369916
370932
371133
372209
372986
373862
375206
375383
375801
376355
377074
377435
378063
378376
378941
381316
382573
383041
383415
383748
384047
385556
386751
387043
387335
387933
388770
389131
389217
389677
390645
391330
391927
394061
394782
395752
396454
398053
398424
399172
399926
401024
401315
401869
402465
402780
403561
404221
405674
406310
407112
407728
408825
409763
410589
411394
412228
412768
413257
413881
414179
414689
415257
416277
417033
417434
418153
418691
419124
419647
420256
420770
421317
421576
422198
423413
425601
426782
427291
427575
428547
429143
429601
430336
432028
433144
434024
434624
435069
435418
436160
437740
438057
440481
442012
442416
442950
444339
445226
445613
445907
446615
446880
447736
448028
448546
449506
450139
451340
452112
452568
453643
453923
454252
454951
455322
456108
456494
458504
459162
459792
460369
460751
461138
461484
461986
462878
464085
465989
466528
467274
468537
469879
471728
472340
473286
474203
474601
474952
476032
476619
477136
478989
479288
481775
482258
483899
484634
485183
485412
486567
486789
487212
488579
489050
490347
490783
491187
492105
492633
493094
494871
495852
496432
497054
497724
498475
498830
499065
499319
499757
500704
501254
501816
502190
503692
504168
505366
505772
506626
506955
507890
508262
509446
509666
510058
510530
510978
511945
512329
512991
513359
513609
514921
515414
516131
516795
517491
518066
518578
520907
521124
521621
522509
523002
523343
523751
524560
524899
525254
525506
527230
527618
527890
528681
530489
531436
532161
532652
532982
535694
535917
537460
537955
538266
538753
539807
541773
542186
542865
543598
544425
545489
545884
546834
547831
548687
549585
550412
550747
551405
552268
553023
553327
553958
554598
554808
556476
557583
558955
559558
560285
560687
561830
562111
563053
564009
565731
566468
566777
567136
568727
569708
571854
571975
572572
573213
573913
575148
575922
576577
576879
578301
579600
580623
581189
581635
582101
582312
582793
583156
583538
585188
586986
588300
589292
590975
592132
592736
593713
594236
594828
596695
597207
597654
599027
599576
600208
600615
600815
601607
602265
602897
603567
603855
604275
604531
604776
605857
608315
608756
609169
610608
611432
612324
613912
614889
615323
616002
616340
616722
618383
619606
620080
621093
621275
623324
623921
624245
624308
624460
625022
625724
626364
627147
628512
629058
629637
629924
631695
633487
633976
635141
635636
636258
636446
636727
637415
637661
637944
638370
638796
639479
640043
640944
642359
642790
643183
643715
644144
645034
646879
648247
648729
649812
650262
650621
651120
651485
651721
652539
653106
654518
655597
656237
656506
656943
659060
659964
660645
661076
662188
662354
662580
663288
663565
664443
664867
665379
666139
666515
667848
668608
669185
669586
670087
670444
671095
671347
672166
672546
673011
673874
674496
675501
676323
676604
677666
678620
679182
680120
680344
680762
681417
682319
682624
683674
684667
685171
685447
685817
686354
686637
687167
688147
688478
689239
689554
689819
690156
690721
690937
691602
691853
692305
692703
693470
694424
694781
695060
696277
697537
697765
698542
699951
700919
702193
702657
703388
704157
706055
706269
706687
707347
708662
708819
709876
710463
711184
711852
713019
713293
713602
713852
715069
715429
715849
716292
717380
717937
718665
719422
720707
721421
721940
722815
723396
723875
724994
727138
728732
729042
729255
729787
731193
732092
732826
733783
734202
734357
734724
734931
737143
737476
738354
738968
739562
740249
740420
741261
743183
743736
744092
744535
744946
745531
746206
746835
747111
748032
748243
748857
749083
749652
749840