173
983
1117
2916
5147
6189
7164
8513
10156
10569
11159
13466
13873
15881
16252
16737
17758
18491
19011
20414
20650
21172
22190
22570
24299
25270
25769
26086
26784
27339
28407
29013
30082
31165
32317
32598
33355
33603
33990
34942
36972
37666
37925
39540
39626
41113
41913
43720
44324
44963
46705
47025
47898
48614
48916
51234
52184
52526
52875
55145
55910
56626
57253
57608
58365
59943
60645
62185
62583
64007
64464
65659
66937
68099
68241
70204
72658
73125
74581
76516
78781
79862
80799
82146
82894
83643
84200
84744
85517
86449
87272
87717
88203
89077
89591
90741
91106
92341
93537
94230
95079
95896
97997
98883
99134
101082
101585
102506
104153
106940
107558
108285
108836
109462
111473
111967
113832
114975
116627
117254
117526
118854
119083
119628
122536
123410
124827
126558
127010
128314
129178
131446
131633
132227
132984
133545
133957
134822
135801
135945
136779
137100
137599
138584
140343
140979
141257
142424
143203
143596
145323
145892
146219
146639
147609
150525
151017
152146
152582
153115
154028
154287
155713
156519
157090
158569
160119
160798
161596
161891
162507
162999
163457
163718
164079
164998
166129
166355
166558
166626
167047
167232
167536
167718
167978
168427
168915
169181
169322
169404
169900
170115
170265
171824
172950
173255
173403
174007
174326
176484
177184
177438
177482
177596
177675
177895
178048
178788
178954
179162
180907
182162
182644
182788
183103
183853
185200
186463
187964
188661
189290
189868
192018
192582
192708
194210
195111
195477
196465
196797
197985
198512
198636
199359
199897
200619
201908
202307
202605
203145
204744
205175
206681
207150
208187
208688
209495
211374
211571
212214
212905
213706
214343
215921
216519
216854
217155
218840
219069
219515
221660
223123
224572
224661
225732
226405
227059
227236
228488
228875
230864
231671
231858
232785
233223
233473
234175
234858
236203
236782
237973
238258
239577
239817
240542
241484
241988
242778
243136
245244
246154
247180
248355
249896
250244
250431
251598
252981
253501
253825
255030
255338
256439
256642
257364
258978
259010
259300
259571
259765
261766
262256
262852
263925
264775
265049
267238
269306
270004
271341
271919
273386
274100
274499
275115
275844
277552
277950
278480
278667
279242
279483
280401
280807
281494
281765
282140
282584
283176
283776
284297
284481
285304
286318
286666
287287
287642
288446
289200
290001
291270
292314
292771
293842
294612
294844
295237
296487
297959
299481
299667
300247
300579
301246
301563
302010
303283
304253
304599
305483
305703
306169
306515
307379
308540
308794
309739
310276
311236
311914
312238
312297
312823
314040
315222
316557
316845
317811
319409
319950
321365
323473
324159
324666
325460
326211
326850
327763
328020
329677
330392
330783
331940
332354
332639
333749
335265
335829
336020
336836
337445
338081
339590
339880
340485
341217
341772
342835
343076
343777
344117
345386
345812
346222
347157
347555
347853
348002
348548
349967
350346
350955
351957
352631
353775
354166
356251
356806
357792
357963
359009
359756
360602
361916
362063
362451
362975
363664
363995
364593
364876
365411
367756
368983
369421
369765
370068
370337
371816
372981
373243
373505
374073
374880
375211
375267
375697
376635
377290
377857
379961
380652
381592
382264
383833
384174
384892
385616
386684
386945
387469
388035
388320
389071
389701
391124
391730
392502
393088
394155
395063
395859
396634
397438
397948
398407
399001
399269
399749
400287
401277
402003
402374
403063
403571
403974
404467
405046
405530
406047
406276
406868
408053
410211
411362
411841
412095
413037
413603
414031
414736
416398
417484
418334
418904
419319
419638
420350
421900
422187
424581
426082
426456
426960
428319
429176
429533
429797
430475
430710
431536
431798
432286
433216
433819
434990
435732
436158
437203
437453
437752
438421
438762
439518
439874
441854
442482
443082
443629
443981
444338
444654
445126
445988
447165
449039
449548
450264
451497
452809
454628
455210
456126
457013
457381
457702
458752
459309
459796
461619
461888
464345
464798
466409
467114
467633
467832
468957
469149
469542
470879
471320
472587
472993
473367
474255
474753
475184
476931
477882
478432
479024
479664
480385
480710
480915
481139
481547
482464
482984
483516
483860
485332
485778
486946
487322
488146
488445
489350
489692
490846
491036
491398
491840
492258
493195
493549
494181
494519
494739
496021
496484
497171
497805
498471
499016
499498
501797
501984
502451
503309
503772
504083
504461
505240
505549
505874
506096
507790
508148
508390
509151
510929
511846
512541
513002
513302
515984
516177
517690
518155
518436
518893
519917
521853
522236
522885
523588
524385
525419
525784
526704
527671
528497
529365
530162
530467
531095
531928
532653
532927
533528
534138
534318
535956
537033
538375
538948
539645
540017
541130
541381
542293
543219
544911
545618
545897
546226
547787
548738
550854
550945
551512
552123
552793
553998
554742
555367
555639
557031
558300
559293
559829
560245
560681
560862
561313
561646
561998
563618
565386
566670
567632
569285
570412
570986
571933
572426
572988
574825
575307
575724
577067
577586
578188
578565
578735
579497
580125
580727
581367
581625
582015
582241
582456
583507
585935
586346
586729
588138
588932
589794
591352
592299
592703
593352
593660
594012
595643
596836
597280
598263
598415
600434
601001
601295
601328
601450
601982
602654
603264
604017
605352
605868
606417
606674
608415
610177
610636
611771
612236
612828
612986
613237
613895
614111
614364
614760
615156
615809
616343
617214
618599
619000
619363
619865
620264
621124
622939
624277
624729
625782
626202
626531
627000
627335
627541
628329
628866
630248
631297
631907
632146
632553
634640
635514
636165
636566
637648
637784
637980
638658
638905
639753
640147
640629
641359
641705
643008
643738
644285
644656
645127
645454
646075
646297
647086
647436
647871
648704
649296
650271
651063
651314
652346
653270
653802
654710
654904
655292
655917
656789
657064
658084
659047
659521
659767
660107
660614
660867
661367
662317
662618
663349
663634
663869
664176
664711
664897
665532
665753
666175
666543
667280
668204
668531
668780
669967
671197
671395
672142
673521
674459
675703
676137
676838
677577
679445
679629
680017
680647
681932
682059
683086
683643
684334
684972
686109
686353
686632
686852
688039
688369
688759
689172
690230
690757
691455
692182
693437
694121
694610
695455
696006
696455
697544
699658
701222
701502
701685
702187
703563
704432
705136
706063
706452
706577
706914
707091
709273
709576
710424
711008
711572
712229
712370
713181
715073
715596
715922
716335
716716
717271
717916
718515
718761
719652
719833
720417
720613
721152
721310
