187
493
796
1099
1316
1963
1977
3381
3431
3964
4021
4047
5292
5422
5520
6623
6637
6923
7528
9335
10023
10319
10674
11406
11537
11614
12230
12861
13010
13598
13615
13865
14731
15139
15256
15938
16062
16228
16255
16798
16880
17159
17315
17388
17660
19780
19826
20378
20402
20661
20700
21249
21259
22251
22396
23780
24584
24594
25149
25170
25321
25380
25532
25577
27020
27116
27127
27161
27591
28064
28081
28573
28962
28997
31019
32490
33793
33810
35226
35837
36203
36447
36742
36834
37242
37665
37680
37880
38369
38667
38901
38913
39038
39049
39289
39944
39969
39985
40196
43035
43198
43291
43994
44007
44037
45733
46547
47197
48290
48341
49065
53718
53758
54476
54522
55059
55333
55373
56102
57648
57928
62153
63362
63378
63418
64052
64153
64272
64291
64387
64939
65397
65775
66158
66266
66676
67104
67783
67932
68006
68889
69379
69457
69976
70024
70861
70990
71003
72725
72961
73179
73232
73325
73695
73962
73987
75606
75883
76050
76723
76826
76838
78911
78921
79934
80041
81539
81804
82083
82507
82589
83487
83983
84662
85897
85914
86176
87105
88202
88540
90104
90675
91289
91531
91674
92300
92706
93242
93265
93579
94156
95041
95084
95096
95427
96274
96284
96921
96965
98071
98156
99674
100130
100581
101193
101427
102886
102896
103512
103593
104764
104874
105020
105070
106488
107138
107178
108377
108499
108516
108834
109884
109989
110015
110826
110883
111456
112733
114043
114646
116187
116700
116775
117481
118830
119436
120851
120917
120933
121337
121814
121894
121944
122502
122547
123916
125003
125089
125553
125689
125701
