187
463
736
1009
1196
1813
3201
3221
3724
3751
4992
5092
5160
6233
6503
7078
8855
9513
9779
10104
10806
10907
10954
11540
12141
12260
12818
13055
13891
14269
14356
15008
15102
15238
15778
15830
16079
16205
16248
16490
18580
18596
19118
19371
19380
19899
20871
20986
22340
23114
23649
23791
23820
23942
23957
25370
25436
25451
25851
26294
26773
27132
27137
29129
30570
31843
33246
33827
34163
34377
34642
34704
35082
35475
35660
36119
36387
36591
36698
36919
37544
37766
40575
40708
40771
41444
43153
43937
44557
45620
45641
46335
50958
50968
51656
51672
52179
52423
52433
53132
54648
54898
59093
60272
60298
60902
60973
61062
61147
61669
62097
62445
62798
62876
63256
63654
64303
64422
64466
65319
65779
65827
66316
66334
67141
67240
68945
69151
69339
69362
69425
69765
70002
71616
71863
72000
72643
72716
74771
75764
75841
77309
77544
77793
78187
78239
79107
79573
80222
81427
81676
82575
83642
83950
85484
86025
86609
86821
86934
87530
87906
88412
88719
89266
90121
90134
90447
91264
91881
91895
92971
93026
94514
94940
95361
95943
96147
97576
98172
98223
99364
99444
99560
99580
100968
101588
101598
102767
102859
103164
104184
104259
105066
105093
105636
106883
108163
108736
110247
110730
110775
111451
112770
113346
114731
114767
115157
115604
115654
115674
116202
116217
117556
118613
118669
119103
119209
