2159
3054
5725
7281
8242
11093
11643
13202
13960
14231
14976
15666
16423
16616
17471
17730
18287
18640
19446
20401
20757
20857
21245
21740
22304
23301
23695
24264
25507
25697
26107
27167
27829
28220
28554
28953
29336
29601
29733
30180
30469
30646
31169
31421
31758
32278
32630
32800
32980
33342
33613
33857
34015
34781
35962
36192
36372
36535
36976
37193
37886
39233
39479
40116
40501
40828
41006
41226
41568
41928
42185
42735
42917
43164
43320
43911
44181
44473
44619
44992
45237
45863
46046
46408
46791
47439
47664
47788
48217
48367
48808
49097
49384
49641
49993
50833
51208
51443
52034
52307
52691
53036
53450
53699
53789
54221
55204
55500
55753
55998
56297
56485
56782
57467
57782
57906
58163
58283
58699
59018
59172
59312
59817
59955
60201
60503
60682
61197
61385
61723
61938
62487
62890
63003
63265
63479
63663
63903
64377
64753
65143
65379
66051
66505
66808
67077
67307
67843
68166
68394
69292
69553
70220
70333
70585
70867
71154
71389
71746
72019
72451
72722
72886
73061
73230
73754
74128
74252
74496
74835
75168
75631
76102
76446
76751
76909
77084
77510
78011
78038
78398
78797
79131
79416
80017
80036
80464
80713
80964
81180
81502
81770
82231
82492
83294
83322
83672
83704
84058
84078
84694
84799
85173
86083
86748
86960
88106
88122
88423
88645
88690
89525
89672
90529
90655
91388
91596
91802
92083
92215
92562
92743
92946
93212
93713
94153
94482
94900
95115
95214
95583
96276
96544
96730
97213
97446
97909
98134
98372
98619
99049
99308
99853
100518
100780
101031
101436
101705
101917
102471
102631
102923
103343
103548
103708
103865
104157
104369
104749
104843
105089
105186
105445
105700
106238
106357
107413
108056
108399
108643
109069
109197
109446
109865
109953
110172
110452
110789
110792
111482
111603
112038
112347
112636
112760
113137
113593
113796
113967
114460
114695
114885
115211
115430
115577
115790
116391
116454
116801
116896
117185
117581
117753
117916
118134
118399
118910
119378
119688
119851
120127
120262
120528
120937
121283
121472
121606
121818
122077
122236
122526
122769
122946
123088
123264
123961
124176
124480
124821
124857
125389
126105
126309
126935
127130
127286
127551
127610
127958
128303
128605
128846
129060
129452
129638
129843
130565
130691
130887
131149
131327
131616
131988
132178
133101
133541
133740
133975
134073
134251
134518
134785
134978
135179
135510
135662
136031
136641
136965
137141
137175
137421
137617
137830
138018
138285
138566
138894
139146
139377
139708
140208
140881
141343
141501
141709
142076
142372
142479
142827
143350
143819
144043
144460
145046
145254
145536
145848
146242
146569
147886
148030
148311
148604
148786
149024
149177
149291
149536
149845
149942
150008
150400
150582
150818
150890
151347
151710
151919
152292
152457
152710
153095
153322
153672
153833
154005
154209
154431
154736
154898
155429
155545
155780
156037
156153
156301
156856
157254
157474
157784
158169
158371
158414
159055
159228
159689
159845
160245
160691
160926
161285
161569
161891
162701
163271
163837
164015
164264
164678
165030
165177
165637
165721
166148
167115
170853
171197
172146
172994
173997
174702
175393
176926
177433
179157
179773
180418
181218
181788
183158
184261
185988
189512
190262
192311
193625
194626
195493
196704
197995
198434
198788
199986
200252
200515
201128
202567
203456
204019
204683
205341
205965
207201
207849
208458
208818
208964
209429
210346
210806
211954
212193
212369
212870
213294
213578
214520
214946
215318
215813
216111
216303
216508
216893
217243
217682
218634
218832
219029
219580
219818
219931
220205
220421
220572
220995
221386
222355
222533
222787
223259
224639
225896
227688
228135
229660
229962
231499
232689
233481
233974
234453
235071
235187
235246
235474
235612
235824
235931
236460
236635
237007
237171
237250
237520
237744
237918
237997
238265
238394
238672
239069
239314
239737
239952
240230
240484
240755
241193
241497
241612
242194
242317
242689
243000
243254
243866
244316
244470
244776
245409
245958
246343
246523
246862
247242
249047
249804
250494
251304
251799
252167
253532
253677
255069
255744
256546
257717
258594
259623
260010
261693
262893
263214
263587
263808
263881
264101
264301
264606
264776
265195
265286
265980
266195
267151
267422
267856
267986
268338
268703
268946
269267
269819
269938
270128
270538
271149
271631
271961
272404
272727
272922
273499
273631
273905
274050
274315
274571
274774
274990
275176
275502
275883
276208
276477
276869
276990
277345
277602
277900
278111
278504
279008
279606
280025
280122
280258
280547
280740
281142
281303
281442
281702
281774
282091
282284
282380
282677
283196
283660
284134
284193
285028
285407
285777
285991
286198
286544
286876
287329
287495
287844
288153
288483
288956
289161
289258
289391
289782
290483
290863
291008
291455
291894
292076
292264
292548
292584
292982
293212
293491
293696
294334
294742
294992
295400
295566
296025
296346
296560
296744
296920
297060
297273
297595
297766
297872
298120
298557
298818
299155
299311
299583
299769
300009
300146
300359
300617
300651
300942
301107
301329
301767
302148
302489
302679
302953
303143
303305
303678
303820
304194
304437
304582
304688
304891
305155
305317
305500
305902
306174
306502
306693
307078
307321
307623
307847
307955
308163
308380
308514
308616
308746
309024
309160
309295
309447
309785
310032
310307
310466
310608
310851
311001
311309
311395
311696
311787
312003
312195
312370
312532
312933
313180
313286
313432
313541
313702
313797
314183
314314
314421
314701
314865
314932
315167
315385
315535
315791
316244
316403
316618
316702
316852
317087
317245
317572
317685
317958
318205
318378
318511
318698
318938
319114
319364
319530
319636
319829
320005
320254
320380
320682
321033
321163
321346
321594
321917
322014
322204
322364
322746
322954
323076
323376
323698
324045
324193
324574
324683
324973
325238
325376
325479
325640
325799
325967
326279
326421
326562
326874
326898
327260
327482
327643
327946
328261
328432
328646
329391
329563
329929
330094
330367
330604
330720
331116
331310
331529
332078
332507
332886
333284
333822
333962
334159
334384
334466
334581
334832
335101
335304
335440
335706
336053
336441
336753
337190
337757
337883
338352
338972
339423
339744
340166
340359
341358
341626
342034
342695
343033
343305
344082
344231
344576
344773
345238
346227
346860
347694
348359
348807
349270
349576
350083
350661
351174
351391
351676
351945
352857
353128
353225
353570
353811
354089
354394
354550
354756
354818
355253
355583
355847
356178
356785
357649
357990
358304
358479
358872
359261
359368
360134
360614
360945
361471
361844
362154
362250
362443
362789
362906
363345
364229
364438
364710
364887
365938
366073
366526
366960
367674
368171
368269
368634
369011
369361
369857
370261
370451
370533
370914
371124
371547
371788
371906
372534
372769
372891
373163
373374
373831
373990
374288
374784
375207
375458
376064
376269
376483
376871
377283
377604
377916
379124
379780
380451
381125
381513
382338
382839
383594
384230
384547
385815
386841
387362
387836
388661
389367
389731
389922
390942
391349
391696
392113
392601
393092
393335
393523
393816
394212
394741
395456
395979
396145
396450
396553
396919
397045
397133
397494
397572
397950
398361
398730
398892
399318
399430
399615
399966
400031
400079
400430
400572
401019
401164
401369
401754
402202
402516
402923
403407
403639
404135
404705
405241
405939
406276
406575
406936
407353
408053
408660
409124
410728
410990
411728
413233
414046
414852
415068
415882
416434
416441
417052
417391
417643
417726
417967
418232
418831
418859
419246
419456
419951
420677
420897
421702
422179
422541
422715
423418
423851
423878
424307
424434
424677
425096
425439
425762
426307
426536
427010
427433
427524
427926
428135
428674
428869
429096
429803
429967
430227
430660
431098
431727
431952
432172
432535
433051
433251
433622
434077
434542
434769
434863
435130
435232
435692
435933
437195
437486
437676
437776
438286
439912
440501
441124
441944
442899
443381
443853
444149
444448
445091
445615
446056
446450
447019
447197
447855
448217
448287
449274
449811
449971
450271
450630
451253
451568
451937
452088
452354
452881
453027
453421
453902
454758
454958
455365
455522
455875
456308
456528
457324
458366
459026
459627
460831
462195
463069
463968
464338
464754
465968
466377
467661
468095
468493
468892
469989
470524
471254
472068
472647
472748
472868
473263
473644
474167
474398
474701
475003
475333
475993
476363
476567
476791
477744
477878
478019
478303
478623
478751
479031
479252
479424
479720
479848
480126
480609
480745
481076
481266
481561
481801
481951
482424
482669
482767
483011
483214
483402
483689
484081
484167
484692
486802
486817
486887
487143
487417
487511
487606
487666
487802
487909
488001
488141
488287
488556
488642
488720
488805
488919
489066
489164
489273
489462
489596
489721
489814
489888
489946
490063
490149
490364
490378
490485
490588
490670
490807
491098
491254
491337
491380
491538
491610
491723
491981
492514
492554
492627
492674
492816
492822
492932
493066
493160
493292
493347
493497
493602
493780
493844
493981
494127
494264
494328
494477
494562
494619
494835
494917
495039
495319
495480
495575
495730
495884
496182
496215
496367
496702
496893
496984
497120
497300
497493
497684
497847
497941
498105
498189
498452
498841
499123
499390
499688
499733
500009
500218
500370
500513
500795
501117
501294
501510
501729
501889
502165
502269
502426
502502
502795
502895
503227
503353
503528
503637
503859
504235
504310
504608
504802
505014
505473
505560
505756
505806
505989
506188
506341
506464
506687
506979
507101
507285
507403
507604
507839
508170
508374
508430
508690
508748
509196
509275
509726
510051
510131
510523
510643
510911
511108
511151
511407
511499
511732
511921
512089
512149
512362
512699
512892
513222
513632
513791
513976
514112
514304
514672
514885
515031
515266
515316
515566
515795
516481
516522
516986
517214
517630
517913
518302
518481
518716
518805
519044
519203
519336
519544
519818
519908
520132
520282
520619
520850
521071
521625
521646
522051
522372
522546
522710
522799
523061
523240
523413
523711
523713
524082
524334
524651
525047
525271
525623
525754
526283
526297
526606
526764
526982
527123
527226
527344
527566
527816
528076
528328
528748
528883
529133
529397
529602
529905
530127
530350
530441
530558
530960
531038
531485
531863
532194
532790
533088
533211
533536
533802
534054
534203
534408
534549
534885
535036
535427
535930
536189
536423
536855
537215
537481
537855
538096
538323
538679
538761
539345
539383
539710
539930
540197
540395
540588
540819
541120
541328
541580
541891
542193
542446
542997
543064
543194
543402
543870
543947
544018
544241
544289
544360
544633
544721
544992
545046
545173
545382
545445
545819
545927
546122
546296
546528
546675
546848
547087
547358
547469
547653
547957
548001
548257
548416
548550
548658
548947
549029
549266
549410
549752
550019
550244
550486
550583
550847
551027
551244
551419
551680
551851
551979
552105
552310
552360
552554
552718
552832
553163
553329
553645
553820
554123
554408
554773
555261
555585
555888
556132
556220
556342
556600
556944
557328
557517
557720
558142
558207
558574
558794
558999
559253
559359
559570
559764
560081
560231
560344
560666
561206
561434
561724
562027
562107
562471
562621
562702
563094
563198
563650
563781
564061
564330
564541
564715
565056
565199
565378
565625
565784
566153
566535
566752
567018
567226
567712
568080
568401
568672
568904
569396
569425
569780
570218
570414
570589
570758
571033
571356
571589
572263
572399
572756
573068
573345
573544
574057
574202
574613
574918
575099
575707
576036
576407
576475
576878
577015
577459
577627
577804
577891
577996
578213
578367
578544
578755
578985
579138
579402
579585
579746
579953
580094
580333
580516
580712
580956
581157
581227
581604
581852
582064
582194
582396
582563
582792
583000
583157
583296
583608
583833
584000
584344
584462
584639
584822
585206
585300
585700
585890
585983
586247
586373
586669
586742
586919
586980
587114
587310
587715
587955
588019
588286
588433
588608
588882
589170
589405
589656
589953
590287
590412
590671
590849
591117
591560
591914
592153
592319
592452
592747
593295
593779
594118
594358
594907
595142
595526
595908
596309
596593
597028
597515
597942
598207
598820
598931
599457
599744
600101
600302
600490
600776
601115
601341
601667
601807
602021
602317
602484
602570
603014
603349
603887
604280
605004
605308
605558
605787
605855
606081
606655
606989
607279
607564
607942
608189
608417
608562
608811
608955
609081
609331
609509
609661
609931
610026
610321
610435
610469
610705
610963
611219
611469
611791
612076
612352
612498
612765
612901
613333
613395
613872
614226
614623
615136
615373
615804
615901
616302
616462
616655
616906
617082
617402
618154
618403
618627
618970
619493
619715
619867
620167
620249
620465
620801
621102
621325
621730
621908
622401
622591
622731
623124
623179
623584
623865
624194
624707
624836
625394
625711
626049
626315
626734
626836
627005
627120
627323
627504
627873
628099
628563
628640
628998
629442
629758
630244
630451
630754
631159
631228
631711
631732
632146
632443
632632
632801
633071
633343
633499
633649
633892
634197
634585
634738
635044
635287
635876
636130
636457
636737
636910
637225
637452
637687
637843
638105
638190
638421
638469
638887
639386
639668
639923
640344
640501
640652
641053
641412
641651
641861
642029
642370
642533
642642
642932
643125
643506
643547
643731
644012
644213
644553
644716
644800
645138
645244
645365
645837
645982
646231
646735
647028
647091
647619
647973
648308
648999
649311
649984
650582
650854
651214
651433
651975
652322
652702
653200
653534
654250
654867
655088
655711
655917
656037
656390
656802
656835
657180
657712
657949
658160
658400
658595
658770
659037
659244
659431
659606
659780
659946
660090
660192
660342
660515
660767
660860
661273
661497
661751
661876
661988
662223
662269
662369
662584
662695
662976
663053
663330
663488
663732
663854
664015
664344
664396
664692
664846
665145
665368
665664
665788
666011
666229
666338
666792
667031
667282
667699
668053
668317
668397
668749
668778
669223
669711
670134
670288
670533
671434
671733
672154
672612
672946
673082
673428
673809
673871
674759
675002
675232
675706
676301
676718
677023
677492
677855
678378
679133
679303
679711
679847
680547
680952
681230
681363
681835
682560
682784
683365
683817
684180
684253
684468
684751
685125
685413
686334
687011
687432
687710
687946
688271
688551
688977
689296
689595
690674
691170
691468
691915
692300
692502
692711
693134
693568
693777
694445
694711
695127
695470
695738
695902
696167
696618
697189
697812
698321
698789
699469
699850
700428
700617
701230
701622
701812
702728
703242
703278
703534
703794
704129
704245
704616
705061
705266
705630
706004
706175
706525
706968
707517
708122
708568
709077
709158
709551
710684
711215
711889
712404
712569
713011
713720
714213
714699
715066
715434
716157
716559
717127
717299
717523
717713
718004
718241
718431
718512
718822
719043
719217
719457
719600
719818
720080
720225
720513
720797
721052
721232
721557
721591
721835
721944
722238
722341
722419
722728
722872
723115
723313
723616
723955
724022
724342
724497
724817
724983
725295
725680
726070
726389
726978
727170
727615
727877
728131
728373
728764
729043
729170
729727
730199
730321
730440
730994
731327
731551
731773
732080
732240
732582
732875
733182
733477
733823
734035
734332
734402
734787
735177
735443
735799
736123
736278
736435
736788
736953
737455
738513
738782
739217
739531
739846
740290
740471
740645
740804
741147
741563
741812
742009
742244
742427
742885
743071
743169
743218
743426
743576
743636
743894
743973
744252
744494
744627
745006
745149
745457
745562
745755
745997
746279
746365
746375
748770
748877
748973
749274
749378
749616
749698
749740
749815
749984
750190
750227
750326
750389
750617
750704
750717
750898
750954
751097
751277
751323
751526
751586
751712
751864
751919
751973
752164
752209
752321
752415
752545
752621
752675
752784
752846
752955
753101
753134
753312
753423
753559
753664
753863
753961
754044
754145
754344
754415
754513
754682
754794
754902
755106
755258
755482
755539
755691
755797
755870
756081
756142
756453
756593
756783
756924
757077
757212
757404
757609
757902
757921
758108
758119
758359
758418
758626
758714
758863
759097
759341
759530
759562
759584
759823
760083
760134
760429
760509
760755
760770
760972
761117
761282
761473
761541
761734
761800
761954
762108
762342
762371
762563
762788
762794
763150
763322
763486
763685
763787
763800
764135
764246
764395
764585
764886
765069
765185
765402
765630
765843
766241
766341
766506
766696
766813
766977
767163
767215
767426
767509
767695
767843
768013
768060
768226
768426
768446
768688
768804
768983
769222
769343
769446
769598
769916
770043
770310
770381
770581
770643
770811
771033
771215
771405
771451
771804
771877
772112
772334
772549
772845
773048
773222
773445
773703
774186
774391
774850
774912
775238
775396
775861
775915
776199
776307
776524
776616
776816
777018
777187
777248
777463
777732
777907
778094
778172
778361
778625
778688
779107
779179
779245
779370
779604
779905
780161
780309
780574
780842
781004
781252
781360
781433
781766
781851
782210
782324
782869
783034
783311
783367
783990
784172
784251
784524
784707
784805
785163
785409
785480
785797
785946
786067
786256
786552
786691
786875
787147
787536
787765
788223
788335
788538
788596
788794
788820
788972
789100
789485
789585
789820
789935
790095
790330
790535
790827
791175
791395
791584
791788
791969
792133
792295
792524
792676
792799
792941
793188
793606
793865
794166
794371
794534
794641
794941
795043
795426
795540
795690
795940
796514
796666
796898
797336
797440
797620
797864
798014
798237
798587
798801
799157
799352
799521
799736
800047
800432
800779
801076
801355
801414
801436
801648
801731
801765
802213
802344
802474
802650
802788
803013
803116
803237
803401
803615
803753
803999
804208
804708
804814
805177
805347
805666
805989
806343
806535
806639
806884
807153
807275
807405
807687
807977
808301
808586
808796
808875
809023
809203
809280
809432
809675
809950
810168
810388
810716
810768
811002
811104
811310
811448
811784
811947
812230
812428
812620
812882
813104
813349
813658
813817
814059
814418
814664
814825
815072
815345
815437
815667
815865
816143
816314
816543
816810
817220
817331
817764
817824
818169
818440
818747
818961
819568
819870
820127
820407
820619
820771
821119
821355
821498
821809
822084
822351
822465
822754
822905
823094
823418
823587
823588
824010
824111
824290
824539
824670
825071
825271
825515
825627
826040
826074
826273
826634
826919
827149
827443
827748
828104
828343
828596
828902
829303
829513
829712
829880
830150
830427
830611
830753
830927
831098
831473
831874
832014
832208
832468
832643
833033
833258
833494
833749
833945
834126
834622
834759
835013
835323
835474
835771
835810
835854
836248
836274
836803
836970
837178
837230
837582
837719
837856
838093
838308
838498
838629
838901
839197
839482
839787
839975
840156
840367
840504
840911
841112
841238
841514
841614
841824
841975
842054
842442
842673
842889
843107
843294
843613
843871
844129
844373
844463
844572
844942
845134
845416
845648
846033
846615
846708
847049
847263
847481
847607
847709
847829
848140
848297
848558
848729
848964
849173
849315
849537
849836
850113
850503
850516
850771
850971
851037
851367
851459
851539
851716
851845
852021
852202
852397
852845
853086
853256
853437
853650
853927
854043
854334
854412
854746
854870
854988
855279
855322
855577
855809
856054
856301
856439
856728
857006
857435
857680
857883
858141
858242
858432
858695
858885
859007
859453
859850
860261
860414
860775
861120
861407
861680
861821
861928
862088
862268
862355
862586
862828
862874
863076
863272
863445
863663
863897
864132
864181
864486
864619
865017
865195
865390
865602
865804
866213
866398
866650
866950
867425
867672
867856
868117
868305
868577
868842
868996
869129
869404
869562
869750
870001
870371
870576
870789
870945
871024
871400
871837
871856
872145
872385
872676
872809
872957
873274
873402
873639
873741
873872
874146
874389
874560
874757
874881
875175
875561
875571
875779
876084
876239
876315
876439
876636
876850
877048
877295
877406
877745
877995
878075
878212
878409
878711
878835
879015
879347
879458
879704
879867
879940
880113
880462
880646
881057
881185
881552
882039
882390
882569
882787
883205
883335
883503
883820
883899
884035
884412
884515
884619
884749
885158
885319
885563
885610
885892
886068
886261
886363
886667
886834
886877
886997
887319
887505
887579
887805
887955
888168
888222
888466
888578
888873
889103
889376
889416
889615
889769
889937
889947
890043
890191
890276
890431
890626
890739
890812
890905
891124
891219
891405
891739
891980
892109
892409
892446
892656
892969
893286
893326
893650
894190
894484
894613
894936
895025
895582
896140
896305
896316
896626
897134
897281
897755
898367
898596
899015
899255
899524
899614
899777
900226
900865
901271
901844
902172
902588
903425
903708
903814
903937
904251
904539
904972
905053
905735
905941
906330
906636
906679
907099
907399
907584
907839
907945
908329
908735
909094
909635
910686
910833
911192
911497
911710
911822
912439
912730
913114
913618
913851
914183
914559
914712
915075
915236
915467
915724
915848
915990
916437
916986
917284
918061
918394
918859
919488
920109
920278
920435
921057
922051
923090
923388
923759
923939
924252
924257
924739
924905
925148
925371
925566
926004
926248
926686
926989
927468
928288
929183
929361
929617
929826
930078
930544
931183
931373
931622
931909
932195
932373
932644
933135
933424
933656
933814
934097
934499
935165
935549
936561
936736
937046
937219
937666
937785
937873
938068
938332
938567
938744
938940
939178
939396
939504
939863
940160
940482
940754
940896
941260
941358
941435
941692
941902
942281
942395
942521
942687
942730
943027
943131
943567
943631
944126
944512
945148
945273
945380
945743
946013
946121
946379
946469
946746
946856
947022
947289
947612
948091
948239
948537
948941
949172
949511
949743
949952
950332
950417
950682
950908
951215
951457
951616
951998
952271
953520
953767
953996
954437
954468
954892
955038
955507
955777
956074
957010
957378
957699
958044
958889
959503
959826
960467
961599
961971
962345
962728
963205
963380
963679
964505
965132
965591
965743
966060
966277
966556
967134
967631
968133
968403
968875
969252
969396
969457
969838
970038
970431
970850
970993
971333
971504
971783
972184
972495
973029
973200
973520
973618
974261
974432
974720
974745
975832
975852
976304
976807
977253
977740
977994
978242
978495
978620
978939
978987
979544
979722
979850
980202
980510
980976
981031
981973
981997
982839
983247
983683
984321
984678
985033
985343
985794
986265
986534
987157
987521
987934
988477
988647
989197
989707
990113
990634
990935
991149
991595
991799
992309
992744
992845
993283
993695
994316
995035
995157
995516
995948
996140
996369
996540
996758
997099
997784
998471
998702
999052
999499
999917
1000110
1000468
1000766
1001081
1001291
1001888
1002421
1002679
1002923
1003198
1003493
1004132
1004329
1004535
1004714
1005386
1005472
1005976
1006177
1006468
1006720
1007095
1007570
1008020
1008136
1008520
1008629
1008795
1009289
1009577
1009912
1010199
1010387
1010739
1010964
1011355
1011567
1011592
1011918
1012029
1012248
1012804
1013162
1013690
1013974
1014325
1014625
1014930
1015359
1015621
1016043
1016532
1017180
1017376
1017516
1017989
1018515
1018742
1019056
1019307
1019611
1020074
1020273
1020566
1020916
1021037
1021301
1021598
1021687
1022385
1022773
1023223
1023321
1023754
1024945
1025421
1025805
1026356
1026526
1027065
1027252
1027903
1028147
1028930
1029239
1029743
1030465
1030685
1030867
1031051
1031144
1031458
1031754
1031816
1032093
1032312
1032418
1032682
1032788
1033097
1033300
1033524
1033612
1033876
1034079
1034437
1034534
1034889
1035025
1035246
1035472
1035694
1036013
1036244
1036696
1036890
1036966
1037166
1037703
1037779
1038133
1038206
1038452
1038773
1038990
1039135
1039496
1039942
1040155
1040394
1040761
1040920
1041222
1041286
1041654
1041938
1042035
1042171
1042453
1042612
1042808
1043065
1043502
1043657
1043869
1044096
1044319
1044851
1045149
1045439
1045890
1046327
1046702
1047132
1047342
1047448
1047767
1048050
1048290
1048438
1048601
1048736
1049078
1049249
1049731
1049946
1050371
1050817
1051055
1051285
1051506
1051922
1052179
1052524
1052912
1053057
1053375
1053660
1053989
1054629
1054794
1055038
1055466
1055939
1056699
1056979
1057434
1057476
1057999
1058984
1059341
1059634
1060189
1060515
1060739
1060995
1061357
1061589
1061649
1061898
1062176
1062270
1062610
1062957
1063153
1063534
1063894
1064221
1064482
1064733
1064974
1065169
1065390
1065731
1066179
1066579
1066834
1067187
1067469
1067753
1067994
1068472
1068643
1068963
1069369
1069620
1070012
1070403
1070567
1071089
1071460
1071592
1072065
1072443
1072578
1072813
1073062
1073411
1073724
1074050
1074441
1074591
1074988
1075273
1075569
1075839
1076088
1076431
1076688
1077250
1077290
1077853
1078638
1079271
1079540
1079983
1080283
1080558
1080859
1081580
1082478
1082771
1083188
1083552
1083628
1083777
1084111
1084264
1084372
1084454
1084778
1085097
1085391
1085513
1085735
1085923
1086181
1086503
1086796
1087107
1087252
1087643
1088088
1088407
1088461
1088882
1089162
1089193
1089549
1090006
1090236
1090572
1090702
1091071
1091258
1091564
1091861
1091961
1092156
1092595
1092667
1092948
1093103
1093251
1093435
1093633
1094074
1094388
1094558
1094872
1094945
1095261
1095511
1095562
1096079
1096359
1096550
1096794
1096978
1097177
1097500
1097856
1098127
1098698
1098967
1099526
1099938
1100461
1100592
1101681
1101826
1102385
1102761
1102945
1103494
1103668
1104106
1104253
1104594
1104852
1105018
1105565
1105926
1106374
1106714
1107031
1107615
1107907
1108174
1108908
1109031
1109891
1110126
1111296
1111543
1111841
1112409
1112895
1113204
1113561
1113590
1114023
1114267
1114451
1114921
1115219
1115754
1116173
1116250
1116667
1116925
1117164
1117617
1117660
1118373
1118640
1118951
1119179
1119511
1119875
1120133
1120953
1121155
1121498
1121723
1122237
1122453
1122570
1122926
1123888
1124083
1124304
1124453
1124983
1125180
1125618
1126134
1126680
1127027
1127904
1128217
1128442
1128858
1129304
1129619
1129851
1130428
1130761
1131064
1131611
1131894
1132070
1132318
1132712
1132887
1133172
1133557
1134386
1134579
1134933
1135422
1135632
1135791
1136031
1136387
1136767
1137232
1137435
1137833
1138235
1138352
1138852
1139214
1139782
1139864
1140530
1141140
1141639
1141889
1141972
1142364
1142656
1142828
1142983
1143154
1143421
1143620
1143767
1144015
1144265
1144508
1144887
1145133
1145219
1145439
1145707
1145943
1146199
1146266
1146561
1146864
1147024
1147185
1147579
1148123
1148347
1148962
1149372
1149815
1150088
1150304
1150811
1150912
1151203
1151592
1152048
1152362
1152590
1152817
1153084
1153224
1153368
1153759
1154175
1154347
1154536
1154720
1155059
1155323
1156000
1156287
1156663
1156779
1157174
1157356
1157579
1157941
1158071
1158313
1158764
1159078
1159481
1159777
1159930
1160381
1161068
1161369
1162008
1162326
1162886
1163027
1163603
1163872
1164130
1164454
1164695
1164919
1165140
1165605
1165727
1166040
1166342
1166645
1166864
1167370
1167670
1167907
1168128
1168548
1168968
1169497
1169726
1170125
1170289
1170568
1170918
1171287
1171644
1171912
1172199
1172382
1173037
1173378
1173495
1174388
1174809
1175568
1176084
1176348
1176900
1177230
1177534
1178441
1179076
1179493
1179773
1180207
1180531
1181404
1181656
1181894
1182149
1182707
1183393
1183614
1183755
1183963
1184323
1184558
1184904
1185101
1185426
1185616
1185824
1186081
1186286
1186707
1186886
1187315
1187608
1187793
1188088
1188427
1188800
1188963
1189369
1189605
1190047
1190633
1191137
1191444
1191672
1191888
1192129
1192489
1192729
1192807
1193267
1193368
1193729
1194149
1194924
1195265
1195503
1195640
1196074
1196459
1196816
1196964
1197296
1197722
1197944
1198570
1198910
1199201
1199563
1199780
1200109
1200194
1200398
1200616
1200784
1201227
1201450
1201925
1202299
1202550
1202802
1203152
1203245
1203455
1203706
1203774
1204087
1204236
1204257
1204599
1204757
1204948
1205029
1205186
1205460
1205597
1205755
1206064
1206371
1206673
1206937
1207147
1207290
1207529
1207866
1208208
1208543
1208743
1208972
1209242
1209504
1209720
1210062
1210319
1210424
1210835
1211115
1211291
1211630
1212309
1212443
1212825
1212989
1213421
1213678
1214027
1214201
1214740
1215036
1215452
1215752
1215955
1216568
1216753
1217033
1217415
1217835
1218346
1218574
1218889
1219163
1219302
1219584
1219926
1220163
1220601
1220816
1221204
1221720
1221972
1222235
1222589
1222810
1223218
1223346
1223626
1224017
1224467
1225196
1225387
1225731
1226035
1226330
1226902
1227278
1227667
1227913
1228398
1228794
1229186
1229480
1229900
1229962
1230504
1230618
1230851
1231200
1231432
1231670
1231962
1232038
1232168
1232598
1232878
1233124
1233329
1233594
1233784
1233980
1234205
1234389
1234598
1234876
1235271
1235780
1235921
1236082
1236392
1236574
1236916
1237186
1237509
1237679
1237865
1238207
1238313
1238711
1238903
1239201
1239357
1239562
1239926
1240168
1240446
1240666
1240937
1241170
1241266
1241517
1241691
1242151
1242679
1242852
1243203
1243507
1243739
1243966
1244488
1245059
1245380
1245537
1245979
1246504
1246712
1247078
1247480
1247793
1248175
1248562
1248941
1249524
1249821
1250049
1250334
1250700
1250906
1251049
1251570
1251781
1252288
1253028
1253092
1253379
1253825
1254295
1254880
1255094
1255481
1255973
1256511
1256866
1257015
1257303
1257313
1257551
1257609
1257819
1258050
1258230
1258340
1258702
1258975
1259611
1259712
1259835
1260207
1260357
1260541
1260904
1261211
1261545
1262071
1262671
1263020
1263294
1263628
1263762
1264097
1264390
1264731
1265064
1265146
1265347
1265589
1265823
1266062
1266258
1266552
1266763
1267154
1267299
1267579
1267982
1268110
1268528
1268682
1268771
1269084
1269340
1269542
1269721
1270135
1270602
1270851
1271157
1271428
1271657
1271816
1272061
1272229
1272469
1272864
1273387
1273747
1274001
1274679
1274841
1275230
1275739
1276040
1276619
1276902
1277063
1277384
1277661
1278197
1278560
1279066
1279243
1279440
1279949
1280203
1280415
1280728
1280841
1281549
1281648
1282205
1282337
1283036
1283341
1283449
1283822
1284289
1284767
1285198
1285777
1286034
1286573
1286676
1287099
1287669
1288564
1289283
1290687
1291052
1291946
1292479
1292620
1293833
1294359
1294850
1295626
1296221
1296459
1296735
1297003
1297361
1297660
1297947
1298466
1298669
1298993
1299343
1299812
1300083
1300360
1300664
1301053
1301420
1301852
1302352
1302534
1302934
1303167
1303471
1303733
1304184
1304650
1304867
1305384
1305542
1305962
1306256
1306433
1306627
1307058
1307394
1307610
1308111
1308222
1308423
1308920
1309440
1309829
1310402
1310645
1310995
1311228
1311582
1311809
1312105
1312432
1312532
1313016
1313060
1313535
1313746
1314149
1314524
1314656
1315038
1315469
1315810
1315911
1316407
1316824
1317361
1317527
1317725
1318015
1318195
1318392
1318696
1319092
1319398
1319598
1319938
1320325
1320531
1320756
1321289
1321629
1322022
1322122
1322511
1322805
1323001
1323299
1323987
1324234
1324700
1325071
1325557
1326701
1326785
1327421
1328639
1328912
1329298
1329764
1330175
1330732
1331264
1331413
1331768
1332384
1332604
1332996
1333202
1333303
1333855
1333973
1334327
1334616
1335231
1335882
1336569
1336772
1337145
1337358
1338350
1338985
1339261
1339419
1339538
1340205
1340655
1341113
1341590
1342141
1343039
1343486
1343772
1344181
1344335
1344648
1345095
1345479
1345904
1346362
1346593
1346958
1347569
1347824
1348211
1348628
1348934
1349304
1349472
1349897
1350388
1350852
1351965
1352122
1352553
1352946
1353229
1353406
1353880
1354400
1354490
1354950
1355096
1355391
1355988
1356173
1356573
1357016
1357264
1357417
1357718
1357938
1358358
1358618
1359055
1359289
1359647
1360251
1360601
1360798
1361257
1361484
1361704
1361760
1362018
1362406
1362631
1362911
1363270
1363586
1363723
1363988
1364082
1364315
1364518
1364887
1365191
1365424
1365890
1366043
1366437
1366762
1366965
1367177
1367376
1367848
1368104
1368561
1368833
1369304
1369754
1369983
1370406
1370718
1370856
1371189
1371401
1371499
1371793
1371882
1372120
1372155
1372618
1372671
1372934
1373042
1373392
1373457
1373724
1373753
1374091
1374232
1374331
1374556
1374735
1374866
1374909
1375099
1375235
1375474
1375623
1375820
1376033
1376227
1376435
1376594
1376703
1376868
1377070
1377236
1377395
1377623
1377751
1377829
1378039
1378187
1378221
1378385
1378629
1378821
1378921
1379050
1379149
1379278
1379370
1379499
1379647
1379888
1379922
1380064
1380168
1380262
1380440
1380597
1380804
1380950
1381000
1381133
1381272
1381398
1381649
1381765
1381923
1382133
1382171
1382430
1382513
1382740
1382905
1382994
1383119
1383352
1383532
1383697
1383851
1384050
1384177
1384402
1384496
1384702
1384798
1384951
1385198
1385495
1385576
1386011
1386251
1386665
1386789
1386982
1387333
1387574
1388143
1388607
1388856
1389416
1389835
1390300
1392059
1392141
1392165
1392236
1392382
1392393
1392464
1392593
1392648
1392838
1392934
1392958
1393017
1393317
1393539
1393701
1393853
1394076
1395692
1395735
1395787
1395901
1396022
1396099
1396197
1396380
1396479
1396574
1396641
1396826
1396984
1397247
1397476
1397608
1397864
1398194
1398278
1398963
1399113
1399272
1399414
1399442
1399565
1399713
1400777
1400939
1401219
1402730
1402773
1402824
1403273
1403328
1403644
1403786
1403801
1403859
1404072
1404108
1404271
1404366
1404472
1404597
1404690
1404839
1404866
1404977
1405167
1405171
1405264
1405321
1405408
1405468
1405555
1405614
1405889
1405960
1406138
1406239
1406449
1406567
1406596
1406916
1407072
1407131
1407255
1407377
1407474
1407578
1407698
1407773
1407964
1408064
1408161
1409477
1409509
1409568
1409612
1409742
1409948
1409999
1410144
1410229
1410889
1411330
1411394
1411447
1414547
1414609
1415093
1415125
1415597
1416168
1416422
1416582
1416876
1416895
1417087
1417760
1418430
1418444
1418593
1418894
1418978
1419327
1419565
1419752
1419827
1419977
1419996
1420492
1420747
1421022
1421159
1421368
1421959
1422029
1422624
1422661
1423117
1423212
1424307
1425062
1425903
1426222
1426631
1426752
1426773
1427289
1427493
1427616
1427816
1427961
1428176
1428414
1428603
1428900
1429160
1429689
1430035
1430306
1432114
1432604
1432676
1433111
1433771
1434053
1434545
1434716
1435017
1435205
1435530
1435776
1436431
1436705
1436760
1436821
1437347
1437650
1438031
1438448
1438618
1438720
1439003
1439154
1439306
1439320
1439547
1439805
1440000
1440016
1440197
1440293
1440389
1440582
1440805
1441019
1441089
1441337
1441497
1441666
1441785
1441919
1442032
1442253
1442402
1442456
1442800
1443057
1443113
1443419
1443664
1443995
1444318
1444571
1444768
1444845
1445201
1445300
1445373
1445604
1445669
1445756
1445921
1445973
1446019
1446169
1446321
1446454
1446554
1446614
1446704
1446898
1446920
1446945
1447077
1447183
1447393
1447445
1447559
1447769
1447869
1447941
1448099
1448211
1448421
1448476
1448610
1448674
1448882
1448922
1449078
1449138
1449343
1449508
1449594
1449637
1449829
1449930
1450034
1450246
1450298
1450505
1450665
1450788
1451064
1451231
1451260
1451485
1451562
1451656
1451739
1451921
1452035
1452100
1452311
1452431
1452481
1452672
1452689
1452828
1452943
1453191
1453226
1453561
1453625
1453826
1453900
1454104
1454115
1454409
1454637
1454814
1454861
1455067
1455217
1455254
1455394
1455564
1455762
1455887
1456028
1456181
1456290
1456527
1456681
1456846
1456970
1457062
1457217
1457301
1457491
1457619
1457816
1458005
1458161
1458412
1458559
1458597
1458845
1458999
1459149
1459286
1459440
1459619
1459682
1459794
1459980
1460056
1460213
1460354
1460935
1461083
1461231
1461375
1461503
1461909
1461944
1462167
1462382
1462567
1462769
1463010
1463152
1463288
1463509
1463611
1463841
1463927
1464171
1464356
1464526
1464734
1464947
1465168
1465761
1466000
1466151
1466238
1466610
1466679
1466728
1467032
1467410
1467713
1467911
1468046
1468243
1468419
1468614
1468886
1469111
1469232
1469454
1469619
1469948
1470133
1470399
1470473
1470503
1470939
1471021
1471206
1471370
1471660
1471884
1472318
1472671
1472880
1473148
1473293
1473563
1473772
1473863
1473989
1474051
1474221
1474337
1474523
1474655
1474835
1475005
1475254
1475491
1475511
1475767
1476043
1476310
1476630
1476853
1477089
1477155
1477420
1477488
1477648
1477909
1478115
1478289
1478418
1478753
1478996
1479216
1479508
1479640
1479810
1480072
1480272
1480375
1480613
1480815
1480928
1481198
1481401
1481663
1481931
1482080
1482216
1482357
1482432
1482724
1482900
1483031
1483289
1483532
1483829
1483993
1484085
1484280
1484335
1484624
1484780
1484880
1485157
1485398
1485534
1485772
1485932
1486028
1486212
1486398
1486524
1486741
1486846
1486985
1487116
1487347
1487473
1487548
1487731
1487987
1488298
1488453
1488654
1488872
1489024
1489224
1489298
1489508
1489672
1489780
1490085
1490210
1490295
1490566
1490808
1490882
1491065
1491316
1491412
1491681
1491803
1491854
1492201
1492400
1492540
1492727
1492918
1493459
1493621
1494022
1494240
1494385
1494466
1494722
1494939
1495164
1495330
1495537
1495677
1495846
1496044
1496240
1496369
1496570
1496760
1496920
1497030
1497218
1497376
1497604
1497685
1498093
1498256
1498638
1498705
1498937
1499164
1499375
1499522
1499763
1499877
1500122
1500201
1500395
1500642
1500961
1501335
1501474
1501777
1501895
1502086
1502285
1502519
1502645
1502922
1503160
1503374
1503543
1503679
1503898
1504218
1504299
1504598
1504702
1504960
1505131
1505241
1505520
1505578
1505856
1505952
1506186
1506216
1506558
1506685
1506826
1507040
1507285
1507660
1507919
1508049
1508153
1508331
1508455
1508579
1508734
1508914
1509192
1509216
1509502
1509544
1509667
1509906
1510002
1510106
1510231
1510395
1510575
1510666
1510892
1511081
1511272
1511487
1511622
1511706
1511796
1511932
1512161
1512318
1512535
1512861
1513020
1513156
1513301
1513413
1513629
1513774
1514039
1514178
1514602
1514708
1514918
1515102
1515180
1515371
1515641
1515881
1516020
1516167
1516406
1516513
1516708
1516901
1517106
1517272
1517663
1517778
1517924
1518062
1518286
1518543
1518684
1518802
1519250
1519391
1519655
1519930
1520074
1520202
1520499
1520705
1520809
1520937
1521009
1521199
1521235
1521606
1521811
1522077
1522158
1522487
1522650
1522789
1523041
1523168
1523277
1523604
1523763
1524012
1524320
1524433
1524706
1524993
1525268
1525478
1525678
1525744
1526027
1526227
1526412
1526531
1526824
1526921
1527174
1527571
1527729
1527937
1528077
1528371
1528530
1528715
1528985
1529185
1529329
1529521
1529991
1530040
1530350
1530630
1530708
1530850
1531054
1531322
1531576
1531758
1532017
1532157
1532470
1532681
1532899
1533054
1533307
1533404
1533618
1533850
1534025
1534339
1534511
1534724
1534884
1535194
1535281
1535708
1535787
1535896
1536075
1536179
1536351
1536445
1536548
1536819
1537040
1537421
1537647
1537973
1538132
1538356
1538489
1538677
1538814
1539017
1539161
1539267
1539447
1539687
1539964
1540041
1540226
1540377
1540538
1540868
1541030
1541268
1541576
1541783
1541893
1542017
1542264
1542508
1542600
1542792
1543075
1543305
1543507
1543626
1543848
1544053
1544290
1544293
1544623
1544868
1545045
1545272
1545505
1545668
1545843
1545999
1546110
1546318
1546703
1546864
1547238
1547692
1547906
1548108
1548302
1548611
1548810
1549196
1549341
1549744
1549768
1550225
1550401
1550605
1551168
1551273
1551812
1552047
1552292
1552639
1553027
1553144
1553547
1553670
1554088
1554417
1554727
1555200
1555266
1555797
1556298
1556713
1556830
1557051
1557275
1557399
1557789
1557963
1558126
1558251
1558409
1558587
1558807
1558982
1559160
1559452
1559753
1559931
1560356
1560474
1560702
1560991
1561689
1561952
1562094
1562345
1562511
1563041
1563276
1563555
1563726
1563882
1564255
1564653
1564781
1564937
1565170
1565381
1565597
1565787
1566185
1566575
1566763
1567013
1567393
1567494
1567795
1568212
1568712
1568843
1568996
1569256
1569406
1569707
1570026
1570308
1570440
1570703
1570954
1571224
1571513
1571626
1571828
1572084
1572353
1572730
1572873
1573295
1573529
1573713
1574057
1574217
1574474
1574566
1574827
1575048
1575159
1575462
1575620
1575799
1576025
1576303
1576506
1576759
1576823
1577026
1577073
1577370
1577540
1577673
1577752
1577888
1578303
1578651
1578772
1579067
1579327
1579469
1579703
1579959
1580166
1580447
1580750
1580965
1581014
1581326
1581399
1581600
1581884
1582073
1582594
1582664
1582897
1583485
1583523
1583867
1584076
1584164
1584426
1584584
1584725
1584887
1585071
1585316
1585504
1585845
1586129
1586246
1586493
1586656
1586878
1587167
1587538
1587821
1588002
1588285
1588514
1588678
1588956
1589283
1589637
1590040
1590094
1590822
1591195
1591425
1591550
1591801
1591954
1592313
1592478
1592759
1593023
1593257
1593573
1593915
1593999
1594237
1594323
1594648
1595014
1595284
1595562
1595786
1596053
1596491
1596631
1596987
1597260
1597413
1597752
1598258
1598478
1598844
1599140
1599456
1599729
1600129
1600320
1600533
1600720
1601183
1601452
1601903
1602403
1602601
1602624
1602987
1603266
1603583
1603653
1604004
1604218
1604510
1604689
1605016
1605193
1605339
1605730
1606022
1606308
1606608
1606883
1607187
1607491
1607701
1608015
1608249
1608398
1608707
1609068
1609462
1609804
1609979
1610352
1610761
1611088
1611415
1611773
1612314
1612782
1613104
1613265
1613636
1614077
1614491
1614656
1615132
1615619
1616292
1616355
1616671
1617148
1617226
1617591
1617796
1618066
1618269
1618592
1618832
1619110
1619269
1619613
1619853
1619907
1620202
1620417
1620610
1620808
1621048
1621509
1621763
1621846
1622150
1622424
1622548
1622927
1623106
1623179
1623504
1623820
1624028
1624828
1625177
1625403
1625646
1625879
1626207
1626272
1626759
1626924
1627238
1627270
1627689
1627830
1628300
1628358
1629053
1629582
1629719
1630052
1630305
1630426
1630709
1630981
1631430
1631582
1631893
1632137
1632620
1632728
1633133
1633277
1633389
1633624
1633794
1634045
1634242
1634465
1634515
1635017
1635328
1635590
1635825
1636118
1636404
1636522
1637000
1637159
1637245
1637470
1637753
1637947
1638219
1638417
1638450
1638765
1639211
1639287
1639401
1639850
1640104
1640314
1640559
1640680
1641024
1641162
1641455
1641757
1641959
1642370
1642467
1642966
1643213
1643622
1643822
1644114
1644269
1644395
1644654
1645068
1645239
1645295
1645630
1645974
1646302
1646658
1647029
1647411
1647638
1647987
1648072
1648329
1648530
1648826
1649038
1649301
1649528
1649761
1649968
1650216
1650378
1650667
1650888
1651079
1651489
1651673
1651846
1651997
1652137
1652403
1652689
1653129
1653439
1653629
1653916
1654323
1654554
1654660
1654850
1655116
1655454
1655548
1655732
1655941
1656236
1656497
1656828
1657153
1657540
1657823
1657935
1658090
1658372
1658728
1659054
1659261
1659510
1659643
1659779
1659928
1660169
1660495
1661015
1661192
1661258
1661471
1661678
1662027
1662218
1662334
1662540
1662688
1662724
1662950
1663220
1663300
1663461
1663767
1663815
1664146
1664328
1664556
1664727
1664924
1665053
1665169
1665336
1665487
1665581
1665890
1665921
1666075
1666231
1666374
1666553
1666748
1667000
1667228
1667418
1667563
1667713
1667940
1668090
1668310
1668518
1668570
1668721
1668887
1669011
1669402
1669564
1669744
1669840
1669940
1670030
1670222
1670460
1670578
1670885
1671046
1671116
1671367
1671496
1671597
1671751
1671890
1672133
1672197
1672452
1672749
1672761
1672991
1673088
1673328
1673647
1673936
1674214
1674439
1674619
1674873
1675083
1675322
1675631
1675837
1676115
1676415
1676657
1676744
1677088
1677202
1677499
1677662
1677834
1678110
1678237
1678493
1678670
1678980
1679516
1679709
1679975
1680112
1680427
1680497
1681055
1681447
1681734
1681762
1682036
1682081
1682271
1682339
1682622
1682763
1682914
1683127
1683299
1683416
1683673
1683750
1683988
1684159
1684193
1684422
1684565
1684699
1684794
1685092
1685217
1685371
1685579
1685633
1685931
1686017
1686330
1686407
1686488
1686676
1686787
1686982
1687090
1687284
1687436
1687679
1687716
1687952
1688191
1688329
1688500
1688617
1688795
1688994
1689143
1689282
1689577
1689647
1689780
1689949
1690148
1690303
1690423
1690569
1690729
1690939
1691191
1691215
1691494
1691649
1692505
1693870
1693906
1693973
1694069
1694094
1694188
1694364
1694489
1694539
1694695
1694743
1694966
1695061
1695186
1695350
1695452
1695556
1695629
1695910
1695966
1696049
1696293
1696453
1696651
1696747
1697034
1697369
1697903
1698116
1698314
1698530
1698637
1698747
1698879
1699006
1699141
1699224
1699318
1699369
1699539
1699555
1699608
1699949
1699984
1700195
1700293
1700364
1700503
1700575
1700611
1700819
1700857
1700933
1701023
1701116
1701128
1701156
1701181
1701244
1701289
1701358
1701423
1701532
1701589
1701734
1701860
1701951
1702120
1702317
1702423
1702515
1702669
1702766
1702881
1703047
1703115
1703312
1703488
1703671
1703770
1703894
1703985
1704338
1704495
1704618
1704683
1704896
1704983
1705058
1705182
1705415
1705527
1705586
1705634
1705948
1706044
1706196
1706315
1706522
1706601
1706662
1706854
1707033
1707293
1707311
1707588
1707864
1707908
1708122
1708176
1708316
1708438
1708564
1708798
1709027
1709128
1709342
1709432
1709564
1709730
1709900
1709976
1710185
1710331
1710413
1710639
1710847
1710948
1711085
1711272
1711548
1711627
1711923
1712151
1712341
1712485
1712661
1712755
1712909
1713176
1713360
1713465
1713521
1713803
1714081
1714230
1714493
1714561
1714738
1714956
1715121
1715239
1715372
1715557
1715618
1715816
1715855
1716190
1716673
1716717
1716950
1717022
1717400
1717457
1717667
1718899
1719303
1719648
1720908
1721154
1721577
1722099
1722263
1722334
1722610
1724121
1724486
1724945
1725153
1725715
1725751
1726832
1727870
1728029
1728051
1728648
1731696
1731887
1732223
1733752
1733932
1734195
1734311
1734494
1734622
1735424
1735534
1735699
1735842
1735852
1736773
1737230
1737245
1737983
1739240
1739393
1740091
1740534
1741715
1743367
1743644
1744168
1744589
1744755
1745300
1745497
1746232
1746518
1746779
1746889
1747244
1747661
1747772
1747943
1748067
1748291
1748775
1749116
1749349
1749446
1749918
1750279
1750427
1751308
1753672
1754517
1754633
1754741
1754795
1754843
1755280
1755528
1756479
1756481
1756560
1756653
1756654
1757891
1758416
1759322
1760819
1761064
1761268
1761848
1763545
1764248
1764565
1765143
1765824
1766171
1766747
1766998
1767014
1767190
1767237
1767464
1767630
1767765
1768105
1768243
1768472
1768661
1768772
1768868
1768933
1769086
1769196
1769474
1769570
1769678
1769762
1769888
1770120
1770291
1770459
1770628
1770685
1770860
1771037
1771110
1771391
1771523
1771832
1771954
1772358
1772673
1772889
1773150
1773274
1773526
1773653
1774030
1774513
1774839
1775045
1775183
1775227
1775391
1775607
1775689
1775935
1776335
1776392
1776773
1777031
1777184
1777340
1777581
1777621
1777884
1777900
1778056
1778285
1778364
1778699
1778785
1779033
1779228
1779375
1779649
1779779
1780211
1780675
1780728
1780970
1781501
1782035
1782357
1782545
1782853
1783205
1783287
1783425
1783584
1783794
1784053
1784268
1784494
1784561
1784843
1785000
1785065
1785266
1785887
1786112
1786434
1786923
1787344
1787513
1787774
1787806
1788062
1788212
1788298
1788649
1788807
1789024
1789224
1789263
1789493
1789663
1789784
1790142
1790427
1790701
1790899
1791010
1791301
1791518
1791669
1791897
1792154
1792438
1792672
1792796
1792940
1793247
1793304
1793555
1793841
1794075
1794223
1794574
1794803
1794849
1795113
1795185
1795615
1795918
1796240
1796606
1796646
1797063
1797215
1797677
1797995
1798537
1798891
1799391
1799393
1799771
1799932
1800105
1800560
1800756
1801139
1801232
1801493
1801772
1802057
1802199
1802323
1802489
1802647
1802831
1803109
1803253
1803473
1803555
1803793
1803836
1804131
1804220
1804636
1804713
1805023
1805328
1805711
1805912
1806579
1806676
1806799
1807101
1807370
1807443
1807718
1808116
1808320
1808509
1808696
1808761
1809196
1809523
1809654
1809928
1810488
1810697
1811066
1811203
1811424
1811625
1812053
1812285
1812641
1812869
1813330
1813469
1813634
1813797
1814010
1814151
1814476
1814617
1814817
1814998
1815134
1815215
1815680
1815900
1816191
1816320
1816570
1816605
1817079
1817530
1817816
1817894
1818124
1818400
1818477
1818680
1819052
1819190
1819378
1819470
1819693
1819925
1820275
1820465
1820744
1821108
1821342
1821603
1821756
1822149
1822333
1822725
1823189
1823484
1823922
1823990
1824336
1824401
1824840
1825115
1825448
1825516
1825885
1826059
1826357
1826495
1826764
1826967
1827137
1827340
1827348
1827677
1827810
1828115
1828445
1828689
1828771
1828951
1829162
1829367
1829643
1829886
1830350
1830372
1830707
1831011
1831192
1831468
1831937
1832094
1832521
1832658
1833078
1833202
1833477
1833741
1834021
1834303
1834617
1835189
1835495
1835927
1836152
1836751
1836906
1837264
1837395
1837624
1837759
1838095
1838438
1838692
1838820
1839033
1839276
1839398
1839636
1839840
1840069
1840214
1840442
1840830
1841009
1841153
1841345
1841574
1841766
1841974
1842055
1842396
1842591
1842809
1843128
1843349
1843447
1843635
1843778
1843986
1844520
1844667
1845025
1845193
1845341
1845573
1845749
1845789
1846026
1846298
1846651
1846784
1846923
1847199
1847419
1847654
1847764
1848033
1848192
1848408
1848634
1849015
1849085
1849381
1849638
1850011
1850279
1850454
1850755
1850967
1851309
1851505
1851650
1851775
1852027
1852353
1852444
1852628
1852905
1853112
1853412
1853702
1853878
1854370
1854654
1854789
1855049
1855223
1855486
1855871
1855976
1856272
1856402
1856610
1856747
1856895
1857014
1857314
1857613
1858061
1858251
1858459
1859084
1859187
1859329
1859719
1860001
1860120
1860349
1860935
1861091
1861441
1861700
1862186
1862316
1862504
1862825
1863000
1863340
1863572
1863818
1864079
1864289
1864525
1864910
1865077
1865165
1865507
1866023
1866268
1866474
1866667
1866911
1867309
1867543
1867897
1868117
1868424
1868675
1868873
1869095
1869370
1869572
1869579
1869835
1870139
1870533
1870671
1870822
1870996
1871210
1871432
1871670
1871951
1872103
1872219
1872521
1872703
1872912
1873214
1873279
1873658
1873872
1873910
1874019
1874340
1874526
1874620
1874937
1875191
1875268
1875509
1875646
1876019
1876032
1876393
1876571
1877134
1877532
1877640
1878053
1878271
1878351
1878701
1878847
1879124
1879283
1879376
1879631
1879745
1879907
1880148
1880370
1880390
1880715
1880934
1881010
1881294
1881568
1881705
1881951
1882373
1882518
1882695
1882914
1883144
1883223
1883690
1883770
1884085
1884220
1884401
1884545
1884701
1884909
1885122
1885422
1885551
1885941
1886118
1886313
1886605
1886868
1887042
1887240
1887370
1887772
1888117
1888196
1888466
1888551
1888829
1889015
1889081
1889429
1889797
1889879
1890072
1890204
1890488
1890729
1890952
1891070
1891251
1891505
1891809
1892208
1892252
1892577
1892740
1893051
1893288
1893566
1893932
1894090
1894335
1894653
1894925
1895064
1895427
1895847
1896217
1896313
1896477
1896639
1896860
1897003
1897147
1897283
1897520
1897544
1897638
1898036
1898174
1898276
1898457
1898905
1899177
1899415
1899540
1899780
1899884
1900227
1900302
1900637
1900937
1900975
1901288
1901384
1901652
1901830
1902105
1902294
1902613
1902644
1902836
1903133
1903250
1903441
1903572
1903818
1903932
1904076
1904259
1904524
1904700
1904933
1905192
1905312
1905552
1905702
1905800
1905883
1906149
1906227
1906382
1906520
1907000
1907170
1907370
1907497
1907665
1907860
1908141
1908330
1908435
1908641
1908770
1908931
1909101
1909314
1909417
1909667
1909955
1910083
1910342
1910377
1910638
1910864
1910919
1911103
1911338
1911452
1911640
1911761
1911870
1911974
1912199
1912424
1912750
1912798
1913151
1913331
1913345
1913547
1913826
1914046
1914293
1914362
1914541
1914856
1914996
1915231
1915376
1915639
1915799
1916182
1916446
1916676
1916834
1917151
1917394
1917469
1917850
1917889
1918361
1918644
1918927
1919122
1919209
1919532
1919845
1920249
1920299
1920713
1920904
1921010
1921257
1921361
1922154
1922189
1922399
1922760
1922896
1923214
1923591
1923821
1924111
1924434
1924840
1924976
1925165
1925391
1925617
1925750
1925882
1926138
1926320
1926437
1926636
1926923
1927147
1927264
1927487
