2159
3084
5785
7371
8362
11243
11823
13412
14200
14501
15276
15996
16783
17006
17891
18180
18767
19150
19986
20971
21357
21487
21905
22430
23024
24051
24475
25074
26347
26567
27007
28097
28789
29210
29574
30003
30416
30711
30873
31350
31669
31876
32429
32711
33078
33628
34010
34210
34420
34812
35113
35387
35575
36371
37582
37842
38052
38245
38716
38963
39686
41063
41339
42006
42421
42778
42986
43236
43608
43998
44285
44865
45077
45354
45540
46161
46461
46783
46959
47362
47637
48293
48506
48898
49311
49989
50244
50398
50857
51037
51508
51827
52144
52431
52813
53683
54088
54353
54974
55277
55691
56066
56510
56789
56909
57371
58384
58710
58993
59268
59597
59815
60142
60857
61202
61356
61643
61793
62239
62588
62772
62942
63477
63645
63921
64253
64462
65007
65225
65593
65838
66417
66850
66993
67285
67529
67743
68013
68517
68923
69343
69609
70311
70795
71128
71427
71687
72253
72606
72864
73792
74083
74780
74923
75205
75517
75834
76099
76486
76789
77251
77552
77746
77951
78150
78704
79108
79262
79536
79905
80268
80761
81262
81636
81971
82159
82364
82820
83351
83408
83798
84227
84591
84906
85537
85586
86044
86323
86604
86850
87202
87500
87991
88282
89114
89172
89552
89614
89998
90048
90694
90829
91233
92173
92868
93110
94286
94332
94663
94915
94990
95855
96032
96919
97075
97838
98076
98312
98623
98785
99162
99373
99606
99902
100433
100903
101262
101710
101955
102084
102483
103206
103504
103720
104233
104496
104989
105244
105512
105789
106249
106538
107113
107808
108100
108381
108816
109115
109357
109941
110131
110453
110903
111138
111328
111515
111837
112079
112489
112613
112889
113016
113305
113590
114158
114307
115393
116066
116439
116713
117169
117327
117606
118055
118173
118422
118732
119099
119132
119852
120003
120468
120807
121126
121280
121687
122173
122406
122607
123130
123395
123615
123971
124220
124397
124640
125271
125364
125741
125866
126185
126611
126813
127006
127254
127549
128090
128588
128928
129121
129427
129592
129888
130327
130703
130922
131086
131328
131617
131806
132126
132399
132606
132778
132984
133711
133956
134290
134661
134727
135289
136035
136269
136925
137150
137336
137631
137720
138098
138473
138805
139076
139320
139742
139958
140193
140945
141101
141327
141619
141827
142146
142548
142768
143721
144191
144420
144685
144813
145021
145318
145615
145838
146069
146430
146612
147011
147651
148005
148211
148275
148551
148777
149020
149238
149535
149846
150204
150486
150747
151108
151138
151638
152341
152833
153021
153259
153656
153982
154119
154497
155050
155549
155803
156250
156866
157104
157416
157758
158182
158539
159886
160060
160371
160694
160906
161174
161357
161501
161776
162115
162242
162338
162760
162972
163238
163340
163827
164220
164459
164862
165057
165340
165755
166012
166392
166583
166785
167019
167271
167606
167798
168359
168505
168770
169057
169203
169381
169966
170394
170644
170984
171399
171631
171704
172375
172578
173069
173255
173685
174161
174426
174815
175129
175481
176321
176921
177517
177725
178004
178448
178830
179007
179497
179611
180068
181065
184833
185207
186186
187064
188097
188832
189553
191116
191653
193407
194053
194728
195558
196158
197558
198691
200448
204002
204782
206861
208205
209236
210133
211374
212695
213164
213548
214776
215072
215365
216008
217477
218396
218989
219683
220371
221025
222291
222969
223608
223998
224174
224669
225616
226106
227284
227553
227759
228290
228744
229058
230030
230486
230888
231413
231741
231963
232198
232613
232993
233462
234444
234672
234899
235480
235748
235891
236195
236441
236622
237075
237496
238495
238703
238987
239489
240899
242186
244008
244485
246040
246372
247939
249159
249981
250504
251013
251661
251807
251896
252154
252322
252564
252701
253260
253465
253867
254061
254170
254470
254724
254928
255037
255335
255494
255802
256229
256504
256957
257202
257510
257794
258095
258563
258897
259042
259654
259807
260209
260550
260834
261476
261956
262140
262476
263139
263718
264133
264343
264712
265122
266957
267744
268464
269304
269829
270227
271622
271797
273219
273924
274756
275957
276864
277923
278340
280053
281283
281634
282037
282288
282391
282641
282871
283206
283406
283855
283976
284700
284945
285931
286232
286696
286856
287238
287633
287906
288257
288839
288988
289208
289648
290289
290801
291161
291634
291987
292212
292819
292981
293285
293460
293755
294041
294274
294520
294736
295092
295503
295858
296157
296579
296730
297115
297402
297730
297971
298394
298928
299556
300005
300132
300298
300617
300840
301272
301463
301632
301922
302024
302371
302594
302720
303047
303596
304090
304594
304683
305548
305957
306357
306601
306838
307214
307576
308059
308255
308634
308973
309333
309836
310071
310198
310361
310782
311513
311923
312098
312575
313044
313256
313474
313788
313854
314282
314542
314851
315086
315754
316192
316472
316910
317106
317595
317946
318190
318404
318610
318780
319023
319375
319576
319712
319990
320457
320748
321115
321301
321603
321819
322089
322256
322499
322787
322851
323172
323367
323619
324087
324498
324869
325089
325393
325613
325805
326208
326380
326784
327057
327232
327368
327601
327895
328087
328300
328732
329034
329392
329613
330028
330301
330633
330887
331025
331263
331510
331674
331806
331966
332274
332440
332605
332787
333155
333432
333737
333926
334098
334371
334551
334889
335005
335336
335457
335703
335925
336130
336322
336753
337030
337166
337342
337481
337672
337797
338213
338374
338511
338821
339015
339112
339377
339625
339805
340091
340574
340763
341008
341122
341302
341567
341755
341777
342112
342255
342558
342835
343038
343201
343418
343688
343894
344174
344370
344506
344729
344935
345214
345370
345702
346083
346243
346456
346734
347087
347214
347434
347624
348036
348274
348426
348756
349108
349485
349663
350074
350213
350533
350828
350996
351129
351320
351509
351707
352049
352221
352392
352734
352788
353180
353432
353623
353956
354301
354502
354746
355521
355723
356119
356314
356617
356884
357030
357456
357680
357929
358508
358967
359376
359804
360372
360542
360769
361024
361136
361281
361562
361861
362094
362260
362556
362933
363351
363693
364160
364757
364913
365412
366062
366543
366894
367346
367569
368598
368896
369334
370025
370393
370695
371502
371681
372056
372283
372778
373797
374460
375324
376019
376497
376990
377326
377863
378471
379014
379261
379576
379875
380817
381118
381245
381620
381891
382199
382534
382720
382956
383048
383513
383873
384167
384528
385165
386059
386430
386774
386979
387402
387821
387958
388754
389264
389625
390181
390584
390924
391050
391273
391649
391796
392265
393179
393418
393720
393927
395008
395173
395656
396120
396864
397391
397519
397914
398321
398701
399227
399661
399881
399993
400404
400644
401097
401368
401516
402174
402439
402591
402893
403134
403621
403810
404138
404664
405117
405398
406034
406269
406513
406931
407373
407724
408066
409304
409990
410691
411395
411813
412668
413199
413984
414650
414997
416295
417351
417902
418406
419261
419997
420391
420612
421662
422099
422476
422923
423441
423962
424235
424453
424776
425202
425761
426506
427059
427255
427590
427723
428119
428275
428393
428784
428892
429300
429741
430140
430332
430788
430930
431145
431526
431621
431699
432080
432252
432729
432904
433139
433554
434032
434376
434813
435327
435589
436115
436715
437281
438009
438376
438705
439096
439543
440273
440910
441404
443038
443330
444098
445633
446476
447312
447558
448402
448984
449021
449662
450031
450313
450426
450697
450992
451621
451679
452096
452336
452861
453617
453867
454702
455209
455601
455805
456538
457001
457058
457517
457674
457947
458396
458769
459122
459697
459956
460460
460913
461034
461466
461705
462274
462499
462756
463493
463687
463977
464440
464908
465567
465822
466072
466465
467011
467241
467642
468127
468622
468879
469003
469300
469432
469922
470193
471485
471806
472026
472156
472696
474352
474971
475624
476474
477459
477971
478473
478799
479128
479801
480355
480826
481250
481849
482057
482745
483137
483237
484254
484821
485011
485341
485730
486383
486728
487127
487308
487604
488161
488337
488761
489272
490158
490388
490825
491012
491395
491858
492108
492934
494006
494696
495327
496561
497955
498859
499788
500188
500634
501878
502317
503631
504095
504523
504952
506079
506644
507404
508248
508857
508988
509138
509563
509974
510527
510788
511121
511453
511813
512503
512903
513137
513391
514374
514538
514709
515023
515373
515531
515841
516092
516294
516620
516778
517086
517599
517765
518126
518346
518671
518941
519121
519624
519899
520027
520301
520534
520752
521069
521491
521607
522162
524302
524347
524447
524733
525037
525161
525286
525376
525542
525679
525801
525971
526147
526446
526562
526670
526785
526929
527106
527234
527373
527592
527756
527911
528034
528138
528226
528373
528489
528734
528778
528915
529048
529160
529327
529648
529834
529947
530020
530208
530310
530453
530741
531304
531374
531477
531554
531726
531762
531902
532066
532190
532352
532437
532617
532752
532960
533054
533221
533397
533564
533658
533837
533952
534039
534285
534397
534549
534859
535050
535175
535360
535544
535872
535935
536117
536482
536703
536824
536990
537200
537423
537644
537837
537961
538155
538269
538562
538583
538981
539293
539590
539918
539993
540299
540538
540720
540893
541205
541557
541764
542010
542259
542449
542755
542889
543076
543182
543505
543635
543997
544153
544358
544497
544749
545155
545260
545588
545812
546054
546543
546660
546886
546966
547179
547408
547591
547744
547997
548319
548471
548685
548833
549064
549329
549690
549924
550010
550300
550388
550866
550975
551456
551811
551921
552343
552493
552791
553018
553091
553377
553499
553762
553981
554179
554269
554512
554879
555102
555462
555902
556091
556306
556472
556694
557092
557335
557511
557776
557856
558136
558395
559111
559182
559676
559934
560380
560693
561112
561321
561586
561705
561974
562163
562326
562564
562868
562988
563242
563422
563789
564050
564301
564885
564936
565371
565722
565926
566120
566239
566531
566740
566943
567271
567303
567702
567984
568331
568757
569011
569393
569554
570113
570157
570496
570684
570932
571103
571236
571384
571636
571916
572206
572488
572938
573103
573383
573677
573912
574245
574497
574750
574871
575018
575450
575558
576035
576443
576804
577430
577758
577911
578266
578562
578844
579023
579258
579429
579795
579976
580397
580930
581219
581483
581945
582335
582631
583035
583306
583563
583949
584061
584675
584743
585100
585350
585647
585875
586098
586359
586690
586928
587210
587551
587883
588166
588747
588844
589004
589242
589740
589847
589948
590201
590279
590380
590683
590801
591102
591186
591343
591582
591675
592079
592217
592442
592646
592908
593085
593288
593557
593858
593999
594213
594547
594621
594907
595096
595260
595398
595717
595829
596096
596270
596642
596939
597194
597466
597593
597887
598097
598344
598549
598840
599041
599199
599355
599590
599670
599894
600088
600232
600593
600789
601135
601340
601673
601988
602383
602901
603255
603588
603862
603980
604132
604420
604794
605208
605427
605660
606112
606207
606604
606854
607089
607373
607509
607750
607974
608321
608501
608644
608996
609566
609824
610144
610477
610587
610981
611161
611272
611694
611828
612310
612471
612781
613080
613321
613525
613896
614069
614278
614555
614744
615143
615555
615802
616098
616336
616852
617250
617601
617902
618164
618686
618745
619130
619598
619824
620029
620228
620533
620886
621149
621853
622019
622406
622748
623055
623284
623827
624002
624443
624778
624989
625627
625986
626387
626485
626918
627085
627559
627757
627964
628081
628216
628463
628647
628854
629095
629355
629538
629832
630045
630236
630473
630644
630913
631126
631352
631626
631857
631957
632364
632642
632884
633044
633276
633473
633732
633970
634157
634326
634668
634923
635120
635494
635642
635849
636062
636476
636600
637030
637250
637373
637667
637823
638149
638252
638459
638550
638714
638940
639375
639645
639739
640036
640213
640418
640722
641040
641305
641586
641913
642277
642432
642721
642929
643227
643700
644084
644353
644549
644712
645037
645615
646129
646498
646768
647347
647612
648026
648438
648869
649183
649648
650165
650622
650917
651560
651701
652257
652574
652961
653192
653410
653726
654095
654351
654707
654877
655121
655447
655644
655760
656234
656599
657167
657590
658344
658678
658958
659217
659315
659571
660175
660539
660859
661174
661582
661859
662117
662292
662571
662745
662901
663181
663389
663571
663871
663996
664321
664465
664529
664795
665083
665369
665649
666001
666316
666622
666798
667095
667261
667723
667815
668322
668706
669133
669676
669943
670404
670531
670962
671152
671375
671656
671862
672212
672994
673273
673527
673900
674453
674705
674887
675217
675329
675575
675941
676272
676525
676960
677168
677691
677911
678081
678504
678589
679024
679335
679694
680237
680396
680984
681331
681699
681995
682444
682576
682775
682920
683153
683364
683763
684019
684513
684620
685008
685482
685828
686344
686581
686914
687349
687448
687961
688012
688456
688783
689002
689201
689501
689803
689989
690169
690442
690777
691195
691378
691714
691987
692606
692890
693247
693557
693760
694105
694362
694627
694813
695105
695220
695481
695559
696007
696536
696848
697133
697584
697771
697952
698383
698772
699041
699281
699479
699850
700043
700182
700502
700725
701136
701207
701421
701732
701963
702333
702526
702640
703008
703144
703295
703797
703972
704251
704785
705108
705201
705759
706143
706508
707229
707571
708274
708902
709204
709594
709843
710415
710792
711202
711730
712094
712840
713487
713738
714391
714627
714777
715160
715602
715665
716040
716602
716869
717110
717380
717605
717810
718107
718344
718561
718766
718970
719166
719340
719472
719652
719855
720137
720260
720703
720957
721241
721396
721538
721803
721879
722009
722254
722395
722706
722813
723120
723308
723582
723734
723925
724284
724366
724692
724876
725205
725458
725784
725938
726191
726439
726578
727062
727331
727612
728059
728443
728737
728847
729229
729288
729763
730281
730309
730734
730918
731193
732124
732453
732904
733392
733756
733922
734298
734709
734801
735719
735992
736252
736756
737381
737828
738163
738662
739055
739608
740393
740593
741031
741197
741927
742362
742670
742833
743335
744090
744344
744955
745437
745830
745933
746178
746491
746895
747213
748164
748871
749322
749630
749896
750251
750561
751017
751366
751695
752804
753330
753658
754135
754550
754782
755021
755474
755938
756177
756875
757171
757617
757990
758288
758482
758777
759258
759859
760512
761051
761549
762259
762670
763278
763497
764140
764562
764782
765728
766272
766338
766624
766914
767279
767425
767826
768301
768536
768930
769334
769535
769915
770388
770967
771602
772078
772617
772728
773151
774314
774875
775579
776124
776319
776791
777530
778053
778569
778966
779364
780117
780549
781147
781349
781603
781823
782144
782411
782631
782742
783082
783333
783537
783807
783980
784228
784520
784695
785013
785327
785612
785822
786177
786241
786515
786654
786978
787111
787219
787558
787732
788005
788233
788566
788935
789032
789382
789567
789917
790113
790455
790870
791290
791639
792258
792480
792955
793247
793531
793803
794224
794533
794690
795277
795779
795931
796080
796664
797027
797281
797533
797870
798060
798432
798755
799092
799417
799793
800035
800362
800462
800877
801297
801593
801979
802333
802518
802705
803088
803283
803815
804903
805202
805667
806011
806356
806830
807041
807245
807434
807807
808253
808532
808759
809024
809237
809725
809941
810069
810148
810386
810566
810656
810944
811053
811362
811634
811797
812206
812379
812717
812852
813075
813347
813659
813775
813815
816240
816377
816503
816834
816968
817236
817348
817420
817525
817724
817960
818027
818156
818249
818507
818624
818667
818878
818964
819137
819347
819423
819656
819746
819902
820084
820169
820253
820474
820549
820691
820815
820975
821081
821165
821304
821396
821535
821711
821774
821982
822123
822289
822424
822653
822781
822894
823025
823254
823355
823483
823682
823824
823962
824196
824378
824632
824719
824901
825037
825140
825381
825472
825813
825983
826203
826374
826557
826722
826944
827179
827502
827551
827768
827809
828079
828168
828406
828524
828703
828967
828991
829241
829460
829522
829574
829843
829873
830133
830214
830539
830649
830925
830970
831202
831377
831572
831793
831891
832114
832210
832394
832578
832842
832901
833123
833378
833414
833800
834002
834196
834425
834557
834600
834965
835106
835285
835505
835836
836049
836195
836442
836700
836943
837371
837501
837696
837916
838063
838257
838473
838555
838796
838909
839125
839303
839503
839580
839776
840006
840056
840328
840474
840683
840952
841103
841236
841418
841766
841923
842220
842321
842551
842643
842841
843093
843305
843525
843601
843984
844087
844352
844604
844849
845175
845197
845408
845612
845865
846153
846666
846901
847390
847482
847838
848026
848521
848605
848919
849057
849304
849426
849656
849888
850087
850178
850423
850722
850927
851144
851252
851471
851765
851858
852307
852409
852505
852660
852924
853255
853541
853719
854014
854312
854504
854782
854920
855023
855386
855501
855890
856034
856609
856804
857111
857197
857850
858062
858171
858474
858687
858815
859203
859479
859580
859927
860106
860257
860476
860802
860971
861185
861487
861906
862165
862653
862795
863028
863116
863344
863400
863582
863740
864155
864285
864550
864695
864885
865150
865385
865707
866085
866335
866554
866788
866999
867193
867385
867644
867826
867979
868151
868428
868876
869165
869496
869731
869924
870061
870391
870523
870936
871080
871260
871540
872144
872326
872588
873056
873190
873400
873674
873854
874107
874487
874731
875117
875342
875541
875786
876127
876542
876919
877246
877555
877644
877696
877938
878051
878115
878593
878754
878914
879120
879288
879543
879676
879827
880021
880265
880433
880709
880948
881478
881614
882007
882207
882556
882909
883293
883515
883649
883924
884223
884375
884535
884847
885167
885521
885836
886076
886185
886363
886573
886680
886862
887135
887440
887688
887938
888296
888378
888642
888774
889010
889178
889544
889737
890050
890278
890500
890792
891044
891319
891658
891847
892119
892508
892784
892975
893252
893555
893677
893937
894165
894473
894674
894933
895230
895670
895811
896274
896364
896739
897040
897377
897621
898258
898590
898877
899187
899429
899611
899989
900255
900428
900769
901074
901371
901515
901834
902015
902234
902588
902787
902818
903270
903401
903610
903889
904050
904481
904711
904985
905127
905570
905634
905863
906254
906569
906829
907153
907488
907874
908143
908426
908762
909193
909433
909662
909860
910160
910467
910681
910853
911057
911258
911663
912094
912264
912488
912778
912983
913403
913658
913924
914209
914435
914646
915172
915339
915623
915963
916144
916471
916540
916614
917038
917094
917653
917850
918088
918170
918552
918719
918886
919153
919398
919618
919779
920081
920407
920722
921057
921275
921486
921727
921894
922331
922562
922718
923024
923154
923394
923575
923684
924102
924363
924609
924857
925074
925423
925711
925999
926273
926393
926532
926932
927154
927466
927728
928143
928755
928878
929249
929493
929741
929897
930029
930179
930520
930707
930998
931199
931464
931703
931875
932127
932456
932763
933183
933226
933511
933741
933837
934197
934319
934429
934636
934795
935001
935212
935437
935915
936186
936386
936597
936840
937147
937293
937614
937722
938086
938240
938388
938709
938782
939067
939329
939604
939881
940049
940368
940676
941135
941410
941643
941931
942062
942282
942575
942795
942947
943423
943850
944291
944474
944865
945240
945557
945860
946031
946168
946358
946568
946685
946946
947218
947294
947526
947752
947955
948203
948467
948732
948811
949146
949309
949737
949945
950170
950412
950644
951083
951298
951580
951910
952415
952692
952906
953197
953415
953717
954012
954196
954359
954664
954852
955070
955351
955751
955986
956229
956415
956524
956930
957397
957446
957765
958035
958356
958519
958697
959044
959202
959469
959601
959762
960066
960339
960540
960767
960921
961245
961661
961701
961939
962274
962459
962565
962719
962946
963190
963418
963695
963836
964205
964485
964595
964762
964989
965321
965475
965685
966047
966188
966464
966657
966760
966963
967342
967556
967997
968155
968552
969069
969450
969659
969907
970355
970515
970713
971060
971169
971335
971742
971875
972009
972169
972608
972799
973073
973150
973462
973668
973891
974023
974357
974554
974627
974777
975129
975345
975449
975705
975885
976128
976212
976486
976628
976953
977213
977516
977586
977815
977999
978197
978237
978363
978541
978656
978841
979066
979209
979312
979435
979684
979809
980025
980389
980660
980819
981149
981216
981456
981799
982146
982216
982570
983140
983464
983623
983976
984095
984682
985270
985465
985506
985846
986384
986561
987065
987707
987966
988415
988685
988984
989104
989297
989776
990445
990881
991484
991842
992288
993155
993468
993604
993757
994101
994419
994882
994993
995705
995941
996360
996696
996769
997219
997549
997764
998049
998185
998599
999035
999424
999995
1001076
1001253
1001642
1001977
1002220
1002362
1003009
1003330
1003744
1004278
1004541
1004903
1005309
1005492
1005885
1006076
1006337
1006624
1006778
1006950
1007427
1008006
1008334
1009141
1009504
1009999
1010658
1011309
1011508
1011695
1012347
1013371
1014440
1014768
1015169
1015379
1015722
1015757
1016269
1016465
1016738
1016991
1017216
1017684
1017958
1018426
1018759
1019268
1020118
1021043
1021251
1021537
1021776
1022058
1022554
1023223
1023443
1023722
1024039
1024355
1024563
1024864
1025385
1025704
1025966
1026154
1026467
1026899
1027595
1028009
1029051
1029256
1029596
1029799
1030276
1030425
1030543
1030768
1031062
1031327
1031534
1031760
1032028
1032276
1032414
1032803
1033130
1033482
1033784
1033956
1034350
1034478
1034585
1034872
1035112
1035521
1035665
1035821
1036017
1036090
1036417
1036551
1037017
1037111
1037636
1038052
1038718
1038873
1039010
1039403
1039703
1039841
1040129
1040249
1040556
1040696
1040892
1041189
1041542
1042051
1042229
1042557
1042991
1043252
1043621
1043883
1044122
1044532
1044647
1044942
1045198
1045535
1045807
1045996
1046408
1046711
1047990
1048267
1048526
1048997
1049058
1049512
1049688
1050187
1050487
1050814
1051780
1052178
1052529
1052904
1053779
1054423
1054776
1055447
1056609
1057011
1057415
1057828
1058335
1058540
1058869
1059725
1060382
1060871
1061053
1061400
1061647
1061956
1062564
1063091
1063623
1063923
1064425
1064832
1065006
1065097
1065508
1065738
1066161
1066610
1066783
1067153
1067354
1067663
1068094
1068435
1068999
1069200
1069550
1069678
1070351
1070552
1070870
1070925
1072042
1072092
1072574
1073107
1073583
1074100
1074384
1074662
1074945
1075100
1075449
1075527
1076114
1076322
1076480
1076862
1077200
1077696
1077781
1078753
1078807
1079679
1080117
1080583
1081251
1081638
1082023
1082363
1082844
1083345
1083644
1084297
1084691
1085134
1085707
1085907
1086487
1087027
1087463
1088014
1088345
1088589
1089065
1089299
1089839
1090304
1090435
1090903
1091345
1091996
1092745
1092897
1093286
1093748
1093970
1094229
1094430
1094678
1095049
1095764
1096481
1096742
1097122
1097599
1098047
1098270
1098658
1098986
1099331
1099571
1100198
1100761
1101049
1101323
1101628
1101953
1102622
1102849
1103085
1103294
1103996
1104112
1104646
1104877
1105198
1105480
1105885
1106390
1106870
1107016
1107430
1107569
1107765
1108289
1108607
1108972
1109289
1109507
1109889
1110144
1110565
1110807
1110862
1111218
1111359
1111608
1112194
1112582
1113140
1113454
1113835
1114165
1114500
1114959
1115251
1115703
1116222
1116900
1117126
1117296
1117799
1118355
1118612
1118956
1119237
1119571
1120064
1120293
1120616
1120996
1121147
1121441
1121768
1121887
1122615
1123033
1123513
1123641
1124104
1125325
1125831
1126245
1126826
1127026
1127595
1127812
1128493
1128767
1129580
1129919
1130453
1131205
1131455
1131667
1131881
1132004
1132348
1132674
1132766
1133073
1133322
1133458
1133752
1133888
1134227
1134460
1134714
1134832
1135126
1135359
1135747
1135874
1136259
1136425
1136676
1136932
1137184
1137533
1137794
1138276
1138500
1138606
1138836
1139403
1139509
1139893
1139996
1140272
1140623
1140870
1141045
1141436
1141912
1142155
1142424
1142821
1143010
1143342
1143436
1143834
1144148
1144275
1144441
1144753
1144942
1145168
1145455
1145922
1146107
1146349
1146606
1146859
1147421
1147749
1148069
1148550
1149017
1149422
1149882
1150122
1150258
1150607
1150920
1151190
1151368
1151561
1151726
1152098
1152299
1152811
1153056
1153511
1153987
1154255
1154515
1154766
1155212
1155499
1155874
1156292
1156467
1156815
1157130
1157489
1158159
1158354
1158628
1159086
1159589
1160379
1160689
1161174
1161246
1161799
1162814
1163201
1163524
1164109
1164465
1164719
1165005
1165397
1165659
1165749
1166028
1166336
1166460
1166830
1167207
1167433
1167844
1168234
1168591
1168882
1169163
1169434
1169659
1169910
1170281
1170759
1171189
1171474
1171857
1172169
1172483
1172754
1173262
1173463
1173813
1174249
1174530
1174952
1175373
1175567
1176119
1176520
1176682
1177185
1177593
1177758
1178023
1178302
1178681
1179024
1179380
1179801
1179981
1180408
1180723
1181049
1181349
1181628
1182001
1182288
1182880
1182950
1183543
1184358
1185021
1185320
1185793
1186123
1186428
1186759
1187510
1188438
1188761
1189208
1189602
1189708
1189887
1190251
1190434
1190572
1190684
1191038
1191387
1191711
1191863
1192115
1192333
1192621
1192973
1193296
1193637
1193812
1194233
1194708
1195057
1195141
1195592
1195902
1195963
1196349
1196836
1197096
1197462
1197622
1198021
1198238
1198574
1198901
1199031
1199256
1199725
1199827
1200138
1200323
1200501
1200715
1200943
1201414
1201758
1201958
1202302
1202405
1202751
1203031
1203112
1203659
1203969
1204190
1204464
1204678
1204907
1205260
1205646
1205947
1206548
1206847
1207436
1207878
1208431
1208592
1209711
1209886
1210475
1210881
1211095
1211674
1211878
1212346
1212523
1212894
1213182
1213378
1213955
1214346
1214824
1215194
1215541
1216155
1216477
1216774
1217538
1217691
1218581
1218846
1220046
1220323
1220651
1221249
1221765
1222104
1222491
1222550
1223013
1223287
1223501
1224001
1224329
1224894
1225343
1225450
1225897
1226185
1226454
1226937
1227010
1227753
1228050
1228391
1228649
1229011
1229405
1229693
1230543
1230775
1231148
1231403
1231947
1232193
1232340
1232726
1233718
1233943
1234194
1234373
1234933
1235160
1235628
1236174
1236750
1237127
1238034
1238377
1238632
1239078
1239554
1239899
1240161
1240768
1241131
1241464
1242041
1242354
1242560
1242838
1243262
1243467
1243782
1244197
1245056
1245279
1245663
1246182
1246422
1246611
1246881
1247267
1247677
1248172
1248405
1248833
1249265
1249412
1249942
1250334
1250932
1251044
1251740
1252380
1252909
1253189
1253302
1253724
1254046
1254248
1254433
1254634
1254931
1255160
1255337
1255615
1255895
1256168
1256577
1256853
1256969
1257219
1257517
1257783
1258069
1258166
1258491
1258824
1259014
1259205
1259629
1260203
1260457
1261102
1261542
1262015
1262318
1262564
1263101
1263232
1263553
1263972
1264458
1264802
1265060
1265317
1265614
1265784
1265958
1266379
1266825
1267027
1267246
1267460
1267829
1268123
1268830
1269147
1269553
1269699
1270124
1270336
1270589
1270981
1271141
1271413
1271894
1272238
1272671
1272997
1273180
1273661
1274378
1274709
1275378
1275726
1276316
1276487
1277093
1277392
1277680
1278034
1278305
1278559
1278810
1279305
1279457
1279800
1280132
1280465
1280714
1281250
1281580
1281847
1282098
1282548
1282998
1283557
1283816
1284245
1284439
1284748
1285128
1285527
1285914
1286212
1286529
1286742
1287427
1287798
1287945
1288868
1289319
1290108
1290654
1290948
1291530
1291890
1292224
1293161
1293826
1294273
1294583
1295047
1295401
1296304
1296586
1296854
1297139
1297727
1298443
1298694
1298865
1299103
1299493
1299758
1300134
1300361
1300716
1300936
1301174
1301461
1301696
1302147
1302356
1302815
1303138
1303353
1303678
1304047
1304450
1304643
1305079
1305345
1305817
1306433
1306967
1307304
1307562
1307808
1308079
1308469
1308739
1308847
1309337
1309468
1309859
1310309
1311114
1311485
1311753
1311920
1312384
1312799
1313186
1313364
1313726
1314182
1314434
1315090
1315460
1315781
1316173
1316420
1316779
1316894
1317128
1317376
1317574
1318047
1318300
1318805
1319209
1319490
1319772
1320152
1320275
1320515
1320796
1320894
1321237
1321416
1321467
1321839
1322027
1322248
1322359
1322546
1322850
1323017
1323205
1323544
1323881
1324213
1324507
1324747
1324920
1325189
1325556
1325928
1326293
1326523
1326782
1327082
1327374
1327620
1327992
1328279
1328414
1328855
1329165
1329371
1329740
1330449
1330613
1331025
1331219
1331681
1331968
1332347
1332551
1333120
1333446
1333892
1334222
1334455
1335098
1335313
1335623
1336035
1336485
1337026
1337284
1337629
1337933
1338102
1338414
1338786
1339053
1339521
1339766
1340184
1340730
1341012
1341305
1341689
1341940
1342378
1342536
1342846
1343267
1343747
1344506
1344727
1345101
1345435
1345760
1346362
1346768
1347187
1347463
1347978
1348404
1348826
1349150
1349600
1349692
1350264
1350408
1350671
1351050
1351312
1351580
1351902
1352008
1352168
1352628
1352938
1353214
1353449
1353744
1353964
1354190
1354445
1354659
1354898
1355206
1355631
1356170
1356341
1356532
1356872
1357084
1357456
1357756
1358109
1358309
1358525
1358897
1359033
1359461
1359683
1360011
1360197
1360432
1360826
1361098
1361406
1361656
1361957
1362220
1362346
1362627
1362831
1363321
1363879
1364082
1364463
1364797
1365059
1365316
1365868
1366469
1366820
1367007
1367479
1368034
1368272
1368668
1369100
1369443
1369855
1370272
1370681
1371294
1371621
1371879
1372194
1372590
1372826
1372999
1373550
1373791
1374328
1375098
1375192
1375509
1375985
1376485
1377100
1377344
1377761
1378283
1378851
1379236
1379415
1379733
1379773
1380041
1380129
1380369
1380630
1380840
1380980
1381372
1381675
1382341
1382472
1382625
1383027
1383207
1383421
1383814
1384151
1384515
1385071
1385701
1386080
1386384
1386748
1386912
1387277
1387600
1387971
1388334
1388446
1388677
1388949
1389213
1389482
1389708
1390032
1390273
1390694
1390869
1391179
1391612
1391770
1392218
1392402
1392521
1392864
1393150
1393382
1393591
1394035
1394532
1394811
1395147
1395448
1395707
1395896
1396171
1396369
1396639
1397064
1397617
1398007
1398291
1398999
1399191
1399610
1400149
1400480
1401089
1401402
1401593
1401944
1402251
1402817
1403210
1403746
1403953
1404180
1404719
1405003
1405245
1405588
1405731
1406469
1406598
1407185
1407347
1408076
1408411
1408549
1408952
1409449
1409957
1410418
1411027
1411314
1411883
1412016
1412469
1413069
1413994
1414743
1416177
1416572
1417496
1418059
1418230
1419473
1420029
1420550
1421356
1421981
1422249
1422555
1422853
1423241
1423570
1423887
1424436
1424669
1425023
1425403
1425902
1426203
1426510
1426844
1427263
1427660
1428122
1428652
1428864
1429294
1429557
1429891
1430183
1430664
1431160
1431407
1431954
1432142
1432592
1432916
1433123
1433347
1433808
1434174
1434420
1434951
1435092
1435323
1435850
1436400
1436819
1437422
1437695
1438075
1438338
1438722
1438979
1439305
1439662
1439792
1440306
1440380
1440885
1441126
1441559
1441964
1442126
1442538
1442999
1443370
1443501
1444027
1444474
1445041
1445237
1445465
1445785
1445995
1446222
1446556
1446982
1447318
1447548
1447918
1448335
1448571
1448826
1449389
1449759
1450182
1450312
1450731
1451055
1451281
1451609
1452327
1452604
1453100
1453501
1454017
1455191
1455305
1455971
1457219
1457522
1457938
1458434
1458875
1459462
1460024
1460203
1460588
1461234
1461484
1461906
1462142
1462273
1462855
1463003
1463387
1463706
1464351
1465032
1465749
1465982
1466385
1466628
1467650
1468315
1468621
1468809
1468958
1469655
1470135
1470623
1471130
1471711
1472639
1473116
1473432
1473871
1474055
1474398
1474875
1475289
1475744
1476232
1476493
1476888
1477529
1477814
1478231
1478678
1479014
1479414
1479612
1480067
1480588
1481082
1482225
1482412
1482873
1483296
1483609
1483816
1484320
1484870
1484990
1485480
1485656
1485981
1486608
1486823
1487253
1487726
1488004
1488187
1488518
1488768
1489218
1489508
1489975
1490239
1490627
1491261
1491641
1491868
1492357
1492614
1492864
1492950
1493238
1493656
1493911
1494221
1494610
1494956
1495123
1495418
1495542
1495805
1496038
1496437
1496771
1497034
1497530
1497713
1498137
1498492
1498725
1498967
1499196
1499698
1499984
1500471
1500773
1501274
1501754
1502013
1502466
1502808
1502976
1503339
1503581
1503709
1504033
1504152
1504420
1504485
1504978
1505061
1505354
1505492
1505872
1505967
1506264
1506323
1506691
1506862
1506991
1507246
1507455
1507616
1507689
1507909
1508075
1508344
1508523
1508750
1508993
1509217
1509455
1509644
1509783
1509978
1510210
1510406
1510595
1510853
1511011
1511119
1511359
1511537
1511601
1511795
1512069
1512291
1512421
1512580
1512709
1512868
1512990
1513149
1513327
1513598
1513662
1513834
1513968
1514092
1514300
1514487
1514724
1514900
1514980
1515143
1515312
1515468
1515749
1515895
1516083
1516323
1516391
1516680
1516793
1517050
1517245
1517364
1517519
1517782
1517992
1518187
1518371
1518600
1518757
1519012
1519136
1519372
1519498
1519681
1519958
1520285
1520396
1520861
1521131
1521575
1521729
1521952
1522333
1522604
1523203
1523697
1523976
1524566
1525015
1525510
1527299
1527411
1527465
1527566
1527742
1527783
1527884
1528043
1528128
1528348
1528474
1528528
1528617
1528947
1529199
1529391
1529573
1529826
1531472
1531545
1531627
1531771
1531922
1532029
1532157
1532370
1532499
1532624
1532721
1532936
1533124
1533417
1533676
1533838
1534124
1534484
1534598
1535313
1535493
1535682
1535854
1535912
1536065
1536243
1537337
1537529
1537839
1539380
1539453
1539534
1540013
1540098
1540444
1540616
1540661
1540749
1540992
1541058
1541251
1541376
1541512
1541667
1541790
1541969
1542026
1542167
1542387
1542421
1542544
1542631
1542748
1542838
1542955
1543044
1543349
1543450
1543658
1543789
1544029
1544177
1544236
1544586
1544772
1544861
1545015
1545167
1545294
1545428
1545578
1545683
1545904
1545933
1546034
1546161
1547507
1547569
1547658
1547732
1547751
1547892
1548128
1548209
1548384
1548499
1549189
1549660
1549754
1549837
1552967
1553059
1553573
1553635
1554137
1554738
1555022
1555212
1555536
1555585
1555807
1556510
1557210
1557254
1557433
1557764
1557878
1558257
1558525
1558742
1558847
1559027
1559076
1559602
1559887
1560192
1560359
1560598
1561219
1561319
1561944
1562011
1562497
1562622
1563747
1564532
1565403
1565752
1566191
1566342
1566393
1566939
1567173
1567326
1567556
1567731
1567976
1568244
1568463
1568790
1569080
1569639
1570015
1570316
1572154
1572674
1572776
1573241
1573931
1574243
1574765
1574966
1575297
1575515
1575870
1576146
1576831
1577135
1577220
1577311
1577867
1578200
1578611
1579058
1579258
1579390
1579703
1579884
1580066
1580110
1580367
1580655
1580880
1580926
1581137
1581263
1581389
1581612
1581865
1582109
1582209
1582487
1582677
1582876
1583025
1583189
1583332
1583583
1583762
1583846
1584220
1584237
1584507
1584593
1584929
1585204
1585233
1585565
1585918
1586201
1586428
1586535
1586921
1587050
1587153
1587414
1587509
1587626
1587821
1587903
1587979
1588159
1588341
1588504
1588634
1588724
1588844
1589068
1589120
1589175
1589337
1589473
1589713
1589743
1589795
1589939
1590179
1590309
1590411
1590599
1590741
1590981
1591066
1591230
1591324
1591562
1591632
1591818
1591908
1592143
1592338
1592454
1592527
1592749
1592880
1593014
1593256
1593338
1593575
1593765
1593918
1594224
1594421
1594480
1594735
1594842
1594966
1595079
1595291
1595435
1595530
1595771
1595921
1596001
1596222
1596269
1596438
1596583
1596861
1596878
1596926
1597291
1597385
1597616
1597720
1597954
1597995
1598319
1598577
1598784
1598861
1599097
1599277
1599344
1599514
1599714
1599942
1600097
1600268
1600451
1600590
1600857
1601041
1601236
1601390
1601512
1601697
1601811
1602031
1602189
1602416
1602635
1602821
1603102
1603279
1603347
1603625
1603809
1603989
1604156
1604340
1604549
1604642
1604784
1605000
1605106
1605293
1605464
1606075
1606253
1606431
1606605
1606763
1607199
1607264
1607517
1607762
1607977
1608209
1608480
1608652
1608818
1609069
1609201
1609461
1609577
1609851
1610066
1610266
1610504
1610747
1610998
1611621
1611890
1612071
1612188
1612590
1612689
1612768
1613102
1613510
1613843
1614071
1614236
1614463
1614669
1614894
1615196
1615451
1615602
1615854
1616049
1616408
1616623
1616919
1617023
1617083
1617549
1617661
1617876
1618070
1618390
1618644
1619108
1619491
1619730
1620028
1620203
1620503
1620742
1620863
1621019
1621111
1621311
1621457
1621673
1621835
1622045
1622245
1622524
1622791
1622841
1623127
1623433
1623730
1624080
1624333
1624599
1624695
1624990
1625088
1625278
1625569
1625805
1626009
1626168
1626533
1626806
1627056
1627378
1627540
1627740
1628032
1628262
1628395
1628663
1628895
1629038
1629338
1629571
1629600
1629863
1630161
1630340
1630506
1630677
1630782
1631104
1631310
1631471
1631759
1632032
1632359
1632553
1632675
1632900
1632985
1633304
1633490
1633620
1633927
1634198
1634364
1634632
1634822
1634948
1635162
1635378
1635534
1635781
1635916
1636085
1636246
1636507
1636663
1636768
1636981
1637267
1637608
1637793
1638024
1638272
1638454
1638684
1638788
1639028
1639222
1639360
1639695
1639850
1639965
1640266
1640538
1640642
1640855
1641136
1641262
1641561
1641713
1641794
1642171
1642400
1642570
1642787
1643008
1643579
1643771
1644202
1644450
1644625
1644736
1645022
1645269
1645524
1645720
1645957
1646127
1646326
1646554
1646780
1646939
1647170
1647390
1647580
1647720
1647938
1648126
1648384
1648495
1648933
1649126
1649538
1649635
1649897
1650154
1650395
1650572
1650843
1650987
1651262
1651371
1651595
1651872
1652221
1652625
1652794
1653127
1653275
1653496
1653725
1653989
1654145
1654452
1654720
1654964
1655163
1655329
1655578
1655928
1656039
1656368
1656502
1656790
1656991
1657131
1657440
1657528
1657836
1657962
1658226
1658286
1658658
1658815
1658986
1659230
1659505
1659910
1660199
1660359
1660493
1660701
1660855
1661009
1661194
1661404
1661712
1661766
1662082
1662154
1662307
1662576
1662702
1662836
1662991
1663185
1663395
1663516
1663772
1663991
1664212
1664457
1664622
1664736
1664856
1665022
1665281
1665468
1665715
1666071
1666260
1666426
1666601
1666743
1666989
1667164
1667459
1667628
1668082
1668218
1668458
1668672
1668780
1669001
1669301
1669571
1669740
1669917
1670186
1670323
1670548
1670771
1671006
1671202
1671623
1671768
1671944
1672112
1672366
1672653
1672824
1672972
1673450
1673621
1673915
1674220
1674394
1674552
1674879
1675115
1675249
1675407
1675509
1675729
1675795
1676196
1676431
1676727
1676838
1677197
1677390
1677559
1677841
1677998
1678137
1678494
1678683
1678962
1679300
1679443
1679746
1680063
1680368
1680608
1680838
1680934
1681247
1681477
1681692
1681841
1682164
1682291
1682574
1683001
1683189
1683427
1683597
1683921
1684110
1684325
1684625
1684855
1685029
1685251
1685751
1685830
1686170
1686480
1686588
1686760
1686994
1687292
1687576
1687788
1688077
1688247
1688590
1688831
1689079
1689264
1689547
1689674
1689918
1690180
1690385
1690729
1690931
1691174
1691364
1691704
1691821
1692278
1692387
1692526
1692735
1692869
1693071
1693195
1693328
1693629
1693880
1694291
1694547
1694903
1695092
1695346
1695509
1695727
1695894
1696127
1696301
1696437
1696647
1696917
1697224
1697331
1697546
1697727
1697918
1698278
1698470
1698738
1699076
1699313
1699453
1699607
1699884
1700158
1700280
1700502
1700815
1701075
1701307
1701456
1701708
1701943
1702210
1702243
1702603
1702878
1703085
1703342
1703605
1703798
1704003
1704189
1704330
1704568
1704983
1705174
1705578
1706062
1706306
1706538
1706762
1707101
1707330
1707746
1707921
1708354
1708408
1708895
1709101
1709335
1709928
1710063
1710632
1710897
1711172
1711549
1711967
1712114
1712547
1712700
1713148
1713507
1713847
1714350
1714446
1715007
1715538
1715983
1716130
1716381
1716635
1716789
1717209
1717413
1717606
1717761
1717949
1718157
1718407
1718612
1718820
1719142
1719473
1719681
1720136
1720284
1720542
1720861
1721589
1721882
1722054
1722335
1722531
1723091
1723356
1723665
1723866
1724052
1724455
1724883
1725041
1725227
1725490
1725731
1725977
1726197
1726625
1727045
1727263
1727543
1727953
1728084
1728415
1728862
1729392
1729553
1729736
1730026
1730206
1730537
1730886
1731198
1731360
1731653
1731934
1732234
1732553
1732696
1732928
1733214
1733513
1733920
1734093
1734545
1734809
1735023
1735397
1735587
1735874
1735996
1736287
1736538
1736679
1737012
1737200
1737409
1737665
1737973
1738206
1738489
1738583
1738816
1738893
1739220
1739420
1739583
1739692
1739858
1740303
1740681
1740832
1741157
1741447
1741619
1741883
1742169
1742406
1742717
1743050
1743295
1743374
1743716
1743819
1744050
1744364
1744583
1745134
1745234
1745497
1746115
1746183
1746557
1746796
1746914
1747206
1747394
1747565
1747757
1747971
1748246
1748464
1748835
1749149
1749296
1749573
1749766
1750018
1750337
1750738
1751051
1751262
1751575
1751834
1752028
1752336
1752693
1753077
1753510
1753594
1754352
1754755
1755015
1755170
1755451
1755634
1756023
1756218
1756529
1756823
1757087
1757433
1757805
1757919
1758187
1758303
1758658
1759054
1759354
1759662
1759916
1760213
1760681
1760851
1761237
1761540
1761723
1762092
1762628
1762878
1763274
1763600
1763946
1764249
1764679
1764900
1765143
1765360
1765853
1766152
1766633
1767163
1767391
1767444
1767837
1768146
1768493
1768593
1768974
1769218
1769540
1769749
1770106
1770313
1770489
1770910
1771232
1771548
1771878
1772183
1772517
1772851
1773091
1773435
1773699
1773878
1774217
1774608
1775032
1775404
1775609
1776012
1776451
1776808
1777165
1777553
1778124
1778622
1778974
1779165
1779566
1780037
1780481
1780676
1781182
1781699
1782402
1782495
1782841
1783348
1783456
1783851
1784086
1784386
1784619
1784972
1785242
1785550
1785739
1786113
1786383
1786467
1786792
1787037
1787260
1787488
1787758
1788249
1788533
1788646
1788980
1789284
1789438
1789847
1790056
1790159
1790514
1790860
1791098
1791928
1792307
1792563
1792836
1793099
1793457
1793552
1794069
1794264
1794608
1794670
1795119
1795290
1795790
1795878
1796603
1796629
1797162
1797329
1797692
1797975
1798126
1798439
1798741
1799220
1799402
1799743
1800017
1800530
1800668
1801103
1801277
1801419
1801684
1801884
1802165
1802392
1802645
1802725
1803257
1803598
1803890
1804155
1804478
1804794
1804942
1805450
1805639
1805755
1806010
1806323
1806547
1806849
1807077
1807140
1807485
1807961
1808067
1808211
1808690
1808974
1809214
1809489
1809640
1810014
1810182
1810505
1810837
1811069
1811510
1811637
1812166
1812443
1812882
1813112
1813434
1813619
1813775
1814064
1814508
1814709
1814795
1815160
1815534
1815892
1816278
1816679
1817091
1817348
1817727
1817842
1818129
1818360
1818686
1818928
1819221
1819478
1819741
1819978
1820256
1820448
1820767
1821018
1821239
1821679
1821893
1822096
1822277
1822447
1822743
1823059
1823529
1823869
1824089
1824406
1824843
1825104
1825240
1825460
1825756
1826124
1826248
1826462
1826701
1827026
1827317
1827678
1828033
1828450
1828763
1828905
1829090
1829402
1829788
1830144
1830381
1830660
1830823
1830989
1831168
1831439
1831795
1832345
1832552
1832648
1832891
1833128
1833507
1833728
1833874
1834110
1834288
1834354
1834610
1834910
1835020
1835211
1835547
1835625
1835986
1836198
1836456
1836657
1836884
1837043
1837189
1837386
1837567
1837691
1838030
1838091
1838275
1838461
1838634
1838843
1839068
1839350
1839608
1839828
1840003
1840183
1840440
1840620
1840870
1841108
1841190
1841371
1841567
1841721
1842142
1842334
1842544
1842670
1842800
1842920
1843142
1843410
1843558
1843895
1844086
1844186
1844467
1844626
1844757
1844941
1845110
1845383
1845477
1845762
1846089
1846131
1846391
1846518
1846788
1847137
1847456
1847764
1848019
1848229
1848513
1848753
1849022
1849361
1849597
1849905
1850235
1850507
1850624
1850998
1851142
1851469
1851662
1851864
1852170
1852327
1852613
1852820
1853160
1853726
1853949
1854245
1854412
1854757
1854857
1855445
1855867
1856184
1856242
1856546
1856621
1856841
1856939
1857252
1857423
1857604
1857847
1858049
1858196
1858483
1858590
1858858
1859059
1859123
1859382
1859555
1859719
1859844
1860172
1860327
1860511
1860749
1860833
1861161
1861277
1861620
1861727
1861838
1862056
1862197
1862422
1862560
1862784
1862966
1863239
1863306
1863572
1863841
1864009
1864210
1864357
1864565
1864794
1864973
1865142
1865467
1865567
1865730
1865929
1866158
1866343
1866493
1866669
1866859
1867099
1867381
1867435
1867744
1867929
1868815
1870210
1870276
1870373
1870499
1870554
1870574
1870678
1870884
1871039
1871119
1871305
1871383
1871636
1871761
1871916
1872110
1872242
1872376
1872479
1872790
1872876
1872989
1873263
1873453
1873681
1873807
1874124
1874489
1875053
1875296
1875524
1875770
1875907
1876047
1876209
1876366
1876531
1876644
1876768
1876849
1877049
1877095
1877178
1877549
1877614
1877855
1877983
1878084
1878253
1878355
1878421
1878659
1878727
1878833
1878953
1879076
1879118
1879176
1879231
1879324
1879399
1879498
1879593
1879732
1879819
1879994
1880150
1880271
1880470
1880697
1880833
1880955
1881139
1881266
1881411
1881607
1881705
1881932
1882138
1882351
1882480
1882634
1882755
1883138
1883325
1883478
1883573
1883816
1883933
1884038
1884192
1884455
1884597
1884686
1884764
1885108
1885234
1885416
1885565
1885802
1885911
1886002
1886224
1886433
1886723
1886771
1887078
1887384
1887458
1887702
1887786
1887956
1888108
1888264
1888528
1888787
1888918
1889162
1889282
1889444
1889640
1889840
1889946
1890185
1890361
1890473
1890729
1890967
1891098
1891265
1891482
1891788
1891897
1892223
1892481
1892701
1892875
1893081
1893205
1893389
1893686
1893900
1894035
1894121
1894433
1894741
1894920
1895213
1895311
1895518
1895766
1895961
1896109
1896272
1896487
1896578
1896806
1896875
1897240
1897753
1897827
1898090
1898192
1898600
1898687
1898927
1898955
1900189
1900623
1900998
1902288
1902564
1903017
1903569
1903763
1903864
1904170
1905711
1906106
1906595
1906833
1907425
1907491
1908602
1909670
1909859
1909911
1910538
1913616
1913837
1914203
1915762
1915972
1916265
1916411
1916624
1916782
1917614
1917754
1917949
1918122
1918162
1919113
1919600
1919645
1920413
1921700
1921883
1922611
1923084
1924295
1925977
1926284
1926838
1927289
1927485
1928060
1928287
1929052
1929368
1929659
1929799
1930184
1930631
1930772
1930973
1931127
1931381
1931895
1932266
1932529
1932656
1933158
1933549
1933727
1934638
1937032
1937907
1938053
1938191
1938218
1938275
1938353
1938820
1939098
1940079
1940111
1940220
1940343
1940374
1940395
1941641
1942196
1943132
1944659
1944934
1945168
1945778
1947505
1948238
1948585
1949193
1949904
1949921
1950281
1950887
1951168
1951214
1951420
1951497
1951754
1951950
1952115
1952485
1952653
1952912
1953131
1953272
1953398
1953493
1953676
1953816
1954124
1954250
1954388
1954502
1954658
1954920
1955121
1955150
1955319
1955518
1955605
1955810
1956017
1956120
1956431
1956593
1956932
1957084
1957518
1957538
1957863
1958109
1958400
1958554
1958836
1958993
1959400
1959913
1960269
1960505
1960673
1960747
1960941
1961187
1961299
1961575
1962005
1962092
1962503
1962791
1962974
1962998
1963160
1963431
1963501
1963794
1963840
1964026
1964285
1964394
1964759
1964875
1965153
1965378
1965555
1965859
1966019
1966481
1966975
1967058
1967330
1967891
1967911
1968455
1968807
1969025
1969363
1969745
1969857
1970025
1970214
1970454
1970743
1970988
1971244
1971341
1971653
1971840
1971935
1972166
1972817
1973072
1973424
1973943
1974394
1974593
1974884
1974946
1975232
1975260
1975412
1975528
1975909
1976097
1976344
1976574
1976643
1976903
1977103
1977254
1977642
1977957
1978261
1978489
1978630
1978951
1979198
1979379
1979637
1979924
1980238
1980502
1980656
1980830
1981167
1981254
1981535
1981851
1982115
1982293
1982674
1982933
1983009
1983303
1983405
1983865
1984198
1984550
1984946
1985016
1985463
1985645
1986137
1986485
1987057
1987441
1987971
1988003
1988411
1988602
1988805
1989290
1989516
1989929
1990052
1990343
1990652
1990967
1991139
1991293
1991489
1991677
1991891
1992199
1992373
1992623
1992735
1993003
1993076
1993401
1993520
1993966
1994073
1994413
1994748
1995161
1995392
1996089
1996216
1996369
1996701
1997000
1997103
1997408
1997836
1998070
1998289
1998506
1998601
1999066
1999423
1999584
1999888
2000478
2000717
2001116
2001283
2001534
2001765
2002223
2002485
2002871
2003129
2003620
2003789
2003984
2004177
2004420
2004591
2004946
2005117
2005347
2005558
2005724
2005835
2006330
2006580
2006901
2007060
2007340
2007405
2007909
2008390
2008706
2008814
2009074
2009380
2009487
2009720
2010122
2010290
2010508
2010630
2010883
2011145
2011525
2011745
2012054
2012448
2012712
2013003
2013186
2013609
2013823
2014245
2014739
2015064
2015532
2015630
2016006
2016101
2016570
2016875
2017238
2017336
2017735
2017939
2018267
2018435
2018734
2018967
2019167
2019400
2019438
2019797
2019960
2020295
2020655
2020929
2021041
2021251
2021492
2021727
2022033
2022306
2022800
2022852
2023217
2023551
2023762
2024068
2024567
2024754
2025211
2025378
2025828
2025982
2026287
2026581
2026891
2027203
2027547
2028149
2028485
2028947
2029202
2029831
2030016
2030404
2030565
2030824
2030989
2031355
2031728
2032012
2032170
2032413
2032686
2032838
2033106
2033340
2033599
2033774
2034032
2034450
2034659
2034833
2035055
2035314
2035536
2035774
2035885
2036256
2036481
2036729
2037078
2037329
2037457
2037675
2037848
2038086
2038650
2038827
2039215
2039413
2039591
2039853
2040059
2040129
2040396
2040698
2041081
2041244
2041413
2041719
2041969
2042234
2042374
2042673
2042862
2043108
2043364
2043775
2043875
2044201
2044488
2044891
2045189
2045394
2045725
2045967
2046339
2046565
2046740
2046895
2047177
2047206
2047533
2047654
2047868
2048175
2048412
2048742
2049062
2049268
2049790
2050104
2050269
2050559
2050763
2051056
2051471
2051606
2051932
2052092
2052330
2052497
2052675
2052824
2053154
2053483
2053961
2054181
2054419
2055074
2055207
2055379
2055799
2056111
2056260
2056519
2057135
2057321
2057701
2057990
2058506
2058666
2058884
2059235
2059440
2059810
2060072
2060348
2060639
2060879
2061145
2061560
2061757
2061875
2062247
2062793
2063068
2063304
2063527
2063801
2064229
2064493
2064877
2065127
2065464
2065745
2065973
2066225
2066530
2066762
2066799
2067085
2067419
2067843
2068011
2068192
2068396
2068640
2068892
2069160
2069471
2069653
2069799
2070131
2070343
2070582
2070914
2071009
2071418
2071662
2071730
2071869
2072220
2072436
2072560
2072907
2073191
2073298
2073569
2073736
2074139
2074182
2074573
2074781
2075374
2075802
2075940
2076383
2076631
2076741
2077121
2077297
2077604
2077793
2077916
2078201
2078345
2078537
2078808
2079060
2079110
2079465
2079714
2079820
2080134
2080438
2080605
2080881
2081333
2081508
2081715
2081964
2082224
2082333
2082830
2082940
2083285
2083450
2083661
2083835
2084021
2084259
2084502
2084832
2084991
2085411
2085618
2085843
2086165
2086458
2086662
2086890
2087050
2087482
2087857
2087966
2088266
2088381
2088689
2088905
2089001
2089379
2089777
2089889
2090112
2090274
2090588
2090859
2091112
2091260
2091471
2091755
2092089
2092518
2092592
2092947
2093140
2093481
2093748
2094056
2094452
2094640
2094915
2095263
2095565
2095734
2096127
2096577
2096977
2097103
2097297
2097489
2097740
2097913
2098087
2098253
2098520
2098574
2098698
2099126
2099294
2099426
2099637
2100115
2100417
2100685
2100840
2101110
2101244
2101617
2101722
2102087
2102417
2102485
2102828
2102954
2103252
2103460
2103765
2103984
2104333
2104394
2104616
2104943
2105090
2105311
2105472
2105748
2105892
2106066
2106279
2106574
2106780
2107043
2107332
2107482
2107752
2107932
2108060
2108173
2108469
2108577
2108762
2108930
2109440
2109640
2109870
2110027
2110225
2110450
2110761
2110980
2111115
2111351
2111510
2111701
2111901
2112144
2112277
2112557
2112875
2113033
2113322
2113387
2113678
2113934
2114019
2114233
2114498
2114642
2114860
2115011
2115150
2115284
2115539
2115794
2116150
2116228
2116611
2116821
2116865
2117097
2117406
2117656
2117933
2118032
2118241
2118586
2118756
2119021
2119196
2119489
2119679
2120092
2120386
2120646
2120834
2121181
2121454
2121559
2121970
2122039
2122541
2122854
2123167
2123392
2123509
2123862
2124205
2124639
2124719
2125163
2125384
2125520
2125797
2125931
2126754
2126819
2127059
2127450
2127616
2127964
2128371
2128631
2128951
2129304
2129740
2129906
2130125
2130381
2130637
2130800
2130962
2131248
2131460
2131607
2131836
2132153
2132407
2132554
2132807
