1591
5076
8954
12424
14790
19093
21849
25792
29686
34683
37843
41742
44957
48216
52375
56613
59768
62838
65344
68509
71195
75887
78398
82217
86880
91258
94762
98940
101411
105035
107936
111575
115254
118789
121065
123386
127180
132242
136056
138522
141337
146394
150418
154301
159418
163257
166552
170031
174055
177699
181907
184728
188077
192251
195910
199434
202929
205934
208240
212933
217271
222467
226391
229945
232551
236744
241911
246549
250103
254266
257656
261819
267076
271399
273895
278203
281279
284867
288481
292470
296239
298810
302789
305594
311564
314580
318828
321778
325058
329266
336270
339220
342445
344691
351630
354566
358924
362488
365149
369152
373196
378912
382910
385476
389959
395126
399758
402728
408724
411849
417190
421468
422791
424978
429855
434143
440648
444961
450157
453502
457011
460930
464424
469157
472601
475337
479146
481627
485511
490802
495954
502748
506387
511424
516002
519162
522442
525287
529021
531352
535106
538680
543303
546059
549668
553262
558059
562562
566461
570475
573575
578107
581941
585136
588810
592549
595599
602279
605813
610655
613156
613765
617280
620469
624303
630044
633943
637417
640497
644421
647461
650811
654310
657830
662442
667334
670957
675032
678432
681576
685800
689843
694516
