585
2002
3854
10828
12768
14422
15429
16184
19314
21046
22066
22616
24688
26018
35891
36677
38095
38838
39459
40498
42098
43958
44511
45294
47038
54534
55968
56818
58477
59855
64652
65251
66414
66913
67506
68467
69353
70585
72259
77181
78441
79298
80198
80782
82492
84348
99471
100453
101120
102083
103711
104526
105488
107137
107689
108485
112984
117137
119782
121835
122423
123104
123792
124818
125393
126306
127062
127891
129321
132847
133886
134682
138946
139913
140649
141883
143619
146817
148467
153165
155003
159653
160392
161637
162362
162901
163432
165103
166762
179989
180592
182091
183831
185279
188830
190879
194310
199688
206415
207769
208345
209246
210032
210731
211454
212225
213606
215005
216477
217716
224027
224802
225338
225894
226519
227117
227838
228377
228935
229497
230019
231034
232041
232874
233712
234531
236412
237027
237702
244172
246666
248619
256455
257114
257652
273368
274218
278410
292524
298297
298898
300056
303403
311206
313526
335459
336053
336739
339027
339750
341388
342721
344225
344790
345407
346152
346791
347918
356562
362729
363453
364320
364941
365544
366370
366874
367482
369790
380617
381227
381746
382597
383207
384840
385361
386129
386646
387682
388401
389443
391368
393172
395733
400294
401910
402726
403275
404046
404555
405692
406893
408696
409553
410098
411045
411978
413085
414070
414734
415365
415912
417599
418866
419517
422553
423493
424149
424850
425527
426178
427101
427731
428553
429147
430452
431471
432125
433053
433645
434590
435337
436106
436982
437880
438684
439689
441291
442590
447059
452419
452944
453505
454046
454681
455335
457685
474566
475136
475710
476273
476813
480035
480585
481753
483064
484819
485428
485934
486663
487221
487781
488929
489531
490623
491470
498022
499088
499612
500332
500946
502192
503119
521757
522925
525990
529433
530748
532074
532834
533757
534427
535389
535922
537889
545469
546080
547318
548218
549495
550273
564888
565620
566390
569108
569727
570626
571152
573806
575077
576399
578097
579079
580768
581826
582569
584166
584902
585483
587088
587896
588416
589189
591437
592354
593114
595080
596222
596882
597596
598195
598700
599473
600403
601568
602896
604731
605760
607055
608907
612891
613564
615464
616192
616776
617279
620592
639571
641339
644878
646441
647080
647761
648429
649145
649701
650259
650762
652089
653573
654193
655055
655629
656216
656754
657390
658035
658854
659391
673291
673904
674659
675337
675958
676772
