844
1423
1700
1864
1936
2482
2898
3171
3390
3905
4047
4372
4662
4788
6754
6952
7382
7620
7951
8546
10917
11345
11583
11669
11947
12182
12500
12590
12678
12910
13133
13877
15972
16392
17261
17949
18544
18746
18942
19523
23148
23461
23638
23854
24303
24866
25849
26479
27636
28526
28991
29109
29885
30225
30457
31701
31900
32286
32426
32629
32863
33042
33849
34301
34509
34648
34786
35046
37818
38193
38394
39803
40024
40437
40961
41677
41932
42131
42575
43131
44171
44267
44877
44932
45182
45292
45529
46123
46576
46755
46882
47198
47530
47798
47909
48494
49897
50040
50141
50230
50389
50581
50900
51197
51533
51739
51861
52779
53605
54086
54681
55431
56311
56958
57132
57564
58433
59180
59319
59573
59830
60104
60785
61324
61440
61990
63004
63729
67517
67641
67878
68177
68597
68868
69083
69527
69926
70423
70809
70972
71768
72258
73560
73773
74507
75258
75384
75677
75987
76262
76476
76686
79588
79781
80116
80642
80790
80909
81342
81580
82152
82483
83068
83506
84404
84751
84852
85199
85621
86041
86479
86617
86886
86984
87186
87238
87424
87835
88194
88515
88938
89063
89205
89669
89786
89967
90346
90500
90935
91247
92763
92862
92949
93101
93246
93396
93542
93644
93898
94051
94132
94281
94604
94738
94892
95055
95234
95464
97034
97419
97871
98004
98262
98416
98633
98888
99001
99155
100057
100383
100526
101067
101538
101875
103068
103237
103568
104640
104987
105225
105553
106001
107278
107845
108949
109421
109677
109835
110002
110162
111366
111570
112873
113107
113553
113723
114055
114378
114616
115216
115823
117485
117740
117818
117928
118118
118394
118953
119214
121627
122849
122990
123461
124596
124945
127196
127598
128072
128375
128639
128920
129068
129200
129305
129600
129712
129783
130146
130491
130615
130753
131213
131351
131472
131705
131777
132263
132615
132764
132968
133332
136925
137149
137456
137663
138125
138300
138662
139932
140323
140460
140546
140632
140762
141142
141347
141531
141816
142150
142687
143076
143346
143690
144155
144411
144578
144802
145079
145349
145802
146036
146352
146569
147108
147552
147742
148239
148838
149030
149190
149338
149556
150054
150409
151205
151654
151962
152305
153071
153286
153375
153459
153622
153758
153913
154060
154154
154479
154725
154877
155928
156218
156351
156513
156780
157090
157434
157936
158439
158933
159148
159897
162847
163919
164381
164630
164744
164938
164983
165173
165242
165899
166148
166320
166704
167068
167175
167419
167984
168288
168479
168777
168826
169096
169273
169547
169736
170096
170254
170498
170715
171179
172128
172835
173212
173401
173615
173845
174057
174165
174333
174695
174984
175097
175629
176042
176436
176558
176700
176924
177143
177556
177720
178296
178451
179275
181097
181806
181964
182321
182578
182840
183277
183542
183662
183927
184379
184579
185178
185546
186291
186421
186839
187042
187207
187652
187885
188086
188236
189029
190107
190610
190806
190999
191203
191500
192263
192488
192810
193565
194169
194338
194769
194890
195041
195360
196033
197669
198973
199115
199331
199575
201876
202200
202276
202488
202635
202932
204384
204545
205111
205778
206108
207174
210029
210386
211908
212336
213105
213384
214024
214321
214405
214727
215047
215348
215505
215970
216242
216859
217124
217514
217798
219040
219266
219407
219670
220044
220420
220605
220838
220959
221085
221227
221648
221965
222230
222702
222924
225889
227900
229026
229255
229408
231269
231495
231871
232058
232291
232783
232913
233057
233144
233337
233671
234189
234966
237206
237771
238466
238565
238695
238855
238959
239053
239209
239317
239592
239799
240284
240553
240679
240769
240812
240900
241245
241436
241722
242122
242431
242547
243155
243622
246180
246347
246801
247210
247689
247833
248057
248279
249153
249919
250099
250533
250721
251724
252682
252861
252973
253039
253223
253418
253522
253648
254042
254284
254605
254817
255433
255859
257767
258973
259240
259381
259810
260058
260453
260644
261035
261139
261428
262192
262432
262652
263662
263791
264288
264663
264879
265014
265425
265950
266314
266493
267408
267845
268282
269001
269220
269751
269892
270442
270589
270675
270999
272102
274317
274717
275436
276036
276602
276728
277083
277721
277853
278343
278607
279439
279875
280203
280475
281236
281831
282183
282335
282431
282522
282726
282929
283242
283297
283463
283607
283733
284234
285023
285271
286178
286525
286727
286871
286988
287144
287334
287569
288382
288560
288823
288963
290043
290407
290502
290577
291035
291452
291690
292374
292593
294048
294288
294378
294483
294795
294975
295086
295236
295483
295722
295830
296346
296591
296887
298937
299097
299257
299684
299899
300237
300452
300844
301074
301427
301533
301833
301906
302011
302196
302279
302451
302622
302732
303037
303219
303645
304375
304697
304906
305179
305334
305686
305801
305928
306112
306552
306809
307000
308241
308387
308495
308592
308692
309070
309441
309636
309962
310320
310600
310799
311664
311727
311975
312843
313875
314795
315909
316043
316316
316589
316997
317114
317290
317690
317781
317917
318502
318655
318856
319413
319619
319737
320493
320637
320764
321498
321928
322095
322954
323130
323506
323582
323807
323903
324703
325150
325962
326647
327025
327143
327548
327708
328294
329020
329092
329324
329485
329624
329759
330950
331247
331545
331725
332411
332864
333025
336244
336578
337218
337911
337985
338505
338634
338830
338961
340519
340861
341210
341409
341607
341755
341912
343001
346287
346694
349409
350369
350971
351475
351872
353031
353820
353953
354280
354390
355012
355641
356326
356489
356800
357351
357547
358065
358354
358710
359115
359297
359686
360386
360528
360656
361263
361361
363957
364547
366716
367074
367228
367403
367937
368461
369815
369983
370088
370586
370846
371127
371289
371888
371938
372079
372250
372380
372493
372795
372951
373557
373615
374211
374830
375041
375459
375741
376120
376400
376545
376851
377167
377682
377875
378041
378097
378212
378294
378575
378977
382080
384054
384303
384975
385439
386431
386639
386796
386927
387125
387430
388616
388957
389128
389482
389893
390040
390197
391218
391520
391879
392018
392325
392622
392797
392977
393161
393317
393490
394061
394823
395157
395278
395821
396887
397076
397619
397941
398166
398431
398616
398921
399423
399618
399699
400076
402168
402312
402806
404165
404492
404764
404960
405051
406061
406244
406688
407163
407928
408055
408223
408655
408794
409302
409504
409661
410418
410649
410740
411083
411310
411388
411760
412029
412402
412817
414076
414148
414380
414535
414605
414807
415073
415529
416220
416375
417099
417443
417870
424128
424291
424459
426263
426388
427391
428304
429109
429310
432391
432669
432796
433456
438530
438642
438817
438970
439205
439771
440268
440670
441157
442453
443004
443375
443576
444090
444302
444626
444738
445018
445137
445477
445912
447294
447467
447675
448260
448515
448591
448746
449029
449250
449375
449652
449842
450058
450208
450454
450785
450926
451476
451677
451886
454415
455294
455553
455670
456338
456425
456771
456940
457236
457746
457934
458079
458446
459590
459793
460066
460549
460736
460899
461046
461308
461685
461881
462322
462482
462730
463040
463221
463313
463626
463853
463986
464069
464405
464686
464815
465236
465521
465692
465850
466348
466847
466928
467062
467310
467629
467915
467975
468469
468801
468977
469635
470181
470791
471386
471501
471813
472096
472215
472579
473099
473422
473544
474020
476922
477287
477436
477744
477986
478276
478810
478950
479281
480335
480586
480748
480847
481359
481871
482725
482936
483060
487370
487845
488473
488681
488794
489145
489739
489840
490214
490513
490950
491383
491969
492171
492303
492523
492841
494054
494113
494257
494750
495221
495642
495897
496342
499428
500913
501591
501859
502297
502667
503181
503612
504039
504190
504298
504434
504880
505636
505970
506311
506395
506572
507215
507425
507839
508903
509176
509383
509536
509723
510200
510384
510665
510969
511453
512125
513483
513595
513649
513858
514019
514483
514868
515307
515428
515967
517404
518320
518675
519385
519698
520468
521969
522408
522651
523021
523172
524179
524724
524837
525454
525851
525971
526276
527171
527902
528073
529099
529572
529711
532911
533217
533850
534000
534215
535099
536109
536313
537175
537726
538140
538360
538658
538722
539142
539402
539840
540405
540560
540792
541002
541134
541421
541592
541770
542070
543050
543244
543432
543705
544180
544547
547592
547891
548084
548328
548641
548977
549152
549313
550269
550446
550661
550900
551433
551826
552114
552207
552313
552744
552935
553090
553193
553304
553772
553921
554521
555091
555405
555585
555774
555851
556022
556201
556282
556451
556741
556836
557278
557396
557547
557778
558357
558751
559076
559656
560378
560524
560739
561015
561139
561201
561453
561664
561803
561929
562128
562325
562473
562976
563227
563740
564062
564317
564915
565103
565324
565420
565541
565671
566009
566199
566310
566399
566676
566822
567151
568781
569467
569805
569884
570348
570690
570849
571208
571485
571774
571922
572193
572458
572635
572829
573220
573447
573728
573968
574886
576219
576373
576476
576789
577204
577338
578603
578836
580335
580415
580459
580834
581276
581749
582779
583563
583904
584021
584573
584833
584980
585339
585672
586102
586282
586454
586606
586795
586870
586997
587150
587219
587538
587696
588090
588338
588538
588868
589247
589776
589945
590388
590666
591100
591248
591372
591590
591738
592402
592599
593062
593842
594016
594468
594619
594907
595085
595297
595409
595534
595672
599807
599980
600083
600213
600300
600633
600853
601270
601651
601841
602511
602612
603412
603987
604095
604228
604564
604732
604977
605249
605345
605431
605510
605730
605844
606441
606644
606827
608677
609071
609336
609836
610103
610665
610846
610945
611261
611500
611821
612201
613447
613805
614786
615553
615905
616072
616226
616468
616942
617052
617222
617570
617757
618135
618464
618970
619339
619529
619700
620051
620227
620669
620795
621036
621456
621999
622248
622490
622573
622779
622847
622970
623029
623078
623157
623212
623337
623533
623861
624222
624530
624715
624922
625038
625206
625357
626069
626216
626835
627389
627685
628281
628552
628746
629297
629732
629961
630057
630705
631357
631786
631918
632308
632688
632779
632938
633480
633597
634006
634172
634260
634570
634964
635958
636131
636592
636786
637017
637210
637421
637862
637929
638108
639938
640101
640332
640812
641470
641898
642089
642360
642452
642848
643007
643385
643515
643673
643806
643933
644756
647725
648594
648831
649035
649176
649387
649674
650064
650272
650975
651912
652799
654486
655023
656558
656653
656706
656922
657046
657297
657383
657554
657921
658197
658317
659335
659692
660040
660145
660409
660853
661150
661282
661453
661745
662067
662237
662628
663118
663519
664643
664835
665202
665437
665782
666292
666663
666946
667643
667897
668116
668437
668816
669470
669621
669720
670550
670727
670857
671504
673940
674661
675989
676433
676660
676817
677019
677337
677501
677859
678095
678289
678505
678754
679556
679928
680389
680560
680856
681224
681875
682600
683019
683555
683727
683985
684748
685023
685218
685699
686083
686319
686415
686766
687206
688106
688462
688799
689079
689334
689495
689937
690560
690797
690931
691809
692318
692601
692918
693229
693511
693807
694956
695087
697436
697810
