844
1393
1640
1774
1816
2332
2718
2961
3150
3635
3747
4042
4302
4398
6334
6502
6902
7110
7411
7976
10317
10715
10923
10979
11227
11432
11720
11780
11838
12040
12233
12947
15012
15402
16241
16899
17464
17636
17802
18353
21948
22231
22378
22564
22983
23516
24469
25069
26196
27056
27491
27579
28325
28635
28837
30051
30220
30576
30686
30859
31063
31212
31989
32411
32589
32698
32806
33036
35778
36123
36294
37673
37864
38247
38741
39427
39652
39821
40235
40761
41771
41837
42417
42442
42662
42742
42949
43513
43936
44085
44182
44468
44770
45008
45089
45644
47017
47130
47201
47260
47389
47551
47840
48107
48413
48589
48681
49569
50365
50816
51381
52101
52951
53568
53712
54114
54953
55670
55779
56003
56230
56474
57125
57634
57720
58240
59224
59919
63677
63771
63978
64247
64637
64878
65063
65477
65846
66313
66669
66802
67568
68028
69300
69483
70187
70908
71004
71267
71547
71792
71976
72156
75028
75191
75496
75992
76110
76199
76602
76810
77352
77653
78208
78616
79484
79801
79872
80189
80581
80971
81379
81487
81726
81794
81966
81988
82144
82525
82854
83145
83538
83633
83745
84179
84266
84417
84766
84890
85295
85577
87063
87132
87189
87311
87426
87546
87662
87734
87958
88081
88132
88251
88544
88648
88772
88905
89054
89254
90794
91149
91571
91674
91902
92026
92213
92438
92521
92645
93517
93813
93926
94437
94878
95185
96348
96487
96788
97830
98147
98355
98653
99071
100318
100855
101929
102371
102597
102725
102862
102992
104166
104340
105613
105817
106233
106373
106675
106968
107176
107746
108323
109955
110180
110228
110308
110468
110714
111243
111474
113857
115049
115160
115601
116706
117025
119246
119618
120062
120335
120569
120820
120938
121040
121115
121380
121462
121503
121836
122151
122245
122353
122783
122891
122982
123185
123227
123683
124005
124124
124298
124632
128195
128389
128666
128843
129275
129420
129752
130992
131353
131460
131516
131572
131672
132022
132197
132351
132606
132910
133417
133776
134016
134330
134765
134991
135128
135322
135569
135809
136232
136436
136722
136909
137418
137832
137992
138459
139028
139190
139320
139438
139626
140094
140419
141185
141604
141882
142195
142931
143116
143175
143229
143362
143468
143593
143710
143774
144069
144285
144407
145428
145688
145791
145923
146160
146440
146754
147226
147699
148163
148348
149067
151987
153029
153461
153680
153764
153928
153943
154103
154142
154769
154988
155130
155484
155818
155895
156109
156644
156918
157079
157347
157366
157606
157753
157997
158156
158486
158614
158828
159015
159449
160368
161045
161392
161551
161735
161935
162117
162195
162333
162665
162924
163007
163509
163892
164256
164348
164460
164654
164843
165226
165360
165906
166031
166825
168617
169296
169424
169751
169978
170210
170617
170852
170942
171177
171599
171769
172338
172676
173391
173491
173879
174052
174187
174602
174805
174976
175096
175859
176907
177380
177546
177709
177883
178150
178883
179078
179370
180095
180669
180808
181209
181300
181421
181710
182353
183959
185233
185345
185531
185745
188016
188310
188356
188538
188655
188922
190344
190475
191011
191648
191948
192984
195809
196136
197628
198026
198765
199014
199624
199891
199945
200237
200527
200798
200925
201360
201602
202189
202424
202784
203038
204250
204446
204557
204790
205134
205480
205635
205838
205929
206025
206137
206528
206815
207050
207492
207684
210619
212600
213696
213895
214018
215849
216045
216391
216548
216751
217213
217313
217427
217484
217647
217951
218439
219186
221396
221931
222596
222665
222765
222895
222969
223033
223159
223237
223482
223659
224114
224353
224449
224509
224522
224580
224895
225056
225312
225682
225961
226047
226625
227062
229590
229727
230151
230530
230979
231093
231287
231479
232323
233059
233209
233613
233771
234744
235672
235821
235903
235939
236093
236258
236332
236428
236792
237004
237295
237477
238063
238459
240337
241513
241750
241861
242260
242478
242843
243004
243365
243439
243698
244432
244642
244832
245812
245911
246378
246723
246909
247014
247395
247890
248224
248373
249258
249665
250072
250761
250950
251451
251562
252082
252199
252255
252549
253622
255807
256177
256866
257436
257972
258068
258393
259001
259103
259563
259797
260599
261005
261303
261545
262276
262841
263163
263285
263351
263412
263586
263759
264042
264067
264203
264317
264413
264884
265643
265861
266738
267055
267227
267341
267428
267554
267714
267919
268702
268850
269083
269193
270243
270577
270642
270687
271115
271502
271710
272364
272553
273978
274188
274248
274323
274605
274755
274836
274956
275173
275382
275460
275946
276161
276427
278447
278577
278707
279104
279289
279597
279782
280144
280344
280667
280743
281013
281056
281131
281286
281339
281481
281622
281702
281977
282129
282525
283225
283517
283696
283939
284064
284386
284471
284568
284722
285132
285359
285520
286731
286847
286925
286992
287062
287410
287751
287916
288212
288540
288790
288959
289794
289827
290045
290883
291885
292775
293859
293963
294206
294449
294827
294914
295060
295430
295491
295597
296152
296275
296446
296973
297149
297237
297963
298077
298174
298878
299278
299415
300244
300390
300736
300782
300977
301043
301813
302230
303012
303667
304015
304103
304478
304608
305164
305860
305902
306104
306235
306344
306449
307610
307877
308145
308295
308951
309374
309505
312694
312998
313608
314271
314315
314805
314904
315070
315171
316699
317011
317330
317499
317667
317785
317912
318971
322227
322604
325289
326219
326791
327265
327632
328761
329520
329623
329920
330000
330592
331191
331846
331979
332260
332781
332947
333435
333694
334020
334395
334547
334906
335576
335688
335786
336363
336431
338997
339557
341696
342024
342148
342293
342797
343291
344615
344753
344828
345296
345526
345777
345909
346478
346498
346609
346750
346850
346933
347205
347331
347907
347935
348501
349090
349271
349659
349911
350260
350510
350625
350901
351187
351672
351835
351971
351997
352082
352134
352385
352757
355830
357774
357993
358635
359069
360031
360209
360336
360437
360605
360880
362036
362347
362488
362812
363193
363310
363437
364428
364700
365029
365138
365415
365682
365827
365977
366131
366257
366400
366941
367673
367977
368068
368581
369617
369776
370289
370581
370776
371011
371166
371441
371913
372078
372129
372476
374538
374652
375116
376445
376742
376984
377150
377211
378191
378344
378758
379203
379938
380035
380173
380575
380684
381162
381334
381461
382188
382389
382450
382763
382960
383008
383350
383589
383932
384317
385546
385588
385790
385915
385955
386127
386363
386789
387450
387575
388269
388583
388980
395208
395341
395479
397253
397348
398321
399204
399979
400150
403201
403449
403546
404176
409220
409302
409447
409570
409775
410311
410778
411150
411607
412873
413394
413735
413906
414390
414572
414866
414948
415198
415287
415597
416002
417354
417497
417675
418230
418455
418501
418626
418879
419070
419165
419412
419572
419758
419878
420094
420395
420506
421026
421197
421376
423875
424724
424953
425040
425678
425735
426051
426190
426456
426936
427094
427209
427546
428660
428833
429076
429529
429686
429819
429936
430168
430515
430681
431092
431222
431440
431720
431871
431933
432216
432413
432516
432569
432875
433126
433225
433616
433871
434012
434140
434608
435077
435128
435232
435450
435739
435995
436025
436489
436791
436937
437565
438081
438661
439226
439311
439593
439846
439935
440269
440759
441052
441144
441590
444462
444797
444916
445194
445406
445666
446170
446280
446581
447605
447826
447958
448027
448509
448991
449815
449996
450090
454370
454815
455413
455591
455674
455995
456559
456630
456974
457243
457650
458053
458609
458781
458883
459073
459361
460544
460573
460687
461150
461591
461982
462207
462622
465678
467133
467781
468019
468427
468767
469251
469652
470049
470170
470248
470354
470770
471496
471800
472111
472165
472312
472925
473105
473489
474523
474766
474943
475066
475223
475670
475824
476075
476349
476803
477445
478773
478855
478879
479058
479189
479623
479978
480387
480478
480987
482394
483280
483605
484285
484568
485308
486779
487188
487401
487741
487862
488839
489354
489437
490024
490391
490481
490756
491621
492322
492463
493459
493902
494011
497181
497457
498060
498180
498365
499219
500199
500373
501205
501726
502110
502300
502568
502602
502992
503222
503630
504165
504290
504492
504672
504774
505031
505172
505320
505590
506540
506704
506862
507105
507550
507887
510902
511171
511334
511548
511831
512137
512282
512413
513339
513486
513671
513880
514383
514746
515004
515067
515143
515544
515705
515830
515903
515984
516422
516541
517111
517651
517935
518085
518244
518291
518432
518581
518632
518771
519031
519096
519508
519596
519717
519918
520467
520831
521126
521676
522368
522484
522669
522915
523009
523041
523263
523444
523553
523649
523818
523985
524103
524576
524797
525280
525572
525797
526365
526523
526714
526780
526871
526971
527279
527439
527520
527579
527826
527942
528241
529841
530497
530805
530854
531288
531600
531729
532058
532305
532564
532682
532923
533158
533305
533469
533830
534027
534278
534488
535376
536679
536803
536876
537159
537544
537648
538883
539086
540555
540605
540619
540964
541376
541819
542819
543573
543884
543971
544493
544723
544840
545169
545472
545872
546022
546164
546286
546445
546490
546587
546710
546749
547038
547166
547530
547748
547918
548218
548567
549066
549205
549618
549866
550270
550388
550482
550670
550788
551422
551589
552022
552772
552916
553338
553459
553717
553865
554047
554129
554224
554332
558437
558580
558653
558753
558810
559113
559303
559690
560041
560201
560841
560912
561682
562227
562305
562408
562714
562852
563067
563309
563375
563431
563480
563670
563754
564321
564494
564647
566467
566831
567066
567536
567773
568305
568456
568525
568811
569020
569311
569661
570877
571205
572156
572893
573215
573352
573476
573688
574132
574212
574352
574670
574827
575175
575474
575950
576289
576449
576590
576911
577057
577469
577565
577776
578166
578679
578898
579110
579163
579339
579377
579470
579499
579518
579567
579592
579687
579853
580151
580482
580760
580915
581092
581178
581316
581437
582119
582236
582825
583349
583615
584181
584422
584586
585107
585512
585711
585777
586395
587017
587416
587518
587878
588228
588289
588418
588930
589017
589396
589532
589590
589870
590234
591198
591341
591772
591936
592137
592300
592481
592892
592929
593078
594878
595011
595212
595662
596290
596688
596849
597090
597152
597518
597647
597995
598095
598223
598326
598423
599216
602155
602994
603201
603375
603486
603667
603924
604284
604462
605135
606042
606899
608556
609063
610568
610633
610656
610842
610936
611157
611213
611354
611691
611937
612027
613015
613342
613660
613735
613969
614383
614650
614752
614893
615155
615447
615587
615948
616408
616779
617873
618035
618372
618577
618892
619372
619713
619966
620633
620857
621046
621337
621686
622310
622431
622500
623300
623447
623547
624164
626570
627261
628559
628973
629170
629297
629469
629757
629891
630219
630425
630589
630775
630994
631766
632108
632539
632680
632946
633284
633905
634600
634989
635495
635637
635865
636598
636843
637008
637459
637813
638019
638085
638406
638816
639686
640012
640319
640569
640794
640925
641337
641930
642137
642241
643089
643568
643821
644108
644389
644641
644907
646026
646127
648446
648790
