3164
6483
10447
14141
16487
20800
23137
27959
31149
36326
39441
43334
46524
49544
53588
58300
61171
64131
66228
70022
73860
77819
79412
84329
89510
92990
97193
100206
103323
106288
109498
113312
117131
120171
121938
124804
129197
133515
137439
140164
142625
147932
152799
156303
161156
164840
167725
171764
175652
178992
183250
186355
189939
193643
197652
200632
203822
207531
211310
214620
218958
224334
227639
231173
234942
238606
244457
247971
252304
256193
259119
263686
269048
273386
275387
280170
283035
286540
290388
294013
297517
300512
304556
308474
312822
316152
320440
323500
326725
331173
338032
341032
343798
345825
353712
356882
360536
363686
367051
371389
375033
380449
384213
388731
391132
397152
401575
404376
410361
414025
420889
422042
424224
426720
431382
437578
442724
447177
452224
454855
459532
463371
466426
470894
474558
476056
481008
484018
487063
493034
500187
504890
508878
513771
517864
521039
524074
527069
530559
532485
537058
540862
545085
547232
552014
555244
560246
564674
568193
571757
575666
580379
583594
586983
590393
593882
598889
604191
608184
612357
613461
614963
618567
622851
627184
632196
635725
639219
642205
646208
648475
653187
655883
660460
664998
668747
673245
676445
679879
683084
688450
691920
696842
