3091
6400
9375
12360
15964
19718
23223
26358
29263
32248
35393
38199
42722
45627
49091
52576
56090
60234
63728
67462
70886
74301
77416
80671
84565
88718
92112
95716
98362
101957
106000
108796
113338
116433
120247
123422
127296
130301
133965
137580
141433
144658
148093
151158
154393
156709
158656
162200
165665
168869
172294
175828
180081
181300
183915
187330
191254
194578
198133
201577
205131
208915
212340
215884
219618
222623
225678
229163
233077
236501
239816
243500
247124
250598
254183
257368
260932
264207
267951
271841
275059
278484
281559
285083
288378
291743
295017
298282
301577
304802
308196
311940
315315
318769
322433
327056
328913
332567
335413
339476
342990
346385
350099
351647
353693
358056
361720
365255
368410
370406
372573
376247
379821
383785
387229
391083
394877
398721
402245
405949
409624
413368
416912
421005
424570
428483
432407
435842
438427
442151
445256
448212
452006
455979
459574
463288
467551
471405
474809
478443
482217
486680
490015
493469
496814
500568
503992
507587
510901
514446
518319
522103
525897
529042
532616
536301
539446
542840
546524
550108
553243
556997
561311
564985
568569
570775
573271
576227
579082
582267
585242
587858
590074
593080
595825
598930
