257
595
778
1063
1352
1692
2108
2760
3012
3274
3503
3837
4128
4409
4756
5322
5557
5765
6046
6403
6733
6822
7155
7486
7738
7914
8234
8502
8843
9094
9425
9626
9876
10210
10399
10712
11000
11291
11569
11927
12603
12911
13147
13335
13671
13932
14131
14447
14626
14902
15201
15401
15496
15890
16158
16398
16438
16672
17039
17398
17575
17959
18258
18658
18843
19354
19516
20075
20272
20845
21201
21269
21450
21751
22130
22421
22778
23115
23363
23871
24334
24997
25312
26019
26301
26610
27140
27471
27765
28047
28405
28680
28986
29177
29626
29905
30253
30401
30797
30837
31100
31239
31491
31812
32126
32389
32708
32899
33271
33492
33724
34048
34529
34724
35009
35230
35638
35976
36247
36548
36811
37055
37275
37532
37799
38028
38204
38397
38736
39041
39372
39617
39972
40307
40584
40752
41124
41360
41695
41959
42168
42479
42792
43052
43312
43593
43948
44142
44412
44478
44829
45088
45442
45612
45923
46229
47272
47615
47962
48183
48442
48764
49073
49431
49643
49940
50280
50467
50827
51268
51527
51795
52471
52660
53011
53219
53520
53868
54189
54451
55044
55260
55537
55899
56287
56498
56768
57318
57560
57888
58148
58385
58651
58922
59160
59442
59652
60084
60808
61172
61813
62157
62257
62606
62922
63239
63844
64347
64718
64910
65323
65572
65913
66269
66529
66830
67166
67510
67762
68086
68499
68749
69115
69365
69658
69976
70272
70601
70878
71236
71450
71545
71810
72144
72403
72759
72994
73360
73452
73821
73858
74078
74346
74618
75009
75253
75605
75838
76252
76539
77176
77711
78013
78477
78702
78989
79189
79469
79763
79984
80056
80262
80526
80753
81096
81200
81374
81654
82025
82332
82737
82941
83105
83887
84278
84534
84758
85008
85393
85691
85881
86064
86358
86695
87030
87306
87559
87973
88324
88524
88786
89138
89464
89825
90034
90380
90674
91330
91549
91819
92226
92569
92813
93225
93710
93869
94309
94386
94833
95049
95173
95448
95750
96112
96446
97046
97360
97653
97896
98270
98650
99013
99283
99521
99900
100147
100587
101018
101190
101631
101882
102186
102384
102729
102881
103196
103440
103716
103962
104311
104667
104996
105325
106066
106322
106830
107126
107284
107752
108166
108463
108800
109317
109586
109916
110392
110955
111274
111714
111943
112272
112303
112560
112945
113212
113400
113493
113732
114098
114444
115151
115540
115900
115946
116176
116473
116740
117106
117537
118183
118561
118806
119443
119874
120339
120625
120847
121148
121354
121738
121936
122165
122532
122944
123284
123622
123829
124210
124492
124816
125275
125589
125811
126119
126370
126632
126949
127228
127666
127960
128290
128633
128862
129113
129495
129903
130165
130462
130926
131135
131494
131762
132141
132476
132859
133143
133397
133639
133847
134060
134413
134583
134963
135356
135966
136288
136731
137082
137375
137666
137994
138319
138561
138762
139127
139321
139615
139976
140169
140533
140905
141228
141632
141965
142401
142735
143097
143344
143647
143936
144581
144791
145079
145704
146018
146225
146644
146987
147195
147531
147903
148258
148586
148830
149077
149448
149830
150236
150496
150825
151109
151452
151716
151989
152350
152561
152810
153180
153311
153679
153993
154329
154575
154892
155220
155653
155911
156097
156335
156650
156893
157202
157668
158043
158365
158558
158866
159114
159761
160182
160847
161141
161499
161983
162335
162491
162887
163122
163378
163717
163965
164862
165074
165351
165737
166232
166550
167176
167531
168093
168231
168590
168879
169226
169586
169875
170118
170719
171066
171398
171733
172266
172622
172911
173292
173710
173934
174302
174663
175115
175354
175794
176045
176278
176481
176911
177157
177368
177778
178040
178160
178394
178715
179085
179591
179861
180133
180451
180691
180979
181170
181528
181788
182304
182607
182896
183283
184051
184346
184629
185096
185249
185700
185816
186043
186302
186700
186876
186943
187294
187583
188050
188385
188669
188953
189352
189667
189960
190279
190706
190927
191427
191831
192004
192266
192594
192939
193223
193592
193961
194369
194662
194987
195340
195600
196050
196421
196691
197000
197245
197432
197805
198080
198271
198356
198592
198896
199142
199445
199648
199993
200350
200602
200867
201258
201636
202016
202139
202268
202616
202893
203145
203338
203755
204429
204682
205024
205314
205685
206072
206341
206667
206922
207247
207539
207795
208144
208591
208979
209356
209627
210018
210308
210594
211221
211419
211650
212346
212906
213217
213446
213736
214026
214390
214605
214928
215201
215515
215912
216182
216530
216774
217032
217404
217596
217834
218175
218510
218787
219065
219916
220243
220538
220802
221094
221381
221711
221964
222743
222859
223013
223657
224150
224499
224841
225050
225314
225442
225569
225881
226045
226324
226677
226962
227335
227741
228115
228447
228740
229002
229286
229765
229905
230219
230398
230859
231265
231541
231930
232126
232420
232844
233196
233586
233914
234215
234491
234880
235046
235376
235613
235882
236167
236419
237007
237410
237622
237971
238204
238582
238887
239293
239950
240233
240648
240853
241248
241446
241785
241960
242269
242649
242934
243232
243527
243678
243948
244228
244698
244968
245361
245712
246058
246567
246982
247154
247251
247436
247850
248037
248326
248671
248957
249293
249606
249846
250258
250948
251213
251612
251751
252112
252505
252801
253031
253087
253410
253694
254016
254301
255012
255290
255788
256138
256510
256900
257091
257462
257929
258180
258510
258778
259087
259568
259968
260533
261317
261821
262147
262446
262760
263345
263806
264023
264350
264638
265088
265405
265625
266216
266538
266821
267386
267641
267923
268347
268637
268905
269150
269643
269910
270609
271257
271669
272050
272173
272488
272679
273025
273319
273592
273939
274351
274665
275008
275448
275714
275886
276268
276634
277723
278046
278385
278797
279082
279340
279738
280053
280289
280724
281108
281539
281772
281989
282261
282613
283005
283208
283396
283557
283686
284071
284375
284711
284990
285455
285691
285948
286288
286678
287417
287687
288076
288301
288683
289031
289314
289468
289625
289871
290236
290532
291357
291680
292051
292842
293121
293480
294092
294356
294750
295081
295445
295752
295999
296054
296270
296623
297002
297247
297626
298056
298258
298627
299010
299237
299883
300070
300365
300714
301545
301850
302147
302482
302775
303040
303433
304210
304430
304764
305075
305744
305956
306352
306962
307192
307382
307474
307754
308093
308510
308893
309573
309867
310133
310554
310944
311218
311516
311569
311893
312205
312465
312805
313087
313426
313774
314081
314388
314737
314978
315341
315594
315889
316300
316465
316777
317052
317274
317712
318053
318441
318900
319238
319555
320015
320280
320593
320802
321158
321505
321834
322443
322773
323070
323344
324013
324362
324600
324831
325205
325559
325947
326231
326605
326890
327250
327552
327843
328275
328529
328856
329147
329521
329850
330270
330307
330609
330865
331233
331729
332035
332172
332825
333238
333479
333799
334042
334339
334612
334804
335089
335576
335712
335763
336265
336485
336893
337492
337721
338109
338446
338948
339151
339403
339967
340199
340453
340707
341001
341246
341465
341908
342160
342318
342655
342941
343196
343443
343730
343952
344255
344468
344775
344975
345365
345917
346206
346427
346681
346942
347114
347534
347752
347929
348178
348564
348788
348986
349295
349507
349866
350174
350822
351020
351427
351578
351713
351835
352507
352809
352909
353066
353301
353540
353787
354101
354417
354612
354873
355171
355448
355667
355873
356156
356425
356984
357292
357608
357873
358177
358556
358811
359183
359501
359794
360127
360413
360756
361086
361277
361793
362113
362434
362715
363005
363244
363612
363907
364257
364549
364814
365182
365504
365787
366030
366192
366616
366896
367219
367633
367963
368301
368492
368821
369019
369626
369940
370310
370551
370880
371191
371484
371918
372131
372560
372850
373187
373653
373880
373950
374389
374654
374996
375243
375680
375929
376203
376526
376933
377284
377442
377845
378126
378426
378777
379047
379479
380064
380389
380729
380934
381217
381473
381741
382215
382423
382718
383010
383321
383558
383866
384155
384769
385028
385341
385868
386126
386484
386718
387030
387375
387660
387995
388326
388592
388977
389297
389509
389760
390151
390369
391119
391369
391706
391935
392226
392498
392796
393079
393422
393738
393976
394278
394536
394918
395278
395695
395954
396399
396784
397016
397324
397754
398077
398380
398674
399099
399540
399741
400026
400351
400666
400975
401384
401691
401990
402398
402552
402900
403151
403383
403761
403913
404231
404747
404926
405194
405448
405616
405899
406452
406772
407063
407326
407895
408179
408391
408582
408927
409277
409443
409503
409941
409977
410246
410536
410882
411163
411417
411651
411947
412590
412945
413183
413534
413799
414060
414336
414589
414886
415135
415397
416072
416325
416627
416804
417175
417534
417864
418196
418506
418786
419273
419527
419769
420003
420364
420711
421045
421321
421599
422059
422264
422529
422804
423266
423486
423905
424176
424512
424716
425053
425386
425754
426254
426569
426923
427025
427494
427554
427825
428085
428345
428720
428986
429379
429574
430011
430391
430730
430916
431332
431758
432051
432356
432512
432930
433416
433707
434250
434556
434971
435282
435527
435859
436204
436576
436867
437077
437375
437881
438087
438425
438744
439126
439540
439896
440342
440709
440982
441208
441583
441846
442340
442813
443087
443358
443651
444334
444614
444907
445194
445546
446110
446339
446570
446828
447057
447388
447596
447889
448105
448452
448866
449213
449624
449975
450229
450670
450839
451141
451563
452261
452519
452711
452940
453308
453544
453946
454226
454520
454988
455232
455615
455887
456176
456504
456700
457148
457558
457856
458153
458651
458926
459133
459515
460605
461020
461255
461531
461836
462038
462341
462712
463027
463316
463599
463973
464224
464579
464769
465178
465524
465847
466114
466359
467141
467303
467666
467795
467896
468358
468601
468854
469035
469333
469692
470082
470342
470524
470809
471134
471332
471595
471850
472121
472421
472626
473010
473342
473577
474077
474389
474754
475039
475268
475636
476076
476315
476614
476970
477270
477715
477914
478258
478602
478977
479230
479506
479824
480229
480466
480729
481306
481488
481654
482046
482293
482626
482968
483339
483756
484117
484371
484569
485067
485384
485612
485885
486270
486463
486829
487065
487324
487618
487857
488131
488329
488743
489181
489412
489658
489995
490292
490638
490916
491088
491536
491955
492193
492587
492940
493208
493599
493852
494241
494841
495234
495578
495839
496100
496471
496759
497269
497645
497869
498226
498520
498567
498944
499278
499574
499824
500479
500761
501005
501380
501688
501903
502016
502278
502573
502826
503082
503495
503783
504148
504586
504777
505121
505475
505722
506161
506401
506715
507008
507500
507749
508120
508291
508501
508803
509178
509385
509976
510195
510580
510862
511165
511468
511756
511876
512077
512493
512546
512695
513013
513945
514315
514597
514748
515207
515608
516076
516299
516650
517067
517322
517589
517908
518226
518548
518916
519200
519422
519734
520074
520328
520652
520995
521268
521551
521918
522139
522558
522963
523577
523843
524044
524515
524849
525156
525532
525728
526014
526269
526487
526617
527019
527489
527875
528162
528428
528794
529099
529341
529561
529843
530124
530711
531160
531364
531674
532037
532416
532812
533060
533342
533592
533893
534183
534371
534725
534931
535205
535558
535837
536035
536750
537097
537495
537848
538051
538346
538884
539175
539941
540315
540549
540860
541177
541428
541725
542020
542216
542534
542857
543210
543920
544272
544529
544860
545154
545407
545478
545868
546283
546351
546492
546775
547080
547453
547771
548108
548785
549118
549929
550444
550572
551175
551354
551667
551844
552009
552240
552621
552957
553374
553546
553793
554106
554321
554704
554901
555154
555336
555554
555905
556101
556377
556688
556936
557176
557450
557832
558047
558352
558891
559262
559326
559637
559929
560273
560503
560837
561011
561319
561574
561940
562597
562941
563309
563551
563906
564298
565558
565821
566229
566534
566842
567870
567909
568457
569151
569403
569940
570028
570261
570520
570858
571198
571529
571790
572209
572686
573467
573802
574002
574480
574857
575956
576486
576790
576973
577228
577592
577775
578050
578271
578745
579255
579379
580006
580192
580286
580473
580718
580817
580893
581173
581780
581998
582377
582604
582861
583050
583473
583685
583885
584217
584382
584724
585077
585318
585481
585593
585811
586015
586165
586584
586920
587075
587344
587612
588295
588438
588722
588872
589017
589329
589605
589829
590024
590319
590587
590904
591277
591555
591802
592333
592683
592982
593279
593841
594484
594725
595044
595146
595356
595629
595954
596456
596698
596966
597243
597560
597859
598287
598564
598814
599078
599359
599939
