257
565
718
973
1232
1542
1928
2550
2772
3004
3203
3507
3768
4019
4336
4872
5077
5255
5506
5833
6133
6192
6495
6796
7018
7164
7454
7692
8003
8224
8525
8696
8916
9220
9379
9662
9920
10181
10429
10757
11403
11681
11887
12045
12351
12582
12751
13037
13186
13432
13701
13871
13936
14300
14538
14748
14758
14962
15299
15628
15775
16129
16398
16768
16923
17404
17536
18065
18232
18775
19101
19139
19290
19561
19910
20171
20498
20805
21023
21501
21934
22567
22852
23529
23781
24060
24560
24861
25125
25377
25705
25950
26226
26387
26806
27055
27373
27491
27857
27867
28100
28209
28431
28722
29006
29239
29528
29689
30031
30222
30424
30718
31169
31334
31589
31780
32158
32466
32707
32978
33211
33425
33615
33842
34079
34278
34424
34587
34896
35171
35472
35687
36012
36317
36564
36702
37044
37250
37555
37789
37968
38249
38532
38762
38992
39243
39568
39732
39972
40008
40329
40558
40882
41022
41303
41579
42592
42905
43222
43413
43642
43934
44213
44541
44723
44990
45300
45457
45787
46198
46427
46665
47311
47470
47791
47969
48240
48558
48849
49081
49644
49830
50077
50409
50767
50948
51188
51708
51920
52218
52448
52655
52891
53132
53340
53592
53772
54174
54868
55202
55813
56127
56197
56516
56802
57089
57664
58137
58478
58640
59023
59242
59553
59879
60109
60380
60686
61000
61222
61516
61899
62119
62455
62675
62938
63226
63492
63791
64038
64366
64550
64615
64850
65154
65383
65709
65914
66250
66312
66651
66658
66848
67086
67328
67689
67903
68225
68428
68812
69069
69676
70181
70453
70887
71082
71339
71509
71759
72023
72214
72256
72432
72666
72863
73176
73250
73394
73644
73985
74262
74637
74811
74945
75697
76058
76284
76478
76698
77053
77321
77481
77634
77898
78205
78510
78756
78979
79363
79684
79854
80086
80408
80704
81035
81214
81530
81794
82420
82609
82849
83226
83539
83753
84135
84590
84719
85129
85176
85593
85779
85873
86118
86390
86722
87026
87596
87880
88143
88356
88700
89050
89383
89623
89831
90180
90397
90807
91208
91350
91761
91982
92256
92424
92739
92861
93146
93360
93606
93822
94141
94467
94766
95065
95776
96002
96480
96746
96874
97312
97696
97963
98270
98757
98996
99296
99742
100275
100564
100974
101173
101472
101473
101700
102055
102292
102450
102513
102722
103058
103374
104051
104410
104740
104756
104956
105223
105460
105796
106197
106813
107161
107376
107983
108384
108819
109075
109267
109538
109714
110068
110236
110435
110772
111154
111464
111772
111949
112300
112552
112846
113275
113559
113751
114029
114250
114482
114769
115018
115426
115690
115990
116303
116502
116723
117075
117453
117685
117952
118386
118565
118894
119132
119481
119786
120139
120393
120617
120829
121007
121190
121513
121653
122003
122366
122946
123238
123651
123972
124235
124496
124794
125089
125301
125472
125807
125971
126235
126566
126729
127063
127405
127698
128072
128375
128781
129085
129417
129634
129907
130166
130781
130961
131219
131814
132098
132275
132664
132977
133155
133461
133803
134128
134426
134640
134857
135198
135550
135926
136156
136455
136709
137022
137256
137499
137830
138011
138230
138570
138671
139009
139293
139599
139815
140102
140400
140803
141031
141187
141395
141680
141893
142172
142608
142953
143245
143408
143686
143904
144521
144912
145547
145811
146139
146593
146915
147041
147407
147612
147838
148147
148365
149232
149414
149661
150017
150482
150770
151366
151691
152223
152331
152660
152919
153236
153566
153825
154038
154609
154926
155228
155533
156036
156362
156621
156972
157360
157554
157892
158223
158645
158854
159264
159485
159688
159861
160261
160477
160658
161038
161270
161360
161564
161855
162195
162671
162911
163153
163441
163651
163909
164070
164398
164628
165114
165387
165646
166003
166741
167006
167259
167696
167819
168240
168326
168523
168752
169120
169266
169303
169624
169883
170320
170625
170879
171133
171502
171787
172050
172339
172736
172927
173397
173771
173914
174146
174444
174759
175013
175352
175691
176069
176332
176627
176950
177180
177600
177941
178181
178460
178675
178832
179175
179420
179581
179636
179842
180116
180332
180605
180778
181093
181420
181642
181877
182238
182586
182936
183029
183128
183446
183693
183915
184078
184465
185109
185332
185644
185904
186245
186602
186841
187137
187362
187657
187919
188145
188464
188881
189239
189586
189827
190188
190448
190704
191301
191469
191670
192336
192866
193147
193346
193606
193866
194200
194385
194678
194921
195205
195572
195812
196130
196344
196572
196914
197076
197284
197595
197900
198147
198395
199216
199513
199778
200012
200274
200531
200831
201054
201803
201889
202013
202627
203090
203409
203721
203900
204134
204232
204329
204611
204745
204994
205317
205572
205915
206291
206635
206937
207200
207432
207686
208135
208245
208529
208678
209109
209485
209731
210090
210256
210520
210914
211236
211596
211894
212165
212411
212770
212906
213206
213413
213652
213907
214129
214687
215060
215242
215561
215764
216112
216387
216763
217390
217643
218028
218203
218568
218736
219045
219190
219469
219819
220074
220342
220607
220728
220968
221218
221658
221898
222261
222582
222898
223377
223762
223904
223971
224126
224510
224667
224926
225241
225497
225803
226086
226296
226678
227338
227573
227942
228051
228382
228745
229011
229211
229237
229530
229784
230076
230331
231012
231260
231728
232048
232390
232750
232911
233252
233689
233910
234210
234448
234727
235178
235548
236083
236837
237311
237607
237876
238160
238715
239146
239333
239630
239888
240308
240595
240785
241346
241638
241891
242426
242651
242903
243297
243557
243795
244010
244473
244710
245379
245997
246379
246730
246823
247108
247269
247585
247849
248092
248409
248791
249075
249388
249798
250034
250176
250528
250864
251923
252216
252525
252907
253162
253390
253758
254043
254249
254654
255008
255409
255612
255799
256041
256363
256725
256898
257056
257187
257286
257641
257915
258221
258470
258905
259111
259338
259648
260008
260717
260957
261316
261511
261863
262181
262434
262558
262685
262901
263236
263502
264297
264590
264931
265692
265941
266270
266852
267086
267450
267751
268085
268362
268579
268604
268790
269113
269462
269677
270026
270426
270598
270937
271290
271487
272103
272260
272525
272844
273645
273920
274187
274492
274755
274990
275353
276100
276290
276594
276875
277514
277696
278062
278642
278842
279002
279064
279314
279623
280010
280363
281013
281277
281513
281904
282264
282508
282776
282799
283093
283375
283605
283915
284167
284476
284794
285071
285348
285667
285878
286211
286434
286699
287080
287215
287497
287742
287934
288342
288653
289011
289440
289748
290035
290465
290700
290983
291162
291488
291805
292104
292683
292983
293250
293494
294133
294452
294660
294861
295205
295529
295887
296141
296485
296740
297070
297342
297603
298005
298229
298526
298787
299131
299430
299820
299827
300099
300325
300663
301129
301405
301512
302135
302518
302729
303019
303232
303499
303742
303904
304159
304616
304722
304743
305215
305405
305783
306352
306551
306909
307216
307688
307861
308083
308617
308819
309043
309267
309531
309746
309935
310348
310570
310698
311005
311261
311486
311703
311960
312152
312425
312608
312885
313055
313415
313937
314196
314387
314611
314842
314984
315374
315562
315709
315928
316284
316478
316646
316925
317107
317436
317714
318332
318500
318877
318998
319103
319195
319837
320109
320179
320306
320511
320720
320937
321221
321507
321672
321903
322171
322418
322607
322783
323036
323275
323804
324082
324368
324603
324877
325226
325451
325793
326081
326344
326647
326903
327216
327516
327677
328163
328453
328744
328995
329255
329464
329802
330067
330387
330649
330884
331222
331514
331767
331980
332112
332506
332756
333049
333433
333733
334041
334202
334501
334669
335246
335530
335870
336081
336380
336661
336924
337328
337511
337910
338170
338477
338913
339110
339150
339559
339794
340106
340323
340730
340949
341193
341486
341863
342184
342312
342685
342936
343206
343527
343767
344169
344724
345019
345329
345504
345757
345983
346221
346665
346843
347108
347370
347651
347858
348136
348395
348979
349208
349491
349988
350216
350544
350748
351030
351345
351600
351905
352206
352442
352797
353087
353269
353490
353851
354039
354759
354979
355286
355485
355746
355988
356256
356509
356822
357108
357316
357588
357816
358168
358498
358885
359114
359529
359884
360086
360364
360764
361057
361330
361594
361989
362400
362571
362826
363121
363406
363685
364064
364341
364610
364988
365112
365430
365651
365853
366201
366323
366611
367097
367246
367484
367708
367846
368099
368622
368912
369173
369406
369945
370199
370381
370542
370857
371177
371313
371343
371751
371757
371996
372256
372572
372823
373047
373251
373517
374130
374455
374663
374984
375219
375450
375696
375919
376186
376405
376637
377282
377505
377777
377924
378265
378594
378894
379196
379476
379726
380183
380407
380619
380823
381154
381471
381775
382021
382269
382699
382874
383109
383354
383786
383976
384365
384606
384912
385086
385393
385696
386034
386504
386789
387113
387185
387624
387654
387895
388125
388355
388700
388936
389299
389464
389871
390221
390530
390686
391072
391468
391731
392006
392132
392520
392976
393237
393750
394026
394411
394692
394907
395209
395524
395866
396127
396307
396575
397051
397227
397535
397824
398176
398560
398886
399302
399639
399882
400078
400423
400656
401120
401563
401807
402048
402311
402964
403214
403477
403734
404056
404590
404789
404990
405218
405417
405718
405896
406159
406345
406662
407046
407363
407744
408065
408289
408700
408839
409111
409503
410171
410399
410561
410760
411098
411304
411676
411926
412190
412628
412842
413195
413437
413696
413994
414160
414578
414958
415226
415493
415961
416206
416383
416735
417795
418180
418385
418631
418906
419078
419351
419692
419977
420236
420489
420833
421054
421379
421539
421918
422234
422527
422764
422979
423731
423863
424196
424295
424366
424798
425011
425234
425385
425653
425982
426342
426572
426724
426979
427274
427442
427675
427900
428141
428411
428586
428940
429242
429447
429917
430199
430534
430789
430988
431326
431736
431945
432214
432540
432810
433225
433394
433708
434022
434367
434590
434836
435124
435499
435706
435939
436486
436638
436774
437136
437353
437656
437968
438309
438696
439027
439251
439419
439887
440174
440372
440615
440970
441133
441469
441675
441904
442168
442377
442621
442789
443173
443581
443782
443998
444305
444572
444888
445136
445278
445696
446085
446293
446657
446980
447218
447579
447802
448161
448731
449094
449408
449639
449870
450211
450469
450949
451295
451489
451816
452080
452097
452444
452748
453014
453234
453859
454111
454325
454670
454948
455133
455216
455448
455713
455936
456162
456545
456803
457138
457546
457707
458021
458345
458562
458971
459181
459465
459728
460190
460409
460750
460891
461071
461343
461688
461865
462426
462615
462970
463222
463495
463768
464026
464116
464287
464673
464696
464815
465103
466005
466345
466597
466718
467147
467518
467956
468149
468470
468857
469082
469319
469608
469896
470188
470526
470780
470972
471254
471564
471788
472082
472395
472638
472891
473228
473419
473808
474183
474767
475003
475174
475615
475919
476196
476542
476708
476964
477189
477377
477477
477849
478289
478645
478902
479138
479474
479749
479961
480151
480403
480654
481211
481630
481804
482084
482417
482766
483132
483350
483602
483822
484093
484353
484511
484835
485011
485255
485578
485827
485995
486680
486997
487365
487688
487861
488126
488634
488895
489631
489975
490179
490460
490747
490968
491235
491500
491666
491954
492247
492570
493250
493572
493799
494100
494364
494587
494628
494988
495373
495411
495522
495775
496050
496393
496681
496988
497635
497938
498719
499204
499302
499875
500024
500307
500454
500589
500790
501141
501447
501834
501976
502193
502476
502661
503014
503181
503404
503556
503744
504065
504231
504477
504758
504976
505186
505430
505782
505967
506242
506751
507092
507126
507407
507669
507983
508183
508487
508631
508909
509134
509470
510097
510411
510749
510961
511286
511648
512878
513111
513489
513764
514042
515040
515049
515567
516231
516453
516960
517018
517221
517450
517758
518068
518369
518600
518989
519436
520187
520492
520662
521110
521457
522526
523026
523300
523453
523678
524012
524165
524410
524601
525045
525525
525619
526216
526372
526436
526593
526808
526877
526923
527173
527750
527938
528287
528484
528711
528870
529263
529445
529615
529917
530052
530364
530687
530898
531031
531113
531301
531475
531595
531984
532290
532415
532654
532892
533545
533658
533912
534032
534147
534429
534675
534869
535034
535299
535537
535824
536167
536415
536632
537133
537453
537722
537989
538521
539134
539345
539634
539706
539886
540129
540424
540896
541108
541346
541593
541880
542149
542547
542794
543014
543248
543499
544049
