639
4912
8287
10204
13948
17362
20797
25160
27637
30731
34265
36761
40685
43450
47564
50849
53914
58197
62470
65166
69179
72464
76078
78464
83426
87061
90755
94019
96915
100769
103634
106919
111441
115436
118770
121995
125759
128874
132128
136182
139646
143270
146435
149560
152685
155171
157647
160952
164017
167761
170816
174361
178314
180750
182099
185932
189337
192991
196505
200149
203534
207288
210832
214327
217601
221146
224271
227795
231479
234934
238198
241733
245497
249201
252745
255820
259374
262789
266203
269947
273522
276846
280031
283556
287080
290305
293719
296934
300059
303544
306728
310403
313707
317341
321105
324390
327815
331369
332917
336990
341333
344837
348732
351417
352411
356409
360073
363847
367291
369019
371045
374809
378244
382048
385712
389326
393270
397014
401037
404342
408166
411790
415324
419348
423112
426886
430420
433955
437269
440584
444128
447034
450688
454542
458166
461690
465764
469498
473332
477036
480969
485013
488387
491952
495706
498871
502455
505949
509324
512908
516722
520586
524180
527455
530989
534603
537848
541173
544767
548202
551746
555410
558585
564306
567441
569278
572173
574549
577934
580719
584084
586221
589116
591612
594158
597532
