966
4959
7628
9136
11575
12337
13057
13255
13413
13772
14660
15392
16196
18949
19905
20607
21836
22971
23628
24172
24957
25445
26246
26716
27834
28273
29065
29907
30465
30888
31519
32248
32728
33466
34026
34502
35245
35763
36188
36703
37061
37696
38275
38939
39070
39344
39682
40329
40740
41175
41942
42610
43153
43568
44050
44762
45391
45979
46336
46810
47059
47510
47922
48346
49252
49582
49903
50167
50501
50940
51399
52022
52761
53251
54066
54938
55394
56848
57326
57635
58754
59211
59909
60606
61476
61994
62289
62606
63117
63658
64229
65272
66064
66361
66722
67257
68854
69476
69850
70766
71071
72035
72392
73117
74353
75175
75840
76647
77747
78768
79407
81797
82327
84730
85918
86794
87983
88756
89145
89569
90002
90711
92049
93313
95097
95928
97928
99052
99561
99690
101656
102838
103351
104338
105545
106002
106619
107146
108805
109963
110965
112112
112808
113262
113691
114277
116025
116425
117943
121291
124440
125534
126356
127253
128259
128967
129544
131792
134892
135845
138999
139749
140441
141079
142247
142903
147039
151434
154035
156338
157680
158535
159117
160579
161399
162047
162766
163531
164357
164926
165883
167002
168113
168936
171599
172357
172962
175120
176865
180755
181272
182078
183398
184869
186249
187073
188238
189050
190083
191147
191952
193007
193887
194546
195162
195729
197578
198419
199875
201237
202356
202808
204650
208689
211086
211316
211691
212420
213704
214150
215655
217613
218267
219843
221309
221844
222772
223571
224338
224755
225530
226496
227268
228217
228558
229312
231003
232171
232799
233345
233940
234399
235109
235611
236267
236877
237493
238072
238425
238733
239587
240024
240559
241641
242081
242412
242974
243355
244706
245969
247216
247715
248153
248631
248955
249083
249587
250118
251197
251605
252131
254042
254355
254908
255364
256425
258082
258764
259405
260254
260863
261254
261443
262227
262612
263062
263547
264258
264936
265322
265537
266486
267614
267903
268274
270387
270910
271837
272412
274056
274584
275080
275643
280995
282110
284808
285639
286532
287907
288530
290522
291133
291643
292061
293166
293698
294120
294958
295163
295773
296274
296737
298085
298758
299210
300111
300879
301306
301861
302686
303457
304040
304557
305175
305634
306337
307029
307705
308315
308768
308977
309468
310259
310832
311639
312931
313676
314043
314743
315042
315521
316069
316866
317556
317904
318495
318817
319571
320024
320554
320764
321230
321666
322365
322618
323750
324254
324575
325045
325677
326415
327107
327830
328191
329043
330088
331269
332966
333285
333835
334203
335113
336162
336251
337798
340314
343268
345567
346538
347261
349020
349907
350598
351066
352062
353408
354026
354472
355443
356041
357225
357528
358083
358885
359367
360116
361073
361710
364136
365175
367793
368295
368715
369278
370771
371221
372435
373539
374478
375561
377443
378591
379044
379937
380672
381966
382945
383632
385994
387110
387544
387766
388038
388613
389326
390228
390735
391050
391483
391954
392736
394545
396247
397032
399234
400412
401171
402535
404174
404904
405156
406010
406552
407119
407676
408320
409017
409978
410822
412399
413569
414662
415216
415651
416471
416566
417268
418244
419457
420799
422245
422962
423412
423741
424515
424849
425392
425858
426584
427408
427943
428447
429257
429941
433492
434188
434772
435450
436634
437904
438792
439697
441275
442570
443552
443770
444448
445129
445661
446086
446624
447633
448122
448829
449925
450880
451634
452178
453314
454673
455112
456621
457461
458490
458993
459626
460052
461038
461835
462419
462814
463492
463994
464456
464767
465298
465700
466061
466433
467073
467848
468361
468837
469979
471126
471697
472450
473960
474627
475306
476073
476675
478265
479008
480177
480679
481900
483134
483798
484555
485041
486436
487220
488103
488850
489261
490072
491570
492825
493689
495155
495914
497146
498145
498906
499838
500408
503554
504633
505156
505794
506590
507131
507920
509480
510166
511176
511934
512590
513394
513936
514514
515111
515822
516538
517292
517704
518078
518609
521471
521973
522551
523208
525009
525705
526877
528174
528830
530548
531360
532426
534108
536339
539115
540363
541068
541374
541867
543580
544436
546772
548393
549660
549806
550492
550959
552112
554012
556797
561822
562992
564817
565833
566633
567743
568575
569221
569855
570687
571057
571529
573489
574821
575663
576260
577725
578607
579341
580170
