966
4989
7688
9226
11695
12487
13237
13465
13653
14042
14960
15722
16556
19339
20325
21057
22316
23481
24168
24742
25557
26075
26906
27406
28554
29023
29845
30717
31305
31758
32419
33178
33688
34456
35046
35552
36325
36873
37328
37873
38261
38926
39535
40229
40390
40694
41062
41739
42180
42645
43442
44140
44713
45158
45670
46412
47071
47689
48076
48580
48859
49340
49782
50236
51172
51532
51883
52177
52541
53010
53499
54152
54921
55441
56286
57188
57674
59158
59666
60005
61154
61641
62369
63096
63996
64544
64869
65216
65757
66328
66929
68002
68824
69151
69542
70107
71734
72386
72790
73736
74071
75065
75452
76207
77473
78325
79020
79857
80987
82038
82707
85127
85687
88120
89338
90244
91463
92266
92685
93139
93602
94341
95709
97003
98817
99678
101708
102862
103401
103560
105556
106768
107311
108328
109565
110052
110699
111256
112945
114133
115165
116342
117068
117552
118011
118627
120405
120835
122383
125761
128940
130064
130916
131843
132879
133617
134224
136502
139632
140615
143799
144579
145301
145969
147167
147853
152019
156444
159075
161408
162780
163665
164277
165769
166619
167297
168046
168841
169697
170296
171283
172432
173573
174426
177119
177907
178542
180730
182505
186425
186972
187808
189158
190659
192069
192923
194118
194960
196023
197117
197952
199037
199947
200636
201282
201879
203758
204629
206115
207507
208656
209138
211010
215079
217506
217766
218171
218930
220244
220720
222255
224243
224927
226533
228029
228594
229552
230381
231178
231625
232430
233426
234228
235207
235578
236362
238083
239281
239939
240515
241140
241629
242369
242901
243587
244227
244873
245482
245865
246203
247087
247554
248119
249231
249701
250062
250654
251065
252446
253739
255016
255545
256013
256521
256875
257033
257567
258128
259237
259675
260231
262172
262515
263098
263584
264675
266362
267074
267745
268624
269263
269684
269903
270717
271132
271612
272127
272868
273576
273992
274237
275216
276374
276693
277094
279237
279790
280747
281352
283026
283584
284110
284703
290085
291230
293958
294819
295742
297147
297800
299822
300463
301003
301451
302586
303148
303600
304468
304703
305343
305874
306367
307745
308448
308930
309861
310659
311116
311701
312556
313357
313970
314517
315165
315654
316387
317109
317815
318455
318938
319177
319698
320519
321122
321959
323281
324056
324453
325183
325512
326021
326599
327426
328146
328524
329145
329497
330281
330764
331324
331564
332060
332526
333255
333538
334700
335234
335585
336085
336747
337515
338237
338990
339381
340263
341338
342549
344276
344625
345205
345603
346543
347622
347741
349318
351864
354848
357177
358178
358931
360720
361637
362358
362856
363882
365258
365906
366382
367383
368011
369225
369558
370143
370975
371487
372266
373253
373920
376376
377445
380093
380625
381075
381668
383191
383671
384915
386049
387018
388131
390043
391221
391704
392627
393392
394716
395725
396442
398834
399980
400444
400696
400998
401603
402346
403278
403815
404160
404623
405124
405936
407775
409507
410322
412554
413762
414551
415945
417614
418374
418656
419540
420112
420709
421296
421970
422697
423688
424562
426169
427369
428492
429076
429541
430391
430516
431248
432254
433497
434869
436345
437092
437572
437931
438735
439099
439672
440168
440924
441778
442343
442877
443717
444431
448012
448738
449352
450060
451274
452574
453492
454427
456035
457360
458372
458620
459328
460039
460601
461056
461624
462663
463182
463919
465045
466030
466814
467388
468554
469943
470412
471951
472821
473880
474413
475076
475532
476548
477375
477989
478414
479122
479654
480146
480487
481048
481480
481871
482273
482943
483748
484291
484797
485969
487146
487747
488530
490070
490767
491476
492273
492905
494525
495298
496497
497029
498280
499544
500238
501025
501541
502966
503780
504693
505470
505911
506752
508280
509565
510459
511955
512744
514006
515035
515826
516788
517388
520564
521673
522226
522894
523720
524291
525110
526700
527416
528456
529244
529930
530764
531336
531944
532571
533312
534058
534842
535284
535688
536249
539141
539673
540281
540968
542799
543525
544727
546054
546740
548488
549330
550426
552138
554399
557205
558483
559218
559554
560077
561820
562706
565072
566723
568020
568196
568912
569409
570592
572522
575337
580392
581592
583447
584493
585323
586463
587325
588001
588665
589527
589927
590429
592419
593781
594653
595280
596775
597687
598451
599310
