36
118
197
284
373
457
621
708
762
858
906
986
1043
1150
1272
1375
1513
1572
1639
1717
1803
1958
2046
2103
2174
2274
2337
2398
2441
2517
2650
2723
2777
2956
2999
3064
3109
3188
3290
3391
3518
3632
3685
3738
3793
3894
3945
4009
4046
4096
4162
4216
4267
4312
4383
4430
4486
4537
4588
4628
4740
4780
4830
4937
4994
5071
5120
5218
5315
5420
5483
5562
5693
5754
5831
5870
5912
5994
6040
6122
6281
6332
6402
6548
6603
6662
6764
6964
7045
7132
7210
7307
7406
7467
7603
7673
7739
7939
8084
8146
8190
8238
8289
8338
8451
8521
8600
8659
8719
8851
8947
9144
9245
9352
9657
9729
9837
9933
9986
10036
10192
10307
10398
10519
10605
10706
10825
10871
10917
10968
11015
11061
11103
11199
11258
11321
11372
11440
11499
11775
11918
12103
12151
12204
12245
12311
12380
12421
12504
12591
12675
12873
12975
13158
13404
13491
13610
13731
13793
13860
13931
14011
14163
14323
14407
14473
14551
14612
14705
14752
14812
14866
14921
14969
15019
15102
15205
15261
15330
15393
15482
15576
15718
15785
15841
15897
15982
16056
16109
16195
16246
16358
16437
16575
16626
16710
16805
16905
17015
17131
17205
17260
17306
17361
17494
17657
17712
17766
17852
17897
17978
18023
18079
18120
18195
18283
18392
18448
18529
18666
18736
18832
18908
19000
19049
19191
19257
19381
19445
19524
19607
19689
19749
19804
19870
19930
19973
20023
20066
20137
20236
20338
20389
20463
20524
20609
20670
20753
20797
20851
20907
20967
21025
21085
21188
21252
21325
21402
21448
21499
21541
21653
21710
21791
21856
21930
21999
22082
22247
22330
22431
22502
22593
22647
22773
22839
22930
23003
23084
23188
23245
23338
23450
23547
23628
23804
23854
24030
24115
24175
24250
24388
24679
24759
24837
24922
24971
25030
25069
25142
25202
25267
25302
25337
25388
25440
25505
25555
25618
25684
25750
25805
25896
25963
26057
26102
26145
26200
26247
26316
26395
26439
26477
26529
26574
26642
26755
26847
26993
27218
27287
27405
27473
27569
27611
27651
27822
27883
27959
28038
28137
28184
28249
28308
28382
28459
28586
28653
28879
29008
29113
29171
29261
29351
29471
29551
29616
29658
29715
29788
29843
29891
29961
30056
30151
30204
30323
30410
30457
30530
30621
30662
30722
30849
30909
30985
31052
31100
31147
31210
31290
31371
31422
31481
31557
31678
31749
31832
31899
31956
32022
32098
32195
32310
32404
32512
32587
32651
32710
32794
32994
33102
33197
33275
33337
33387
33450
33516
33589
33751
33797
33922
34002
34101
34235
34312
34438
34504
34573
34695
34791
34857
34983
35020
35071
35121
35164
35203
35245
35285
35328
35367
35409
35446
35497
35537
35576
35617
35664
35707
35746
35785
35820
35878
35934
35978
36035
36097
36163
36218
36275
36341
36393
36460
36574
36650
36710
36773
36845
36913
36975
37033
37113
37171
37267
37344
37408
37457
37522
37577
37650
37709
37810
37909
37983
38072
38173
38287
38366
38456
38530
38598
38683
38788
38858
38943
39066
39138
39197
39267
39341
39466
39572
39682
39765
39819
39911
39965
40040
40127
40292
40430
40528
40573
40637
40747
40856
40917
41000
41121
41213
41297
41387
41546
41623
41683
41778
41888
41997
42079
42138
42231
42312
42417
42475
42556
42746
42879
42973
43102
43177
43331
43582
43640
43782
43863
43935
44021
44073
44132
44245
44318
44395
44523
44623
44790
44849
45018
45105
45177
45278
45407
45475
45682
45792
45931
46058
46315
46404
46478
46614
46808
46981
47063
47147
47242
47307
47395
47478
47554
47631
47698
47785
47897
48111
48273
48347
48556
48641
48850
48931
49160
49233
49480
49638
49800
49935
50217
50309
50418
50654
50731
50814
50926
51001
51108
51162
51255
51378
51464
51552
51634
51820
51918
52085
52182
52255
52386
52502
52591
52671
52794
52897
53084
53150
53224
53294
53381
53468
53542
53613
53691
53889
53964
54037
54122
54218
54344
54445
54517
54586
54649
54741
54851
54913
54985
55091
55173
55240
55334
55431
55503
55609
55690
55803
55998
56078
56125
56207
56326
56399
56451
56547
56666
56784
56892
56987
57074
57254
57344
57500
57589
57687
57828
57975
58054
58170
58245
58333
58394
58494
58605
58708
58886
58956
59066
59175
59287
59390
59477
59632
59702
59890
59978
60048
60130
60265
60355
60444
60548
60623
60700
60792
60853
60909
61002
61066
61129
61234
61315
61549
61683
61849
61962
62055
62119
62198
62431
62522
62862
63009
63223
63323
63395
63488
63596
63701
63782
63865
63975
64057
64135
64237
64337
64415
64550
64640
64806
65059
65212
65330
65478
65601
65689
65768
65909
65984
66076
66125
66224
66307
66361
66455
66510
66644
66830
66890
66963
67072
67152
67256
67394
67763
67816
67948
68107
68216
68339
68495
68557
68637
68741
68802
68861
68912
69014
69149
69222
69335
69468
69530
69603
69680
69743
69836
69938
69998
70145
70224
70290
70371
70425
70517
70591
70663
70749
70883
70963
71049
71326
71465
71514
71568
71663
71744
71849
72004
72083
72184
72260
72358
72449
72551
72626
72731
72824
72975
73083
73133
73254
73368
73439
73564
73673
73755
73890
74040
74097
74161
74267
74386
74590
74657
74773
74868
74973
75084
75177
75283
75362
75466
75537
75612
75673
75753
75942
76031
76097
76233
76315
76470
76573
76661
76919
76994
77078
77182
77295
77342
77413
77500
77566
77641
77696
77785
77856
77943
77993
78210
78269
78378
78452
78524
78587
78655
78793
78910
79024
79204
79311
79489
79620
79724
79852
79977
80061
80302
80412
80525
80629
80835
80905
81073
81142
81216
81287
81362
81475
81649
81824
82027
82182
82252
82337
82451
82513
82703
82869
82993
83072
83144
83207
83295
83377
83505
83625
83752
83865
84014
84104
84161
84243
84516
84585
84692
84861
84946
85062
85143
85306
85566
85660
85857
85957
86060
86159
86250
86370
86490
86555
86615
86733
86983
87173
87260
87339
87424
87544
87729
87795
87845
87954
88014
88191
88335
88391
88484
88582
88763
88845
88933
89039
89151
89237
89379
89527
89638
89706
89804
89908
89975
90057
90157
90213
90298
90441
90559
90644
90769
90941
91070
91309
91362
91480
91546
91660
91746
91825
91918
91978
92106
92204
92272
92371
92468
92532
92609
92674
92752
92819
92877
92989
93127
93247
93351
93441
93581
93714
93774
94005
94080
94218
94335
94397
94553
94619
94711
94816
94888
94976
95102
95169
95305
95454
95540
95622
95741
95795
95898
96019
96171
96297
96419
96668
96774
96936
97027
97234
97309
97444
97547
97658
97735
97786
97892
98001
98125
98235
98309
98469
98510
98568
98626
98685
98761
98835
98902
99040
99128
99215
99297
99359
99455
99552
99646
99753
99990
100103
100179
100366
100426
100581
100688
100811
100895
100991
101073
101140
101237
101329
101410
101484
101569
101697
101786
101881
101995
102100
102226
102292
102409
102499
102630
102752
102908
103046
103215
103349
103507
103613
103763
103863
103961
104068
104140
104264
104337
104425
104517
104581
104685
104755
104845
104910
105019
105142
105257
105376
105505
105645
105763
105827
105969
106161
106388
106453
106529
106675
106737
106827
106895
106955
107045
107128
107186
107251
107374
107459
107561
107750
107813
107886
107995
108107
108279
108371
108608
108831
108979
109043
109141
109343
109433
109501
109569
109663
109740
109843
109897
110038
110168
110342
110392
110453
110548
110724
110835
110943
111034
111246
111379
111483
111802
111877
111946
111999
112064
112319
112519
112687
112769
112919
113020
113097
113180
113281
113559
113670
113782
113868
114028
114205
114423
114511
114642
114805
114851
114927
115025
115082
115180
115258
115333
115456
115611
115740
115824
115943
116005
116094
116203
116344
116475
116626
116719
116848
116934
117028
117138
117428
117541
117697
117829
117988
118064
118166
118273
118359
118476
118584
118648
118723
118884
118965
119102
119236
119342
119451
119543
119603
119693
119783
119898
120080
120168
120277
120390
120486
120580
120752
120937
121023
121269
121383
121516
121648
121719
121777
121849
121921
122020
122199
122266
122342
122482
122555
122636
122723
122996
123044
123104
123194
123284
123501
123629
123682
123790
123873
123969
124047
124132
124258
124338
124472
124547
124598
124708
124870
124960
125143
125236
125396
125602
125687
125897
125972
126030
126145
126305
126405
126475
126533
126679
126794
126896
127024
127151
127219
127305
127367
127458
127535
127614
127880
127950
128087
128364
128510
128600
128694
128811
128859
129096
129253
129305
129421
129518
129600
129704
129846
129908
129943
130027
130124
130216
130386
130425
130501
130551
130628
130738
130792
130851
131020
131138
131376
131447
131563
131629
131704
131762
131893
132103
132220
132337
132414
132493
132551
132634
132740
132806
132870
132984
133052
133108
133164
133253
133310
133404
133485
133571
133694
133781
133933
134022
134142
134253
134317
134549
134680
134756
134859
134948
135045
135142
135243
135347
135504
135564
135639
135767
135842
135904
135995
136093
136187
136276
136373
136468
136569
136645
136717
136832
136988
137049
137252
137335
137395
137482
137577
137644
137720
137858
137930
137969
138045
138116
138299
138394
138474
138586
138658
138734
138823
138984
139080
139171
139247
139333
139396
139472
139541
139589
139692
140003
140130
140224
140304
140427
140495
140572
140655
140754
140873
140934
141032
141121
141199
141304
141472
141582
141634
141736
141842
141892
141977
142041
142097
142176
142272
142347
142512
142698
142775
142845
142979
143063
143151
143251
143335
143440
143509
143600
143677
143765
143856
143915
144022
144115
144198
144310
144414
144501
144579
144715
144796
144911
144990
145088
145199
145355
145447
145555
145637
145729
145798
145880
145955
146222
146351
146437
146522
146738
146811
146985
147214
147276
147359
147449
147629
147840
147916
147990
148148
148217
148360
148423
148527
148621
148718
148798
148875
148977
149057
149141
149257
149358
149426
149563
149677
149780
149844
149936
150001
150069
150167
150218
150291
150353
150509
150589
150679
150908
150980
151052
151128
151231
151326
151425
151530
151760
151879
151952
152064
152143
152219
152295
152402
152486
152572
152643
152816
152913
153021
153168
153250
153390
153475
153585
153794
153867
153945
154038
154121
154190
154246
154324
154441
154546
154625
154747
154866
154978
155125
155209
155280
155381
155450
155671
155851
155972
156065
156154
156262
156359
156451
156602
156739
156789
156887
157001
157058
157110
157183
157243
157323
157423
157530
157597
157836
157938
158035
158144
158245
158428
158522
158624
158761
158986
159072
159127
159202
159277
159328
159447
159590
159693
159809
159951
160020
160085
160141
160229
160373
160466
160537
160598
160661
160827
160889
161029
161208
161314
161459
161563
161644
161834
161899
161991
162124
162230
162329
162413
162543
162630
162677
162772
162842
162909
162965
163049
163141
163238
163314
163392
163483
163676
163761
163856
164018
164288
164405
164512
164592
164727
164893
164962
165048
165156
165254
165352
165434
165534
165693
165753
165859
165991
166077
166131
166273
166363
166422
166515
166586
166728
166832
166978
167029
167178
167252
167360
167450
167541
167629
167715
167823
168003
168327
168430
168513
168629
168716
168786
168903
168966
169064
169170
169261
169319
169442
169527
169601
169731
169859
169906
170028
170122
170212
170332
170383
170455
170577
170645
170705
170761
170826
170901
170977
171060
171126
171330
171427
171504
171638
171788
171827
171886
171943
171993
172039
172081
172143
172222
172272
172352
172438
172576
172657
172713
172827
172929
173009
173083
173152
173230
173295
173384
173520
173616
173811
173865
173925
174044
174104
174178
174263
174333
174584
174690
174774
174879
174924
174986
175078
175148
175233
175340
175432
175548
175620
175712
175797
175943
176044
176234
176337
176435
176546
176635
176738
176804
176934
177001
177070
177196
177254
177308
177379
177429
177548
177660
177760
177877
177961
178085
178172
178294
178397
178491
178563
178675
178772
178971
179089
179326
179396
179452
179519
179596
179634
179731
179782
179851
179933
179993
180073
180141
180193
180267
180335
180418
180516
180652
180707
180784
180881
180954
181018
181141
181207
181287
181371
181451
181578
181703
181798
181912
182014
182113
182178
182274
182362
182443
182581
182654
182760
182872
182938
183007
183103
183188
183293
183338
183405
183459
183524
183579
183719
183778
183882
184016
184143
184229
184294
184459
184570
184631
184686
184773
184866
184953
185015
185126
185239
185377
185435
185597
185695
185767
185875
185943
186031
186103
186149
186212
186273
186337
186395
186524
186670
186743
186806
186850
186917
187121
187220
187364
187487
187548
187727
187786
187942
188094
188191
188294
188352
188474
188549
188615
188725
188805
188849
188958
189102
189194
189304
189377
189437
189548
189642
189708
189785
189879
189954
190149
190285
190323
190496
190542
190575
190637
190687
190829
190901
191033
191166
191225
191333
191398
191530
191619
191677
191773
191874
191989
192061
192159
192346
192418
192521
192593
192747
192874
192951
193040
193116
193253
193462
193573
193629
193743
193818
194007
194111
194201
194280
194403
194585
194659
194735
194818
194894
194990
195092
195162
195302
195409
195562
195648
195753
195882
195960
196038
196108
196233
196359
196460
196531
196623
196683
196771
196839
196896
197051
197127
197201
197290
197379
197502
197560
197697
197767
197839
197968
198051
198146
198271
198381
198457
198566
198668
198857
199053
199107
199226
199310
199384
199501
199580
199680
199786
199867
200134
200250
200347
200450
200520
200611
200704
200764
200879
201079
201147
201194
201280
201373
201576
201650
201749
201826
201961
202046
202141
202238
202335
202401
202473
202556
202626
202733
202909
202977
203051
203154
203210
203315
203384
203443
203514
203604
203692
203792
203869
203943
204052
204110
204177
204255
204382
204480
204542
204639
204721
204845
204928
205003
205107
205202
205314
205453
205514
205588
205653
205701
205804
205905
205983
206043
206152
206219
206383
206463
206523
206595
206687
206761
206873
206946
207048
207167
207256
207361
207470
207581
207652
207716
207812
207903
207978
208071
208179
208279
208391
208498
208571
208661
208712
208770
208843
208924
209040
209092
209188
209279
209373
209502
209562
209645
209837
210028
210140
210227
210298
210381
210447
210533
210634
210736
210835
210924
211046
211147
211205
211287
211448
211492
211718
211788
211853
211997
212226
212364
212478
212541
212625
212719
212793
212856
212911
213075
213177
213252
213446
213581
213719
213774
213902
213972
214054
214127
214205
214385
214444
214538
214621
214783
214860
215000
215172
215243
215416
215524
215600
215703
215812
215880
215987
216087
216230
216369
216492
216574
216634
216738
216850
216924
217043
217181
217241
217337
217464
217570
217634
217718
217805
217893
217958
218081
218231
218369
218488
218563
218785
218970
219106
219171
219240
219323
219445
219531
219583
219640
219741
219807
219864
219945
220000
220114
220211
220352
220423
220530
220672
220752
220884
221059
221187
221276
221486
221581
221688
221814
221972
222105
222185
222258
222358
222459
222522
222602
222730
222849
222936
223033
223142
223277
223397
223469
223557
223642
223727
223789
223868
223980
224113
224213
224300
224422
224556
224645
224736
224857
224921
225031
225167
225258
225325
225415
225485
225549
225645
225730
225793
225942
226002
226090
226236
226360
226448
226518
226582
226647
226763
226916
227008
227092
227209
227397
227559
227607
227796
227871
227981
228045
228147
228202
228282
228401
228468
228544
228683
228761
228872
228951
229036
229119
229198
229275
229401
229524
229663
230004
230087
230212
230311
230385
230487
230565
230729
230863
230985
231053
231202
231267
231401
231490
231564
231659
231759
231839
231892
231957
232052
232129
232203
232280
232350
232442
232772
232886
233012
233247
233343
233419
233489
233620
233743
233873
233989
234227
234345
234405
234534
234610
234774
234870
234974
235043
235123
235236
235359
235449
235531
235639
235730
235863
235917
235980
236048
236104
236169
236223
236289
236426
236513
236588
236673
236776
236883
236994
237064
237163
237282
237339
237403
237443
237538
237571
237783
237901
237954
238011
238075
238161
238275
238333
238397
238553
238631
238721
238902
239119
239209
239277
239322
239385
239450
239530
239605
239722
239899
240060
240157
240302
240473
240613
240773
240868
240955
241063
241127
241195
241287
241515
241586
241638
241774
241856
241930
242031
242116
242180
242230
242299
242435
242516
242636
242731
242803
242867
243040
243109
243214
243314
243418
243501
243701
243801
243897
244052
244112
244201
244318
244460
244524
244607
244709
244808
244892
244946
245010
245078
245151
245211
245296
245355
245434
245547
245613
245777
245888
246007
246056
246132
246206
246297
246381
246467
246527
246591
246674
246779
246876
246954
247043
247148
247267
247342
247462
247600
247683
247845
247905
247996
248177
248275
248339
248573
248619
248692
248757
248846
248922
248991
249161
249236
249374
249448
249537
249665
249778
249877
249977
250114
250211
250306
250377
250452
250607
250719
250842
250966
251066
251168
251223
251295
251395
251490
251585
251691
251793
251897
252057
252181
252295
252373
252499
252593
252668
252850
252904
252985
253062
253133
253235
253321
253388
253557
253656
253801
253930
254027
254134
254218
254289
254365
254470
254551
254633
254704
254781
254914
255016
255160
255257
255345
255445
255527
255607
255759
255865
255990
256101
256243
256411
256502
256611
256697
256775
256856
256953
257043
257108
257172
257259
257315
257434
257534
257607
257907
257957
258085
258208
258290
258369
258467
258525
258594
258721
258839
258937
259064
259157
259258
259339
259455
259589
259704
259782
259909
260001
260182
260290
260374
260449
260573
260631
260847
260903
261008
261072
261186
261281
261379
261510
261632
261727
261784
261891
262087
262193
262336
262440
262601
262675
262816
262960
263064
263180
263243
263347
263545
263697
263812
263909
263982
264091
264167
264273
264368
264428
264558
264644
264830
264909
264976
265065
265157
265254
265369
265528
265594
265647
265742
265857
265968
266120
266179
266227
266289
266394
266466
266541
266609
266650
266729
266802
266857
266911
266975
267075
267138
267188
267232
267422
267492
267598
267660
267727
267822
267881
267967
268021
268074
268384
268500
268613
268690
268860
268914
269031
269089
269212
269353
269483
269578
269672
269750
269818
269892
269973
270044
270131
270220
270321
270410
270502
270582
270643
270712
270835
270923
271058
271215
271346
271446
271552
271683
271773
271883
271943
271995
272111
272166
272208
272264
272361
272458
272538
272613
272754
272850
272948
273011
273188
273333
273391
273442
273547
273664
273822
273908
274061
274144
274199
274297
274375
274479
274586
274680
274777
274832
274913
274999
275070
275161
275231
275319
275415
275466
275568
275649
275712
275795
275868
275946
276032
276095
276189
276258
276512
276589
276656
276782
276897
277039
277124
277207
277317
277406
277509
277577
277635
277720
277775
277836
277911
277994
278072
278144
278204
278248
278341
278414
278486
278556
278609
278697
278789
278886
278977
279061
279220
279308
279413
279503
279595
279734
279870
279947
280012
280089
280170
280328
280399
280455
280518
280592
280643
280699
280784
280878
280979
281079
281194
281263
281337
281406
281489
281599
281694
281794
281894
282085
282171
282230
282297
282408
282524
282667
282812
282916
282998
283106
283182
283365
283453
283522
283655
283742
283860
283993
284094
284157
284189
284268
284396
284465
284509
284578
284656
284747
284818
284896
284978
285034
285077
285201
285291
285361
285440
285524
285591
285690
285785
285860
285940
286009
286123
286211
286290
286344
286426
286522
286585
286649
286750
286869
286929
287019
287078
287171
287279
287355
287396
287445
287529
287597
287697
287776
287855
287955
288002
288068
288129
288187
288241
288337
288455
288492
288547
288624
288680
288760
288848
288906
289003
289116
289232
289393
289500
289620
289703
289831
289937
290008
290185
290306
290347
290431
290493
290618
290770
291113
291182
291275
291365
291422
291495
291582
291689
291812
291903
292091
292316
292416
292515
292669
292825
292909
292985
293073
293198
293315
293367
293435
293520
293572
293687
293744
293822
293894
294002
294074
294157
294220
294339
294405
294510
294568
294639
294779
295003
295139
295317
295388
295466
295537
295646
295725
295832
295986
296060
296139
296190
296256
296383
296462
296590
296743
296814
296892
296983
297069
297181
297352
297439
297531
297591
297737
297811
297861
298033
298154
298276
298350
298433
298574
298643
298720
298796
298900
299056
299143
299260
299326
299430
299540
299704
299775
299875
299945
300046
300111
300173
300285
300415
300544
300676
300841
300970
301162
301312
301390
301526
301630
301713
301777
301832
301907
301952
301997
302228
302282
302338
302390
302444
302516
302607
302673
302722
302830
302884
302970
303089
303169
303273
303412
303515
303628
303796
303859
303964
304075
304256
304354
304467
304560
304644
304837
304903
304976
305060
305125
305178
305272
305345
305420
305525
305632
305862
306020
306151
306216
306314
306485
306609
306682
306740
306883
306963
307029
307186
307258
307374
307468
307564
307805
307895
308011
308087
308230
308318
308452
308579
308676
308751
308816
308911
309026
309091
309205
309526
309597
309663
309737
309867
309954
310061
310149
310269
310373
310498
310630
310708
310783
310866
310933
311083
311184
311305
311373
311476
311558
311639
311761
311845
311924
311997
312048
312170
312283
312376
312475
312682
312761
312848
312916
313024
313091
313295
313385
313472
313612
313713
313912
313979
314077
314162
314300
314423
314534
314722
314892
314981
315186
315263
315376
315470
315568
315642
315945
316010
316123
316351
316503
316614
316699
316782
316871
316945
317074
317167
317236
317347
317487
317562
317739
317884
318020
318081
318133
318216
318273
318383
318463
318518
318661
318767
318869
319008
319104
319214
319323
319407
319514
319592
319751
319810
319934
320030
320119
320216
320272
320441
320509
320627
320734
320800
320895
321028
321118
321185
321246
321360
321432
321521
321605
321697
321791
321850
321929
322057
322128
322248
322334
322433
322516
322584
322645
322745
322811
322889
323010
323102
323173
323257
323331
323388
323486
323758
323903
324005
324141
324228
324333
324407
324537
324602
324745
324858
324954
325113
325186
325246
325303
325361
325581
325657
325813
325928
325997
326181
326264
326335
326463
326568
326671
326800
326945
327019
327082
327211
327523
327663
327773
327860
327975
328043
328212
328303
328423
328474
328545
328641
328723
328785
328891
328968
329112
329218
329285
329404
329512
329572
329709
329852
329988
330135
330246
330415
330546
330600
330668
330735
330804
330845
330893
330952
331042
331143
331229
331305
331377
331440
331512
331673
331755
331854
331933
332086
332142
332249
332336
332406
332480
332557
332653
332743
332887
333058
333116
333220
333332
333396
333509
333612
333718
333821
333951
334063
334128
334221
334327
334448
334566
334631
334708
334847
334966
335036
335230
335334
335433
335519
335624
335755
335906
335973
336127
336211
336373
336433
336516
336571
336660
336750
336834
336949
337047
337165
337318
337467
337671
337803
337884
337977
338067
338156
338315
338379
338473
338549
338842
338940
339082
339198
339274
339367
339457
339595
339768
339928
340009
340077
340181
340277
340347
340432
340509
340629
340790
340881
340982
341061
341184
341266
341356
341489
341582
341735
341844
342013
342075
342135
342219
342283
342415
342470
342691
342811
342922
343004
343055
343160
343306
343438
343604
343677
343784
343834
343911
343996
344055
344224
344361
344713
344818
344945
345035
345110
345209
345328
345500
345707
345810
345912
346009
346148
346272
346385
346452
346506
346624
346720
346805
346893
346981
347166
347310
347411
347552
347699
347782
347905
348014
348103
348270
348390
348470
348572
348701
348781
348943
349008
349131
349186
349300
349419
349529
349630
349880
349967
350014
350084
350177
350278
350354
350420
350507
350584
350644
350704
350816
350894
351017
351199
351282
351434
351524
351596
351696
351818
351935
352030
352115
352239
352356
352445
352505
352618
352798
352868
353009
353078
353168
353228
353353
353476
353589
353669
353798
353877
354012
354097
354189
354296
354424
354525
354652
354793
354934
354998
355108
355209
355284
355360
355422
355515
355626
355704
355781
355883
356023
356115
356215
356294
356405
356519
356737
356806
356955
357104
357210
357365
357588
357674
357827
357890
358006
358075
358135
358202
358275
358352
358414
358514
358575
358631
358697
358758
358847
358959
359025
359085
359190
359238
359313
359378
359485
359623
359704
359797
359886
359968
360073
360187
360278
360345
360425
360519
360574
360684
360921
361001
361164
361254
361352
361450
361692
361809
361924
362017
362104
362212
362344
362455
362627
362765
362867
362966
363169
363386
363459
363576
363631
363761
363821
363979
364037
364196
364309
364383
364442
364576
364705
364786
364885
365071
365199
365259
365375
365509
365691
365876
365964
366125
366176
366316
366482
366610
366669
366754
366845
366929
367033
367095
367175
367253
367367
367442
367519
367603
367771
367931
368019
368148
368322
368478
368612
368729
368842
368895
369009
369085
369235
369317
369411
369496
369562
369642
369756
369826
369935
370118
370214
370332
370404
370489
370556
370675
370776
370842
370947
371021
371177
371264
371364
371450
371537
371618
371729
371852
371996
372111
372178
372258
372347
372415
372502
372614
372675
372754
372818
372926
373073
373137
373219
373316
373380
373463
373619
373704
373791
373909
373988
374091
374153
374221
374284
374371
374443
374514
374619
374743
374840
374940
375202
375291
375422
375503
375587
375753
375872
375957
376070
376181
376297
376367
376454
376566
376671
376805
376909
377057
377141
377207
377278
377374
377472
377566
377661
377793
377943
378044
378198
378426
378518
378565
378680
378771
378843
378906
378982
379095
379213
379280
379375
379494
379557
379633
379695
379820
379927
379998
380091
380159
380304
380437
380508
380602
380708
380818
380926
381100
381219
381382
381503
381568
381627
381719
381800
381928
382123
382316
382551
382624
382715
382841
382940
383009
383095
383222
383295
383374
383449
383543
383630
383720
383822
383908
383992
384078
384154
384214
384310
384379
384478
384591
384674
384768
384823
384883
384959
385027
385105
385192
385261
385353
385521
385683
385873
385952
386048
386186
386345
386413
386523
386654
386760
386831
386957
387042
387112
387202
387255
387320
387436
387588
387685
387754
387835
387933
388008
388121
388240
388313
388365
388465
388539
388668
388740
388828
388922
388994
389090
389165
389262
389324
389378
389451
389530
389638
389696
389752
389822
389894
389960
390019
390117
390194
390288
390347
390413
390473
390628
390674
390742
390822
390903
391031
391117
391209
391294
391367
391462
391536
391583
391665
391794
391955
392112
392232
392509
392619
392736
392828
392892
393007
393056
393148
393273
393373
393449
393514
393633
393688
393803
393899
394040
394131
394207
394317
394420
394521
394600
394705
394880
395015
395055
395185
395286
395345
395414
395539
395631
395680
395758
395841
396041
396145
396217
396299
396382
396441
396558
396634
396689
396769
396930
396991
397109
397181
397260
397354
397577
397713
397838
397940
398060
398167
398363
398474
398525
398585
398653
398736
398812
398903
399056
399128
399270
399313
399420
399480
399556
399638
399728
399837
399987
400049
400138
400244
400343
400485
400591
400687
400789
400858
400929
401048
401156
401299
401407
401484
401636
401727
401797
402067
402133
402246
402342
402465
402550
402627
402727
402872
402982
403044
403231
403365
403431
403488
403582
403658
403734
403790
403890
403956
404034
404122
404228
404301
404407
404527
404647
404810
404899
404983
405066
405160
405260
405335
405449
405514
405585
405648
405735
405793
405893
406004
406084
406173
406262
406352
406452
406571
406671
406761
406892
406961
407047
407180
407243
407408
407517
407596
407682
407763
407846
407901
407976
408049
408201
408287
408366
408540
408611
408657
408716
408772
408843
408903
408949
409023
409143
409210
409299
409364
409415
409680
409851
409919
409990
410080
410143
410230
410286
410371
410469
410530
410694
410824
410870
410919
411016
411094
411167
411238
411298
411474
411765
411843
411921
411993
412088
412197
412254
412301
412392
412461
412579
412638
412704
412897
412954
413137
413217
413348
413415
413484
413577
413674
413761
413842
413943
413991
414099
414168
414232
414339
414446
414537
414595
414702
414829
415023
415101
415245
415339
415406
415466
415546
415638
415730
415811
415936
415998
416065
416158
416354
416468
416560
416639
416733
416903
417017
417127
417201
417300
417441
417543
417639
417735
417916
418023
418091
418153
418228
418294
418407
418523
418646
418734
418868
419054
419118
419207
419272
419498
419552
419639
419728
419817
419942
420008
420062
420133
420201
420372
420446
420570
420651
420772
420891
421075
421156
421227
421325
421431
421549
421647
421724
421837
421905
422003
422123
422233
422323
422439
422533
422632
422727
422865
422970
423052
423202
423293
423355
423453
423529
423612
423739
423813
423936
424016
424078
424165
424245
424515
424581
424721
424803
424903
425052
425137
425257
425321
425383
425507
425613
425738
425846
425968
426092
426167
426313
426380
426462
426538
426626
426707
426773
426830
426891
426949
427033
427090
427169
427264
427331
427404
427462
427529
427600
427663
427743
427875
427925
428076
428155
428260
428381
428486
428575
428643
428760
428844
428893
428942
429021
429111
429198
429272
429359
429432
429531
429607
429695
429773
429958
430023
430105
430404
430489
430737
430799
430900
430984
431064
431139
431190
431251
431354
431478
431581
431712
431782
431869
432014
432089
432202
432333
432479
432637
432750
432924
433032
433108
433196
433249
433369
433478
433540
433623
433709
433765
433849
433973
434035
434097
434155
434215
434270
434459
434571
434706
434858
434966
435016
435075
435135
435208
435297
435347
435555
435626
435737
435795
435879
435938
436039
436168
436319
436492
436679
436754
436829
436920
437172
437251
437333
437585
437668
437862
437907
438004
438113
438220
438279
438360
438498
438563
438695
438813
438902
439025
439119
439200
439316
439404
439720
439828
439898
439979
440075
440226
440348
440457
440543
440626
440694
440793
440866
440991
441076
441160
441290
441367
441534
441642
441699
441793
441884
441940
442033
442148
442252
442358
442481
442584
442667
442739
442814
442894
443227
443317
443404
443494
443656
443734
443932
444138
444208
444416
444491
444639
444701
444768
444907
445021
445159
445249
445315
445464
445640
445718
445802
445872
445994
446066
446203
446285
446355
446416
446504
446600
446668
446735
446857
446995
447069
447374
447494
447593
447669
447795
447868
447932
448074
448164
448216
448302
448406
448510
448654
448730
448816
448923
449041
449087
449191
449255
449357
449456
449597
449688
449761
449902
450004
450099
450187
450310
450408
450545
450643
450765
450856
450983
451172
451297
451491
451594
451707
451849
451927
451998
452096
452201
452326
452419
452571
452649
452723
452794
452849
452925
453010
453114
453202
453282
453349
453399
453469
453526
453577
453630
453680
453758
453852
453923
453990
454151
454261
454315
454408
454614
454685
454792
454881
454943
455036
455177
455221
455303
455355
455405
455474
455542
455666
455796
455906
456032
456124
456242
456315
456376
456436
456540
456659
456724
456789
456853
456943
457068
457150
457218
457292
457368
457447
457559
457622
457697
457807
457921
458027
458201
458373
458487
458605
458728
458823
458900
458970
459068
459144
459223
459296
459399
459462
459541
459624
459733
459823
459933
460058
460157
460235
460310
460384
460471
460536
460784
460838
460933
461062
461123
461222
461343
461598
461796
461898
461997
462076
462177
462228
462284
462392
462475
462559
462647
462714
462812
462957
463051
463121
463240
463304
463369
463423
463482
463547
463626
463698
463794
463887
464005
464053
464101
464161
464246
464322
464384
464456
464519
464584
464651
464739
464844
464904
464978
465097
465181
465274
465339
465409
465466
465521
465571
465636
465710
465776
465830
465934
466045
466138
466265
466400
466450
466542
466647
466748
466827
466923
467010
467121
467203
467350
467457
467625
467718
467833
467939
468024
468114
468221
468340
468475
468624
468708
468781
468911
469015
469162
469238
469336
469422
469506
469610
469693
469771
469857
469929
470013
470106
470215
470308
470423
470508
470564
470699
470947
471053
471195
471310
471436
471527
471592
471656
471710
471806
471927
472018
472088
472192
472309
472459
472558
472619
472710
472777
472861
472937
473025
473144
473301
473371
473454
473547
473629
473708
473824
473972
474115
474241
474380
474533
474645
474810
474880
474978
475051
475108
475223
475329
475431
475573
475636
475753
475824
475900
475977
476051
476125
476195
476291
476385
476466
476547
476683
476768
476869
477078
477216
477269
477456
477609
477696
477803
477910
477982
478109
478171
478268
478332
478396
478506
478599
478680
478752
478901
478989
479132
479283
479399
479470
479554
479630
479695
479885
479969
480145
480332
480421
480523
480679
480769
480902
480991
481089
481245
481344
481466
481566
481659
481720
481798
481927
482003
482089
482162
482248
482314
482413
482493
482585
482734
482894
482968
483042
483149
483221
483312
483392
483496
483562
483670
483897
484032
484185
484434
484488
484576
484654
484822
484901
484973
485055
485164
485409
485516
485597
485688
485786
485863
485932
486002
486110
486185
486267
486403
486523
486637
486746
486808
486889
486957
487032
487168
487297
487407
487462
487529
487602
487668
487733
487807
487939
488041
488129
488215
488289
488367
488459
488565
488725
488809
488927
488985
489082
489216
489319
489382
489478
489608
489708
489775
489851
489958
490052
490161
490240
490344
490441
490505
490587
490685
490756
490808
490876
490945
491014
491109
491191
491281
491362
491468
491545
491664
491796
491901
491972
492042
492098
492202
492265
492350
492549
492670
492727
492785
492890
492943
492988
493077
493184
493270
493379
493464
493533
493620
493704
493786
493875
493950
494074
494139
494272
494354
494494
494582
494642
494702
494766
494829
494889
494953
495022
495100
495155
495224
495287
495375
495469
495567
495648
495797
495880
495971
496050
496134
496219
496292
496382
496480
496550
496681
496817
496936
497190
497355
497457
497541
497687
497790
497848
497904
497981
498027
498089
498225
498302
498352
498458
498501
498709
498776
498865
498923
498994
499092
499184
499238
499348
499437
499522
499663
499794
499875
499998
500109
500242
500307
500379
500457
500645
500731
500819
500898
500971
501143
501213
501291
501355
501442
501514
501565
501687
501758
501840
501894
502000
502110
502218
502304
502436
502612
502757
502813
502941
503014
503082
503193
503302
503395
503477
503528
503593
503682
503740
503810
503915
503971
504059
504122
504198
504260
504343
504396
504467
504566
504663
504725
504854
504920
505000
505092
505157
505289
505388
505461
505582
505740
505844
506078
506253
506326
506410
506457
506541
506641
506727
506844
506951
507013
507107
507197
507282
507353
507423
507506
507581
507703
507777
507864
507949
508020
508121
508223
508315
508403
508501
508565
508605
508660
508746
508793
508891
508980
509086
509253
509342
509537
509703
509757
509884
509968
510126
510251
510396
510437
510553
510605
510722
510798
510982
511085
511223
511280
511434
511517
511709
511808
511906
512011
512204
512295
512385
512463
512574
512681
512849
513014
513079
513137
513240
513306
513381
513477
513596
513675
513784
513854
514007
514118
514221
514307
514422
514527
514642
514716
514797
514851
514900
514962
515027
515095
515195
515269
515328
515445
515566
515673
515762
515895
515974
516034
516124
516185
516270
516343
516402
516488
516535
516628
516685
516760
516826
516880
516937
516987
517039
517093
517157
517206
517284
517350
517402
517485
517556
517618
517660
517749
517805
517899
517970
518068
518201
518286
518438
518545
518674
518782
518941
519023
519101
519209
519290
519408
519494
519593
519665
519735
519849
519921
520003
520088
520163
520409
520481
520570
520661
520755
520819
520929
521056
521138
521279
521346
521439
521491
521554
521633
521692
521761
521924
522003
522072
522191
522302
522391
522459
522600
522647
522710
522794
522951
523048
523168
523273
523330
523492
523544
523612
523708
523788
523918
524113
524219
524317
524397
524522
524598
524718
524795
524914
525027
525162
525276
525438
525522
525659
525793
525887
525964
526036
526114
526205
526309
526436
526515
526637
526726
526797
526897
526979
527036
527168
527245
527329
527386
527437
527523
527603
527667
527762
527820
527880
527947
528002
528099
528183
528399
528488
528542
528590
528793
529137
529274
529347
529521
529592
529665
529779
529869
529974
530078
530162
530220
530270
530426
530625
530703
530762
530870
530985
531052
531170
531244
531343
531486
531604
531696
531859
532012
532066
532162
532212
532292
532384
532452
532593
532673
532744
532836
532964
533105
533263
533345
533485
533538
533665
533805
533885
534021
534171
534255
534346
534453
534553
534757
534880
534965
535134
535295
535348
535456
535618
535783
535862
535925
536001
536077
536170
536244
536316
536375
536480
536568
536646
536770
536906
537024
537099
537264
537478
537577
537686
537775
537926
538037
538133
538241
538335
538417
538504
538593
538686
538911
538971
539056
539120
539191
539258
539316
539394
539468
539561
539699
539779
539931
540065
540203
540275
540450
540548
540660
540742
540836
540912
540992
541063
541130
541186
541254
541347
541469
541564
541631
541708
541768
541833
541895
541995
542072
542156
542267
542351
542436
542500
542618
542698
542804
542902
543011
543071
543171
543289
543371
543452
543555
543664
543733
543819
543931
544028
544240
544409
544572
544672
544807
544946
545044
545173
545244
545307
545385
545445
545513
545577
545668
545939
546017
546078
546135
546221
546293
546405
546543
546620
546713
546862
546930
546993
547139
547217
547387
547554
547692
547839
548299
548384
548491
548547
548615
548710
548759
548852
548957
549061
549277
549341
549425
549497
549569
549649
549711
549779
549870
549963
550051
550156
550251
550333
550376
550520
550625
550736
550819
550918
551088
551207
551316
551442
551531
551624
551697
551772
551872
551975
552039
552116
552252
552360
552485
552673
552849
552900
553001
553169
553273
553357
553423
553533
553600
553659
553720
553794
553858
553922
553981
554092
554180
554270
554363
554494
554570
554732
554834
554944
555079
555165
555352
555428
555562
555683
555882
555989
556076
556170
556240
556311
556402
556508
556573
556666
556765
556843
556949
557046
557131
557217
557323
557387
557495
557589
557700
557848
557960
558024
558104
558180
558301
558397
558502
558711
558858
558936
559043
559153
559228
559299
559363
559468
559566
559695
559798
559860
559934
559998
560110
560214
560308
560387
560437
560506
560578
560646
560739
560802
560884
560979
561039
561126
561183
561276
561378
561481
561620
561860
561925
562090
562183
562275
562415
562519
562628
562756
563083
563181
563260
563329
563407
563505
563582
563670
563803
563885
563980
564058
564164
564332
564444
564588
564708
564787
564881
564975
565130
565240
565370
565525
565639
565742
565907
565993
566130
566268
566476
566623
566772
566919
567001
567092
567186
567274
567397
567483
567598
567686
567761
567880
567954
568080
568186
568291
568395
568450
568581
568750
568867
569009
569083
569211
569381
569477
569577
569725
569938
570240
570322
570402
570512
570663
570757
570867
570953
571039
571108
571178
571250
571312
571513
571619
571717
571812
571881
571985
572065
572138
572259
572316
572439
572554
572660
572911
573026
573225
573475
573627
573733
573816
573887
573978
574089
574183
574261
574371
574484
574590
574685
574840
574977
575145
575227
575338
575461
575567
575712
575777
575859
575991
576061
576252
576410
576494
576582
576690
576788
576861
576976
577086
577164
577295
577481
577591
577679
577789
577885
577974
578072
578193
578283
578404
578456
578545
578605
578680
578751
578866
578969
579062
579154
579275
579376
579456
579536
579598
579799
579872
579969
580048
580113
580175
580244
580332
580384
580474
580551
580594
580680
580739
580812
580888
580979
581047
581129
581271
581369
581598
581664
581734
581866
581969
582052
582127
582248
582352
582451
582545
582687
582780
582881
582987
583099
583215
583277
583378
583477
583563
583763
583824
583946
584008
584068
584213
584351
584460
584595
584728
584874
584965
585105
585189
585278
585384
585460
585520
585601
585672
585778
585892
585967
586184
586309
586389
586471
586542
586605
586655
586702
586781
586856
586949
587077
587161
587245
587339
587479
587698
587857
587919
587988
588034
588115
588162
588239
588316
588392
588469
588569
588700
588829
588895
588995
589099
589206
589294
589387
589467
589548
589601
589647
589697
589778
589872
589948
590015
590101
590220
590298
590443
590576
590699
590812
590945
591016
591099
591192
591285
591402
591480
591562
591630
591763
591844
591897
591971
592033
592114
592209
592282
592356
592440
592518
592654
592769
592847
592945
593007
593120
593208
593293
593421
593552
593666
593772
593984
594136
594210
594313
594385
594436
594683
594765
594825
594916
594985
595095
595173
595340
595472
595514
595579
595672
595784
595863
595972
596050
596146
596219
596274
596345
596422
596476
596619
596733
596804
596872
596999
597088
597233
597440
597520
597612
597728
597806
597869
597922
598011
598080
598194
598268
598309
598358
598406
598467
598525
598614
598680
598761
598817
598900
598984
599035
599145
599236
599301
599495
599747
599888
600003
600060
600144
600271
600361
600487
600553
600698
600782
600880
600993
601071
601214
601301
601378
601540
601644
601745
601858
601955
602023
602088
602170
602262
602388
602509
602596
602712
602783
602869
602940
603051
603139
603233
603288
603337
603403
603474
603539
603632
603693
603770
603849
603936
603999
604092
604198
604293
604375
604470
604587
604653
604731
604806
604930
605022
605139
605192
605267
605365
605489
605548
605628
605739
605800
605932
605993
606066
606169
606302
606369
606437
606499
606568
606652
606731
606853
607026
607080
607179
607308
607381
607468
607556
607653
607878
607967
608156
608231
608391
608471
608594
608697
608872
608943
609040
609110
609187
609279
609330
609429
609528
609581
609656
609739
609833
609940
610003
610162
610284
610365
610443
610570
610626
610755
610821
610926
611014
611095
611163
611271
611375
611502
611590
611717
611834
612026
612115
612196
612287
612379
612443
612510
612575
612634
612725
612808
612868
612940
613055
613187
613253
613344
613507
613599
613713
613869
613976
614109
614215
614285
614409
614550
614645
614696
614823
614926
615007
615091
615196
615259
615357
615414
615568
615658
615735
615809
615944
616005
616069
616135
616204
616256
616328
616463
616531
616587
616676
616801
616882
616983
617071
617160
617243
617280
617348
617431
617541
617639
617740
617833
617931
618083
618241
618309
618384
618523
618606
618667
619085
619177
619385
619551
619645
619754
619813
619875
619964
620050
620119
620184
620238
620340
620493
620608
620712
620828
620935
621108
621225
621337
621504
621664
621751
621819
621900
621983
622103
622193
622311
622395
622520
622585
622676
622764
622859
623005
623121
623228
623335
623535
623638
623733
623867
623931
624068
624230
624332
624475
624624
624861
624945
625007
625135
625223
625433
625494
625583
625687
625813
625899
625981
626086
626188
626270
626357
626541
626719
626811
626897
626965
627010
627076
627180
627240
627339
627421
627476
627574
627672
627819
627906
627962
628043
628130
628210
628327
628423
628548
628644
628740
628836
629003
629103
629174
629239
629363
629434
629599
629692
629823
630094
630205
630318
630423
630556
630640
630730
630843
630991
631055
631119
631172
631255
631326
631376
631476
631646
631779
631864
632104
632248
632345
632426
632491
632552
632630
632727
632823
632898
632981
633082
633186
633361
633438
633585
633656
633793
633883
633986
634091
634238
634310
634405
634537
634632
634751
634822
634950
635032
635132
635223
635305
635366
635447
635528
635616
635681
635777
635885
636032
636090
636156
636220
636357
636461
636545
636627
636725
636829
636929
637012
637099
637205
637273
637358
637538
637622
637774
637961
638065
638178
638331
638402
638502
638629
638783
638881
639048
639163
639236
639298
639486
639584
639684
639775
639861
639947
640019
640111
640196
640278
640354
640420
640563
640622
640705
640782
640829
640878
640941
641000
641074
641215
641340
641533
641630
641714
641848
641942
642107
642161
642234
642412
642456
642539
642600
642701
642769
642921
643129
643215
643317
643442
643527
643653
643776
643891
644007
644092
644228
644299
644401
644501
644606
644720
644819
644916
645030
645192
645282
645345
645436
645520
645591
645699
645833
645973
646081
646178
646337
646446
646605
646744
646893
646946
647006
647099
647170
647265
647391
647479
647538
647602
647725
647818
647886
648179
648367
648509
648591
648651
648740
648853
649031
649118
649220
649336
649404
649503
649618
649738
649887
649998
650087
650184
650256
650346
650459
650552
650670
650751
650815
650970
651036
651111
651219
651317
651393
651453
651555
651634
651727
651822
651924
652013
652080
652178
652267
652461
652559
652653
652823
652986
653034
653164
653244
653308
653442
653565
653657
653726
653831
653944
654039
654104
654180
654299
654377
654477
654577
654691
654779
654841
654926
655015
655106
655183
655293
655364
655462
655533
655599
655666
655772
655863
655972
656136
656198
656293
656359
656459
656578
656672
656754
656917
657102
657159
657341
657420
657499
657605
657676
657812
657980
658035
658109
658217
658387
658445
658617
658673
658773
658818
658859
658915
658963
659015
659095
659149
659236
659306
659382
659448
659615
659685
659776
659839
659929
660008
660090
660184
660278
660340
660450
660542
660602
660669
660789
660846
660961
661024
661097
661223
661335
661418
661535
661642
661718
661804
661901
661966
662058
662125
662198
662278
662349
662456
662519
662614
662675
662761
662855
662940
663072
663408
663453
663504
663566
663645
663738
663831
663919
663984
664064
664155
664209
664290
664365
664453
664516
664597
664674
664736
664855
664921
664987
665227
665349
665450
665554
665649
665707
665836
665900
665976
666085
666143
666194
666264
666312
666388
666461
666566
666621
666709
666789
666846
666912
666979
667064
667134
667275
667330
667437
667506
667577
667628
667678
667747
667837
667895
667970
668042
668141
668267
668359
668469
668587
668668
668722
668815
668893
668986
669039
669097
669197
669241
669352
669473
669516
669589
669678
669770
669859
669919
670003
670066
670132
670204
670262
670316
670386
670457
670500
670652
670748
670835
670896
670959
671070
671359
671445
671529
671700
671782
671880
671997
672085
672207
672272
672351
672409
672495
672579
672683
672755
672855
672931
673001
673074
673166
673256
673352
673433
673537
673570
673666
673806
673884
673987
674086
674183
674287
674381
674463
674591
674668
674784
674859
674967
675031
675126
675234
675311
675456
675533
675621
675733
675829
675955
676037
676128
676201
676303
676421
676564
676694
676773
676878
676999
677067
677181
677280
677390
677516
677603
677716
677782
677891
677995
678097
678189
678252
678305
678384
678464
678546
678627
678699
678773
678881
678973
679044
679162
679331
679391
679448
679506
679637
679725
679796
679863
679949
680076
680155
680427
680501
680564
680630
680680
680816
680889
681054
681120
681224
681296
681364
681448
681514
681595
681684
681943
682018
682174
682261
682378
682437
682574
682673
682764
682882
682964
683069
683178
683266
683369
683464
683578
683666
683788
683895
683990
684121
684193
684264
684340
684402
684517
684594
684684
684777
684857
684933
685079
685190
685352
685431
685497
685597
685680
685854
685962
686059
686223
686305
686395
686466
686541
686614
686677
686757
686822
686892
686972
687050
687147
687269
687341
687501
687578
687663
687715
687817
687917
687982
688030
688172
688239
688370
688455
688512
688581
688676
688762
688820
688942
689014
689095
689210
689280
689484
689580
689672
689780
689908
690011
690090
690171
690265
690371
690553
690611
690698
690768
690843
690943
691045
691095
691178
691302
691401
691490
692022
692142
692219
692299
692380
692511
692632
692690
692758
692854
692995
693102
693197
693273
693400
693467
693529
693855
693953
694098
694215
694273
694353
694412
694533
694607
694718
694830
694906
695077
695198
695300
695446
695505
695559
695686
695789
695888
695965
696085
696181
696251
696346
696486
696617
696748
696864
697021
697121
697232
697301
697427
697608
697670
697855
697977
698063
698140
698213
698283
698358
698403
698462
698540
698603
698659
698733
698839
698945
699061
699118
699265
699343
699470
699593
699657
699752
699873
699953
700071
700203
700299
700358
700440
700512
700654
700759
700864
700981
701072
701199
701330
701407
701607
701660
701732
701853
702036
702107
702264
702409
702550
702686
702764
702842
702952
703040
703120
703227
703328
703434
703543
703592
703688
703770
703904
704029
704110
704265
704408
704468
704575
704648
704729
704802
704896
705013
705107
705167
705296
705433
705500
705592
705726
705823
705919
706027
706170
706270
706376
706500
706732
706798
706870
706997
707156
707226
707356
707464
707550
707625
707695
707821
707923
708045
708192
708308
708467
708542
708634
708946
709036
709160
709257
709346
709406
709461
709534
709617
709705
709861
709953
710065
710199
710305
710370
710483
710589
710651
710804
710896
711060
711251
711355
711429
711510
711613
711706
711795
711977
712126
712190
712287
712416
712577
712733
712888
712966
713042
713098
713169
713267
713343
713401
713498
713570
713671
713747
713871
713970
714059
714205
714397
714517
714622
714823
714911
715036
715132
715227
715309
715389
715453
715553
715671
715832
715950
716110
716170
716307
716371
716480
716563
716685
716792
716877
716993
717094
717144
717220
717283
717397
717449
717519
717565
717683
717811
717928
717988
718083
718205
718426
718511
718732
718823
719070
719175
719241
719420
719490
719599
719687
719780
719876
719996
720223
720285
720435
720554
720652
720735
720862
720921
721009
721075
721144
721253
721327
721445
721543
721605
721668
721747
721809
721885
721953
722093
722215
722352
722436
722512
722638
722728
722848
722913
722980
723073
723188
723313
723369
723490
723689
723734
723817
723921
724046
724139
724244
724355
724466
724536
724603
724707
724790
724847
724920
725006
725092
725247
725309
725397
725521
725682
725784
725946
726025
726116
726207
726420
726486
726564
726742
726856
726925
726984
727064
727183
727265
727364
727432
727563
727653
727766
727896
727948
728021
728073
728157
728266
728350
728415
728501
728579
728686
728843
728940
728994
729062
729212
729366
729440
729590
729680
729734
729844
729902
729958
730016
730114
730185
730312
730411
730466
730613
730695
730766
730798
730887
730957
731222
731297
731357
731439
731575
731719
731823
731893
731969
732053
732134
732240
732320
732401
732517
732598
732701
732789
732861
732910
732982
733050
733127
733194
733279
733471
733525
733603
733668
733738
733828
734004
734136
734227
734311
734370
734436
734488
734554
734669
734738
734833
734923
735034
735070
735120
735192
735254
735314
735470
735548
735693
735795
735942
736037
736190
736276
736369
736448
736581
736676
736762
736857
736949
737060
737155
737242
737340
737403
737558
737640
737751
737909
737997
738102
738158
738241
738301
738488
738589
738665
738770
738837
739076
739138
739250
739340
739469
739570
739668
739755
739872
739933
740077
740159
740348
740608
740712
740796
740993
741086
741164
741411
741455
741531
741608
741728
741889
741960
742073
742157
742242
742348
742448
742505
742597
742760
742847
742925
743044
743198
743335
743467
743569
743686
743827
743916
744044
744151
744287
744365
744449
744535
744608
744761
744904
745008
745218
745278
745376
745465
745514
745687
745791
745881
745938
746009
746075
746135
746213
746295
746353
746427
746506
746599
746677
746817
746913
747128
747248
747333
747466
747525
747592
747744
747897
747981
748043
748122
748224
748298
748380
748458
748576
748645
748753
748838
748934
749055
749341
749486
749600
749673
749740
749830
749901
749989
750049
750155
750253
750323
750450
750518
750615
750731
750820
750947
751048
751125
751240
751335
751401
751490
751600
751676
751782
751871
751994
752069
752144
752231
752340
752458
752522
752605
752703
752772
752850
752938
753007
753057
753113
753225
753284
753401
753453
753566
753660
753770
753860
753924
754035
754150
754231
754394
754521
754644
754774
754879
754981
755142
755277
755357
755441
755714
755817
755964
756078
756160
756315
756388
756480
756699
756775
756840
756913
757014
757348
757480
757570
757683
757842
757947
758028
758100
758304
758393
758454
758544
758620
758682
758798
758861
758990
759034
759139
759331
759421
759597
759668
759816
760092
760397
760574
760637
760748
760862
761006
761056
761162
761260
761331
761411
761489
761588
761663
761776
761886
761937
762010
762153
762246
762383
762478
762552
762679
762762
762832
762973
763091
763189
763396
763532
763612
763715
763817
763907
763991
764076
764170
764287
764466
764549
764614
764688
764761
764844
764915
764995
765067
765140
765207
765335
765437
765561
765672
765763
765881
766035
766151
766293
766389
766476
766517
766572
766649
766753
766802
766872
766959
767074
767159
767273
767321
767391
767459
767515
767567
767720
767790
767888
767956
768046
768150
768216
768329
768408
768482
768545
768689
768767
768850
769119
769205
769267
769354
769506
769590
769655
769724
769790
769862
769912
769995
770042
770101
770169
770218
770261
770322
770370
770435
770488
770559
770633
770700
770792
770850
770921
770974
771033
771110
771171
771236
771319
771379
771443
771509
771595
771701
771761
771831
771917
772049
772137
772192
772263
772337
772399
772465
772713
772786
772848
772924
773018
773072
773123
773200
773279
773371
773426
773508
773578
773635
773712
773814
773947
774008
774089
774217
774316
774384
774445
774544
774622
774694
774812
774866
774934
774990
775057
775172
775258
775377
775615
775772
775830
775874
775937
776013
776079
776149
776192
776250
776340
776398
776445
776522
776667
776744
776848
776940
777024
777267
777346
777427
777615
777686
777794
777881
777998
778087
778168
778251
778331
778510
778678
778797
778980
779035
779101
779173
779238
779300
779375
779465
779558
779685
779739
779843
779936
780005
780062
780132
780171
780246
780345
780442
780541
780611
780724
780801
780854
780938
781056
781130
781205
781331
781473
781609
781698
781782
781875
781956
782112
782224
782312
782396
782456
782602
782732
782808
782913
783077
783154
783313
783396
783468
783561
783665
783720
783783
783832
783892
783963
784033
784108
784179
784252
784341
784415
784479
784541
784624
784676
784771
784931
785184
785237
785301
785343
785412
785464
785526
785627
785695
785782
785862
786043
786193
786291
786369
786433
786512
786605
786759
787001
787124
787200
787310
787397
787463
787558
787625
787677
787773
787861
787935
787988
788060
788163
788265
788331
788392
788458
788538
788671
788727
788854
788930
788987
789052
789204
789293
789607
789771
790000
790201
790318
790431
790518
790604
790712
790798
790885
791000
791162
791283
791410
791466
791527
791654
791769
791816
791871
791946
792059
792206
792338
792469
792540
792591
792692
792779
792868
792971
793023
793124
793230
793282
793399
793462
793531
793605
793674
793742
793812
793893
793955
794010
794092
794191
794235
794302
794363
794422
794500
794670
794730
794797
794862
794969
795019
795067
795154
795269
795350
795415
795601
795697
795886
795967
796048
796124
796163
796235
796284
796363
796420
796476
796523
796579
796663
796783
796840
796963
797130
797175
797238
797300
797374
797427
797492
797595
797659
797760
797838
797897
798006
798100
798192
798243
798327
798416
798549
798656
798781
798882
799046
799162
799240
799361
799453
799543
799615
799686
799781
799905
799991
800173
800237
800338
800488
800541
800654
800874
801015
801100
801271
801325
801420
801516
801596
801681
801802
801916
802156
802364
802443
802571
802641
802725
802825
802890
802960
803057
803131
803183
803247
803316
803403
803496
803624
803700
803800
803863
803937
803998
804090
804175
804247
804405
804465
804565
804650
804711
804782
804826
804931
804998
805080
805180
805404
805598
805735
805849
805936
805982
806030
806180
806241
806416
806512
806612
806721
806849
806916
806996
807076
807137
807264
807329
807431
807498
807565
807671
808029
808087
808185
808257
808357
808433
808512
808584
808676
808767
808799
808858
808954
809059
809162
809255
809346
809401
809503
809585
809648
809742
809811
809889
809969
810048
810156
810305
810410
810503
810590
810719
810859
811075
811180
811339
811462
811536
811645
811750
811880
811952
812116
812182
812365
812502
812586
812686
812756
812831
812981
813047
813264
813318
813443
813628
813709
813908
813969
814102
814209
814340
814488
814579
814695
814804
814877
814961
815048
815195
815249
815354
815446
815617
815700
815785
815897
815951
816016
816088
816181
816257
816310
816368
816451
816549
816662
816790
816875
817014
817185
817255
817429
817508
817736
817828
817949
818030
818125
818213
818286
818520
818594
818655
818755
818814
818897
819013
819066
819139
819187
819277
819346
819458
819522
819635
819768
819858
819916
820022
820167
820262
820353
820466
820677
820744
820850
820950
821038
821216
821315
821378
821527
821649
821725
821905
822012
822112
822215
822332
822457
822583
822787
822901
822983
823150
823248
823348
823459
823514
823672
823751
823842
823895
823950
824055
824142
824240
824287
824363
824438
824551
824664
824750
824857
824910
824995
825085
825140
825240
825337
825406
825529
825623
825703
825753
825866
826029
826164
826351
826474
826625
826696
826760
826848
826992
827116
827229
827306
827444
827527
827593
827682
827792
827936
828001
828082
828129
828219
828301
828378
828464
828497
828619
828776
828841
828920
828990
829067
829134
829225
829318
829453
829543
829649
829873
829947
830022
830079
830152
830233
830295
830363
830461
830563
830664
830768
830873
830992
831110
831254
831323
831433
831485
831580
831727
831808
831899
832001
832163
832234
832314
832390
832484
832540
832715
832777
832878
832973
833062
833214
833305
833431
833630
833686
833801
833970
834113
834295
834434
834500
834569
834796
834880
834964
835057
835143
835243
835344
835466
835546
835625
835702
835780
835867
835976
836080
836168
836231
836297
836365
836456
836829
836928
837020
837147
837200
837285
837372
837468
837591
837699
837815
837865
838003
838074
838170
838306
838396
838514
838584
838642
838734
838816
838879
838940
838993
839094
839159
839266
839346
839492
839584
839680
839757
839815
839902
839995
840121
840196
840329
840514
840570
840628
840691
840769
840889
840960
841013
841053
841139
841264
841375
841445
841551
841667
841771
841861
841938
842052
842148
842186
842287
842350
842410
842551
842608
842651
842697
842766
842847
842895
842945
842997
843068
843135
843217
843307
843385
843482
843547
843592
843673
843726
843794
843888
843959
844071
844166
844281
844360
844488
844588
844707
844781
844895
844959
845023
845114
845172
845240
845309
845367
845445
845501
845617
845685
845765
845835
845946
846009
846166
846232
846375
846466
846538
846600
846673
846760
846810
846891
846976
847056
847157
847278
847338
847456
847589
847691
847776
847825
847887
847973
848065
848150
848222
848327
848463
848698
848834
848906
848972
849020
849085
849141
849250
849314
849361
849442
849501
849559
849650
849782
849861
850012
850097
850171
850223
850293
850388
850502
850583
850666
850761
850873
850963
851048
851152
851229
851302
851383
851524
851609
851719
851777
851865
851974
852133
852211
852309
852403
852516
852602
852664
852801
852902
852967
853059
853108
853243
853350
853432
853509
853582
853667
853808
853908
853983
854060
854128
854261
854333
854419
854492
854543
854627
854822
854900
854968
855046
855192
855378
855434
855500
855600
855767
855824
855979
856086
856163
856275
856363
856440
856533
856618
856755
856884
856944
857015
857120
857191
857256
857323
857371
857432
857521
857618
857663
857721
857785
857853
857935
858061
858145
858217
858362
858479
858562
858641
858735
858799
859000
859084
859152
859226
859297
859371
859439
859486
859545
859583
859636
859701
859802
859925
860051
860128
860265
860344
860396
860511
860605
860714
860818
860919
861012
861092
861215
861344
861409
861500
861595
861685
861770
861910
862009
862116
862209
862335
862461
862581
862702
862876
862957
863045
863183
863275
863348
863408
863533
863664
863776
863848
863927
863998
864155
864217
864281
864389
864475
864599
864676
864743
864830
864922
865026
865152
865279
865350
865446
865656
865725
865891
866100
866192
866240
866334
866373
866414
866458
866545
866635
866725
866788
866873
866926
867005
867143
867215
867269
867346
867441
867509
867582
867721
867946
868046
868142
868229
868344
868443
868510
868602
868698
868800
868853
868938
869037
869204
869312
869394
869467
869582
869667
869749
869861
869993
870078
870201
870300
870397
870444
870716
870857
870967
871036
871101
871200
871335
871403
871491
871620
871689
871806
871894
871974
872043
872131
872199
872349
872444
872520
872652
872734
872800
872941
873055
873153
873225
873324
873434
873510
873587
873704
873782
873845
873949
874018
874062
874154
874218
874282
874390
874436
874490
874554
874670
874757
874843
874955
875023
875095
875172
875279
875365
875452
875512
875601
875687
875753
875823
875932
876092
876170
876252
876359
876444
876529
876636
876706
876779
876871
876980
877076
877138
877222
877297
877366
877462
877548
877651
877724
877872
877964
878068
878186
878288
878372
878485
878569
878810
878910
879014
879119
879251
879339
879380
879467
879578
879666
879746
879843
879912
880025
880075
880194
880268
880372
880532
880646
880724
880782
880850
880929
881068
881168
881231
881316
881434
881533
881611
881729
881818
881923
882030
882090
882147
882226
882292
882362
882469
882518
882600
882686
882755
882861
882982
883071
883184
883251
883339
883391
883503
883604
883787
883868
883941
884031
884182
884250
884315
884383
884446
884523
884621
884756
884835
884923
885034
885124
885257
885332
885523
885635
885779
885843
885918
886057
886116
886231
886328
886410
886494
886571
886625
886716
886768
886864
886927
886985
887067
887228
887318
887448
887566
887646
887746
887901
887979
888035
888096
888151
888247
888312
888423
888501
888574
888618
888711
888805
888930
889066
889142
889189
889256
889364
889490
889707
889918
889971
890126
890253
890337
890413
890496
890583
890662
890741
890824
890915
891014
891175
891280
891403
891466
891574
891673
891759
891830
891892
891995
892086
892142
892283
892386
892590
892668
892813
892891
892987
893115
893173
893250
893345
893431
893514
893593
893670
893731
893792
893895
894003
894067
894112
894204
894291
894382
894442
894528
894579
894652
894715
894778
894848
894893
894941
895023
895104
895173
895248
895316
895391
895484
895564
895688
895763
895838
895936
896088
896251
896336
896408
896492
896579
896682
896754
896853
896962
897079
897146
897225
897286
897366
897449
897528
897615
897753
897810
897923
897999
898057
898161
898254
898309
898385
898451
898500
898581
898710
898810
898886
899022
899262
899418
899546
899615
899692
899905
899997
900092
900168
900291
900410
900545
900621
900691
900739
900796
900874
900959
901025
901114
901195
901262
901312
901363
901542
901720
901783
901873
901964
902058
902153
902238
902326
902379
902439
902508
902804
902900
902972
903040
903093
903243
903345
903500
903590
903656
903725
903812
903869
903947
904011
904095
904271
904358
904466
904609
904770
904881
904939
905109
905162
905324
905414
905471
905536
905618
905707
905817
905896
905951
905998
906059
906116
906167
906238
906295
906366
906422
906529
906585
906688
906761
906817
906911
906973
907022
907226
907280
907420
907513
907646
907823
907941
908009
908110
908386
908451
908508
908578
908675
908781
908958
909052
909187
909236
909342
909416
909493
909576
909656
909759
909884
909972
910098
910193
910332
910456
910645
910731
910814
910996
911135
911201
911300
911409
911468
911565
911622
911735
911795
911875
911976
912044
912127
912191
912271
912344
912452
912545
912604
912667
912734
912830
912907
912975
913041
913104
913161
913211
913344
913402
913513
913595
913675
913804
913900
913982
914124
914282
914361
914459
914539
914641
914841
914920
914985
915049
915167
915271
915331
915427
915529
915637
915706
915846
915919
915993
916053
916148
916274
916336
916400
916475
916628
916757
916827
916931
917010
917141
917208
917273
917366
917434
917501
917617
917715
917818
917975
918100
918174
918415
918483
918638
918712
918809
918905
918984
919202
919293
919410
919494
919619
919682
919775
919830
919919
920000
920087
920188
920474
920525
920695
920741
920786
920862
920943
921002
921055
921162
921250
921307
921359
921427
921511
921598
921720
921775
921866
921932
921996
922087
922142
922241
922351
922427
922560
922676
922830
922926
923010
923086
923157
923221
923326
923375
923462
923612
923742
923799
923885
923944
924003
924195
924290
924401
924478
924690
924742
924838
924934
925004
925051
925111
925230
925279
925391
925486
925613
925788
925905
926029
926084
926137
926220
926310
926422
926500
926567
926645
926721
926869
927079
927139
927279
927372
927449
927561
927723
927885
927961
928020
928090
928183
928253
928326
928415
928468
928569
928625
928709
928756
928986
929082
929213
929447
929533
929667
929732
929802
929896
929989
930059
930141
930235
930342
930420
930503
930556
930627
930732
930857
930997
931084
931159
931231
931308
931424
931502
931557
931669
931726
931796
931862
931930
931980
932033
932078
932133
932200
932241
932300
932496
932553
932615
932676
932751
932816
932992
933088
933157
933240
933339
933390
933442
933551
933678
933733
933862
933958
934063
934118
934194
934267
934372
934473
934533
934654
934751
934844
934944
935037
935107
935179
935320
935425
935546
935637
935704
935794
935858
935952
936056
936126
936234
936309
936393
936484
936581
936723
936788
936915
936983
937154
937251
937334
937405
937479
937542
937594
937649
937720
937823
937908
938004
938065
938140
938224
938281
938365
938444
938522
938633
938750
938901
938955
939057
939114
939237
939332
939423
939486
939560
939628
939709
939755
939823
939929
939981
940067
940213
940282
940401
940470
940550
940620
940764
940969
941107
941180
941264
941349
941436
941510
941568
941724
941827
941934
942058
942152
942239
942331
942398
942492
942598
942682
942770
942863
943003
943124
943227
943312
943403
943496
943569
943644
943776
943879
943951
944016
944169
944230
944386
944482
944582
944713
944789
944869
944946
945098
945162
945223
945293
945366
945458
945512
945586
945651
945728
945823
945906
946098
946183
946235
946318
946406
946502
946574
946685
946793
946862
946947
947092
947174
947250
947314
947369
947421
947500
947613
947680
947816
947915
948001
948245
948354
948503
948628
948741
948844
948940
949059
949142
949205
949272
949331
949396
949467
949548
949626
949688
949794
949874
949959
950062
950165
950260
950396
950535
950635
950713
950782
950879
950960
951174
951245
951305
951389
951463
951530
951647
951712
951837
951935
952074
952160
952258
952383
952493
952609
952683
952776
952826
952914
953084
953151
953430
953513
953586
953671
953774
953920
954003
954078
954150
954201
954261
954374
954452
954522
954601
954660
954747
954854
955004
955096
955221
955318
955378
955475
955609
955668
955756
955840
955938
956023
956086
956147
956266
956351
956490
956564
956640
956816
957077
957150
957217
957281
957551
957596
957686
957786
957851
957913
957976
958033
958112
958228
958447
958566
958659
958749
958864
958917
958989
959069
959148
959231
959351
959443
959501
959579
959640
959749
959818
959861
959916
959978
960051
960151
960227
960337
960486
960550
960679
960747
960856
961023
961125
961218
961293
961356
961523
961642
961751
961885
962003
962106
962176
962266
962367
962430
962512
962602
962721
962790
962936
963198
963358
963428
963512
963617
963671
963766
963824
963899
963990
964034
964137
964217
964338
964409
964513
964616
964732
964817
964909
965006
965084
965164
965254
965325
965405
965462
965556
965661
965738
965790
965846
965901
966019
966065
966114
966275
966348
966396
966490
966543
966631
966691
966737
966777
966888
966948
967109
967197
967368
967448
967624
967759
967823
967944
968067
968137
968253
968306
968361
968435
968495
968584
968659
968787
968874
968944
969080
969199
969311
969374
969428
969486
969540
969635
969713
969790
969847
969938
970018
970153
970259
970310
970445
970495
970582
970681
970809
970874
970947
971058
971145
971242
971328
971420
971484
971557
971670
971733
971812
971889
972002
972052
972166
972237
972348
972458
972530
972772
972859
972919
972980
973021
973063
973121
973207
973285
973398
973466
973575
973653
973756
973861
973955
974188
974274
974406
974519
974637
974698
974777
974869
974990
975081
975182
975306
975423
975517
975612
975710
975783
975841
975927
976012
976110
976366
976430
976561
976664
976876
976958
977122
977164
977419
977511
977630
977755
977942
978018
978167
978227
978282
978330
978406
978485
978562
978624
978732
978870
978984
979083
979227
979323
979441
979534
979663
979797
979925
980014
980079
980175
980245
980308
980344
980454
980647
980742
980787
980820
980985
981119
981192
981251
981347
981431
981644
981778
981863
981914
981997
982056
982127
982219
982449
982535
982608
982661
982734
982797
982846
983010
983058
983270
983388
983490
983552
983615
983724
983791
983833
983897
983981
984051
984114
984218
984325
984451
984540
984632
984685
984760
984910
985007
985078
985148
985225
985304
985428
985514
985582
985679
985796
985851
985928
985991
986192
986289
986453
986532
986591
986672
986804
986866
986928
987020
987114
987176
987233
987330
987436
987533
987631
987709
987824
987947
988087
988190
988246
988344
988411
988481
988587
988722
988794
988863
988910
988982
989087
989147
989245
989337
989421
989517
989618
989709
989769
989845
989935
990031
990121
990216
990303
990419
990610
990681
990765
990845
990973
991041
991149
991230
991297
991374
991463
991546
991684
991755
991840
992011
992105
992221
992369
992486
992586
992644
992706
992762
992897
993003
993073
993157
993239
993329
993425
993524
993636
993745
993813
993899
994160
994231
994270
994368
994443
994517
994629
994689
994823
994870
994938
995078
995139
995199
995291
995343
995410
995482
995581
995683
995758
995873
995931
996009
996106
996220
996427
996527
996660
996761
996827
996901
997073
997183
997302
997415
997641
997727
997789
997871
997949
998019
998108
998195
998289
998385
998494
998596
998685
998756
998928
999036
999104
999236
999306
999408
999494
999558
999697
999747
999850
999934
1000003
1000107
1000226
1000337
1000409
1000470
1000567
1000634
1000734
1000812
1000912
1001032
1001163
1001221
1001284
1001377
1001467
1001584
1001673
1001749
1001858
1001930
1002019
1002107
1002217
1002365
1002452
1002546
1002670
1002778
1002898
1002972
1003069
1003149
1003261
1003369
1003437
1003534
1003685
1003772
1003845
1003929
1004013
1004098
1004242
1004299
1004366
1004538
1004689
1004786
1004890
1004974
1005120
1005254
1005388
1005477
1005536
1005699
1005919
1005987
1006063
1006140
1006223
1006314
1006411
1006529
1006616
1006788
1006885
1007000
1007062
1007135
1007199
1007269
1007342
1007431
1007546
1007654
1007777
1007864
1007969
1008092
1008187
1008284
1008430
1008567
1008686
1008744
1008829
1008905
1008990
1009105
1009201
1009314
1009427
1009517
1009590
1009684
1009762
1009870
1009981
1010097
1010188
1010316
1010420
1010487
1010582
1010686
1010872
1010939
1011009
1011070
1011145
1011369
1011426
1011562
1011636
1011738
1011826
1011927
1012049
1012238
1012313
1012380
1012467
1012610
1012668
1012783
1012899
1012994
1013228
1013393
1013460
1013562
1013662
1013763
1013894
1014000
1014097
1014213
1014322
1014398
1014463
1014561
1014651
1014720
1014852
1014932
1015018
1015188
1015270
1015357
1015429
1015523
1015570
1015646
1015691
1015782
1015864
1015957
1016013
1016076
1016143
1016194
1016293
1016415
1016483
1016582
1016773
1016864
1016991
1017101
1017179
1017231
1017298
1017359
1017443
1017553
1017641
1017738
1018099
1018181
1018295
1018466
1018570
1018661
1018733
1018882
1018940
1019039
1019130
1019224
1019365
1019506
1019637
1019700
1019863
1019994
1020100
1020177
1020258
1020380
1020472
1020537
1020628
1020759
1020850
1020937
1021164
1021264
1021372
1021467
1021545
1021603
1021662
1021755
1021896
1022099
1022157
1022257
1022362
1022438
1022503
1022587
1022677
1022753
1022858
1022962
1023038
1023133
1023204
1023297
1023364
1023429
1023526
1023630
1023754
1023875
1023953
1024058
1024189
1024263
1024410
1024520
1024630
1024681
1024753
1024809
1024914
1025052
1025109
1025180
1025250
1025306
1025380
1025488
1025570
1025952
1026119
1026196
1026312
1026419
1026549
1026660
1026769
1027006
1027129
1027206
1027285
1027413
1027488
1027593
1027747
1027898
1028018
1028165
1028284
1028356
1028518
1028657
1028805
1028902
1028972
1029039
1029103
1029218
1029380
1029473
1029556
1029658
1029743
1029851
1029951
1030025
1030169
1030274
1030355
1030447
1030529
1030641
1030726
1030821
1030920
1030994
1031046
1031177
1031287
1031526
1031618
1031811
1031875
1031948
1032077
1032163
1032255
1032365
1032446
1032589
1032675
1032727
1032815
1032924
1032988
1033095
1033174
1033230
1033295
1033374
1033475
1033586
1033665
1033745
1033921
1034018
1034159
1034254
1034390
1034463
1034531
1034639
1034704
1034783
1034878
1034934
1035171
1035258
1035336
1035401
1035597
1035651
1035761
1035916
1036011
1036062
1036107
1036163
1036240
1036301
1036376
1036492
1036553
1036651
1036757
1036808
1036873
1036974
1037082
1037282
1037327
1037425
1037661
1037743
1037826
1037892
1037965
1038074
1038143
1038251
1038374
1038427
1038539
1038620
1038708
1038794
1038896
1038975
1039060
1039111
1039210
1039306
1039428
1039490
1039553
1039653
1039801
1039872
1039982
1040048
1040124
1040389
1040476
1040582
1040661
1040746
1040886
1040960
1041141
1041254
1041344
1041391
1041463
1041533
1041594
1041701
1041811
1041876
1041973
1042085
1042193
1042270
1042359
1042450
1042547
1042627
1042713
1042801
1042892
1043063
1043145
1043198
1043286
1043399
1043591
1043668
1043817
1043938
1044011
1044181
1044290
1044366
1044422
1044542
1044622
1044710
1044795
1044882
1044948
1045100
1045209
1045290
1045368
1045467
1045561
1045691
1045756
1045842
1045968
1046033
1046118
1046244
1046340
1046465
1046545
1046633
1046758
1046826
1046890
1046947
1047028
1047152
1047204
1047312
1047412
1047507
1047649
1047780
1047876
1047969
1048109
1048222
1048381
1048548
1048633
1048719
1048780
1048924
1048999
1049081
1049229
1049278
1049331
1049415
1049499
1049571
1049659
1049762
1049837
1049886
1049968
1050066
1050132
1050235
1050338
1050434
1050652
1050771
1050895
1050978
1051066
1051260
1051324
1051388
1051476
1051564
1051663
1051751
1051893
1051986
1052127
1052215
1052293
1052390
1052475
1052579
1052657
1052773
1052857
1052979
1053052
1053145
1053207
1053303
1053481
1053576
1053654
1053807
1053906
1054043
1054127
1054197
1054276
1054436
1054508
1054584
1054670
1054741
1054818
1054886
1054968
1055064
1055125
1055203
1055280
1055351
1055426
1055633
1055839
1055915
1055982
1056054
1056123
1056220
1056319
1056389
1056482
1056604
1056698
1056783
1056957
1057055
1057248
1057346
1057443
1057515
1057565
1057657
1057748
1057863
1057926
1058004
1058054
1058105
1058201
1058324
1058477
1058562
1058644
1058721
1058851
1058929
1058992
1059074
1059144
1059248
1059340
1059432
1059537
1059622
1059750
1059817
1059922
1060010
1060122
1060228
1060297
1060387
1060461
1060529
1060632
1060735
1060806
1060876
1061100
1061287
1061398
1061592
1061746
1061829
1061987
1062084
1062137
1062196
1062278
1062354
1062403
1062519
1062626
1062728
1062819
1062894
1062984
1063075
1063169
1063216
1063351
1063408
1063536
1063605
1063693
1063813
1063971
1064167
1064330
1064440
1064540
1064605
1064694
1064796
1064922
1065032
1065137
1065260
1065334
1065472
1065593
1065692
1065748
1065832
1065921
1066034
1066198
1066319
1066456
1066518
1066575
1066712
1066853
1066908
1067007
1067087
1067174
1067271
1067328
1067405
1067521
1067585
1067758
1067814
1067900
1067992
1068093
1068214
1068296
1068438
1068599
1068668
1068780
1068840
1068952
1069102
1069193
1069286
1069338
1069466
1069528
1069753
1069840
1069985
1070115
1070230
1070342
1070514
1070587
1070712
1070789
1070854
1070951
1071045
1071139
1071198
1071271
1071353
1071412
1071527
1071607
1071678
1071768
1071864
1071951
1072048
1072274
1072348
1072450
1072522
1072614
1072694
1072774
1072833
1072890
1072981
1073077
1073170
1073276
1073371
1073486
1073571
1073680
1073741
1073815
1073890
1073980
1074094
1074169
1074281
1074353
1074460
1074508
1074586
1074676
1074753
1074817
1074887
1074967
1075076
1075130
1075208
1075292
1075352
1075403
1075506
1075647
1075809
1075904
1075986
1076074
1076150
1076282
1076430
1076483
1076556
1076677
1076743
1076858
1076986
1077051
1077131
1077250
1077479
1077603
1077681
1077802
1077906
1077978
1078051
1078113
1078157
1078214
1078287
1078357
1078504
1078564
1078679
1078769
1078856
1078943
1079041
1079152
1079242
1079325
1079405
1079503
1079634
1079725
1079795
1079889
1080020
1080094
1080238
1080320
1080370
1080440
1080511
1080579
1080662
1080717
1080789
1080844
1080898
1080987
1081202
1081258
1081329
1081451
1081542
1081639
1081742
1081866
1081977
1082089
1082166
1082233
1082345
1082446
1082528
1082656
1082800
1082896
1082978
1083116
1083225
1083304
1083410
1083509
1083655
1083766
1083941
1084065
1084138
1084239
1084307
1084387
1084460
1084547
1084623
1084725
1084829
1084909
1085020
1085100
1085202
1085249
1085320
1085390
1085463
1085527
1085592
1085706
1085853
1086034
1086160
1086299
1086394
1086535
1086613
1086740
1086821
1087055
1087234
1087324
1087381
1087497
1087570
1087632
1087702
1087808
1087865
1087927
1088056
1088118
1088184
1088255
1088356
1088452
1088547
1088691
1088764
1088953
1089125
1089269
1089338
1089445
1089565
1089675
1089785
1089859
1089955
1090021
1090122
1090236
1090331
1090392
1090499
1090572
1090656
1090728
1090820
1090970
1091051
1091129
1091229
1091317
1091417
1091509
1091582
1091681
1091838
1091931
1092001
1092117
1092216
1092292
1092361
1092480
1092576
1092657
1092744
1092829
1092950
1093040
1093143
1093274
1093362
1093473
1093566
1093727
1093811
1093947
1094077
1094176
1094275
1094362
1094458
1094559
1094651
1094756
1094855
1094949
1095078
1095185
1095312
1095403
1095472
1095640
1095753
1095905
1095976
1096085
1096246
1096342
1096436
1096558
1096626
1096738
1096868
1096984
1097062
1097155
1097272
1097509
1097581
1097668
1097762
1097869
1097932
1098060
1098111
1098165
1098303
1098404
1098509
1098617
1098678
1098761
1098841
1098910
1099016
1099107
1099227
1099333
1099400
1099489
1099601
1099753
1099808
1099896
1099964
1100095
1100169
1100242
1100340
1100537
1100789
1100862
1100928
1100992
1101075
1101134
1101204
1101255
1101336
1101396
1101444
1101508
1101603
1101646
1101715
1101798
1101900
1102029
1102139
1102197
1102268
1102356
1102474
1102519
1102583
1102671
1102794
1102866
1102924
1103036
1103162
1103245
1103353
1103450
1103544
1103629
1103697
1103777
1103834
1103902
1104037
1104103
1104183
1104243
1104313
1104395
1104465
1104570
1104651
1104766
1104830
1104896
1105031
1105091
1105153
1105229
1105293
1105387
1105443
1105543
1105619
1105721
1105921
1105997
1106132
1106211
1106326
1106402
1106491
1106550
1106603
1106659
1106736
1106831
1106890
1106956
1107015
1107073
1107174
1107250
1107331
1107428
1107499
1107603
1107707
1107782
1107882
1107954
1108038
1108175
1108324
1108433
1108535
1108631
1108708
1108785
1108896
1108968
1109081
1109167
1109222
1109289
1109387
1109450
1109536
1109635
1109767
1109890
1109976
1110073
1110178
1110302
1110380
1110512
1110629
1110712
1110806
1110924
1111045
1111112
1111246
1111364
1111465
1111538
1111674
1111736
1111816
1111908
1111964
1112049
1112138
1112213
1112311
1112418
1112525
1112630
1112727
1112853
1112977
1113091
1113183
1113260
1113394
1113487
1113573
1113719
1113882
1113951
1114057
1114142
1114238
1114352
1114470
1114607
1114703
1114919
1115015
1115072
1115148
1115196
1115316
1115405
1115492
1115576
1115709
1115798
1115883
1116012
1116106
1116198
1116284
1116552
1116648
1116722
1116826
1116961
1117038
1117141
1117211
1117289
1117371
1117553
1117647
1117800
1117965
1118050
1118131
1118183
1118284
1118397
1118539
1118606
1118700
1118837
1118965
1119034
1119134
1119221
1119440
1119492
1119560
1119624
1119703
1119807
1119920
1119997
1120127
1120222
1120309
1120386
1120550
1120655
1120820
1120916
1121120
1121218
1121328
1121427
1121486
1121584
1121637
1121751
1121837
1121928
1122112
1122212
1122296
1122373
1122452
1122575
1122634
1122717
1122774
1122839
1122911
1123000
1123123
1123206
1123372
1123468
1123550
1123644
1123737
1123828
1123931
1124021
1124088
1124205
1124310
1124401
1124490
1124592
1124678
1124748
1124832
1124897
1124984
1125122
1125199
1125324
1125390
1125515
1125584
1125649
1125724
1125806
1125873
1125949
1126033
1126118
1126262
1126413
1126573
1126687
1126762
1126831
1126909
1126980
1127036
1127099
1127161
1127273
1127324
1127409
1127457
1127535
1127799
1127881
1127949
1128019
1128085
1128238
1128377
1128483
1128569
1128710
1128772
1128861
1128925
1129027
1129156
1129262
1129336
1129431
1129487
1129578
1129712
1129851
1129930
1130063
1130186
1130254
1130371
1130510
1130582
1130701
1130870
1130957
1131059
1131204
1131346
1131435
1131575
1131657
1131775
1131857
1131950
1132069
1132145
1132258
1132343
1132415
1132514
1132667
1132785
1132858
1133002
1133105
1133177
1133243
1133368
1133428
1133491
1133601
1133704
1133753
1133874
1133936
1134019
1134241
1134297
1134435
1134511
1134601
1134659
1134745
1134812
1134913
1135050
1135242
1135368
1135448
1135547
1135636
1135743
1135904
1135968
1136050
1136124
1136226
1136320
1136399
1136473
1136547
1136651
1136741
1136815
1136914
1137077
1137140
1137255
1137432
1137523
1137585
1137659
1137762
1137817
1137901
1137975
1138052
1138120
1138201
1138293
1138368
1138482
1138575
1138686
1138777
1138832
1138898
1138997
1139045
1139174
1139367
1139461
1139574
1139632
1139835
1139943
1140068
1140171
1140315
1140404
1140501
1140580
1140809
1140919
1140999
1141082
1141134
1141204
1141297
1141426
1141491
1141540
1141662
1141754
1141887
1141947
1142006
1142355
1142485
1142581
1142670
1142799
1142862
1142960
1143064
1143201
1143280
1143335
1143383
1143475
1143580
1143726
1143808
1143892
1143960
1144084
1144138
1144225
1144314
1144381
1144478
1144574
1144689
1144766
1144858
1144949
1145058
1145129
1145170
1145246
1145302
1145376
1145445
1145536
1145767
1145838
1146061
1146159
1146249
1146323
1146397
1146511
1146569
1146629
1146693
1146760
1146826
1146902
1146964
1147021
1147093
1147185
1147269
1147338
1147400
1147486
1147562
1147630
1147712
1147777
1147850
1147918
1147979
1148045
1148135
1148333
1148427
1148540
1148659
1148817
1148907
1149083
1149163
1149259
1149325
1149375
1149505
1149567
1149655
1149851
1149936
1150013
1150102
1150196
1150315
1150444
1150540
1150639
1150744
1151008
1151137
1151216
1151296
1151358
1151465
1151574
1151650
1151710
1151781
1151924
1152021
1152090
1152166
1152235
1152322
1152383
1152458
1152549
1152666
1152759
1152845
1152945
1153040
1153150
1153206
1153296
1153411
1153516
1153595
1153674
1153777
1153957
1154069
1154182
1154277
1154370
1154458
1154575
1154621
1154718
1154762
1154873
1154964
1155058
1155149
1155271
1155363
1155441
1155518
1155592
1155681
1155771
1155862
1155952
1156027
1156102
1156181
1156254
1156309
1156380
1156497
1156614
1156711
1156811
1156926
1156998
1157097
1157200
1157452
1157505
1157566
1157630
1157705
1157767
1157828
1157926
1158049
1158127
1158204
1158312
1158401
1158497
1158606
1158672
1158745
1158823
1158904
1159013
1159129
1159196
1159280
1159354
1159402
1159572
1159669
1159783
1159872
1159990
1160098
1160148
1160278
1160451
1160544
1160634
1160689
1160788
1160884
1160984
1161138
1161244
1161328
1161396
1161501
1161599
1161714
1161852
1161953
1162008
1162106
1162197
1162297
1162383
1162480
1162589
1162679
1162787
1162871
1162978
1163046
1163142
1163259
1163326
1163398
1163465
1163553
1163635
1163731
1163824
1163936
1164124
1164192
1164299
1164399
1164505
1164635
1164758
1164867
1164948
1165077
1165146
1165275
1165361
1165438
1165500
1165594
1165679
1165780
1165843
1165931
1166017
1166109
1166179
1166284
1166353
1166413
1166479
1166576
1166642
1166778
1166824
1166884
1166942
1167060
1167143
1167203
1167305
1167397
1167473
1167597
1167689
1167742
1167899
1167989
1168067
1168217
1168310
1168398
1168450
1168511
1168586
1168639
1168733
1168790
1168871
1168949
1169056
1169132
1169213
1169340
1169395
1169564
1169633
1169765
1169878
1170014
1170079
1170200
1170267
1170408
1170519
1170597
1170704
1170866
1170942
1171003
1171114
1171166
1171273
1171355
1171419
1171486
1171527
1171595
1171646
1171742
1171798
1171846
1171906
1172072
1172140
1172219
1172288
1172424
1172511
1172583
1172707
1172980
1173101
1173230
1173363
1173433
1173581
1173771
1173820
1173913
1174031
1174117
1174193
1174250
1174376
1174447
1174569
1174679
1174778
1174857
1175063
1175296
1175402
1175459
1175522
1175595
1175675
1175774
1175849
1175974
1176060
1176157
1176255
1176332
1176389
1176449
1176513
1176571
1176656
1176705
1176785
1176848
1176948
1176995
1177092
1177163
1177253
1177318
1177420
1177490
1177554
1177639
1177929
1178006
1178072
1178161
1178261
1178365
1178459
1178567
1178682
1178765
1178897
1178962
1179010
1179104
1179189
1179265
1179331
1179419
1179520
1179657
1179740
1179869
1179947
1180023
1180124
1180210
1180283
1180342
1180393
1180502
1180595
1180678
1180804
1180961
1181031
1181149
1181216
1181341
1181424
1181577
1181695
1181751
1181839
1182012
1182069
1182129
1182190
1182277
1182401
1182497
1182597
1182658
1182729
1182868
1182955
1183037
1183108
1183227
1183305
1183396
1183477
1183556
1183666
1183789
1183923
1184017
1184097
1184225
1184337
1184420
1184548
1184646
1184757
1184918
1184973
1185055
1185113
1185221
1185292
1185386
1185436
1185475
1185518
1185568
1185655
1185744
1185828
1185924
1186033
1186120
1186195
1186262
1186322
1186391
1186459
1186521
1186644
1186755
1186838
1186929
1186972
1187020
1187091
1187153
1187212
1187309
1187401
1187463
1187533
1187587
1187659
1187718
1187781
1187852
1187915
1188006
1188244
1188323
1188445
1188532
1188608
1188647
1188763
1188871
1188959
1189039
1189208
1189332
1189393
1189466
1189526
1189577
1189674
1189767
1189824
1189888
1189955
1190022
1190132
1190244
1190337
1190425
1190646
1190692
1190760
1190814
1191025
1191088
1191167
1191261
1191381
1191736
1191804
1191892
1191985
1192066
1192212
1192305
1192367
1192444
1192498
1192604
1192688
1192776
1192897
1192955
1193052
1193164
1193337
1193509
1193608
1193713
1193802
1193895
1193978
1194041
1194180
1194300
1194419
1194527
1194603
1194745
1194840
1194921
1195024
1195124
1195240
1195298
1195353
1195449
1195511
1195712
1195780
1195884
1195959
1196084
1196180
1196320
1196445
1196505
1196567
1196672
1196763
1196867
1196962
1197037
