726
2121
4442
6361
6970
8935
10741
12660
14869
16966
18838
21056
23087
25306
25652
27047
28900
32176
35677
38597
41695
44840
47779
50334
52600
54471
58646
61426
64206
66827
68727
70205
73004
75710
78414
81222
84152
86183
87709
90479
92941
95599
98847
102058
104764
107393
110491
113037
115536
118041
120525
122936
125345
127367
129623
131663
133666
136278
139207
141810
144430
146789
148764
151170
154118
157194
160362
163721
167203
170180
172903
175496
178211
180832
183536
186410
189330
192466
194712
196977
199440
201619
203857
207320
211082
214350
217682
220873
223672
226621
229438
232077
234736
237993
240015
243197
246239
249964
252155
255065
257677
260738
264425
266962
268029
270744
273336
275975
278606
282649
284428
287844
291279
294172
296746
299956
301912
304421
307425
309597
312227
315175
319004
322795
326276
329262
332108
334775
337847
340925
344014
345315
347430
350116
353542
356388
358971
361573
364428
367574
369586
371701
374284
377054
380864
385001
387837
391141
393921
397019
399995
403319
406847
409365
411200
414046
417040
420073
423191
425333
427768
429873
432194
433898
435255
437239
439074
441170
443885
446646
449875
453058
456905
460461
463494
465506
467584
470448
473125
476336
479631
483216
486669
490133
493090
496086
498940
501561
504425
507692
511193
514562
517745
520609
523184
525822
528686
531298
533834
536334
538740
542333
543503
546723
549092
551534
554426
557684
561222
564910
568476
572023
575009
578220
580765
583536
586307
589489
592784
596022
598980
601816
605045
607657
610558
614106
617373
620003
622586
625628
629072
633623
637365
640660
642495
645593
648457
651714
656054
658950
660494
662628
664257
664931
667486
670668
674066
678381
682518
685008
687900
690923
693900
696577
699207
701126
701744
704168
706629
709335
713341
717814
721091
724685
727530
730160
732753
735992
738828
741598
744397
748272
751773
755180
759148
761984
765073
768312
771747
774705
776352
778411
779609
780630
781903
782782
785787
789147
791666
794267
795044
797774
801147
803973
806538
809926
813240
816366
819436
822085
824846
827898
830145
831389
832437
833729
835301
835825
838765
843538
847057
850652
854190
857737
859469
861450
864224
864813
866807
869334
872265
874445
877365
880557
883908
888532
891692
895233
897873
901074
903648
906531
909704
912933
916602
920150
921834
922536
924184
924942
925533
926552
932870
935772
939984
943671
947640
951899
955493
957936
959162
959827
961502
962260
964422
967015
969730
973099
975963
978790
980185
980877
982347
983695
985267
986306
990893
996331
1000346
1003416
1006337
1008695
1011260
1014124
1017026
1020086
1022941
1025543
1027649
1030280
1032058
1032713
1034913
1037065
1039873
1042738
1046927
1049972
1052800
1056244
1060157
1063189
1065520
1067785
1070936
1074374
1076331
1078427
1079140
1081993
1085054
1087947
1091456
1095107
1099113
1102127
1104869
1107518
1110083
1113312
1116859
1120070
1122625
1125527
1128120
1131171
1133932
1136356
1139183
1141916
1143143
1145155
1148038
1150220
1152184
1155207
1159728
1163098
1166692
1170006
1171662
1174274
1176941
1179908
1183194
1187584
1190457
1193827
1196691
