11993
24518
28704
43417
53752
58740
67979
76748
87029
91191
99866
108454
117238
131235
137122
139761
146370
153659
164138
174383
190354
206240
229801
230801
237614
256270
257629
260029
267288
283201
290836
294876
315755
341896
357710
360784
369118
392291
401915
408093
411636
419345
424338
437370
443030
456550
461406
472410
479713
493102
500521
506121
520271
530303
562872
571350
572774
594492
599374
607618
613544
619409
625275
642295
647992
658480
665096
671111
680263
691827
693596
706564
720318
723523
726584
731026
739352
749180
772593
822607
826192
848507
854653
865969
899734
904638
908261
914668
923532
945947
951051
956898
957354
972594
977280
980515
993973
1011216
1025771
1031380
1040253
1055694
1077343
1119285
1127592
1139192
1150864
1172795
1175095
1177725
