1428
3562
6043
6679
7419
9731
11697
13465
16067
17921
19849
21945
24800
25475
25820
27945
29958
33702
37024
39973
43136
46272
49230
51308
53750
57354
59339
62689
65469
68062
69672
71563
74408
77020
79931
82448
85659
87231
89094
91574
94317
97215
100345
103499
106054
109012
111774
114263
116678
119308
121742
123988
126610
128546
130727
132618
134921
137654
140640
143092
145807
147716
149953
152592
155550
158639
161943
165342
168626
171688
174092
176806
179493
182048
185015
187861
190856
193729
195779
198157
200581
202930
205383
209014
212646
215951
219170
222333
225311
228081
230814
233341
237066
238854
241045
244582
248055
250844
253212
256395
259146
262310
266316
267618
269237
271885
274684
277324
279870
283848
285729
289660
292515
295482
298346
301454
302943
306134
308820
311020
313716
316795
320464
324667
327840
330320
333493
336273
339324
342338
344922
346120
348787
351614
355133
357773
359898
362790
365907
369323
370240
372843
375828
378711
382333
386574
389363
392395
395157
398198
401654
404948
408270
410209
412042
415300
418238
421552
424163
426232
428600
430815
433111
434197
436762
438447
439794
442453
445065
448059
451485
454565
458365
461903
465020
466545
468867
471721
474511
477684
481119
484704
488326
491705
494522
497471
500213
502872
506148
509592
513037
516191
518896
522031
524175
527273
529941
532262
535088
537784
540817
542914
544542
548305
549849
553238
556056
559220
562841
566473
569955
573550
576591
579760
581692
584725
587757
591024
594132
597576
599982
603136
606234
608677
612215
616012
618205
621154
623831
626966
630879
635287
638900
641877
643571
646875
649861
653193
657489
660214
661187
663480
664565
665932
668684
672175
675891
679944
683744
686047
689472
691990
695219
697887
700480
701500
702605
705150
707706
710701
714885
719172
722307
726108
729075
731508
734410
737611
740428
742975
746250
749844
753008
756958
760786
763501
766225
769703
773039
775856
777232
778963
780124
781275
782445
783569
787228
790018
792629
794726
796045
799144
802420
804844
808157
811340
814550
817845
820438
823264
826166
828927
830818
832016
833308
834244
835582
836892
840693
845073
848639
852345
855875
858973
861013
863025
864505
866031
868230
870832
873398
875858
879256
882008
885807
890104
893109
896656
899670
901982
904865
907991
910948
914449
918025
921273
922087
923950
924549
925140
926084
929622
933590
937419
941303
945113
949091
953359
956832
958797
959518
960903
961876
963252
965209
967699
971274
974391
977620
979436
980419
981664
983236
984322
985903
987345
993073
997903
1001788
1004736
1007516
1009931
1012552
1015472
1018402
1021490
1024355
1026442
1029025
1031272
1032329
1033537
1035643
1038554
1041062
1044488
1048391
1051480
1054025
1057760
1061533
1064397
1066746
1069470
1072592
1075939
1077641
1078708
1080103
1083285
1086449
1089285
1093066
1097129
1100639
1103400
1106273
1108735
1111655
1114978
1118254
1121371
1124048
1126631
1130310
1131864
1135018
1137377
1140297
1142927
1143803
1146540
1149507
1151669
1153120
1157033
1161161
1164698
1168218
1171438
1172701
1175631
1178570
1181387
1184897
1188838
1191861
1194987
