36
88
137
194
253
307
441
498
522
588
606
656
683
760
852
925
1033
1062
1099
1147
1203
1328
1386
1413
1454
1524
1557
1588
1601
1647
1750
1793
1817
1966
1979
2014
2029
2078
2150
2221
2318
2402
2425
2448
2473
2544
2565
2599
2606
2626
2662
2686
2707
2722
2763
2780
2806
2827
2848
2858
2940
2950
2970
3047
3074
3121
3140
3208
3275
3350
3383
3432
3533
3564
3611
3620
3632
3684
3700
3752
3881
3902
3942
4058
4083
4112
4184
4354
4405
4462
4510
4577
4646
4677
4783
4823
4859
5029
5144
5176
5190
5208
5229
5248
5331
5371
5420
5449
5479
5581
5647
5814
5885
5962
6237
6279
6357
6423
6446
6466
6592
6677
6738
6829
6885
6956
7045
7061
7077
7098
7115
7131
7143
7209
7238
7271
7292
7330
7359
7605
7718
7873
7891
7914
7925
7961
8000
8011
8064
8121
8175
8343
8415
8568
8784
8841
8930
9021
9053
9090
9131
9181
9303
9433
9487
9523
9571
9602
9665
9682
9712
9736
9761
9779
9799
9852
9925
9951
9990
10023
10082
10146
10258
10295
10321
10347
10402
10446
10469
10525
10546
10628
10677
10785
10806
10860
10925
10995
11075
11161
11205
11230
11246
11271
11374
11507
11532
11556
11612
11627
11678
11693
11719
11730
11775
11833
11912
11938
11989
12096
12136
12202
12248
12310
12329
12441
12477
12571
12605
12654
12707
12759
12789
12814
12850
12880
12893
12913
12926
12967
13036
13108
13129
13173
13204
13259
13290
13343
13357
13381
13407
13437
13465
13495
13568
13602
13645
13692
13708
13729
13741
13823
13850
13901
13936
13980
14019
14072
14207
14260
14331
14372
14433
14457
14553
14589
14650
14693
14744
14818
14845
14908
14990
15057
15108
15254
15274
15420
15475
15505
15550
15658
15919
15969
16017
16072
16091
16120
16129
16172
16202
16237
16242
16247
16268
16290
16325
16345
16378
16414
16450
16475
16536
16573
16637
16652
16665
16690
16707
16746
16795
16809
16817
16839
16854
16892
16975
17037
17153
17348
17387
17475
17513
17579
17591
17601
17742
17773
17819
17868
17937
17954
17989
18018
18062
18109
18206
18243
18439
18538
18613
18641
18701
18761
18851
18901
18936
18948
18975
19018
19043
19061
19101
19166
19231
19254
19343
19400
19417
19460
19521
19532
19562
19659
19689
19735
19772
19790
19807
19840
19890
19941
19962
19991
20037
20128
20169
20222
20259
20286
20322
20368
20435
20520
20584
20662
20707
20741
20770
20824
20994
21072
21137
21185
21217
21237
21270
21306
21349
21481
21497
21592
21642
21711
21815
21862
21958
21994
22033
22125
22191
22227
22323
22330
22351
22371
22384
22393
22405
22415
22428
22437
22449
22456
22477
22487
22496
22507
22524
22537
22546
22555
22560
22588
22614
22628
22655
22687
22723
22748
22775
22811
22833
22870
22954
23000
23030
23063
23105
23143
23175
23203
23253
23281
23347
23394
23428
23447
23482
23507
23550
23579
23650
23719
23763
23822
23893
23977
24026
24086
24130
24168
24223
24298
24338
24393
24486
24528
24557
24597
24641
24736
24812
24892
24945
24969
25031
25055
25100
25157
25292
25400
25468
25483
25517
25597
25676
25707
25760
25851
25913
25967
26027
26156
26203
26233
26298
26378
26457
26509
26538
26601
26652
26727
26755
26806
26966
27069
27133
27232
27277
27401
27622
27650
27762
27813
27855
27911
27933
27962
28045
28088
28135
28233
28303
28440
28469
28608
28665
28707
28778
28877
28915
29092
29172
29281
29378
29605
29664
29708
29814
29978
30121
30173
30227
30292
30327
30385
30438
30484
30531
30568
30625
30707
30891
31023
31067
31246
31301
31480
31531
31730
31773
31990
32118
32250
32355
32607
32669
32748
32954
33001
33054
33136
33181
33258
33282
33345
33438
33494
33552
33604
33760
33828
33965
34032
34075
34176
34262
34321
34371
34464
34537
34694
34730
34774
34814
34871
34928
34972
35013
35061
35229
35274
35317
35372
35438
35534
35605
35647
35686
35719
35781
35861
35893
35935
36011
36063
36100
36164
36231
36273
36349
36400
36483
36648
36698
36715
36767
36856
36899
36921
36987
37076
37164
37242
37307
37364
37514
37574
37700
37759
37827
37938
38055
38104
38190
38235
38293
38324
38394
38475
38548
38696
38736
38816
38895
38977
39050
39107
39232
39272
39430
39488
39528
39580
39685
39745
39804
39878
39923
39970
40032
40063
40089
40152
40186
40219
40294
40345
40549
40653
40789
40872
40935
40969
41018
41221
41282
41592
41709
41893
41963
42005
42068
42146
42221
42272
42325
42405
42457
42505
42577
42647
42695
42800
42860
42996
43219
43342
43430
43548
43641
43699
43748
43859
43904
43966
43985
44054
44107
44131
44195
44220
44324
44480
44510
44553
44632
44682
44756
44864
45203
45226
45328
45457
45536
45629
45755
45787
45837
45911
45942
45971
45992
46064
46169
46212
46295
46398
46430
46473
46520
46553
46616
46688
46718
46835
46884
46920
46971
46995
47057
47101
47143
47199
47303
47353
47409
47656
47765
47784
47808
47873
47924
47999
48124
48173
48244
48290
48358
48419
48491
48536
48611
48674
48795
48873
48893
48984
49068
49109
49204
49283
49335
49440
49560
49587
49621
49697
49786
49960
49997
50083
50148
50223
50304
50367
50443
50492
50566
50607
50652
50683
50733
50892
50951
50987
51093
51145
51270
51343
51401
51629
51674
51728
51802
51885
51902
51943
52000
52036
52081
52106
52165
52206
52263
52283
52470
52499
52578
52622
52664
52697
52735
52843
52930
53014
53164
53241
53389
53490
53564
53662
53757
53811
54022
54102
54185
54259
54435
54475
54613
54652
54696
54737
54782
54865
55009
55154
55327
55452
55492
55547
55631
55663
55823
55959
56053
56102
56144
56177
56235
56287
56385
56475
56572
56655
56774
56834
56861
56913
57156
57195
57272
57411
57466
57552
57603
57736
57966
58030
58197
58267
58340
58409
58470
58560
58650
58685
58715
58803
59023
59183
59240
59289
59344
59434
59589
59625
59645
59724
59754
59901
60015
60041
60104
60172
60323
60375
60433
60509
60591
60647
60759
60877
60958
60996
61064
61138
61175
61227
61297
61323
61378
61491
61579
61634
61729
61871
61970
62179
62202
62290
62326
62410
62466
62515
62578
62608
62706
62774
62812
62881
62948
62982
63029
63064
63112
63149
63177
63259
63367
63457
63531
63591
63701
63804
63834
64035
64080
64188
64275
64307
64433
64469
64531
64606
64648
64706
64802
64839
64945
65064
65120
65172
65261
65285
65358
65449
65571
65667
65759
65978
66054
66186
66247
66424
66469
66574
66647
66728
66775
66796
66872
66951
67045
67125
67169
67299
67310
67338
67366
67395
67441
67485
67522
67630
67688
67745
67797
67829
67895
67962
68026
68103
68310
68393
68439
68596
68626
68751
68828
68921
68975
69041
69093
69130
69197
69259
69310
69354
69409
69507
69566
69631
69715
69790
69886
69922
70009
70069
70170
70262
70388
70496
70635
70739
70867
70943
71063
71133
71201
71278
71320
71414
71457
71515
71577
71611
71685
71725
71785
71820
71899
71992
72077
72166
72265
72375
72463
72497
72609
72771
72968
73003
73049
73165
73197
73257
73295
73325
73385
73438
73466
73501
73594
73649
73721
73880
73913
73956
74035
74117
74259
74321
74528
74721
74839
74873
74941
75113
75173
75211
75249
75313
75360
75433
75457
75568
75668
75812
75832
75863
75928
76074
76155
76233
76294
76476
76579
76653
76942
76987
77026
77049
77084
77309
77479
77617
77669
77789
77860
77907
77960
78031
78279
78360
78442
78498
78628
78775
78963
79021
79122
79255
79271
79317
79385
79412
79480
79528
79573
79666
79791
79890
79944
80033
80065
80124
80203
80314
80415
80536
80599
80698
80754
80818
80898
81158
81241
81367
81469
81598
81644
81716
81793
81849
81936
82014
82048
82093
82224
82275
82382
82486
82562
82641
82703
82733
82793
82853
82938
83090
83148
83227
83310
83376
83440
83582
83737
83793
84009
84093
84196
84298
84339
84367
84409
84451
84520
84669
84706
84752
84862
84905
84956
85013
85256
85274
85304
85364
85424
85611
85709
85732
85810
85863
85929
85977
86032
86128
86178
86282
86327
86348
86428
86560
86620
86773
86836
86966
87142
87197
87377
87422
87450
87535
87665
87735
87775
87803
87919
88004
88076
88174
88271
88309
88365
88397
88458
88505
88554
88790
88830
88937
89184
89300
89360
89424
89511
89529
89736
89863
89885
89971
90038
90090
90164
90276
90308
90313
90367
90434
90496
90636
90645
90691
90711
90758
90838
90862
90891
91030
91118
91326
91367
91453
91489
91534
91562
91663
91843
91930
92017
92064
92113
92141
92194
92270
92306
92340
92424
92462
92488
92514
92573
92600
92664
92715
92771
92864
92921
93043
93102
93192
93273
93307
93509
93610
93656
93729
93788
93855
93922
93993
94067
94194
94224
94269
94367
94412
94444
94505
94573
94637
94696
94763
94828
94899
94945
94987
95072
95198
95229
95402
95455
95485
95542
95607
95644
95690
95798
95840
95849
95895
95936
96089
96154
96204
96286
96328
96374
96433
96564
96630
96691
96737
96793
96826
96872
96911
96929
97002
97283
97380
97444
97494
97587
97625
97672
97725
97794
97883
97914
97982
98041
98089
98164
98302
98382
98404
98476
98552
98572
98627
98661
98687
98736
98802
98847
98982
99138
99185
99225
99329
99383
99441
99511
99565
99640
99679
99740
99787
99845
99906
99935
100012
100075
100128
100210
100284
100341
100389
100495
100546
100631
100680
100748
100829
100955
101017
101095
101147
101209
101248
101300
101345
101582
101681
101737
101792
101978
102021
102165
102364
102396
102449
102509
102659
102840
102886
102930
103058
103097
103210
103243
103317
103381
103448
103498
103545
103617
103667
103721
103807
103878
103916
104023
104107
104180
104214
104276
104311
104349
104417
104438
104481
104513
104639
104689
104749
104948
104990
105032
105078
105151
105216
105285
105360
105560
105649
105692
105774
105823
105869
105915
105992
106046
106102
106143
106286
106353
106431
106548
106600
106710
106765
106845
107024
107067
107115
107178
107231
107270
107296
107344
107431
107506
107555
107647
107736
107818
107935
107989
108030
108101
108140
108331
108481
108572
108635
108694
108772
108839
108901
109022
109129
109149
109217
109301
109328
109350
109393
109423
109473
109543
109620
109657
109866
109938
110005
110084
110155
110308
110372
110444
110551
110746
110802
110827
110872
110917
110938
111027
111140
111213
111299
111411
111450
111485
111511
111569
111683
111746
111787
111818
111851
111987
112019
112129
112278
112354
112469
112543
112594
112754
112789
112851
112954
113030
113099
113153
113253
113310
113327
113392
113432
113469
113495
113549
113611
113678
113724
113772
113833
113996
114051
114116
114248
114488
114575
114652
114702
114807
114943
114982
115038
115116
115184
115252
115304
115374
115503
115533
115609
115711
115767
115791
115903
115963
115992
116055
116096
116208
116282
116398
116419
116538
116582
116660
116720
116781
116839
116895
116973
117123
117417
117490
117543
117629
117686
117726
117813
117846
117914
117990
118051
118079
118172
118227
118271
118371
118469
118486
118578
118642
118702
118792
118813
118855
118947
118985
119015
119041
119076
119121
119167
119220
119256
119430
119497
119544
119648
119768
119777
119806
119833
119853
119869
119881
119913
119962
119982
120032
120088
120196
120247
120273
120357
120429
120479
120523
120562
120610
120645
120704
120810
120876
121041
121065
121095
121184
121214
121258
121313
121353
121574
121650
121704
121779
121794
121826
121888
121928
121983
122060
122122
122208
122250
122312
122367
122483
122554
122714
122787
122855
122936
122995
123068
123104
123204
123241
123280
123376
123404
123428
123469
123489
123578
123660
123730
123817
123871
123965
124022
124114
124187
124251
124293
124375
124442
124611
124699
124906
124946
124972
125009
125056
125064
125131
125152
125191
125243
125273
125323
125361
125383
125427
125465
125518
125586
125692
125717
125764
125831
125874
125908
126001
126037
126087
126141
126191
126288
126383
126448
126532
126604
126673
126708
126774
126832
126883
126991
127034
127110
127192
127228
127267
127333
127388
127463
127478
127515
127539
127574
127599
127709
127738
127812
127916
128013
128069
128104
128239
128320
128351
128376
128433
128496
128553
128585
128666
128749
128857
128885
129017
129085
129127
129205
129243
129301
129343
129359
129392
129423
129457
129485
129584
129700
129743
129776
129790
129827
130001
130070
130184
130277
130308
130457
130486
130612
130734
130801
130874
130902
130994
131039
131075
131155
131205
131219
131298
131412
131474
131554
131597
131627
131708
131772
131808
131855
131919
131964
132129
132235
132243
132386
132402
132405
132437
132457
132569
132611
132713
132816
132845
132923
132958
133060
133119
133147
133213
133284
133369
133411
133479
133636
133678
133751
133793
133917
134014
134061
134120
134166
134273
134452
134533
134559
134643
134688
134847
134921
134981
135030
135123
135275
135319
135365
135418
135464
135530
135602
135642
135752
135829
135952
136008
136083
136182
136230
136278
136318
136413
136509
136580
136621
136683
136713
136771
136809
136836
136961
137007
137051
137110
137169
137262
137290
137397
137437
137479
137578
137631
137696
137791
137871
137917
137996
138068
138227
138393
138417
138506
138560
138604
138691
138740
138810
138886
138937
139174
139260
139327
139400
139440
139501
139564
139594
139679
139849
139887
139904
139960
140023
140196
140240
140309
140356
140461
140516
140581
140648
140715
140751
140793
140846
140886
140963
141109
141147
141191
141264
141290
141365
141404
141433
141474
141534
141592
141662
141709
141753
141832
141860
141897
141945
142042
142110
142142
142209
142261
142355
142408
142453
142527
142592
142674
142783
142814
142858
142893
142911
142984
143055
143103
143133
143212
143249
143383
143433
143463
143505
143567
143611
143693
143736
143808
143897
143956
144031
144110
144191
144232
144266
144332
144393
144438
144501
144579
144649
144731
144808
144851
144911
144932
144960
145003
145054
145140
145162
145228
145289
145353
145452
145482
145535
145697
145858
145940
145997
146038
146091
146127
146183
146254
146326
146395
146454
146546
146617
146645
146697
146828
146842
147038
147078
147113
147227
147426
147534
147618
147651
147705
147769
147813
147846
147871
148005
148077
148122
148286
148391
148499
148524
148622
148662
148714
148757
148805
148955
148984
149048
149101
149233
149280
149390
149532
149573
149716
149794
149840
149913
149992
150030
150107
150177
150290
150399
150492
150544
150574
150648
150730
150774
150863
150971
151001
151067
151164
151240
151274
151328
151385
151443
151478
151571
151691
151799
151888
151933
152125
152280
152386
152421
152460
152513
152605
152661
152683
152710
152781
152817
152844
152895
152920
153004
153071
153182
153223
153300
153412
153462
153564
153709
153807
153866
154046
154111
154188
154284
154412
154515
154565
154608
154678
154749
154782
154832
154930
155019
155076
155143
155222
155327
155417
155459
155517
155572
155627
155659
155708
155790
155893
155963
156020
156112
156216
156275
156336
156427
156461
156541
156647
156708
156745
156805
156845
156879
156945
157000
157033
157152
157182
157240
157356
157450
157508
157548
157582
157617
157703
157826
157888
157942
158029
158187
158319
158337
158496
158541
158621
158655
158727
158752
158802
158891
158928
158974
159083
159131
159212
159261
159316
159369
159418
159465
159561
159654
159763
160074
160127
160222
160291
160335
160407
160455
160589
160693
160785
160823
160942
160977
161081
161140
161184
161249
161319
161369
161392
161427
161492
161539
161583
161630
161670
161732
162032
162116
162212
162417
162483
162529
162569
162670
162763
162863
162949
163157
163245
163275
163374
163420
163554
163620
163694
163733
163783
163866
163959
164019
164071
164149
164210
164313
164337
164370
164408
164434
164469
164493
164529
164636
164693
164738
164793
164866
164943
165024
165064
165133
165222
165249
165283
165293
165358
165361
165543
165631
165654
165681
165715
165771
165855
165883
165917
166043
166091
166151
166302
166489
166549
166587
166602
166635
166670
166720
166765
166852
166999
167130
167197
167312
167453
167563
167693
167758
167815
167893
167927
167965
168027
168225
168266
168288
168394
168446
168490
168561
168616
168650
168670
168709
168815
168866
168956
169021
169063
169097
169240
169279
169354
169424
169498
169551
169721
169791
169857
169982
170012
170071
170158
170270
170304
170357
170429
170498
170552
170576
170610
170648
170691
170721
170776
170805
170854
170937
170973
171107
171188
171277
171296
171342
171386
171447
171501
171557
171587
171621
171674
171749
171816
171864
171923
171998
172087
172132
172222
172330
172383
172515
172545
172606
172757
172825
172859
173063
173079
173122
173157
173216
173262
173301
173441
173486
173594
173638
173697
173795
173878
173947
174017
174124
174191
174256
174297
174342
174467
174549
174642
174736
174806
174878
174903
174945
175015
175080
175145
175221
175293
175367
175497
175591
175675
175723
175819
175883
175928
176080
176104
176155
176202
176243
176315
176371
176408
176547
176616
176731
176830
176897
176974
177028
177069
177115
177190
177241
177293
177334
177381
177484
177556
177670
177737
177795
177865
177917
177967
178089
178165
178260
178341
178453
178591
178652
178731
178787
178835
178886
178953
179013
179048
179082
179139
179165
179254
179324
179367
179637
179657
179755
179848
179900
179949
180017
180045
180084
180181
180269
180337
180434
180497
180568
180619
180705
180809
180894
180942
181039
181101
181252
181330
181384
181429
181523
181551
181737
181763
181838
181872
181956
182021
182089
182190
182282
182347
182374
182451
182617
182693
182806
182880
183011
183055
183166
183280
183354
183440
183473
183547
183715
183837
183922
183989
184032
184111
184157
184233
184298
184328
184428
184484
184640
184689
184726
184785
184847
184914
184999
185128
185164
185187
185252
185337
185418
185540
185569
185587
185619
185694
185736
185781
185819
185830
185879
185922
185947
185971
186005
186075
186108
186128
186142
186302
186342
186418
186450
186487
186552
186581
186637
186661
186684
186964
187050
187133
187180
187320
187344
187431
187459
187552
187663
187763
187828
187892
187940
187978
188022
188073
188114
188171
188230
188301
188360
188422
188472
188503
188542
188635
188693
188798
188925
189026
189096
189172
189273
189333
189413
189443
189465
189551
189576
189588
189614
189681
189748
189798
189843
189954
190020
190088
190121
190268
190383
190411
190432
190507
190594
190722
190778
190901
190954
190979
191047
191095
191169
191246
191310
191377
191402
191453
191509
191550
191611
191651
191709
191775
191796
191868
191919
191952
192005
192048
192096
192152
192185
192249
192288
192512
192559
192596
192692
192777
192889
192944
192997
193077
193136
193209
193247
193275
193330
193355
193386
193431
193484
193532
193574
193604
193618
193681
193724
193766
193806
193829
193887
193949
194016
194077
194131
194260
194318
194393
194453
194515
194624
194730
194777
194812
194859
194910
195038
195079
195105
195138
195182
195203
195229
195284
195348
195419
195489
195574
195613
195657
195696
195749
195829
195894
195964
196034
196195
196251
196280
196317
196398
196484
196597
196712
196786
196838
196916
196962
197115
197173
197212
197315
197372
197460
197563
197634
197667
197669
197718
197816
197855
197869
197908
197956
198017
198058
198106
198158
198184
198197
198291
198351
198391
198440
198494
198531
198600
198665
198710
198760
198799
198883
198941
198990
199014
199066
199132
199165
199199
199270
199359
199389
199449
199478
199541
199619
199665
199676
199695
199749
199787
199857
199906
199955
200025
200042
200078
200109
200137
200161
200227
200315
200322
200347
200394
200420
200470
200528
200556
200623
200706
200792
200923
201000
201090
201143
201241
201317
201358
201505
201596
201607
201661
201693
201788
201910
202223
202262
202325
202385
202412
202455
202512
202589
202682
202743
202901
203096
203166
203235
203359
203485
203539
203585
203643
203738
203825
203847
203885
203940
203962
204047
204074
204122
204164
204242
204284
204337
204370
204459
204495
204570
204598
204639
204749
204943
205049
205197
205238
205286
205327
205406
205455
205532
205656
205700
205749
205770
205806
205903
205952
206050
206173
206214
206262
206323
206379
206461
206602
206659
206721
206751
206867
206911
206931
207073
207164
207256
207300
207353
207464
207503
207550
207596
207670
207796
207853
207940
207976
208050
208130
208264
208305
208375
208415
208486
208521
208553
208635
208735
208834
208936
209071
209170
209332
209452
209500
209606
209680
209733
209767
209792
209837
209852
209867
210068
210092
210118
210140
210164
210206
210267
210303
210322
210400
210424
210480
210569
210619
210693
210802
210875
210958
211096
211129
211204
211285
211436
211504
211587
211650
211704
211867
211903
211946
212000
212035
212058
212122
212165
212210
212285
212362
212562
212690
212791
212826
212894
213035
213129
213172
213200
213313
213363
213399
213526
213568
213654
213718
213784
213995
214055
214141
214187
214300
214358
214462
214559
214626
214671
214706
214771
214856
214891
214975
215266
215307
215343
215387
215487
215544
215621
215679
215769
215843
215938
216040
216088
216133
216186
216223
216343
216414
216505
216543
216616
216668
216719
216811
216865
216914
216957
216978
217070
217153
217216
217285
217462
217511
217568
217606
217684
217721
217895
217955
218012
218122
218193
218362
218399
218467
218522
218630
218723
218804
218962
219102
219161
219336
219383
219466
219530
219598
219642
219915
219950
220033
220231
220353
220434
220489
220542
220601
220645
220744
220807
220846
220927
221037
221082
221229
221344
221450
221481
221503
221556
221583
221663
221713
221738
221851
221927
221999
222108
222174
222254
222333
222387
222464
222512
222641
222670
222764
222830
222889
222956
222982
223121
223159
223247
223324
223360
223425
223528
223588
223625
223656
223740
223782
223841
223895
223957
224021
224050
224099
224197
224238
224328
224384
224453
224506
224544
224575
224645
224681
224729
224820
224882
224923
224977
225021
225048
225116
225358
225473
225545
225651
225708
225783
225827
225927
225962
226075
226158
226224
226353
226396
226426
226453
226481
226671
226717
226843
226928
226967
227121
227174
227215
227313
227388
227461
227560
227675
227719
227752
227851
228133
228243
228323
228380
228465
228503
228642
228703
228793
228814
228855
228921
228973
229005
229081
229128
229242
229318
229355
229444
229522
229552
229659
229772
229878
229995
230076
230215
230316
230340
230378
230415
230454
230465
230483
230512
230572
230643
230699
230745
230787
230820
230862
230993
231045
231114
231163
231286
231312
231389
231446
231486
231530
231577
231643
231703
231817
231958
231986
232060
232142
232176
232259
232332
232408
232481
232581
232663
232698
232761
232837
232928
233016
233051
233098
233207
233296
233336
233500
233574
233643
233699
233774
233875
233996
234033
234157
234211
234343
234373
234426
234451
234510
234570
234624
234709
234777
234865
234988
235107
235281
235383
235434
235497
235557
235616
235745
235779
235843
235889
236152
236220
236332
236418
236464
236527
236587
236695
236838
236968
237019
237057
237131
237197
237237
237292
237339
237429
237560
237621
237692
237741
237834
237886
237946
238049
238112
238235
238314
238453
238485
238515
238569
238603
238705
238730
238921
239011
239092
239144
239165
239240
239356
239458
239594
239637
239714
239734
239781
239836
239865
240004
240111
240433
240508
240605
240665
240710
240779
240868
241010
241187
241260
241332
241399
241508
241602
241685
241722
241746
241834
241900
241955
242013
242071
242226
242340
242411
242522
242639
242692
242785
242864
242923
243060
243150
243200
243272
243371
243421
243553
243588
243681
243706
243790
243879
243959
244030
244250
244307
244324
244364
244427
244498
244544
244580
244637
244684
244714
244744
244826
244874
244967
245119
245172
245294
245354
245396
245466
245558
245645
245710
245765
245859
245946
246005
246035
246118
246268
246308
246419
246458
246518
246548
246643
246736
246819
246869
246968
247017
247122
247177
247239
247316
247414
247485
247582
247693
247804
247838
247918
247989
248034
248080
248112
248175
248256
248304
248351
248423
248533
248595
248665
248714
248795
248879
249067
249106
249225
249344
249420
249545
249738
249794
249917
249950
250036
250075
250105
250142
250185
250232
250264
250334
250365
250391
250427
250458
250517
250599
250635
250665
250740
250758
250803
250838
250915
251023
251074
251137
251196
251248
251323
251407
251468
251505
251555
251619
251644
251724
251931
251981
252114
252174
252242
252310
252522
252609
252694
252757
252814
252892
252994
253075
253217
253325
253397
253466
253639
253826
253869
253956
253981
254081
254111
254239
254267
254396
254479
254523
254552
254656
254755
254806
254875
255031
255129
255159
255245
255349
255501
255656
255714
255845
255866
255976
256112
256210
256239
256294
256355
256409
256483
256515
256565
256613
256697
256742
256789
256843
256981
257111
257169
257268
257412
257538
257642
257729
257812
257835
257919
257965
258085
258137
258201
258256
258292
258342
258426
258466
258545
258698
258764
258852
258894
258949
258986
259075
259146
259182
259257
259301
259427
259484
259554
259610
259667
259718
259799
259892
260006
260091
260128
260178
260237
260275
260332
260414
260445
260494
260528
260606
260723
260757
260809
260876
260910
260963
261089
261144
261201
261289
261338
261411
261443
261481
261514
261571
261613
261654
261729
261823
261890
261960
262192
262251
262352
262403
262457
262593
262682
262737
262820
262901
262987
263027
263084
263166
263241
263345
263419
263537
263591
263627
263668
263734
263802
263866
263931
264033
264153
264224
264348
264546
264608
264625
264710
264771
264813
264846
264892
264975
265063
265100
265165
265254
265287
265333
265365
265460
265537
265578
265641
265679
265794
265897
265938
266002
266078
266158
266236
266380
266469
266602
266693
266728
266757
266819
266870
266968
267133
267296
267501
267544
267605
267701
267770
267809
267865
267962
268005
268054
268099
268163
268220
268280
268352
268408
268462
268518
268564
268594
268660
268699
268768
268851
268904
268968
268993
269023
269069
269107
269155
269212
269251
269313
269451
269583
269743
269792
269858
269966
270095
270133
270213
270314
270390
270431
270527
270582
270622
270682
270705
270740
270826
270948
271015
271054
271105
271173
271218
271301
271390
271433
271455
271525
271569
271668
271710
271768
271832
271874
271940
271985
272052
272084
272108
272151
272200
272278
272306
272332
272372
272414
272450
272479
272547
272594
272658
272687
272723
272753
272878
272894
272932
272982
273033
273131
273187
273249
273304
273347
273412
273456
273473
273525
273624
273755
273882
273972
274219
274299
274386
274448
274482
274567
274586
274648
274743
274813
274859
274894
274983
275008
275093
275159
275270
275331
275377
275457
275530
275601
275650
275725
275870
275975
275985
276085
276156
276185
276224
276319
276381
276400
276448
276501
276671
276745
276787
276839
276892
276921
277008
277054
277079
277129
277260
277291
277379
277421
277470
277534
277727
277833
277928
278000
278090
278167
278333
278414
278435
278465
278503
278556
278602
278663
278786
278828
278940
278953
279030
279060
279106
279158
279218
279297
279417
279449
279508
279584
279653
279765
279841
279907
279979
280018
280059
280148
280226
280339
280417
280464
280586
280647
280687
280927
280963
281046
281112
281205
281260
281307
281377
281492
281572
281604
281761
281865
281901
281928
281992
282038
282084
282110
282180
282216
282264
282322
282398
282441
282517
282607
282697
282830
282889
282943
282996
283060
283130
283175
283259
283294
283335
283368
283425
283453
283523
283604
283654
283713
283772
283832
283902
283991
284061
284121
284222
284261
284317
284420
284453
284588
284667
284716
284772
284823
284876
284901
284946
284989
285111
285167
285216
285360
285401
285417
285446
285472
285513
285543
285559
285603
285693
285730
285789
285824
285845
286080
286221
286259
286300
286360
286393
286450
286476
286531
286599
286630
286764
286864
286880
286899
286966
287014
287057
287098
287128
287274
287535
287583
287631
287673
287738
287817
287844
287861
287922
287961
288049
288078
288114
288277
288304
288457
288507
288608
288645
288684
288747
288814
288871
288922
288993
289011
289089
289128
289162
289239
289316
289377
289405
289482
289579
289743
289791
289905
289969
290006
290036
290086
290148
290210
290261
290356
290388
290425
290488
290654
290738
290800
290849
290913
291053
291137
291217
291261
291330
291441
291513
291579
291645
291796
291873
291911
291943
291988
292024
292107
292193
292286
292344
292448
292604
292638
292697
292732
292928
292952
293009
293068
293127
293222
293258
293282
293323
293361
293502
293546
293640
293691
293782
293871
294025
294076
294117
294185
294261
294349
294417
294464
294547
294585
294653
294743
294823
294883
294969
295033
295102
295167
295275
295350
295402
295522
295583
295615
295683
295729
295782
295879
295923
296016
296066
296098
296155
296205
296445
296481
296591
296643
296713
296832
296887
296977
297011
297043
297137
297213
297308
297386
297478
297572
297617
297733
297770
297822
297868
297926
297977
298013
298040
298071
298099
298153
298180
298229
298294
298331
298374
298402
298439
298480
298513
298563
298665
298685
298806
298855
298930
299021
299096
299155
299193
299280
299334
299353
299372
299421
299481
299538
299582
299639
299682
299751
299797
299855
299903
300058
300093
300145
300414
300469
300687
300719
300790
300844
300894
300939
300960
300991
301064
301158
301231
301332
301372
301429
301544
301589
301672
301773
301889
302017
302100
302244
302322
302368
302426
302449
302539
302618
302650
302703
302759
302785
302839
302933
302965
302997
303025
303055
303080
303239
303321
303426
303548
303626
303646
303675
303705
303748
303807
303827
304005
304046
304127
304155
304209
304238
304309
304408
304529
304672
304829
304874
304919
304980
305202
305251
305303
305525
305578
305742
305757
305824
305903
305980
306009
306060
306168
306203
306305
306393
306452
306545
306609
306660
306746
306804
307090
307168
307208
307259
307325
307446
307538
307617
307673
307726
307764
307833
307876
307971
308026
308080
308180
308227
308364
308442
308469
308533
308594
308620
308683
308768
308842
308918
309011
309084
309137
309179
309224
309274
309577
309637
309694
309754
309886
309934
310102
310278
310318
310496
310541
310659
310691
310728
310837
310921
311029
311089
311125
311244
311390
311438
311492
311532
311624
311666
311773
311825
311865
311896
311954
312020
312058
312095
312187
312295
312339
312614
312704
312773
312819
312915
312958
312992
313104
313164
313186
313242
313316
313390
313504
313550
313606
313683
313771
313787
313861
313895
313967
314036
314147
314208
314251
314362
314434
314499
314557
314650
314718
314825
314893
314985
315046
315143
315302
315397
315561
315634
315717
315829
315877
315918
315986
316061
316156
316219
316341
316389
316433
316474
316499
316545
316600
316674
316732
316782
316819
316839
316879
316906
316927
316950
316970
317018
317082
317123
317160
317291
317371
317395
317458
317634
317675
317752
317811
317843
317906
318017
318031
318083
318105
318125
318164
318202
318296
318396
318476
318572
318634
318722
318765
318796
318826
318900
318989
319024
319059
319093
319153
319248
319300
319338
319382
319428
319477
319559
319592
319637
319717
319801
319877
320021
320163
320247
320335
320428
320493
320540
320580
320648
320694
320743
320786
320859
320892
320941
320994
321073
321133
321213
321308
321377
321425
321470
321514
321571
321606
321824
321848
321913
322012
322043
322112
322203
322428
322596
322668
322737
322786
322857
322878
322904
322982
323035
323089
323147
323184
323252
323367
323431
323471
323560
323594
323629
323653
323682
323717
323766
323808
323874
323937
324025
324043
324061
324091
324146
324192
324224
324266
324299
324334
324371
324429
324504
324534
324578
324667
324721
324784
324819
324859
324886
324911
324931
324966
325010
325046
325070
325144
325225
325288
325385
325490
325510
325572
325647
325718
325767
325833
325890
325971
326023
326140
326217
326355
326418
326503
326579
326634
326694
326771
326860
326965
327084
327138
327181
327281
327355
327472
327518
327586
327642
327696
327770
327823
327871
327927
327969
328023
328086
328165
328228
328313
328368
328394
328499
328717
328793
328905
328990
329086
329147
329182
329216
329240
329306
329397
329458
329498
329572
329659
329779
329848
329879
329940
329977
330031
330077
330135
330224
330351
330391
330444
330507
330559
330608
330694
330812
330925
331021
331130
331253
331335
331470
331510
331578
331621
331648
331733
331809
331881
331993
332026
332113
332154
332200
332247
332291
332335
332375
332441
332505
332556
332607
332713
332768
332839
333018
333126
333149
333306
333429
333486
333563
333640
333682
333779
333811
333878
333912
333946
334026
334089
334140
334182
334301
334359
334472
334593
334679
334720
334774
334820
334855
335015
335069
335215
335372
335431
335503
335629
335689
335792
335851
335919
336045
336114
336206
336276
336339
336370
336418
336517
336563
336619
336662
336718
336754
336823
336873
336935
337054
337184
337228
337272
337349
337391
337452
337502
337576
337612
337690
337887
337992
338115
338334
338358
338416
338464
338602
338651
338693
338745
338824
339039
339116
339167
339228
339296
339343
339382
339422
339500
339545
339597
339703
339793
339877
339956
339988
340039
340077
340122
340228
340327
340407
340432
340469
340512
340548
340583
340627
340729
340801
340859
340915
340959
341007
341069
341145
341275
341329
341417
341445
341512
341616
341689
341722
341788
341888
341958
341995
342041
342118
342182
342261
342310
342384
342451
342485
342537
342605
342646
342668
342706
342745
342784
342849
342901
342961
343012
343088
343135
343224
343326
343401
343442
343482
343508
343582
343615
343670
343839
343930
343957
343985
344060
344083
344098
344157
344234
344290
344369
344424
344463
344520
344574
344626
344685
344730
344824
344859
344962
345014
345124
345182
345212
345242
345276
345309
345339
345373
345412
345460
345485
345524
345557
345615
345679
345747
345798
345917
345970
346031
346080
346134
346189
346232
346292
346360
346400
346501
346607
346696
346920
347055
347127
347181
347297
347370
347398
347424
347471
347487
347519
347625
347672
347692
347768
347781
347959
347996
348055
348083
348124
348192
348254
348278
348358
348417
348472
348583
348684
348735
348828
348909
349012
349047
349089
349137
349295
349351
349409
349458
349501
349643
349683
349731
349765
349822
349864
349885
349977
350018
350070
350094
350170
350250
350328
350384
350486
350632
350747
350773
350871
350914
350952
351033
351112
351175
351227
351248
351283
351342
351370
351410
351485
351511
351569
351602
351648
351680
351733
351756
351797
351866
351933
351965
352064
352100
352150
352212
352247
352349
352418
352461
352552
352680
352754
352958
353103
353146
353200
353217
353271
353341
353397
353484
353561
353593
353657
353717
353772
353813
353853
353906
353951
354043
354087
354144
354199
354240
354311
354383
354445
354503
354571
354605
354615
354640
354696
354713
354781
354840
354916
355053
355112
355277
355413
355437
355534
355588
355716
355811
355926
355937
356023
356045
356132
356178
356332
356405
356513
356540
356664
356717
356879
356948
357016
357091
357254
357315
357375
357423
357504
357581
357719
357854
357889
357917
357990
358026
358071
358137
358226
358275
358354
358394
358517
358598
358671
358727
358812
358887
358972
359016
359067
359091
359110
359142
359177
359215
359285
359329
359358
359445
359536
359613
359672
359775
359824
359854
359914
359945
360000
360043
360072
360128
360145
360208
360235
360280
360316
360340
360367
360387
360409
360433
360467
360486
360534
360570
360592
360645
360686
360718
360730
360789
360815
360879
360920
360988
361091
361146
361268
361345
361444
361522
361651
361703
361751
361829
361880
361968
362024
362093
362135
362175
362259
362301
362353
362408
362453
362669
362711
362770
362831
362895
362929
363009
363106
363158
363269
363306
363369
363391
363424
363473
363502
363541
363674
363723
363762
363851
363932
363991
364029
364140
364157
364190
364244
364371
364438
364528
364603
364630
364762
364784
364822
364888
364938
365038
365203
365279
365347
365397
365492
365538
365628
365675
365764
365847
365952
366036
366168
366222
366329
366433
366497
366544
366586
366634
366695
366769
366866
366915
367007
367066
367107
367177
367229
367256
367358
367405
367459
367486
367507
367563
367613
367647
367712
367740
367770
367807
367832
367899
367953
368139
368198
368222
368240
368413
368727
368834
368877
369021
369062
369105
369189
369249
369324
369398
369452
369480
369500
369626
369795
369843
369872
369950
370035
370072
370160
370204
370273
370386
370474
370536
370669
370792
370816
370882
370902
370952
371014
371052
371163
371213
371254
371316
371414
371525
371653
371705
371815
371838
371935
372045
372095
372201
372321
372375
372436
372513
372583
372757
372850
372905
373044
373175
373198
373276
373408
373543
373592
373625
373671
373717
373780
373824
373866
373895
373970
374028
374076
374170
374276
374364
374409
374544
374728
374797
374876
374935
375056
375137
375203
375281
375345
375397
375454
375513
375576
375771
375801
375856
375890
375931
375968
375996
376044
376088
376151
376259
376309
376431
376535
376643
376685
376830
376898
376980
377032
377096
377142
377192
377233
377270
377296
377334
377397
377489
377554
377591
377638
377668
377703
377735
377805
377852
377906
377987
378041
378096
378130
378218
378268
378344
378412
378491
378521
378591
378679
378731
378782
378855
378934
378973
379029
379111
379178
379360
379499
379632
379702
379807
379916
379984
380083
380124
380157
380205
380235
380273
380307
380368
380609
380657
380688
380715
380771
380813
380895
381003
381050
381113
381232
381270
381303
381419
381467
381607
381744
381852
381969
382399
382454
382531
382557
382595
382660
382679
382742
382817
382891
383077
383111
383165
383207
383249
383299
383331
383369
383430
383493
383551
383626
383691
383743
383756
383870
383945
384026
384079
384148
384288
384377
384456
384552
384611
384674
384717
384762
384832
384905
384939
384986
385092
385170
385265
385423
385569
385590
385661
385799
385873
385927
385963
386043
386080
386109
386140
386184
386218
386252
386281
386362
386420
386480
386543
386644
386690
386822
386894
386974
387079
387135
387292
387338
387442
387533
387702
387779
387836
387900
387940
387981
388042
388118
388153
388216
388285
388333
388409
388476
388531
388587
388663
388697
388775
388839
388920
389038
389120
389154
389204
389250
389341
389407
389482
389661
389778
389826
389903
389983
390028
390069
390103
390178
390246
390345
390418
390450
390494
390528
390610
390684
390748
390797
390817
390856
390898
390936
390999
391032
391084
391149
391179
391236
391263
391326
391398
391471
391580
391790
391825
391960
392023
392085
392195
392269
392348
392446
392743
392811
392860
392899
392947
393015
393062
393120
393223
393275
393340
393388
393464
393602
393684
393798
393888
393937
394001
394065
394190
394270
394370
394495
394579
394652
394787
394843
394950
395058
395236
395353
395472
395589
395641
395702
395766
395824
395917
395973
396058
396116
396161
396250
396294
396390
396466
396541
396615
396640
396741
396880
396967
397079
397123
397221
397361
397427
397497
397615
397798
398070
398122
398172
398252
398373
398437
398517
398573
398629
398668
398708
398750
398782
398953
399029
399097
399162
399201
399275
399325
399368
399459
399486
399579
399664
399740
399961
400046
400215
400435
400557
400633
400686
400727
400788
400869
400933
400981
401061
401144
401220
401285
401410
401517
401655
401707
401788
401881
401957
402072
402107
402159
402261
402301
402462
402590
402644
402702
402780
402848
402891
402976
403056
403104
403205
403361
403441
403499
403579
403645
403704
403772
403863
403923
404014
404036
404095
404125
404170
404211
404296
404369
404432
404494
404585
404656
404706
404756
404788
404959
405002
405069
405118
405153
405185
405224
405282
405304
405364
405411
405424
405480
405509
405552
405598
405659
405697
405749
405861
405929
406128
406164
406204
406306
406379
406432
406477
406568
406642
406711
406775
406887
406950
407021
407097
407179
407265
407297
407368
407437
407493
407663
407694
407786
407818
407848
407963
408071
408150
408255
408358
408474
408535
408645
408699
408758
408834
408880
408910
408961
409002
409078
409162
409207
409394
409489
409539
409591
409632
409665
409685
409702
409751
409796
409859
409957
410011
410065
410129
410239
410428
410557
410589
410628
410644
410695
410712
410759
410806
410852
410899
410969
411070
411169
411205
411275
411349
411426
411484
411547
411597
411648
411671
411687
411707
411758
411822
411868
411905
411961
412050
412098
412213
412316
412409
412492
412595
412636
412689
412752
412815
412902
412950
413002
413040
413143
413194
413217
413261
413293
413344
413409
413452
413496
413550
413598
413704
413789
413837
413905
413937
414020
414078
414133
414231
414332
414416
414492
414674
414796
414840
414913
414955
414976
415193
415245
415275
415336
415375
415455
415503
415640
415742
415754
415789
415852
415934
415983
416062
416110
416176
416219
416244
416285
416332
416356
416469
416553
416594
416632
416729
416788
416903
417080
417130
417192
417278
417326
417359
417382
417441
417480
417564
417608
417619
417638
417656
417687
417715
417774
417810
417861
417887
417940
417994
418015
418095
418156
418191
418355
418577
418688
418773
418800
418854
418951
419011
419107
419143
419258
419312
419380
419463
419511
419624
419681
419728
419860
419934
420005
420088
420155
420193
420228
420280
420342
420438
420529
420586
420672
420713
420769
420810
420891
420949
421013
421038
421057
421093
421134
421169
421232
421263
421310
421359
421416
421449
421512
421588
421653
421705
421770
421857
421893
421941
421986
422080
422142
422229
422252
422297
422365
422459
422488
422538
422619
422650
422752
422783
422826
422899
423002
423039
423077
423109
423148
423202
423251
423343
423486
423510
423579
423678
423721
423778
423836
423903
424098
424157
424316
424361
424491
424541
424634
424707
424852
424893
424960
425000
425047
425109
425130
425199
425268
425291
425336
425389
425453
425530
425563
425692
425784
425835
425883
425980
426006
426105
426141
426216
426274
426325
426363
426441
426515
426612
426670
426767
426854
427016
427075
427126
427187
427249
427283
427320
427355
427384
427445
427498
427528
427570
427655
427757
427793
427854
427987
428049
428133
428259
428336
428439
428515
428555
428649
428760
428825
428846
428943
429016
429067
429121
429196
429229
429297
429324
429448
429508
429555
429599
429704
429735
429769
429805
429844
429866
429908
430013
430051
430077
430136
430231
430282
430353
430411
430470
430523
430530
430568
430621
430701
430769
430840
430903
430971
431093
431221
431259
431304
431413
431466
431497
431885
431947
432125
432261
432325
432404
432433
432465
432524
432580
432619
432654
432678
432750
432873
432958
433032
433118
433195
433338
433425
433507
433644
433774
433831
433869
433920
433973
434063
434123
434211
434265
434360
434395
434456
434514
434579
434695
434781
434858
434935
435105
435178
435243
435347
435381
435488
435620
435692
435805
435924
436131
436185
436217
436315
436373
436553
436584
436643
436717
436813
436869
436921
436996
437068
437120
437177
437331
437479
437541
437597
437635
437650
437686
437760
437790
437859
437911
437936
438004
438072
438189
438246
438272
438323
438380
438430
438517
438583
438678
438744
438810
438876
439013
439083
439124
439159
439253
439294
439429
439492
439593
439834
439915
439998
440073
440176
440230
440290
440373
440491
440525
440559
440582
440635
440676
440696
440766
440906
441009
441064
441274
441388
441455
441506
441541
441572
441620
441687
441753
441798
441851
441922
441996
442141
442188
442305
442346
442453
442513
442586
442661
442778
442820
442885
442987
443052
443141
443182
443280
443332
443402
443463
443515
443546
443597
443648
443706
443741
443807
443885
444002
444030
444066
444100
444207
444281
444335
444387
444455
444529
444599
444652
444709
444785
444823
444878
445028
445082
445204
445361
445435
445518
445641
445682
445752
445849
445973
446041
446178
446263
446306
446338
446496
446564
446634
446695
446751
446807
446849
446911
446966
447018
447064
447100
447213
447242
447295
447342
447359
447378
447411
447440
447484
447595
447690
447853
447920
447974
448078
448142
448277
448301
448344
448492
448506
448559
448590
448661
448699
448821
448999
449055
449127
449222
449277
449373
449466
449551
449637
449692
449798
449839
449911
449981
450056
450140
450209
450276
450360
450492
450552
450585
450646
450700
450741
450819
450923
451033
451111
451178
451307
451386
451515
451624
451743
451766
451796
451859
451900
451965
452061
452119
452148
452182
452275
452338
452376
452639
452797
452909
452961
452991
453050
453133
453281
453338
453410
453496
453534
453603
453688
453778
453897
453978
454037
454104
454146
454206
454289
454352
454440
454491
454525
454650
454686
454731
454809
454877
454923
454953
455025
455074
455137
455202
455274
455333
455370
455438
455497
455661
455729
455793
455933
456066
456084
456184
456234
456268
456372
456465
456527
456566
456641
456724
456789
456824
456870
456959
457007
457077
457147
457231
457289
457321
457376
457435
457496
457543
457623
457664
457732
457773
457809
457846
457922
457983
458062
458196
458228
458293
458329
458399
458488
458552
458604
458737
458892
458919
459071
459120
459169
459245
459286
459392
459530
459555
459599
459677
459817
459845
459987
460013
460083
460098
460109
460135
460153
460175
460225
460249
460306
460346
460392
460428
460565
460605
460666
460699
460759
460808
460860
460924
460988
461020
461100
461162
461192
461229
461319
461346
461431
461464
461507
461603
461685
461738
461825
461902
461948
462004
462071
462106
462168
462205
462248
462298
462339
462416
462449
462514
462545
462601
462665
462720
462822
463128
463143
463164
463196
463245
463308
463371
463429
463464
463514
463575
463599
463650
463695
463753
463786
463837
463884
463916
464005
464041
464077
464287
464379
464450
464524
464589
464617
464716
464750
464796
464875
464903
464924
464964
464982
465028
465071
465146
465171
465229
465279
465306
465342
465379
465434
465474
465585
465610
465687
465726
465767
465788
465808
465847
465907
465935
465980
466022
466091
466187
466249
466329
466417
466468
466492
466555
466603
466666
466689
466717
466787
466801
466882
466973
466986
467029
467088
467150
467209
467239
467293
467326
467362
467404
467432
467456
467496
467537
467550
467672
467738
467795
467826
467859
467940
468199
468255
468309
468450
468502
468570
468657
468715
468807
468842
468891
468919
468975
469029
469103
469145
469215
469261
469301
469344
469406
469466
469532
469583
469657
469660
469726
469836
469884
469957
470026
470093
470167
470231
470283
470381
470428
470514
470559
470637
470671
470736
470814
470861
470976
471023
471081
471163
471229
471325
471377
471438
471481
471553
471641
471754
471854
471903
471978
472069
472107
472191
472260
472340
472436
472493
472576
472612
472691
472765
472837
472899
472932
472955
473004
473054
473106
473157
473199
473243
473321
473383
473424
473512
473651
473681
473708
473736
473837
473895
473936
473973
474029
474126
474175
474417
474461
474494
474530
474550
474656
474699
474834
474870
474944
474986
475024
475078
475114
475165
475224
475453
475498
475624
475681
475768
475797
475904
475973
476034
476122
476174
476249
476328
476386
476459
476524
476608
476666
476758
476835
476900
477001
477043
477084
477130
477162
477247
477294
477354
477417
477467
477513
477629
477710
477842
477891
477927
477997
478050
478194
478272
478339
478473
478525
478585
478626
478671
478714
478747
478797
478832
478872
478922
478970
479037
479129
479171
479301
479348
479403
479425
479497
479567
479602
479620
479732
479769
479870
479925
479952
479991
480056
480112
480140
480232
480274
480325
480410
480450
480624
480690
480752
480830
480928
481001
481050
481101
481165
481241
481393
481421
481478
481518
481563
481633
481705
481725
481778
481872
481941
482000
482502
482592
482639
482689
482740
482841
482932
482960
482998
483064
483175
483252
483317
483363
483460
483497
483529
483825
483893
484008
484095
484123
484173
484202
484293
484337
484418
484500
484546
484687
484778
484850
484966
484995
485019
485116
485189
485258
485305
485395
485461
485501
485566
485676
485777
485878
485964
486091
486161
486242
486281
486377
486528
486560
486715
486807
486863
486910
486953
486993
487038
487053
487082
487130
487163
487189
487233
487309
487385
487471
487498
487615
487663
487760
487853
487887
487952
488043
488093
488181
488283
488349
488378
488430
488472
488584
488659
488734
488821
488882
488979
489080
489127
489297
489320
489362
489453
489606
489647
489774
489889
490000
490106
490154
490202
490282
490340
490390
490467
490538
490614
490693
490712
490778
490830
490934
491029
491080
491205
491318
491348
491425
491468
491519
491562
491626
491713
491777
491807
491906
492013
492050
492112
492216
492283
492349
492427
492540
492610
492686
492780
492982
493018
493060
493157
493286
493326
493426
493504
493560
493605
493645
493741
493813
493905
494022
494108
494237
494282
494344
494626
494686
494780
494847
494906
494936
494961
495004
495057
495115
495241
495303
495385
495489
495565
495600
495683
495759
495791
495914
495976
496110
496271
496345
496389
496440
496513
496576
496635
496787
496906
496940
497007
497106
497237
497363
497488
497536
497582
497608
497649
497717
497763
497791
497858
497900
497971
498017
498111
498180
498239
498355
498517
498607
498682
498853
498911
499006
499072
499137
499189
499239
499273
499343
499431
499562
499650
499780
499810
499917
499951
500030
500083
500175
500252
500307
500393
500464
500484
500530
500563
500647
500669
500709
500725
500813
500911
500998
501028
501093
501185
501376
501431
501622
501683
501900
501975
502011
502160
502200
502279
502337
502400
502466
502556
502753
502785
502905
502994
503062
503115
503212
503241
503299
503335
503374
503453
503497
503585
503653
503685
503718
503767
503799
503845
503883
503993
504085
504192
504246
504292
504388
504448
504538
504573
504610
504673
504758
504853
504879
504970
505139
505154
505207
505281
505376
505439
505514
505595
505676
505716
505753
505827
505880
505907
505950
506006
506062
506187
506219
506277
506371
506502
506574
506706
506755
506816
506877
507060
507096
507144
507292
507376
507415
507444
507494
507583
507635
507704
507742
507843
507903
507986
508086
508108
508151
508173
508227
508306
508360
508395
508451
508499
508576
508703
508770
508794
508832
508952
509076
509120
509240
509300
509324
509404
509432
509458
509486
509554
509595
509692
509761
509786
509903
509955
509996
509998
510057
510097
510332
510377
510407
510459
510565
510679
510753
510793
510839
510893
510944
511020
511070
511121
511207
511258
511331
511389
511431
511450
511492
511530
511577
511614
511669
511831
511855
511903
511938
511978
512038
512184
512286
512347
512401
512430
512466
512488
512524
512609
512648
512713
512773
512854
512860
512880
512922
512954
512984
513110
513158
513273
513345
513462
513527
513650
513706
513769
513818
513921
513986
514042
514107
514169
514250
514315
514372
514440
514473
514598
514650
514731
514859
514917
514992
515018
515071
515101
515258
515329
515375
515450
515487
515696
515728
515810
515870
515969
516040
516108
516165
516252
516283
516397
516449
516608
516838
516912
516966
517133
517196
517244
517461
517475
517521
517568
517658
517789
517830
517913
517967
518022
518098
518168
518195
518257
518390
518447
518495
518584
518708
518815
518917
518989
519076
519187
519246
519344
519421
519527
519575
519629
519685
519728
519851
519964
520038
520218
520248
520316
520375
520394
520537
520611
520671
520698
520739
520775
520805
520853
520905
520933
520977
521026
521089
521137
521247
521313
521498
521588
521643
521746
521775
521812
521934
522057
522111
522143
522192
522264
522308
522360
522408
522496
522535
522613
522668
522734
522825
523081
523196
523280
523323
523360
523420
523461
523519
523549
523625
523693
523733
523830
523868
523935
524021
524080
524177
524248
524295
524380
524445
524481
524540
524620
524666
524742
524801
524894
524939
524984
525041
525120
525208
525242
525295
525363
525402
525450
525508
525547
525567
525593
525675
525704
525791
525813
525896
525960
526040
526100
526134
526215
526300
526351
526484
526581
526674
526774
526849
526921
527052
527157
527207
527261
527504
527577
527694
527778
527830
527955
527998
528060
528249
528295
528330
528373
528444
528748
528850
528910
528993
529122
529197
529248
529290
529464
529523
529554
529614
529660
529692
529778
529811
529910
529924
529999
530161
530221
530367
530408
530526
530772
531047
531194
531227
531308
531392
531506
531526
531602
531670
531711
531761
531809
531878
531923
532006
532086
532107
532150
532263
532326
532433
532498
532542
532639
532692
532732
532843
532931
532999
533176
533282
533332
533405
533477
533537
533591
533646
533710
533797
533946
533999
534034
534078
534121
534174
534215
534265
534307
534350
534387
534485
534557
534651
534732
534793
534881
535005
535091
535203
535269
535326
535337
535362
535409
535483
535502
535542
535599
535684
535739
535823
535841
535881
535919
535945
535967
536090
536130
536198
536236
536296
536370
536406
536489
536538
536582
536615
536729
536777
536830
537069
537125
537157
537214
537336
537390
537425
537464
537500
537542
537562
537615
537632
537661
537699
537718
537731
537762
537780
537815
537838
537879
537923
537960
538022
538050
538091
538114
538143
538190
538221
538256
538309
538339
538373
538409
538465
538541
538571
538611
538667
538769
538827
538852
538893
538937
538969
539005
539223
539266
539298
539344
539408
539432
539453
539500
539549
539611
539636
539688
539728
539755
539802
539874
539977
540008
540059
540157
540226
540264
540295
540364
540412
540454
540542
540566
540604
540630
540667
540752
540808
540897
541105
541232
541260
541274
541307
541353
541389
541429
541442
541470
541530
541558
541575
541622
541737
541784
541858
541920
541974
542187
542236
542287
542445
542486
542564
542621
542708
542767
542818
542871
542921
543070
543208
543297
543450
543475
543511
543553
543588
543620
543665
543725
543788
543885
543909
543983
544046
544085
544112
544152
544161
544206
544275
544342
544411
544451
544534
544581
544604
544658
544746
544790
544835
544931
545043
545149
545208
545262
545325
545376
545502
545584
545642
545696
545726
545842
545942
545988
546063
546197
546244
546373
546426
546468
546531
546605
546630
546663
546682
546712
546753
546793
546838
546879
546922
546981
547025
547059
547091
547144
547166
547231
547361
547584
547607
547641
547653
547692
547714
547746
547817
547855
547912
547962
548113
548233
548301
548349
548383
548432
548495
548619
548831
548924
548970
549050
549107
549143
549208
549245
549267
549333
549391
549435
549458
549500
549573
549645
549681
549712
549748
549798
549901
549927
550024
550070
550097
550132
550254
550313
550597
550731
550930
551101
551188
551271
551328
551384
551462
551518
551575
551660
551792
551883
551980
552006
552037
552134
552219
552236
552261
552306
552389
552506
552608
552709
552750
552771
552842
552899
552958
553031
553053
553124
553200
553222
553309
553342
553381
553425
553464
553502
553542
553593
553625
553650
553702
553771
553785
553822
553853
553882
553930
554070
554100
554137
554172
554249
554269
554287
554344
554429
554480
554515
554671
554737
554896
554947
554998
555044
555053
555095
555114
555163
555190
555216
555233
555259
555313
555403
555430
555523
555660
555675
555708
555740
555784
555807
555842
555915
555949
556020
556068
556097
556176
556240
556302
556323
556377
556436
556539
556616
556711
556782
556916
557002
557050
557141
557203
557263
557305
557346
557411
557505
557561
557713
557747
557818
557938
557961
558044
558234
558345
558400
558541
558565
558630
558696
558746
558801
558892
558976
559186
559364
559413
559511
559551
559605
559675
559710
559750
559817
559861
559883
559917
559956
560013
560076
560174
560220
560290
560323
560367
560398
560460
560515
560557
560685
560715
560785
560840
560871
560912
560926
561001
561038
561090
561160
561354
561518
561625
561709
561766
561782
561800
561920
561951
562096
562162
562232
562311
562409
562446
562496
562546
562577
562674
562709
562781
562818
562855
562931
563259
563287
563355
563397
563467
563513
563562
563604
563666
563727
563729
563758
563824
563899
563972
564035
564096
564121
564193
564245
564278
564342
564381
564429
564479
564528
564606
564725
564800
564863
564920
565019
565129
565315
565390
565519
565612
565656
565735
565810
565910
565952
566086
566122
566275
566382
566436
566506
566546
566591
566711
566747
566934
566958
567053
567208
567259
567428
567459
567562
567639
567740
567858
567919
568005
568084
568127
568181
568238
568355
568379
568454
568516
568657
568710
568765
568847
568871
568906
568948
569011
569057
569080
569108
569161
569229
569312
569410
569465
569574
569715
569755
569899
569948
570146
570208
570299
570350
570415
570473
570516
570720
570764
570795
570865
570894
570947
571033
571056
571099
571117
571177
571216
571298
571332
571415
571518
571578
571606
571682
571797
571862
571923
572006
572187
572224
572300
572370
572428
572576
572645
572678
572797
572889
572935
573085
573162
573232
573305
573392
573487
573583
573757
573841
573893
574030
574098
574168
574249
574274
574402
574451
574512
574535
574560
574635
574692
574760
574777
574823
574868
574951
575034
575090
575167
575190
575245
575305
575330
575400
575467
575506
575599
575663
575713
575733
575816
575949
576054
576211
576304
576425
576466
576500
576558
576672
576766
576849
576896
577004
577057
577093
577152
577232
577346
577381
577432
577449
577509
577561
577608
577664
577667
577759
577886
577921
577970
578010
578057
578094
578155
578218
578323
578383
578459
578653
578697
578742
578769
578812
578863
578895
578933
579001
579073
579144
579218
579293
579382
579470
579584
579623
579703
579725
579790
579907
579958
580019
580091
580223
580264
580314
580360
580424
580450
580595
580627
580698
580763
580822
580944
581005
581101
581270
581296
581381
581520
581633
581785
581894
581930
581969
582166
582220
582274
582337
582393
582463
582534
582626
582676
582725
582772
582820
582877
582956
583030
583088
583121
583157
583195
583256
583599
583668
583730
583827
583850
583905
583962
584028
584121
584199
584285
584305
584413
584454
584520
584626
584686
584774
584814
584842
584904
584956
584989
585020
585043
585114
585149
585226
585276
585392
585454
585520
585567
585595
585652
585715
585811
585856
585959
586114
586140
586168
586201
586249
586339
586380
586403
586413
586469
586564
586645
586685
586761
586847
586921
586981
587028
587112
587178
587186
587257
587290
587320
587431
587458
587471
587487
587526
587577
587595
587615
587637
587678
587715
587767
587827
587875
587942
587977
587992
588043
588066
588104
588168
588209
588291
588356
588441
588490
588588
588658
588747
588791
588875
588909
588943
589004
589032
589070
589109
589137
589185
589211
589297
589335
589385
589425
589506
589539
589666
589702
589815
589876
589918
589950
589993
590050
590070
590121
590176
590226
590297
590388
590418
590506
590609
590681
590736
590755
590787
590843
590905
590960
591002
591077
591183
591388
591494
591536
591572
591590
591625
591651
591730
591764
591781
591832
591861
591889
591950
592052
592101
592222
592277
592321
592343
592383
592448
592532
592583
592636
592701
592783
592843
592898
592972
593019
593062
593113
593224
593279
593359
593387
593445
593524
593653
593701
593769
593833
593916
593972
594004
594111
594182
594217
594279
594298
594403
594480
594532
594579
594622
594677
594788
594858
594903
594950
594988
595091
595133
595189
595232
595253
595307
595472
595520
595558
595606
595722
595878
595904
595940
596010
596147
596174
596299
596376
596423
596505
596563
596610
596673
596728
596835
596934
596964
597005
597080
597121
597156
597193
597211
597242
597301
597368
597383
597411
597445
597483
597535
597631
597685
597727
597842
597929
597982
598031
598095
598129
598300
598354
598392
598436
598477
598521
598559
598576
598605
598613
598636
598671
598742
598835
598931
598978
599085
599134
599156
599241
599305
599384
599458
599529
599592
599642
599735
599834
599869
599930
599995
600055
600110
600220
600289
600366
600429
600525
600621
600711
600802
600946
600997
601055
601163
601225
601268
601298
601393
601494
601576
601618
601667
601708
601835
601867
601901
601979
602035
602129
602176
602213
602270
602332
602406
602502
602599
602640
602706
602886
602925
603061
603240
603302
603320
603384
603393
603404
603418
603475
603535
603595
603628
603683
603706
603755
603863
603905
603929
603976
604041
604079
604122
604231
604426
604496
604562
604619
604704
604773
604810
604872
604938
605010
605033
605088
605157
605294
605372
605424
605467
605552
605607
605659
605741
605843
605898
605991
606060
606127
606144
606386
606497
606577
606616
606651
606720
606825
606863
606921
607020
607059
607146
607204
607254
607293
607351
607389
607509
607574
607620
607722
607774
607810
607921
608005
608073
608115
608184
608264
608310
608357
608444
608492
608525
608599
608638
608652
608714
608748
608782
608860
608876
608900
608934
609020
609077
609133
609215
609253
609295
609342
609419
609475
609532
609562
609621
609677
609713
609753
609832
609962
610010
610062
610139
610194
610249
610326
610366
610409
610471
610550
610616
610648
610702
610747
610786
610852
610908
610981
611024
611142
611204
611278
611366
611438
611492
611575
611629
611840
611910
611984
612059
612161
612219
612230
612287
612368
612426
612476
612543
612582
612665
612685
612774
612818
612892
613022
613106
613154
613182
613220
613269
613378
613448
613481
613536
613624
613693
613741
613829
613888
613963
614040
614070
614097
614146
614182
614222
614299
614318
614370
614426
614465
614541
614632
614691
614774
614811
614869
614891
614973
615044
615197
615248
615291
615351
615472
615510
615545
615583
615616
615663
615731
615836
615885
615943
616024
616084
616187
616232
616393
616475
616589
616623
616668
616777
616806
616891
616958
617010
617064
617111
617135
617196
617218
617284
617317
617345
617397
617528
617588
617688
617776
617826
617896
618021
618069
618095
618126
618151
618217
618252
618333
618381
618424
618438
618501
618565
618660
618766
618812
618829
618866
618944
619040
619227
619408
619431
619556
619653
619707
619753
619806
619863
619912
619961
620014
620075
620144
620275
620350
620443
620476
620554
620623
620679
620720
620752
620825
620886
620912
621023
621096
621270
621318
621433
621481
621547
621645
621673
621720
621785
621841
621894
621943
621990
622021
622052
622125
622203
622237
622252
622314
622371
622432
622462
622518
622539
622582
622615
622648
622688
622703
622721
622773
622824
622863
622908
622946
622991
623054
623104
623198
623243
623288
623356
623478
623611
623666
623708
623762
623819
623892
623934
624003
624082
624169
624206
624255
624286
624336
624389
624438
624495
624603
624630
624713
624759
624787
624861
624924
624949
624995
625031
625050
625101
625200
625270
625316
625422
625632
625758
625856
625895
625942
626125
626187
626252
626298
626391
626480
626585
626631
626671
626689
626716
626764
626819
626855
626914
626965
627002
627022
627043
627192
627340
627373
627433
627494
627558
627623
627678
627736
627759
627789
627828
628094
628160
628202
628240
628263
628383
628455
628580
628640
628676
628715
628772
628799
628847
628881
628935
629081
629138
629216
629329
629460
629541
629569
629709
629732
629864
629924
629951
629986
630038
630097
630177
630226
630251
630268
630299
630326
630347
630388
630415
630456
630482
630559
630585
630658
630701
630727
630791
630823
630842
631016
631040
631150
631213
631316
631463
631551
631589
631660
631906
631941
631968
632008
632075
632151
632298
632362
632467
632486
632562
632606
632653
632706
632756
632829
632924
632982
633078
633143
633252
633346
633505
633561
633614
633766
633875
633911
633980
634059
634088
634155
634182
634265
634295
634345
634416
634454
634507
634541
634591
634634
634712
634775
634804
634837
634874
634940
634987
635025
635061
635094
635121
635141
635244
635272
635353
635405
635455
635554
635620
635672
635784
635912
635961
636029
636079
636151
636321
636370
636405
636439
636527
636601
636631
636697
636769
636847
636886
636996
637039
637083
637113
637178
637274
637306
637340
637385
637508
637607
637647
637721
637770
637871
637908
637943
638006
638044
638081
638167
638235
638308
638435
638530
638574
638785
638823
638948
638992
639059
639125
639174
639362
639423
639510
639564
639659
639692
639755
639780
639839
639890
639947
640018
640274
640295
640435
640451
640466
640512
640563
640592
640615
640692
640750
640777
640799
640837
640891
640948
641040
641065
641126
641162
641196
641257
641282
641351
641431
641477
641580
641666
641790
641856
641910
641956
641997
642031
642106
642125
642182
642302
642402
642429
642485
642514
642543
642705
642770
642851
642898
643080
643102
643168
643234
643274
643291
643321
643410
643429
643511
643576
643673
643818
643905
643999
644024
644047
644100
644160
644242
644290
644327
644375
644421
644539
644719
644749
644859
644922
644969
645051
645183
645315
645361
645390
645430
645493
645533
645576
645635
645658
645729
645755
645809
645826
646026
646092
646193
646397
646453
646557
646592
646632
646696
646759
646799
646851
646915
646992
647040
647093
647116
647157
647232
647327
647437
647494
647539
647581
647628
647714
647762
647787
647869
647896
647936
647972
648010
648030
648053
648068
648093
648130
648141
648170
648336
648363
648395
648426
648471
648506
648652
648718
648757
648810
648879
648900
648922
649001
649098
649123
649222
649288
649363
649388
649434
649477
649552
649623
649653
649744
649811
649874
649944
650007
650047
650089
650200
650275
650366
650427
650464
650524
650558
650622
650696
650736
650814
650859
650913
650974
651041
651153
651188
651285
651323
651464
651531
651584
651625
651669
651702
651724
651749
651790
651863
651918
651984
652015
652060
652114
652141
652195
652244
652292
652373
652460
652581
652605
652677
652704
652797
652862
652923
652956
653000
653038
653089
653105
653143
653219
653241
653297
653413
653452
653541
653580
653630
653670
653784
653959
654067
654110
654164
654219
654276
654320
654348
654474
654547
654624
654718
654782
654839
654901
654938
655002
655078
655132
655190
655253
655363
655454
655527
655582
655643
655706
655749
655794
655896
655969
656011
656046
656169
656200
656326
656392
656462
656563
656609
656659
656706
656828
656862
656893
656933
656976
657038
657062
657106
657141
657188
657253
657306
657468
657523
657545
657598
657656
657722
657764
657845
657923
657962
658017
658132
658184
658230
658264
658289
658311
658360
658443
658480
658586
658655
658711
658925
659004
659123
659218
659301
659374
659440
659529
659582
659615
659652
659681
659716
659757
659808
659856
659888
659964
660014
660069
660142
660215
660280
660386
660495
660565
660613
660652
660719
660770
660954
660995
661025
661079
661123
661160
661247
661282
661377
661445
661554
661610
661678
661773
661853
661939
661983
662046
662066
662124
662264
662301
662550
662603
662646
662701
662774
662890
662943
662988
663030
663051
663081
663164
663212
663252
663301
663330
663387
663464
663584
663646
663741
663808
663838
663905
664009
664038
664096
664150
664218
664273
664306
664337
664426
664481
664590
664634
664680
664826
665057
665100
665137
665171
665411
665426
665486
665556
665591
665623
665656
665683
665732
665818
666007
666096
666159
666219
666304
666327
666369
666419
666468
666521
666611
666673
666701
666749
666780
666859
666898
666911
666936
666968
667011
667081
667127
667207
667326
667360
667459
667497
667576
667713
667785
667848
667893
667926
668063
668152
668231
668335
668423
668496
668536
668596
668667
668700
668752
668812
668901
668940
669056
669288
669418
669458
669512
669587
669611
669676
669704
669749
669810
669824
669897
669947
670038
670079
670153
670226
670312
670367
670429
670496
670544
670594
670654
670695
670745
670772
670836
670911
670958
670980
671006
671031
671119
671135
671154
671285
671328
671346
671410
671433
671491
671521
671537
671547
671628
671658
671789
671847
671988
672038
672184
672289
672323
672414
672507
672547
672633
672656
672681
672725
672755
672814
672859
672957
673014
673054
673160
673249
673331
673364
673388
673416
673440
673505
673553
673600
673627
673688
673738
673843
673919
673940
674045
674065
674122
674191
674289
674324
674367
674448
674505
674572
674628
674690
674724
674767
674850
674883
674932
674979
675062
675082
675166
675207
675288
675368
675410
675622
675679
675709
675740
675751
675763
675791
675847
675895
675978
676016
676095
676143
676216
676291
676355
676558
676614
676716
676799
676887
676918
676967
677029
677120
677181
677252
677346
677433
677497
677562
677630
677673
677701
677757
677812
677880
678106
678140
678241
678314
678496
678548
678682
678694
678919
678981
679070
679165
679322
679368
679487
679517
679542
679560
679606
679655
679702
679734
679812
679920
680004
680073
680187
680253
680341
680404
680503
680607
680705
680764
680799
680865
680905
680938
680944
681024
681187
681252
681267
681270
681405
681509
681552
681581
681647
681701
681884
681988
682043
682064
682117
682146
682187
682249
682449
682505
682548
682571
682614
682647
682666
682800
682818
683000
683088
683160
683192
683225
683304
683341
683353
683387
683441
683481
683514
683588
683665
683761
683820
683882
683905
683950
684070
684137
684178
684218
684265
684314
684408
684464
684502
684569
684656
684681
684728
684761
684932
684999
685133
685182
685211
685262
685364
685396
685428
685490
685554
685586
685613
685680
685756
685823
685891
685939
686024
686117
686227
686300
686326
686394
686431
686471
686547
686652
686694
686733
686750
686792
686867
686897
686965
687027
687081
687147
687218
687279
687309
687355
687415
687481
687541
687606
687663
687749
687910
687951
688005
688055
688153
688191
688269
688320
688357
688404
688463
688516
688624
688665
688720
688861
688925
689011
689129
689216
689286
689314
689346
689372
689477
689553
689593
689647
689699
689759
689825
689894
689976
690055
690093
690149
690380
690421
690430
690498
690543
690587
690669
690699
690803
690820
690858
690968
690999
691029
691091
691113
691150
691192
691261
691333
691378
691463
691491
691539
691606
691690
691867
691937
692040
692111
692147
692191
692333
692413
692502
692585
692781
692837
692869
692921
692969
693009
693068
693125
693189
693255
693334
693406
693465
693506
693648
693726
693764
693866
693906
693978
694034
694068
694177
694197
694270
694324
694363
694437
694526
694607
694649
694680
694747
694784
694854
694902
694972
695062
695163
695191
695224
695287
695347
695434
695493
695539
695618
695660
695719
695777
695857
695975
696032
696096
696190
696268
696358
696402
696469
696519
696601
696679
696717
696784
696905
696962
697005
697059
697113
697168
697282
697309
697346
697488
697609
697676
697750
697804
697920
698024
698128
698187
698216
698349
698539
698577
698623
698670
698723
698784
698851
698939
698996
699138
699205
699290
699322
699365
699399
699439
699482
699541
699626
699704
699797
699854
699929
700022
700087
700154
700270
700377
700466
700494
700549
700595
700650
700735
700801
700884
700967
701027
701070
701134
701182
701260
701341
701427
701488
701586
701660
701697
701762
701836
701992
702029
702069
702100
702145
702339
702366
702472
702516
702588
702646
702717
702809
702968
703013
703050
703107
703220
703248
703333
703419
703484
703688
703823
703860
703932
704002
704073
704174
704250
704317
704403
704482
704528
704563
704631
704691
704730
704832
704882
704938
705078
705130
705187
705229
705293
705310
705356
705371
705432
705484
705547
705573
705606
705643
705664
705733
705825
705863
705932
706093
706154
706251
706331
706379
706401
706438
706469
706523
706603
706661
706728
707059
707111
707195
707336
707410
707471
707513
707632
707660
707729
707790
707854
707965
708076
708177
708210
708343
708444
708520
708567
708618
708710
708772
708807
708868
708969
709030
709087
709284
709354
709432
709497
709545
709573
709602
709665
709776
709949
709977
710047
710122
710168
710203
710257
710317
710363
710438
710512
710558
710623
710664
710727
710764
710799
710866
710940
711034
711125
711173
711248
711349
711393
711510
711590
711670
711691
711733
711759
711834
711942
711969
712010
712050
712076
712120
712198
712250
712602
712739
712786
712872
712949
713049
713130
713209
713416
713509
713556
713605
713703
713748
713823
713947
714068
714158
714275
714364
714406
714538
714647
714765
714832
714872
714909
714943
715028
715160
715223
715276
715348
715403
715481
715551
715595
715709
715784
715835
715897
715949
716031
716086
716151
716220
716264
716286
716387
716467
716676
716738
716901
716935
716978
717077
717133
717195
717275
717326
717439
717495
717517
717575
717654
717688
717765
717814
717840
717875
717924
717995
718076
718125
718175
718321
718388
718499
718564
718670
718713
718751
718829
718864
718913
718978
719004
719211
719268
719316
719351
719517
719541
719621
719746
719811
719832
719847
719873
719920
719951
719996
720082
720113
720181
720257
720278
720313
720384
720462
720632
720647
720715
720921
720973
721026
721062
721105
721184
721223
721301
721394
721417
721499
721550
721608
721664
721736
721785
721840
721861
721930
721996
722088
722120
722153
722223
722341
722382
722462
722498
722544
722779
722836
722912
722961
723016
723126
723170
723321
723404
723464
723481
723523
723563
723594
723671
723751
723786
723853
723935
724013
724060
724119
724180
724247
724297
724353
724411
724472
724613
724665
724688
724746
724829
724991
725038
725157
725248
725291
725431
725510
725556
725582
725672
725722
725780
725835
725892
725928
726050
726129
726180
726228
726297
726361
726461
726496
726552
726648
726683
726738
726834
726900
726995
727045
727103
727198
727236
727270
727297
727348
727442
727464
727542
727612
727677
727789
727890
727956
728019
728129
728212
728341
728478
728533
728589
728620
728734
728779
728831
728949
728968
728991
729045
729099
729141
729199
729272
729317
729336
729388
729456
729492
729565
729638
729704
729892
729981
730075
730128
730186
730350
730384
730418
730476
730534
730603
730661
730773
730836
730947
731005
731053
731120
731175
731249
731297
731383
731437
731529
731572
731635
731667
731733
731881
731946
731994
732117
732186
732293
732347
732387
732436
732566
732608
732654
732710
732751
732798
732836
732888
732954
732985
733033
733080
733121
733166
733343
733519
733565
733602
733644
733683
733750
733819
733859
733922
734014
734078
734133
734277
734345
734508
734576
734643
734685
734705
734767
734828
734913
734946
734994
735014
735035
735101
735194
735317
735372
735424
735471
735571
735619
735652
735704
735744
735818
735880
735942
736017
736072
736170
736207
736282
736340
736422
736498
736537
736597
736641
736679
736752
736825
736866
736906
737100
737257
737338
737502
737626
737679
737807
737874
737897
737926
737978
738024
738043
738129
738206
738278
738339
738384
738444
738505
738569
738586
738691
738718
738816
738855
738913
739003
739131
739297
739430
739510
739580
739615
739674
739746
739842
739922
739997
740090
740134
740242
740333
740402
740428
740482
740541
740624
740758
740849
740956
740988
741015
741122
741233
741258
741327
741377
741434
741501
741528
741575
741661
741695
741838
741864
741920
741982
742053
742144
742196
742308
742439
742478
742560
742590
742672
742792
742853
742916
742938
743036
743068
743263
743320
743435
743535
743620
743702
743844
743887
743982
744029
744064
744131
744195
744259
744288
744331
744383
744412
744497
744547
744588
744648
744714
744771
744838
745034
745078
745150
745192
745254
745304
745354
745383
745410
745471
745537
745600
745676
745741
745826
745881
745960
745991
746035
746080
746140
746224
746269
746351
746393
746470
746488
746536
746596
746643
746677
746717
746767
746846
746870
746918
746972
747002
747023
747096
747207
747339
747404
747456
747514
747560
747662
747780
747803
747846
747937
747973
748058
748156
748191
748241
748330
748529
748623
748671
748762
748836
748878
748921
748953
748967
748994
749037
749077
749194
749224
749309
749369
749426
749483
749551
749632
749692
749745
749795
749863
749964
750025
750065
750129
750230
750274
750388
750440
750460
750500
750541
750579
750632
750657
750699
750724
750748
750807
750992
751018
751059
751151
751212
751279
751352
751446
751527
751609
751656
751693
751775
751846
751898
751996
752110
752176
752228
752336
752415
752464
752540
752609
752725
752806
752951
753045
753088
753159
753197
753247
753290
753347
753393
753465
753539
753589
753670
753720
753792
753809
753850
753890
753933
753967
754002
754086
754203
754354
754450
754559
754624
754735
754783
754880
754931
755135
755284
755344
755371
755457
755500
755532
755572
755648
755675
755707
755806
755838
755874
755915
755986
756052
756117
756231
756274
756433
756575
756689
756728
756805
756895
756975
757055
757099
757165
757201
757272
757356
757421
757452
757529
757572
757626
757668
757730
757850
757901
757949
758019
758077
758147
758209
758252
758321
758448
758511
758551
758637
758706
758752
758791
758880
758946
758997
759054
759109
759200
759260
759333
759434
759492
759573
759636
759767
759821
759927
760027
760096
760165
760222
760288
760359
760421
760496
760565
760629
760728
760805
760902
760963
761002
761140
761223
761345
761386
761465
761596
761662
761726
761818
761856
761938
762038
762124
762172
762235
762322
762529
762571
762628
762692
762769
762802
762900
762921
762945
763053
763124
763199
763277
763308
763361
763411
763450
763526
763587
763677
763753
763790
763849
763931
764053
764078
764136
764174
764275
764319
764362
764430
764597
764819
764862
764898
764932
764985
765014
765054
765075
765126
765156
765174
765208
765273
765286
765325
765378
765450
765549
765629
765657
765698
765756
765844
765859
765893
765951
766044
766086
766114
766196
766292
766345
766423
766490
766554
766609
766647
766697
766724
766762
766867
766903
766953
766983
767023
767075
767115
767190
767241
767326
767360
767396
767501
767531
767563
767609
767643
767707
767733
767803
767849
767921
768091
768137
768242
768291
768376
768422
768481
768510
768533
768559
768606
768671
768700
768736
768765
768793
768864
768910
768961
769028
769069
769143
769217
769262
769332
769374
769428
769535
769654
769733
769805
769871
769918
769965
770046
770088
770171
770227
770252
770289
770357
770390
770446
770515
770617
770710
770766
770833
770908
771002
771050
771152
771239
771292
771356
771444
771535
771572
771676
771764
771835
771878
771984
772016
772066
772128
772154
772209
772268
772313
772381
772458
772535
772610
772677
772773
772867
772951
773013
773060
773164
773227
773283
773399
773532
773571
773647
773702
773768
773852
773940
774047
774113
774299
774365
774392
774438
774456
774546
774605
774662
774716
774819
774878
774933
775032
775096
775158
775214
775452
775518
775562
775636
775741
775788
775861
775901
775949
776001
776153
776217
776340
776475
776530
776581
776603
776674
776757
776869
776906
776970
777077
777175
777214
777284
777341
777530
777552
777590
777624
777673
777747
777830
777877
777977
778042
778099
778146
778280
778355
778490
778556
778730
778798
778878
778947
778976
779044
779067
779151
779207
779268
779422
779492
779546
779593
779642
779735
779764
779817
779844
779879
779921
779980
780073
780126
780262
780328
780380
780444
780507
780568
780641
780701
780738
780825
780900
780961
781020
781092
781148
781188
781242
781277
781334
781442
781489
781584
781620
781715
781754
781789
781834
781886
781923
781969
782023
782078
782192
782313
782443
782527
782572
782611
782659
782700
782726
782759
782791
782873
782894
782949
782967
783015
783249
783301
783339
783379
783415
783538
783647
783723
783779
783890
783922
783981
784015
784087
784186
784262
784306
784371
784397
784458
784562
784671
784720
784823
784916
784954
785041
785150
785192
785281
785420
785477
785549
785664
785776
785835
785945
785997
786085
786137
786200
786289
786335
786418
786473
786515
786584
786707
786795
786838
786952
787025
787067
787103
787198
787228
787261
787341
787414
787433
787524
787556
787609
787801
787827
787935
787981
788041
788069
788125
788162
788233
788340
788502
788598
788648
788717
788776
788853
788984
789018
789070
789114
789186
789250
789299
789343
789387
789461
789521
789565
789634
789767
789800
789885
790032
790093
790125
790169
790242
790267
790321
790365
790412
790450
790501
790563
790608
790692
790755
790836
790897
790922
790958
791027
791045
791144
791307
791371
791454
791482
791655
791733
791828
791901
792015
792074
792141
792190
792389
792469
792519
792572
792594
792634
792697
792796
792831
792850
792942
793004
793107
793137
793166
793485
793585
793651
793710
793809
793842
793910
793984
794091
794140
794165
794183
794245
794320
794436
794488
794542
794580
794674
794698
794755
794814
794851
794918
794984
795069
795116
795178
795239
795318
795359
795370
795416
795442
795486
795525
795586
795787
795828
796021
796089
796149
796193
796237
796321
796349
796379
796413
796450
796486
796532
796564
796591
796633
796695
796749
796788
796820
796876
796922
796960
797012
797047
797090
797128
797159
797195
797255
797423
797487
797570
797659
797787
797847
797993
798043
798109
798145
798165
798265
798297
798355
798521
798576
798623
798682
798746
798835
798934
799000
799069
799144
799378
799477
799526
799576
799608
799685
799764
799810
799840
799881
799994
800061
800100
800146
800185
800242
800273
800318
800379
800466
800529
800585
800655
800720
800800
800826
800886
800971
801046
801095
801144
801217
801367
801449
801532
801597
801660
801718
801805
801821
801888
801902
801983
802044
802108
802169
802261
802323
802371
802418
802462
802521
802581
802642
802702
802747
802792
802841
802884
802909
802950
803037
803124
803191
803261
803346
803388
803457
803530
803752
803775
803806
803840
803885
803917
803948
804016
804109
804157
804204
804282
804341
804407
804486
804522
804565
804613
804664
804743
804829
804866
804920
804964
804982
805122
805189
805273
805332
805420
805498
805518
805618
805761
805824
805884
805909
805978
806044
806114
806238
806314
806368
806406
806481
806549
806634
806742
806813
806838
806906
806967
807037
807093
807160
807239
807299
807377
807431
807508
807546
807612
807699
807736
807778
807815
807873
807925
807991
808054
808136
808294
808332
808409
808479
808555
808655
808748
808827
808878
808977
809016
809115
809171
809218
809250
809314
809369
809440
809473
809531
809587
809649
809689
809764
809803
809833
809869
809936
809972
810078
810094
810124
810152
810240
810293
810323
810395
810457
810503
810597
810659
810682
810809
810869
810917
811037
811100
811158
811180
811211
811256
811279
811343
811370
811421
811469
811546
811592
811643
811740
811765
811904
811943
812045
812128
812234
812269
812360
812397
812508
812589
812637
812714
812846
812892
812923
813004
813026
813103
813155
813189
813226
813237
813275
813296
813362
813388
813406
813436
813572
813610
813659
813698
813804
813861
813903
813997
814240
814331
814430
814533
814573
814691
814851
814870
814933
815021
815077
815123
815150
815246
815287
815379
815459
815528
815577
815753
815956
816032
816059
816092
816135
816185
816254
816299
816394
816450
816517
816585
816632
816659
816689
816723
816751
816806
816825
816875
816908
816978
816995
817062
817103
817163
817198
817270
817310
817344
817399
817659
817706
817742
817801
817871
817945
818009
818087
818172
818225
818327
818362
818380
818444
818499
818545
818581
818639
818710
818817
818870
818969
819017
819063
819134
819190
819233
819262
819283
819362
819425
819478
819574
819701
819741
819829
819866
819961
820014
820137
820225
820251
820309
820452
820479
820509
820540
820597
820691
820757
820827
820858
820899
821008
821065
821117
821158
821247
821295
821356
821407
821456
821536
821629
821733
821797
821847
821945
822027
822080
822178
822246
822327
822458
822483
822535
822563
822641
822682
822746
822766
822775
822788
822808
822865
822924
822978
823044
823123
823180
823225
823262
823292
823331
823369
823401
823494
823575
823628
823689
823702
823720
823761
823793
823822
823889
823951
823983
824023
824047
824089
824118
824151
824192
824225
824286
824494
824543
824635
824692
824738
824747
824833
824911
824969
825019
825158
825252
825283
825326
825356
825377
825444
825507
825534
825568
825605
825642
825722
825804
825867
825925
826116
826132
826170
826194
826375
826408
826457
826521
826611
826936
826974
827032
827095
827146
827262
827325
827357
827404
827428
827504
827558
827616
827707
827735
827802
827884
828027
828169
828238
828313
828372
828435
828488
828521
828630
828720
828809
828887
828933
829045
829110
829161
829234
829304
829390
829418
829443
829509
829541
829712
829750
829824
829869
829964
830030
830140
830235
830265
830297
830372
830433
830507
830572
830617
