5
380
477
590
760
898
1216
1320
2019
2070
2333
2434
2508
2606
2829
2899
3243
3333
3596
3835
3892
4035
4461
4615
4901
4987
5019
5122
5181
5252
5528
5603
5800
5822
6297
6505
6632
6752
6838
6920
7313
7431
7708
8053
8297
8560
8688
8858
8946
9060
9460
9521
9601
9739
9869
9903
10241
10498
10573
10702
10780
10858
11380
11449
11733
12038
12136
12175
12408
12533
12615
12754
12843
12862
13365
13456
13570
13752
13927
14327
14451
14575
14690
14772
14874
14937
15015
15420
15476
15534
15628
15719
15771
16049
16245
16297
16625
16781
16901
16991
17027
17114
17212
17332
17428
17429
17522
17603
17800
17906
18216
18379
18489
18666
18995
19147
19197
19373
19456
19624
19752
19824
20125
20257
20366
20456
20558
20811
20862
21006
21047
21220
21299
21355
21771
21846
21865
22161
22238
22299
22624
22664
22753
22819
22835
23111
23167
23201
23218
23284
23378
23657
23676
23755
24054
24081
24155
24200
24316
24491
24568
24757
24840
25260
25319
25407
25624
25994
26103
26224
26337
26468
26534
26770
26816
27105
27300
27341
27462
27527
27690
27738
27802
27914
28020
28225
28357
28393
28469
28613
28929
29300
29376
29440
29612
29750
29899
30174
30466
30560
30668
30752
30860
30965
31243
31385
31713
31829
31944
32316
32497
32582
32686
32818
32843
33120
33345
33453
33583
33639
34007
34129
34360
34443
34704
34783
35067
35151
35364
35398
35445
35554
35639
35791
35911
35987
36275
36617
36728
36886
37100
37260
37454
37897
38458
38632
38981
39112
39274
39370
39527
39584
39850
39925
40148
40205
40350
40424
40508
40612
40682
40832
41126
41267
41379
41419
41451
41704
41801
41936
42035
42238
42488
42516
42646
42767
42857
43061
43160
43283
43758
43827
44107
44219
44414
44702
44861
45352
45615
45744
45956
46018
46089
46126
46150
46274
46442
46814
46887
47078
47203
47402
47857
48105
48350
48424
48517
48569
48774
48933
49234
49614
49895
49910
50048
50137
50379
50489
50724
50796
51042
51144
51325
51398
51808
52254
52408
52701
52809
52896
53076
53166
53271
53590
53654
54182
54408
54508
54601
54850
55015
55263
55367
55542
55684
56074
56202
56300
56360
56585
56786
56916
57040
57124
57203
57295
57641
57709
57968
58249
58393
58542
58642
58742
58811
58972
59107
59286
59402
59759
60113
60180
60402
60481
60532
60642
60715
60829
60991
61143
61274
61340
61463
61498
61601
61743
61791
61906
62057
62122
62379
62662
62753
62832
62973
63039
63210
63358
63411
63516
63549
63597
63639
63755
63850
63863
63903
63913
64046
64068
64130
64216
64239
64297
64352
64410
64443
64471
64709
64754
64762
64790
64803
64845
64900
64964
65087
65150
65219
65267
65368
65443
65518
65589
65680
65824
65910
66373
66686
66730
66768
66874
66965
67092
67104
67134
67175
67247
67286
67316
67360
67412
67533
67609
67681
67732
67797
68002
68076
68292
68356
68421
68603
68683
68740
68977
69053
69154
69236
69372
69469
69503
69525
69670
69710
69943
70124
70357
70442
70541
70568
70621
70874
70946
70995
71376
71470
71782
72089
72166
72253
72318
72432
73007
73306
73936
74115
74189
74407
74541
74635
74665
74764
75415
75610
75772
75874
76050
76255
76477
76744
76818
76844
77114
77586
77919
78330
78376
78616
78827
78943
79153
79473
79561
79895
80067
80224
80323
80382
80496
80582
80654
80840
81033
81178
81306
81380
81611
81987
82221
82486
82648
82700
82857
83096
83391
83891
84011
84217
84474
84650
84731
84855
84969
85177
85317
85750
85876
85948
85988
86154
86307
86398
86577
86894
87010
87159
87287
87467
87612
87765
87805
87938
88116
88268
88305
88431
88515
88727
88969
89071
89185
89270
89456
89574
89671
90134
90508
90653
90780
90929
91106
91256
91358
91497
91567
91800
91856
92192
92300
92545
92877
93264
93369
93460
93527
93843
93999
94072
94152
94171
94410
94527
94735
94814
94946
95160
95344
95478
95663
95740
96041
96621
96748
96881
96967
97013
97104
97178
97259
97534
97646
97693
97763
97833
98078
98297
98440
98523
98740
98931
99008
99136
99332
99474
99541
99666
99910
100036
100170
100216
100278
100406
100805
101208
101580
101739
101925
101971
102160
102356
102612
102755
102846
103030
103173
103373
103570
103732
103784
103831
104084
104121
104242
104821
105308
105417
105718
105810
105943
106091
106154
106427
106505
106626
106748
106839
106891
107006
107242
107696
107807
107858
108044
108225
108279
108308
108502
108562
108948
109131
109211
109412
109656
110062
110119
110504
110764
110896
111126
111545
111660
111899
111943
112130
112163
112267
112394
112434
112534
112581
112658
112804
112880
112962
113057
113136
113432
113596
113927
114059
114389
114497
114637
114964
115049
115170
115256
115340
115430
115586
115646
115678
115784
115898
116225
116322
116552
116642
116823
117101
117412
117539
117834
117970
118106
118783
118868
119389
119541
119648
119871
120035
120107
120288
120419
120466
120516
120686
121170
121225
121557
121685
121781
121798
121892
121991
122027
122110
122195
122486
122676
123507
123602
123682
123932
124122
124241
124319
124387
124444
124819
125269
125749
125969
126123
126235
126442
126576
126902
127047
127243
127381
127438
127570
127641
127740
127780
128031
128160
128696
128815
128921
129065
129470
129648
129797
130067
130119
130249
130536
130862
131042
131398
131511
131626
131672
131941
132126
132162
132354
132438
132495
132560
132668
132755
132874
132941
133171
133240
133393
133573
133718
133838
133966
134147
134551
134693
134760
134956
135016
135175
135253
135342
135380
135571
135693
135857
135898
135970
136129
136378
136443
136516
136588
136890
137031
137143
137299
137408
137451
137468
137494
137505
137553
137567
137623
137769
137896
138167
138198
138474
138528
138592
138689
138951
139082
139139
139199
139390
139448
139681
139843
139971
140165
140304
140384
140558
140646
140685
140801
140867
141013
141117
141280
141369
141671
141832
141868
141955
142038
142210
142294
142467
142624
142756
142784
143019
143074
143433
143720
143903
144107
144237
144373
144501
144603
144701
144795
144847
144910
144926
144950
144999
145003
145027
145058
145100
145158
145284
145297
145417
145477
145488
145580
145635
145662
145734
145856
146049
146264
146430
146470
146556
146723
146824
146876
146930
146994
147039
147089
147152
147170
147181
147214
147406
147476
147545
147620
147685
147701
147833
147925
148077
148121
148190
148252
148319
148394
148407
148446
148621
148655
148729
148760
148936
149095
149189
149379
149496
149633
149745
149871
149959
150101
150161
150338
150424
150538
150563
150635
150748
150871
150971
150998
151033
151090
151172
151332
151411
151505
151650
151796
151967
152060
152127
152219
152391
152418
152486
152533
152567
152585
152636
152982
153151
153497
153608
153695
153797
153947
154041
154133
154269
154526
154632
154745
155017
155124
155317
155438
155541
155730
155826
155907
155966
156034
156042
156104
156146
156175
156239
156318
156323
156622
156716
156881
157014
157048
157095
157148
157252
157339
157420
157489
157582
157646
157708
157719
157759
157807
157864
158100
158193
158295
158324
158464
158557
158588
158655
158796
158958
159098
159177
159298
159325
159405
159498
159700
159896
160276
160358
160633
160874
161046
161374
161562
161620
161758
161906
162187
162417
162486
162606
162754
163077
163246
163371
163758
163801
163903
164000
164138
164176
164243
164311
164433
164512
164666
164758
164896
165025
165052
165289
165419
165487
165626
165844
165971
166074
166179
166272
166357
166442
166577
166874
166956
167045
167170
167377
167479
167585
167666
167810
167985
168184
168385
168556
168664
168761
168890
168949
169037
169081
169250
169439
169672
169760
169851
170016
170152
170244
170451
170653
170736
170784
170927
171179
171249
171397
171580
171625
171725
171816
171888
172000
172103
172191
172443
172521
172742
172833
172923
173013
173073
173178
173289
173584
173686
173808
173846
173915
173979
174034
174124
174390
174644
174677
174756
174817
174967
175067
175167
175303
175382
175564
175719
175864
175990
176084
176161
176350
176423
176560
176656
176703
176775
176861
176921
176975
177048
177426
177599
177911
178026
178109
178225
178417
178552
178755
178859
178974
179224
179696
179940
180072
180173
180243
180430
180660
180760
180808
180984
181197
181393
181506
181701
181875
182249
182582
182757
182838
183113
183241
183476
183597
183693
183868
184237
184327
184366
184628
184688
184864
185112
185211
185442
185536
185728
185868
186259
186422
186500
186645
187280
187375
187534
187563
187617
187840
187939
188166
188357
188604
188701
188897
188999
189125
189328
189415
189519
189592
190006
190099
190178
190248
190383
190430
190709
190883
191107
191308
191432
191473
191516
191529
191652
191984
193016
193277
193457
193698
193753
193798
193975
194107
194227
194492
194601
194747
194843
195322
195455
195527
195558
195924
196134
196281
196423
196586
196700
196815
196827
197010
197138
197354
197468
197670
197708
197775
197881
197950
198068
198177
198221
198310
198404
198488
198591
198701
198942
199213
199284
199328
199401
199470
199602
199733
199903
199989
200137
200408
200583
200685
200794
200875
201185
201353
201408
201475
201571
201602
201625
201736
202061
202159
202185
202237
202300
202338
202405
202484
202582
202619
202860
202968
203092
203119
203289
203440
203663
203878
204137
204319
204383
204761
204839
204864
204968
204998
205051
205211
205286
205357
205480
205570
205819
205916
205983
206078
206382
206529
206627
206652
206665
206688
206721
206734
206770
206802
206862
207329
207508
207687
207769
207889
207923
207952
208045
208126
208389
208516
208729
208805
208921
209024
209114
209295
209520
209625
209688
209733
209809
209813
209897
209948
209998
210149
210255
210311
210360
210535
210592
210638
210932
210981
211183
211272
211308
211378
211669
211719
211935
212079
212226
212392
212489
212579
212664
212827
212874
212983
213075
213151
213211
213382
213464
213590
213666
213754
213757
213817
213872
214182
214261
214363
214459
214654
214830
214942
214975
215027
215119
215198
215422
215722
215919
216036
216159
216217
216243
216330
216632
216746
216858
216979
217029
217256
217308
217442
217557
217660
217819
217894
218017
218101
218189
218329
218429
218473
218539
218612
218672
218847
218947
219052
219145
219239
219338
219484
219540
219673
219734
219783
219944
220047
220130
220401
220475
220548
220639
220677
220733
220822
220880
221002
221144
221365
221435
221562
221756
221844
221990
222128
222245
222524
222583
222724
222809
222907
223013
223120
223225
223363
223502
223594
223736
223770
223800
223894
224016
224173
224286
224421
224557
224889
224948
225200
225271
225431
225575
225733
225833
225972
226077
226126
226372
226429
226558
226662
226721
226837
226993
227129
227253
227376
227456
227555
227654
227778
227863
227955
228015
228061
228091
228117
228170
228277
228439
228674
228787
228900
228928
229136
229235
229259
229341
229403
229446
229531
229590
229649
229691
229795
229812
229836
229875
229897
230122
230177
230264
230311
230383
230561
230727
231155
231347
231449
231536
231792
232042
232183
232312
232432
232591
232621
232643
232704
232776
232823
232895
232939
233165
233191
233225
233415
233487
233556
233651
233677
233712
233924
234198
234408
234569
234644
234752
234868
234938
235079
235227
235471
235614
236109
236286
236395
236513
237039
237401
237527
237603
237647
237706
237832
238017
238151
238790
239039
239218
239509
239995
240241
240403
240578
240706
240855
241111
241426
241613
241679
241703
241823
241957
242005
242271
242303
242481
242538
242592
242658
242738
242772
242856
242888
242959
243058
243116
243155
243232
243477
243697
243821
244032
244181
244247
244412
244496
244583
244881
245264
245329
245486
245618
245710
246103
246200
246265
246434
246609
246770
246827
246994
247074
247222
247227
247536
247617
247834
247867
248273
248387
248489
248589
248872
248992
249086
249110
249240
249329
249526
249583
249675
249769
249827
249860
249861
249987
250003
250060
250127
250166
250271
250316
250439
250445
250574
250646
250715
250780
250860
250904
250953
250969
251063
251222
251295
251451
251632
251923
251995
252050
252119
252164
252428
252448
252541
252739
252910
253030
253239
253284
253788
253993
254064
254094
254208
254392
254565
254647
254713
254797
254874
254922
254973
255076
255150
255189
255271
255322
255501
255698
255885
255920
256026
256190
256406
256523
256596
256699
256825
257024
257310
257403
257480
257565
257644
257886
257977
258095
258266
258514
258592
258684
258868
259036
259176
259283
259368
259462
259560
259682
259726
259807
259944
260041
260272
260395
260626
260869
260959
261025
261070
261326
261476
261740
262174
262332
262494
262520
262751
262865
263001
263170
263407
263483
263547
263622
263755
263863
264025
264176
264261
264320
264423
264467
264545
264641
264752
264824
264959
265054
265222
265335
265451
265488
265647
265748
265998
266194
266296
266423
266569
266767
266861
266930
267018
267169
267299
267387
267542
267704
267789
267897
268003
268156
268334
268464
268585
268640
268708
268973
269024
269225
269317
269421
269495
269562
269743
270134
270265
270370
270514
270566
270579
270597
270664
270752
270837
270929
271185
271289
271541
271670
271751
271928
271980
272036
272153
272215
272297
272503
272664
272765
272820
273021
273079
273131
273178
273270
273437
273485
273577
273687
274091
274172
274308
274417
274440
274555
274631
274814
275009
275150
275398
275676
275773
275852
276115
276291
276450
276587
276703
276779
276822
276930
277010
277054
277120
277189
277277
277391
277450
277557
277640
277701
277737
277750
277777
277826
277961
278146
278193
278279
278326
278391
278467
278526
278812
278889
278937
279027
279264
279410
279524
279618
279763
279839
279951
280074
280114
280263
280398
280450
280554
280662
280761
280841
280894
280968
281041
281209
281238
281271
281304
281352
281522
281615
281702
282061
282116
282205
282319
282432
282612
282663
282809
282927
283162
283254
283327
283658
284158
284510
284670
284823
284923
285124
285193
285287
285540
285670
285774
285790
285849
285945
286024
286121
286288
286373
286419
286563
286641
286965
287101
287531
287657
287926
288138
288229
288352
288429
288629
288680
288817
289160
289234
289392
289569
289694
289879
290071
290305
290423
290493
290588
290669
290802
290847
290968
291033
291077
291263
291404
291561
291785
292049
292205
292267
292520
292706
292744
292919
293094
293190
293578
293781
293934
294094
294232
294295
294354
294402
294723
294931
295015
295063
295126
295247
295320
295374
295490
295673
295737
295755
295797
295876
295895
295920
295976
296098
296408
296557
296669
296751
296904
296983
297071
297120
297224
297379
297497
297712
297774
297848
297858
298008
298122
298208
298489
298554
298609
298734
298819
298903
299315
299421
299698
299773
299863
299897
299957
300044
300127
300353
300481
300558
300884
300960
301044
301105
301264
301480
301601
301658
301820
302002
302035
302457
302676
302840
302923
303226
303296
303496
303610
303680
303771
303836
304095
304152
304250
304352
304551
304724
304803
305013
305070
305124
305189
305347
305564
305605
305879
306041
306150
306266
306296
306432
306516
306576
306638
307113
307259
307475
307696
308038
308137
308216
308376
308640
308948
309044
309204
309372
309624
309682
309860
309966
310152
310311
310437
310615
310685
310761
310840
310921
311198
311365
311444
311535
311559
311644
311876
311943
311975
312078
312210
312444
312626
312751
312790
312921
313250
313399
313630
313661
313715
313944
314096
314144
314201
314338
314523
314597
314771
314963
315082
315382
315509
315717
315867
316031
316236
316322
316475
316640
316826
316915
316984
317087
317231
317368
317436
317530
317664
318051
318386
318519
318803
318911
319195
319267
319393
319563
319876
320320
320451
320529
320660
320852
320919
321031
321419
321541
321645
321739
322148
322268
322608
322661
322849
322876
322910
323048
323151
323187
323252
323292
323349
323507
323633
323707
323821
323882
324025
324068
324277
324324
324456
324538
324772
324905
325053
325195
325255
325404
325463
325578
325604
325715
325792
326097
326170
326255
326421
326548
326829
326845
326943
327040
327517
327548
327917
327970
328120
328241
328427
328531
328736
328941
329043
329257
329353
329427
329514
329677
329790
329884
329961
330132
330203
330265
330345
330460
330553
330645
330740
330851
331074
331412
332021
332325
332452
332500
332563
332598
332657
332816
332877
332964
333083
333166
333260
333314
333486
333518
333639
333738
333807
333901
333977
334137
334344
334467
334611
334736
334820
334936
335025
335170
335263
335382
335487
335624
335658
335725
335785
335906
336026
336092
336144
336310
336377
336441
336634
336951
337093
337157
337184
337235
337481
337562
337624
337746
337912
338070
338198
338314
338328
338433
338578
338641
338714
338802
338908
339089
339202
339237
339289
339400
339499
339676
339783
339815
339883
340009
340154
340266
340318
340370
340417
340460
340485
340544
340641
340720
340849
341027
341218
341544
341679
341765
341818
341910
342021
342200
342306
342442
342588
342754
342856
343003
343116
343266
343363
343422
343507
343639
343838
343927
343982
344029
344390
344496
344530
344690
344793
344848
344915
345033
345156
345248
345365
345431
345524
345661
345804
345837
346198
346298
346371
346526
346634
346769
346884
347025
347315
347415
347477
347577
347672
347815
347970
348092
348164
348338
348621
348729
348812
349265
349418
349595
349730
349785
349976
350042
350146
350236
350411
350538
350630
350686
350751
351294
351358
351655
351746
351830
351913
352071
352247
352342
352544
352652
352737
352985
353169
353313
353545
353969
354033
354169
354263
354278
354449
354503
354606
354649
354759
354888
355141
355291
355378
355456
355541
355620
355795
355969
356062
356155
356253
356400
356590
356656
356760
356917
356964
357059
357364
357469
357702
358266
358749
358859
359206
359357
359559
359959
360133
360326
360397
360459
360482
360494
360592
360638
360667
360718
360776
360874
360916
360986
361036
361154
361255
361425
361447
361521
361585
361630
361662
361674
361799
362007
362094
362172
362262
362387
362542
362616
362696
362823
362989
363085
363121
363305
363452
363590
363617
363655
363773
363817
363878
364031
364052
364166
364184
364271
364391
364519
364603
364736
364801
364926
365034
365145
365257
365432
365484
365541
365556
365637
365691
365722
365754
365910
366013
366108
366174
366372
366462
366536
366620
366674
366813
366842
366896
367211
367313
367397
367481
367547
367663
367807
367887
367939
368006
368067
368352
368411
368474
368579
368700
368842
368930
369069
369171
369272
369340
369451
369572
369596
369913
370010
370149
370234
370271
370320
370400
370452
370512
370551
370609
370644
370702
370744
370874
371107
371279
371399
371585
371718
371796
371856
371923
372125
372238
372346
372463
372530
372653
372740
372817
372905
373014
373036
373126
373225
373280
373359
373423
373535
373619
373647
373710
374021
374065
374162
374245
374327
374502
374531
374702
374747
374847
374942
375090
375191
375530
375621
375659
375752
375829
375898
376101
376302
376408
376551
376813
376961
377074
377183
377284
377306
377369
377412
377446
377476
377568
377701
377762
377862
377939
378048
378140
378177
378239
378334
378391
378454
378491
378579
378724
378889
379001
379108
379171
379235
379427
379541
379649
379790
379849
379956
380041
380102
380146
380200
380254
380381
380463
380681
380742
380840
380929
381006
381044
381128
381226
381348
381679
381784
381980
382103
382182
382282
382432
382603
382662
382817
382916
383024
383150
383369
383460
383542
383589
383776
383794
383904
383988
384049
384317
384418
384514
384558
384796
384975
385177
385233
385327
385352
385429
385613
385629
385772
385907
386021
386062
386163
386268
386430
386546
386645
386725
386903
386956
387128
387164
387231
387261
387362
387402
387466
387583
387695
387733
387813
387901
387917
387975
388054
388200
388363
388486
388580
388628
388719
388751
388827
388942
389049
389126
389201
389324
389545
389605
389687
389813
389853
389894
389939
390030
390085
390270
390297
390486
390657
390794
390884
390966
390997
391026
391070
391123
391255
391307
391515
391797
391850
391918
391982
392002
392138
392181
392208
392330
392431
392504
392600
392677
392806
392837
392896
392951
393041
393220
393308
393452
393587
393662
393766
393894
393962
394018
394151
394263
394386
394500
394585
394711
394777
394795
394891
394945
395020
395078
395239
395298
395421
395547
395655
395687
395838
395948
396009
396091
396152
396283
396426
396752
396948
397019
397094
397145
397202
397331
397400
397431
397512
397561
397591
397596
397629
397660
397693
397706
397842
397914
397988
398059
398166
398253
398342
398520
398558
398606
398703
398733
398800
398827
398837
398848
398862
398876
398980
399059
399176
399192
399236
399360
399398
399441
399497
399620
399699
399801
399845
399958
399979
400022
400063
400122
400167
400305
400392
400445
400612
400803
400912
401068
401287
401589
401734
401861
402095
402251
402327
402500
402589
402675
402823
402900
403016
403125
403229
403295
403454
403573
403601
403788
403851
403975
404066
404169
404407
404569
404715
405005
405101
405233
405391
405473
405611
405687
405781
405863
405988
406109
406302
406448
406721
406901
406993
407270
407341
407422
407481
407563
407632
407741
407844
408047
408197
408342
408606
408853
408936
409376
409475
409551
409714
409972
410138
410291
410424
410549
410607
410771
410857
410924
410985
411153
411247
411335
411375
411546
411691
411730
411804
411991
412068
412230
412302
412548
412628
412856
412950
413155
413617
413703
413750
413973
414055
414102
414230
414373
414517
414653
414721
414822
414872
414967
415098
415223
415347
415605
415673
415943
415999
416102
416239
416327
416451
416624
416781
416863
416950
417053
417128
417191
417278
417342
417422
417580
417696
417829
417968
418099
418162
418262
418381
418523
418579
418602
418706
418901
419146
419252
419356
419434
419519
419542
419570
419648
419663
419771
419809
419850
419978
420039
420102
420162
420376
420450
420564
420632
420728
420861
421064
421193
421281
421343
421436
421649
421710
421910
422031
422064
422253
422335
422399
422511
422606
422668
422807
422937
423007
423057
423128
423407
423555
423586
423691
423764
423878
423997
424223
424308
424454
424537
424623
424721
425013
425111
425230
425401
425468
425565
425638
425733
425913
426011
426261
426406
426527
426628
426763
426849
427038
427318
427429
427588
427726
427807
427876
427974
428041
428156
428260
428368
428435
428566
428656
428783
428996
429161
429254
429371
429469
429591
429813
429939
429971
429988
430043
430141
430216
430232
430262
430339
430416
430493
430573
430748
430895
430928
430999
431112
431187
431243
431311
431473
431586
431640
431694
431742
431821
431882
431987
432049
432105
432224
432341
432712
432815
433013
433099
433257
433319
433394
433502
433556
433745
433818
433999
434089
434273
434349
434459
434695
434818
434934
435046
435156
435310
435403
435533
435619
435744
435799
435894
435947
436014
436064
436161
436208
436342
436449
436509
436962
437029
437131
437198
437454
437663
437736
437787
437835
437883
437923
438037
438232
438266
438288
438332
438477
438541
438706
439000
439113
439196
439393
439578
439677
439796
439886
440140
440219
440661
440780
440918
440970
441183
441262
441285
441362
441625
441773
441871
441880
442215
442534
442912
443057
443410
443521
443597
443667
443880
444107
444166
444275
444381
444425
444538
444625
444667
444683
444820
445192
445241
445366
445420
445494
445565
445610
445767
445825
445864
445991
446220
446284
446369
446474
446556
446665
446783
446899
446972
447085
447164
447226
447252
447323
447449
447560
447612
447856
447881
447970
448021
448128
448273
448376
448527
448664
448833
448895
449038
449208
449269
449348
449440
449569
449699
449787
449866
449925
449985
450083
450163
450236
450346
450505
450584
450631
450683
450771
450873
450985
451061
451117
451350
451459
451549
451631
451703
451927
452096
452141
452189
452235
452352
452521
452639
452777
452811
452881
452993
453124
453242
453389
453413
453605
453691
453720
453962
454089
454246
454317
454406
454450
454626
454726
454815
454911
455064
455152
455238
455357
455482
455526
455631
455705
455838
455912
455947
456018
456166
456247
456323
456384
456405
456546
456595
456714
456776
456850
456958
456977
457011
457220
457307
457396
457458
457511
457652
457755
457854
457912
458022
458166
458274
458328
458390
458628
458742
458862
458992
459081
459101
459241
459336
459472
459590
459748
459852
460033
460082
460122
460158
460256
460468
460554
460593
460640
460763
460859
460926
461012
461054
461104
461220
461332
461637
461711
461871
461978
462045
462156
462284
462418
462476
462638
462704
462810
462866
462974
463112
463209
463313
463378
463573
463674
463742
463838
463977
464024
464083
464119
464240
464282
464386
464537
464763
464873
464936
465034
465095
465208
465397
465522
465618
465682
465823
465917
466160
466286
466381
466560
466641
466832
467003
467091
467288
467363
467451
467560
467627
467748
467843
467990
468089
468235
468276
468361
468483
468558
468602
468653
468754
468809
468949
469070
469203
469296
469512
469635
469819
469945
470147
470257
470369
470572
470625
470740
470871
470957
471029
471111
471221
471349
471461
471727
471878
471944
472053
472129
472257
472472
472552
472613
472743
472821
472905
473014
473097
473239
473296
473415
473559
473601
473660
473740
473863
473922
474027
474083
474112
474291
474367
474456
474497
474556
474660
474708
474814
474929
475024
475123
475240
475275
475351
475406
475543
475749
475860
476075
476207
476408
476518
476633
476676
476707
476856
476934
477023
477134
477173
477216
477350
477420
477532
477661
477710
477839
477878
477900
477983
478147
478368
478487
478591
478910
478973
479071
479152
479251
479328
479418
479469
479572
479619
479671
479727
479734
479818
479919
480014
480117
480225
480398
480423
480529
480587
480645
480850
480899
481036
481095
481117
481195
481245
481284
481361
481409
481469
481630
481733
481804
481847
481905
481948
482009
482064
482118
482328
482405
482614
482689
482763
482854
482950
483176
483256
483464
483556
483588
483643
483719
483765
483827
483935
483957
484048
484096
484168
484196
484270
484329
484361
484392
484441
484507
484531
484673
484756
484811
484883
484947
484986
485242
485347
485422
485461
485533
485599
485728
485819
485881
485980
486095
486175
486355
486410
486490
486613
486684
486787
486888
486983
487088
487203
487262
487314
487426
487583
487668
487763
487842
488006
488404
488647
488772
488919
488979
489078
489165
489246
489359
489458
489587
489709
489797
489979
490046
490127
490187
490264
490320
490453
490533
490638
490758
490796
490848
490924
491073
491302
491389
491468
491529
491561
491596
491653
491816
491881
492121
492224
492432
492519
492614
492784
493006
493072
493141
493231
493314
493413
493503
493630
493650
493675
493694
493801
493886
493958
494044
494097
494209
494301
494442
494505
494635
494748
494911
494929
495183
495275
495431
495538
495752
495868
495992
496117
496209
496317
496403
496468
496502
496575
496631
496691
496712
496741
496819
497063
497184
497320
497476
497697
497855
497990
498114
498242
498394
498480
498556
498894
498982
499051
499142
499297
499580
499832
499898
500120
500228
500449
500545
500602
500717
500791
500843
500950
501035
501159
501278
501359
501462
501538
501593
501674
501740
501831
501875
501952
502016
502294
502518
502560
502698
502767
502910
503009
503055
503170
503240
503309
503424
503540
503584
503667
503774
503920
504081
504298
504484
504522
504602
504693
504738
504790
504869
505000
505036
505113
505214
505273
505354
505424
505493
505528
505614
505702
506054
506144
506410
506632
506690
506746
506825
506965
507062
507131
507211
507312
507489
507578
507719
507783
507944
508193
508315
508443
508631
508712
508919
509006
509052
509115
509198
509235
509371
509460
509571
509675
509750
509822
509964
510193
510262
510291
510301
510424
510480
510536
510589
510674
510752
510872
510952
511033
511114
511180
511393
511558
511645
511718
511913
511935
512211
512356
512506
512668
512732
512844
512940
513068
513168
513281
513402
513474
513576
513726
513876
513977
514110
514230
514271
514305
514325
514364
514394
514402
514509
514621
514669
514779
515015
515097
515247
515310
515398
515511
515584
515767
515850
515981
516018
516059
516089
516124
516131
516215
516350
516410
516454
516542
516608
516722
516789
516948
517111
517225
517457
517528
517606
517773
517849
518062
518167
518190
518235
518331
518522
518672
518848
518900
519087
519156
519237
519334
519441
519576
519740
519859
519934
520056
520102
520255
520437
520567
520668
520788
520824
520893
521088
521198
521288
521553
521675
521692
521697
521791
521950
522033
522090
522295
522576
522669
522706
522894
522994
523027
523121
523225
523280
523410
523580
523687
523783
523902
523954
524089
524126
524142
524181
524191
524276
524343
524376
524404
524458
524509
524548
524561
524653
524701
524739
524767
524786
524817
524927
524951
524963
525000
525073
525100
525171
525323
525354
525413
525509
525534
525578
525645
525717
525897
525952
526091
526188
526256
526371
526519
526610
526666
526698
526770
527221
527344
527461
527544
527611
527893
528007
528066
528275
528324
528394
528453
528533
528645
528761
528877
529026
529129
529197
529323
529427
529523
529623
529690
529926
530015
530121
530187
530256
530330
530405
530437
530473
530559
530609
530673
530732
530959
531011
531186
531247
531451
531563
531673
531745
531818
531888
531974
532022
532140
532247
532333
532396
532455
532487
532573
532712
532894
532959
533261
533307
533363
533396
533488
533503
533549
533615
533732
533851
533930
533973
534052
534199
534270
534379
534453
534549
534655
534736
534808
534891
534988
535072
535161
535282
535355
535499
535673
535875
535956
536057
536159
536262
536433
536513
536636
536726
536801
536859
536937
537005
537335
537469
537544
537727
537788
537865
537931
537979
537984
538097
538204
538269
538379
538406
538475
538616
538704
538894
538998
539060
539117
539210
539312
539393
539467
539533
539585
539649
539725
539847
539870
539938
540094
540230
540322
540409
540427
540505
540557
540678
540750
540841
540926
541011
541171
541316
541443
541585
541687
541718
541793
541936
542044
542206
542227
542310
542348
542443
542513
542568
542609
542712
542765
542890
543079
543142
543252
543316
543366
543413
543517
543641
543747
543865
544015
544141
544260
544341
544402
544530
544672
544742
544813
544955
545081
545184
545217
545334
545416
545543
545747
545790
545888
545966
546072
546214
546277
546308
546378
546596
546692
546844
546972
547105
547185
547213
547293
547377
547486
547571
547618
547775
547867
547942
548112
548233
548307
548346
548424
548535
548596
548743
548879
548973
549039
549052
549154
549158
549217
549407
549493
549517
549545
549872
549987
550412
550476
550516
550701
550717
550755
550800
550932
550999
551070
551152
551236
551291
551358
551442
551603
551682
551753
551847
551897
552080
552138
552191
552257
552339
552398
552456
552518
552548
552590
552651
552699
552763
552831
552928
553020
553044
553085
553225
553360
553387
553538
553591
553681
553847
553953
554147
554260
554297
554401
554555
554632
554684
554757
554822
554893
554980
555066
555161
555224
555307
555417
555477
555572
555633
555716
555764
555850
555982
556044
556150
556278
556351
556396
556443
556501
556632
556658
556725
556846
556936
557034
557189
557268
557368
557401
557459
557543
557637
557674
557715
557795
557844
557881
557918
557997
558035
558106
558165
558208
558355
558425
558462
558518
558552
558758
558832
558928
559010
559179
559263
559309
559352
559471
559579
559754
559804
559957
560008
560063
560199
560282
560354
560459
560554
560623
560789
560860
560977
561063
561152
561209
561227
561267
561387
561485
561561
561596
561751
561775
561817
561919
561975
562104
562183
562252
562320
562350
562436
562491
562617
562704
562734
562764
562889
563071
563133
563215
563412
563517
563601
563625
563708
563810
563889
564045
564081
564166
564296
564391
564480
564597
564757
564864
564985
565174
565317
565389
565449
565546
565617
565754
565819
565949
566044
566139
566231
566256
566318
566412
566464
566574
566646
566718
566777
566820
566888
567192
567350
567446
567595
567675
567784
568121
568242
568321
568407
568483
568536
568824
568893
568966
569065
569143
569287
569588
569600
569761
569833
569962
570054
570181
570411
570502
570587
570697
570749
570793
570889
570973
571035
571144
571259
571264
571388
571539
571666
571747
571778
571870
571928
572045
572109
572151
572277
572518
572667
572739
572796
573020
573202
573271
573453
573561
573796
573887
573963
574075
574269
574464
574504
574558
574595
574643
574697
574746
574764
574793
574819
574959
575141
575478
575683
575912
575940
576073
576113
576208
576351
576444
576529
576687
576754
576824
576949
577086
577192
577326
577428
577515
577601
577706
577734
577785
577824
577874
577958
578081
578264
578319
578501
578636
578758
578877
579051
579081
579183
579229
579466
579538
579592
579654
579728
579806
579850
579887
579927
579943
579944
580037
580069
580156
580201
580287
580370
580419
580590
580641
580850
580895
581049
581249
581326
581418
581428
581504
581599
581677
581698
581743
581785
581889
581933
582036
582099
582168
582261
582306
582372
582526
582573
582683
582757
582824
582876
582992
583173
583249
583319
583379
583434
583605
583763
584029
584078
584271
584401
584477
584507
584559
584607
584633
584789
584904
585040
585130
585145
585213
585320
585387
585522
585650
585762
585798
585867
586005
586091
586133
586316
586432
586467
586541
586658
586929
587195
587364
587464
587548
587568
587934
588578
588786
588875
588926
588958
589042
589179
589242
589298
589389
589425
589525
589547
589584
589652
589673
589735
589796
589898
589907
589995
590167
590209
590261
590334
590346
590482
590682
590783
590871
590973
591012
591089
591132
591165
591343
591455
591521
591581
591693
591732
591778
591888
591951
591991
592023
592105
592226
592313
592342
592391
592486
592519
592625
592651
592828
592877
593095
593226
593474
593571
593666
593788
593880
594022
594404
594466
594473
594579
594648
594705
594857
595032
595046
595161
595269
595853
596068
596139
596164
596215
596299
596439
596510
596525
596585
596638
596759
596887
596980
597112
597248
597277
597566
597589
597678
597748
597809
597971
598031
598075
598194
598384
598492
598560
598633
598707
598766
598797
598812
598829
598852
598894
598918
598985
599047
599061
599140
599227
599270
599314
599455
599540
599610
599678
599806
599830
599947
600063
600097
600128
600166
600171
600223
600285
600379
600514
