173
175
185
271
341
357
394
491
764
865
928
997
1046
1227
1254
1389
1461
1511
1546
1776
1917
1919
1997
2044
2159
2204
2362
2513
2519
2542
2585
2619
2728
2750
2775
2841
2928
3081
3145
3192
3345
3373
3427
3482
3506
3555
3596
3711
3795
3890
3979
4105
4223
4373
4413
4433
4447
4511
4565
4736
4792
4922
4954
4974
5010
5067
5249
5255
5361
5395
5688
5843
5892
5950
5955
6062
6136
6328
6358
6450
6490
6509
6578
6614
6651
6673
6799
6821
6951
6974
7035
7077
7146
7151
7212
7265
7294
7380
7427
7555
7745
7869
7912
7954
7960
8003
8009
8012
8225
8381
8430
8601
8633
8735
8823
8845
8927
8983
9009
9017
9173
9226
9255
9274
9455
9560
9656
10128
10157
10194
10468
10612
10625
10673
10675
10785
10830
10896
11007
11037
11048
11222
11314
11436
11582
11621
11677
11759
11814
11870
11899
11947
12065
12106
12170
12247
12268
12328
12454
12545
12777
12874
12942
13025
13026
13043
13162
13245
13366
13476
13509
13656
13755
13807
13974
13987
14061
14258
14474
14667
14692
14759
14760
14797
14829
14932
15025
15204
15467
15588
16004
16069
16183
16188
16216
16291
16469
16758
16854
17015
17059
17097
17115
17120
17319
17438
17448
17542
17579
17621
17854
17965
18069
18087
18273
18356
18423
18566
18707
18963
19085
19095
19113
19183
19458
19607
19673
19811
19943
19979
20036
20117
20199
20350
20466
20723
20798
21113
21147
21172
21405
21805
21878
21902
21917
22074
22232
22288
22369
22521
22731
22925
23066
23078
23095
23099
23118
23190
23253
23349
23401
23484
23547
23608
23667
23673
23799
23859
23920
24104
24263
24299
24342
24423
24483
24635
24700
24813
24823
24964
25115
25196
25199
25244
25352
25400
25465
25555
25837
25905
26270
26271
26298
26398
26857
26941
27225
27456
27661
27689
27736
27853
27925
27991
28144
28180
28181
28203
28209
28409
28494
28539
28562
28598
28663
28693
28843
28998
29101
29185
29665
29782
29879
29934
30013
30044
30084
30168
30177
30232
30298
30392
30505
30755
31001
31005
31097
31336
31382
31539
31569
31713
31809
31926
31933
31993
32094
32200
32257
32304
32339
32390
32496
32683
33092
33136
33139
33172
33237
33488
33600
33773
33874
33875
33991
34152
34195
34249
34474
34550
34786
34885
34992
35040
35078
35245
35356
35422
35432
35620
35773
36054
36127
36174
36303
36312
36368
36669
36854
36973
37056
37169
37224
37250
37322
37472
37489
37580
37630
37702
37919
37982
38149
38364
38459
38542
38629
38711
38744
38818
38897
39029
39037
39187
39213
39257
39346
39361
39591
39612
39766
40045
40151
40213
40283
40419
40509
40584
40742
40790
40839
41157
41247
41423
41510
41535
41557
41565
41650
41720
41736
41804
41809
41911
41941
41965
42053
42088
42118
42318
42367
42546
42603
42667
42885
42980
43035
43208
43222
43386
43410
43461
43558
43667
43721
43760
43968
44026
44057
44115
44230
44350
44437
44512
44544
44585
44617
44788
44860
44875
45029
45167
45240
45319
45396
45439
45531
45625
45772
45830
45981
46457
46568
46673
46740
46791
46835
46924
47004
47063
47118
47198
47319
47439
47521
47588
47922
47985
48139
48149
48179
48203
48294
48324
48353
48396
48681
48684
48694
48783
48795
48819
48848
48881
48883
48920
48938
49060
49112
49179
49238
49243
49290
49356
49482
49770
49969
50017
50146
50268
50387
50680
50718
50735
50750
50816
50973
51041
51159
51185
51194
51221
51272
51497
51562
51739
51774
51981
52157
52212
52395
52579
52585
52661
52663
52734
52778
52882
52950
52982
53084
53208
53226
53304
53364
53425
53547
53556
53720
53817
53853
53901
53928
53948
53977
54008
54024
54056
54087
54130
54150
54189
54217
54390
54493
54588
54636
54642
54646
54679
54767
54861
54909
55057
55166
55447
55565
55593
55632
55664
55664
55685
55823
55827
55962
56060
56109
56330
56505
56985
57099
57158
57280
57314
57370
57378
57399
57448
57488
57600
57610
57799
57830
57967
58175
58295
58400
58493
58528
58605
58623
58730
58735
58895
58931
58983
58988
59054
59096
59117
59140
59148
59195
59251
59259
59457
59513
59569
59692
59885
59980
60096
60181
60199
60318
60377
60590
60753
60817
60923
60977
61142
61210
61268
61343
61444
61515
61672
61800
61898
61935
61993
62027
62073
62173
62437
62440
62587
62650
62769
62859
63060
63271
63382
63418
63575
63601
63620
63666
63776
63951
63997
64052
64113
64268
64533
64551
64571
64903
65042
65088
65091
65131
65228
65263
65314
65434
65444
65460
65506
65527
65632
65679
65709
65795
65837
65930
65987
66004
66016
66034
66081
66099
66199
66236
66291
66295
66324
66371
66388
66397
66459
66714
66798
66922
66931
67043
67122
67139
67186
67317
67323
67371
67412
67433
67448
67623
67643
67690
67766
67823
67852
67874
68013
68087
68185
68252
68537
68593
68664
68898
68977
69224
69377
69519
69631
69639
69664
69735
69866
70025
70176
70463
70620
70750
70821
70863
70867
70890
71091
71100
71139
71273
71323
71386
71420
71475
71496
71513
71764
71906
72266
72439
72468
72511
72548
72563
72648
72683
72762
72801
72939
73133
73310
73354
73415
73477
73519
73542
73545
73588
73686
73780
73798
73849
73925
73981
74034
74065
74175
74302
74334
74524
74628
74634
74660
74920
74969
75135
75188
75270
75355
75381
75432
75645
75698
75799
75867
76015
76061
76079
76142
76171
76262
76324
76432
76544
76610
76663
77168
77194
77229
77257
77501
77505
77537
77586
77702
77729
77776
77840
77868
77907
77979
78019
78089
78174
78236
78293
78347
78402
78404
78413
78594
78643
78751
78792
78838
78851
78927
78942
79020
79092
79171
79187
79277
79291
79303
79379
79535
79786
79865
79882
79990
80123
80195
80263
80467
80568
80703
80775
80818
81062
81091
81179
81373
81429
81517
81605
81638
81728
81827
81985
82035
82180
82218
82330
82356
82377
82430
82541
82645
82652
82779
83275
83336
83413
83549
83661
83719
83784
83994
84007
84169
84236
84382
84390
84561
84688
84867
84871
85250
85323
85453
85510
85574
85726
85780
85925
86068
86238
86250
86317
86593
86626
86750
86791
86795
86892
86978
87086
87165
87282
87341
87430
87502
87611
87699
87721
87724
87734
87764
87779
87802
87836
87877
87889
87932
87944
87980
88162
88190
88312
88339
88476
88480
88481
88508
88588
88632
88763
88793
88847
88873
89099
89117
89234
89272
89363
89493
89511
89531
89583
89620
89816
89831
89922
90105
90110
90167
90512
90513
90551
90653
90778
90913
90944
91048
91093
91258
91334
91400
91425
91432
91513
91673
91786
91909
92041
92062
92177
92489
92528
92552
92574
92728
92834
92966
93024
93039
93072
93362
93404
93573
93635
93654
93668
93681
93699
93719
93724
93851
93856
93938
94011
94055
94085
94298
94332
94482
94575
94585
94993
95043
95155
95169
95176
95245
95342
95354
95423
95464
95678
95749
95770
95793
95803
95826
95906
96068
96099
96198
96356
96414
96417
96460
96726
96823
96907
96990
97017
97117
97159
97208
97224
97248
97271
97458
97460
97516
97766
97841
97969
98250
98309
98440
98589
98730
98845
98940
98987
99051
99063
99346
99425
99461
99575
99696
99826
100001
100018
100068
100145
100189
100280
100459
100582
100731
100970
101071
101090
101353
101464
101493
101518
101522
101624
101682
101715
101789
101840
101930
102043
102257
102286
102294
102350
102412
102645
102835
102998
103079
103182
103325
103383
103454
103568
103731
103819
103994
104079
104125
104164
104247
104300
104344
104361
104363
104376
104516
104599
104628
104641
104818
104864
104886
105038
105227
105236
105240
105261
105297
105389
105453
105459
105607
105628
105696
105835
105900
105927
106030
106032
106085
106144
106198
106216
106327
106466
106502
106512
106557
106745
106761
106789
106829
106853
106882
106919
106925
106976
106991
107022
107113
107122
107224
107272
107273
107320
107438
107480
107578
107601
107723
107740
107754
107766
107822
107868
107964
108019
108306
108357
108440
108685
108735
108905
108916
108981
109030
109085
109190
109286
109332
109495
109536
109660
109691
109721
109760
109805
109928
109954
110043
110072
110232
110251
110269
110397
110501
110517
110562
110624
110635
110770
110832
110844
110890
110904
111092
111237
111493
111662
111712
111747
111946
112091
112228
112388
112446
112533
112552
112564
112776
112810
112844
112968
113024
113159
113364
113528
113540
113854
114000
114056
114210
114314
114330
114380
114416
114468
114520
114576
114632
114638
114686
114882
114901
114950
115005
115040
115263
115386
115416
115501
115531
115595
115646
115729
115880
115940
116020
116069
116145
116316
116424
116484
116730
116793
116916
116931
117012
117252
117363
117387
117429
117636
117694
117865
118042
118062
118066
118084
118099
118179
118318
118426
118432
118471
118516
118797
118844
118923
119484
119621
119836
120081
120163
120267
120427
120456
120559
120708
120765
120871
120943
120991
120996
121034
121084
121172
121204
121234
121277
121361
121423
121458
121541
121662
121691
121763
121855
121874
121982
122041
122064
122084
122141
122177
122206
122232
122265
122558
122616
122682
122775
122836
122941
122964
123055
123146
123181
123262
123271
123350
123375
123377
123520
123559
123728
123755
123769
123878
123946
123978
124151
124253
124295
124320
124381
124601
124702
124707
124710
124759
124772
124832
124884
125001
125104
125335
125373
125398
125458
125554
125661
125691
125708
125729
125803
125825
125876
126004
126068
126125
126194
126248
126267
126270
126346
126425
126435
126482
126538
126776
126828
126934
127048
127098
127159
127201
127202
127307
127527
127546
127610
127707
127813
127944
128034
128067
128105
128142
128326
128387
128408
128464
128528
128550
128611
128636
128661
128674
128766
128827
128898
128950
128997
129103
129154
129244
129329
129391
129436
129447
129548
129609
129636
129738
129833
129904
130173
130189
130415
130634
130660
130676
130782
130854
130974
131143
131204
131485
131543
131605
131616
131682
131779
131797
131860
131890
131960
131981
132021
132156
132174
132219
132366
132423
132483
132542
132547
132612
132741
132745
132775
132822
133107
133158
133194
133213
133467
133573
133606
133661
133757
133867
134192
134331
134386
134454
134557
134607
134676
134768
134862
134911
134983
135012
135068
135193
135242
135369
135511
135584
135710
135770
135892
136145
136318
136473
136625
136762
136807
136955
137009
137083
137155
137185
137197
137211
137248
137273
137495
137557
137776
137804
137827
137843
137999
138017
138074
138439
138491
138593
138668
138856
138901
138940
138956
138964
139058
139098
139173
139300
139415
139523
139692
139749
139840
139854
139917
139953
139980
140011
140071
140119
140211
140453
140540
140650
140740
140842
140899
140990
141217
141241
141286
141353
141378
141498
141570
141630
141643
141731
141849
141898
141959
141989
142161
142281
142330
142367
142475
142515
142832
142900
142930
143048
143142
143311
143538
143554
143653
144004
144068
144128
144252
144267
144426
144455
144603
144688
144762
144817
144848
144897
145002
145126
145199
145204
145231
145302
145382
145648
145707
145754
145900
146113
146132
146165
146224
146436
146484
146506
146507
146615
146774
146905
146931
146968
147030
147089
147213
147257
147368
147375
147409
147901
148219
148245
148272
148339
148381
148439
148571
148791
148809
148980
149045
149136
149181
149213
149320
149449
149456
149519
149630
149635
149696
149834
149941
149982
150010
150160
150197
150232
150236
150393
150516
150551
150594
150754
150759
150802
150892
150922
150955
151231
151328
151445
151532
151538
151760
151806
151807
151969
152188
152315
152655
152737
152803
153122
153158
153247
153267
153306
153336
153381
153506
153644
153667
153742
153990
154001
154134
154182
154234
154356
154396
154604
154695
154736
154874
155027
155163
155242
155457
155550
155582
155716
155786
155983
156010
156156
156247
156374
156422
156631
156724
156738
156839
156881
156976
157036
157157
157256
157334
157399
157445
157497
157591
157701
157769
157902
157904
157946
158112
158173
158260
158409
158500
158505
158643
158703
158791
158878
158902
158911
158968
159019
159064
159123
159163
159266
159375
159427
159435
159545
159602
159622
159639
159685
159753
159806
159917
159971
160103
160151
160188
160193
160209
160256
160284
160295
160325
160389
160515
160553
160639
160760
160778
160876
160980
161086
161115
161163
161165
161171
161200
161202
161278
161411
161477
161568
161613
161633
161790
161845
161876
161966
162065
162136
162174
162269
162357
162508
162525
162584
162646
162686
162725
162793
162855
162869
162873
162945
163094
163145
163274
163294
163314
163366
163496
163555
163588
163685
163729
163807
163851
163937
163952
164043
164122
164278
164293
164323
164361
164457
164496
164546
164600
164700
164744
164840
164881
164898
164913
164967
165050
165180
165318
165365
165439
165466
165557
165579
165681
165829
165922
165984
166409
166473
166494
166552
166610
166653
166803
166919
167103
167125
167286
167308
167349
167384
167415
167464
167742
167836
167989
168132
168228
168271
168274
168319
168439
168511
168543
168551
168570
168669
168743
169011
169141
169252
169317
169344
169398
169440
169497
169652
169704
169767
169773
169783
169867
169957
170137
170197
170259
170290
170351
170356
170504
170787
170905
170913
171051
171167
171315
171337
171379
171448
171484
171773
171862
172045
172184
172193
172265
172289
172478
172488
172489
172512
172553
172730
172810
173030
173105
173127
173188
173243
173274
173318
173427
173656
173914
173992
174110
174138
174149
174251
174364
174435
174444
174578
174581
174595
174754
174915
174965
174986
174995
175049
175069
175186
175269
175416
175514
175605
175629
175853
175911
176004
176105
176209
176239
176291
176402
176466
176524
176559
176644
176964
176969
177160
177331
177492
177631
177686
177729
177832
177959
177970
177971
178044
178060
178147
178203
178234
178255
178362
178485
178809
179039
179080
179202
179245
179250
179387
179519
179599
179619
179656
179888
179928
180044
180085
180137
180176
180231
180465
180540
180625
180896
180999
181004
181017
181069
181180
181192
181224
181255
181286
181372
181524
181553
181588
181654
181750
181843
181941
181984
182015
182059
182082
182113
182242
182376
182513
182523
182579
182649
182685
182832
183075
183106
183163
183242
183359
183396
183427
183507
183558
183662
183792
183850
183902
184096
184215
184243
184268
184285
184354
184406
184418
184428
184573
184666
184706
184790
184889
184942
184984
185066
185273
185315
185332
185366
185386
185440
185515
185573
185610
185617
185688
185810
185884
185950
186052
186257
186328
186401
186600
186647
186721
186778
186862
187052
187111
187169
187306
187712
187970
187991
188012
188132
188251
188267
188315
188624
188758
188817
188900
188902
188930
189355
189364
189458
189569
189572
189654
189695
189890
189931
189968
190028
190148
190210
190334
190370
190430
190431
190468
190558
190696
190794
190850
191010
191267
191556
191649
191749
191763
191780
191941
191960
192094
192111
192171
192221
192390
192486
192511
192535
192538
192545
192825
192831
192928
192957
193024
193073
193147
193175
193231
193314
193378
193486
193618
193650
193925
193966
194035
194050
194171
194364
194416
194460
194500
194549
194572
194767
194881
194998
195005
195044
195119
195164
195324
195338
195344
195360
195392
195571
195604
195749
195779
195853
195929
195954
196094
196218
196422
196426
196473
196497
196545
196728
196760
197014
197051
197154
197198
197302
197466
197479
197519
197586
197661
197773
197870
197953
198012
198028
198178
198208
198230
198254
198307
198412
198417
198649
198662
198745
198797
198832
198879
198979
199014
199116
199194
199237
199278
199323
199423
199482
199589
199686
199768
199839
199997
200035
200219
200259
200285
200337
200391
200520
200879
200978
201092
201213
201262
201356
201570
201619
201683
201977
202029
202280
202293
202512
202541
202594
202632
202648
202718
202838
203014
203156
203380
203426
203481
203617
203815
203871
203919
204071
204100
204108
204219
204401
204458
204713
204797
204848
204874
204984
205108
205237
205254
205366
205467
205557
205673
205831
205832
205860
205913
205963
205974
205980
206120
206168
206185
206357
206475
206519
206531
206667
206986
207040
207283
207330
207350
207482
207544
207633
207662
207664
207684
207827
207913
208024
208122
208275
208389
208684
208792
208839
208917
209037
209093
209194
209364
209404
209474
209538
209650
209737
209849
209983
210115
210175
210194
210391
210449
210551
210745
210778
210818
210979
211042
211078
211312
211364
211391
211487
211512
211566
211570
211661
211718
211745
212101
212184
212372
212420
212565
212618
212704
212737
212978
213056
213221
213229
213291
213395
213637
213724
214009
214107
214119
214208
214285
214403
214423
214665
214782
214867
214930
214934
214960
215017
215131
215178
215295
215360
215427
215550
215735
216018
216166
216281
216335
216369
216442
216690
216707
216781
216863
216912
216950
217049
217102
217230
217296
217374
217527
217533
217621
217718
217841
217955
217992
218096
218188
218211
218217
218371
218409
218412
218483
218615
218700
218810
218993
219208
219304
219476
219533
219591
219813
219989
220033
220087
220356
220377
220403
220580
220674
220773
220858
220965
221129
221216
221405
221540
221656
221660
221704
221772
221808
221816
221868
221923
222023
222203
222370
222435
222517
222647
222676
222919
223013
223045
223069
223097
223165
223354
223450
223495
223533
223619
223671
223728
223820
223950
223971
224017
224020
224165
224309
224411
224507
224526
224667
224787
224859
224991
225052
225178
225368
225435
225469
225502
225734
225833
225853
225973
226017
226218
226281
226467
226497
226582
226648
226882
226911
226914
227056
227143
227192
227455
227530
227661
227779
227793
228071
228281
228358
228384
228609
228657
228720
228845
228889
229085
229197
229430
229439
229494
229542
229617
229650
229754
229905
229953
229991
230291
230511
230546
230592
230735
230781
230784
230895
230990
231053
231120
231281
231289
231472
231622
231658
231756
231977
232063
232242
232356
232463
232694
233140
233202
233460
233558
233632
233793
233921
234019
234206
234632
234713
234790
234846
234851
234914
235066
235173
235373
235470
235681
235727
235761
235765
235945
236082
236195
236224
236365
236398
236414
236545
236593
236719
236783
236886
236915
236940
236984
237000
237053
237146
237192
237234
237490
237524
237555
237734
237805
237837
237937
238158
238405
238492
238554
238645
238797
238806
238825
238941
239057
239084
239213
239457
239491
239546
239665
239724
239768
239929
240048
240084
240232
240279
240313
240385
240529
240595
240625
240639
240752
240817
240901
241030
241061
241113
241251
241282
241340
241515
241535
241582
241836
242000
242033
242047
242135
242186
242278
242506
242567
242681
242749
242799
242861
242901
242931
243015
243063
243176
243219
243288
243341
243390
243511
243688
243825
243930
243988
243993
244014
244031
244095
244113
244258
244298
244369
244598
244699
244760
244963
244998
245114
245284
245434
245454
245490
245610
245674
245776
245852
245879
245978
246083
246088
246175
246249
246449
246466
246628
246636
246805
246819
246890
246938
247142
247145
247259
247398
247472
247602
247634
247688
247707
247728
247807
247841
247916
247965
247993
248150
248231
248259
248389
248436
248575
248751
248770
248773
248791
248795
248845
248863
248942
248967
249316
249582
249603
249978
250028
250187
250276
250328
250341
250343
250372
250426
250773
250856
250898
250969
251036
251127
251285
251397
251466
251534
251539
251747
251792
251948
251949
252062
252258
252390
252407
252466
252472
252490
252547
252649
252756
252795
252796
252895
252927
252978
253122
253149
253198
253225
253301
253318
253357
253498
253560
253599
253673
253819
253843
253851
253933
254118
254203
254370
254447
254478
254520
254631
254641
254663
254672
254674
254810
254832
254927
254964
254965
254999
255056
255206
255235
255405
255421
255456
255527
255613
255802
255863
255995
256045
256052
256104
256191
256420
256501
256624
256659
256858
256923
257013
257101
257172
257316
257322
257442
257812
257898
257995
258264
258500
258722
258794
258847
258951
259011
259073
259118
259225
259247
259284
259305
259426
259441
259486
259533
259552
259653
259761
259772
259812
259843
259960
260034
260057
260182
260240
260283
260465
260467
260563
260781
260897
260981
261077
261225
261322
261369
261404
261518
261578
261619
261731
261763
261787
261886
261963
262024
262064
262066
262081
262191
262330
262425
262478
262503
262576
262707
262739
262777
262833
262893
263059
263071
263144
263193
263245
263386
263518
263575
263640
263720
263734
263816
263918
264146
264197
264407
264451
264486
264575
264677
264726
264914
265017
265143
265180
265361
265431
265553
265674
265780
265892
265935
265976
266132
266152
266242
266322
266406
266435
266508
266612
266673
266685
266697
266701
266747
266894
267064
267099
267215
267304
267344
267584
267632
267698
267746
267808
267881
267934
267981
268055
268101
268118
268169
268267
268330
268347
268394
268436
268609
268621
268638
268665
268722
268779
268834
268877
268988
269020
269034
269152
269169
269176
269192
269271
269316
269565
269619
269715
269794
269833
269979
270114
270181
270236
270254
270305
270503
270621
270653
270663
270859
270898
270991
271020
271187
271376
271558
271649
271924
272017
272404
272424
272442
272482
272552
272629
272723
272730
272790
272857
272876
272993
273001
273100
273159
273238
273412
273488
273583
273716
273841
273868
273900
273970
273983
274078
274172
274254
274388
274429
274494
274568
274615
274693
274756
274812
274895
274916
274977
275027
275158
275298
275371
275424
275605
275699
275747
275914
276059
276080
276181
276196
276336
276473
276524
276559
276609
276668
276734
276751
276981
277056
277138
277149
277184
277290
277314
277321
277528
277885
277950
278037
278382
278450
278508
278529
278597
278711
278744
278793
278886
278904
278941
278990
279050
279203
279247
279265
279267
279338
279397
279513
279536
279561
279714
279757
279805
279850
279958
280052
280241
280352
280453
280555
280647
280738
280762
280842
280876
280980
281105
281130
281194
281270
281303
281346
281410
281484
281523
281590
281709
281822
281864
281965
282080
282162
282242
282247
282313
282367
282456
282523
282572
282624
282631
282673
282737
282851
282962
283014
283192
283231
283416
283433
283454
283504
283529
283536
283682
283690
283873
284055
284073
284077
284149
284388
284450
284654
284815
284873
284902
285018
285037
285129
285207
285342
285373
285409
285432
285620
285717
285720
285994
286075
286153
286154
286206
286237
286313
286380
286577
286696
286808
286902
287065
287217
287358
287391
287463
287540
287600
287711
287765
287781
287956
287978
288008
288071
288175
288321
288386
288490
288538
288579
288603
288629
288643
288788
289094
289181
289553
289662
289724
289797
289971
290068
290225
290274
290294
290325
290539
290627
290758
290819
290875
291056
291306
291352
291449
291548
291554
291606
291767
291813
291847
291880
291885
291999
292103
292125
292283
292317
292328
292404
292452
292497
292584
292633
292761
292853
292894
292915
293075
293101
293120
293140
293189
293202
293338
293382
293426
293473
293517
293564
293580
293656
293731
293746
293875
293911
293934
293951
294000
294002
294192
294276
294300
294307
294520
294625
294667
294714
294724
294796
294935
294944
294982
295274
295309
295373
295457
295554
295560
295705
295729
295737
295740
295968
296114
296117
296176
296320
296406
296494
296595
296614
296671
296682
296716
296792
296902
297028
297077
297133
297154
297192
297224
297260
297344
297390
297476
297523
297578
297620
297751
297886
297915
297998
298117
298282
298432
298491
298511
298518
298560
298657
298728
298756
298829
298900
298972
299015
299051
299297
299588
299871
299894
299972
300123
300150
300216
300264
300386
300471
300622
300660
300689
300748
300849
300864
300979
301074
301131
301293
301399
301434
301459
301583
301622
301758
301807
301833
301904
301979
301981
302001
302111
302141
302322
302366
302459
302543
302655
302772
302863
302966
303074
303149
303195
303214
303216
303242
303321
303387
303502
303527
303545
303547
303573
303686
303754
303811
303837
303889
303998
304041
304201
304367
304408
304459
304494
304551
304728
304736
304767
304802
304916
304935
305063
305145
305194
305230
305292
305345
305379
305427
305626
305670
305740
305777
306079
306194
306256
306402
306438
306488
306600
306724
306776
306813
306867
306902
306914
306954
307027
307049
307113
307118
307130
307131
307141
307210
307251
307292
307399
307826
307841
307962
308009
308063
308186
308272
308363
308448
308568
308584
308680
308765
308804
309063
309563
309679
309709
309753
309836
309951
310111
310145
310207
310209
310211
310240
310310
310312
310353
310395
310497
310534
310591
310613
310688
310800
310994
311064
311202
311276
311306
311397
311596
311654
311719
311823
311882
311959
312114
312155
312277
312383
312441
312613
312701
312782
312897
312992
313043
313115
313236
313278
313414
313597
313610
313714
313906
314042
314148
314246
314305
314320
314343
314397
314461
314634
314709
314884
315024
315093
315194
315244
315315
315369
315484
315560
315666
315728
315848
315917
315997
316056
316206
316251
316306
316325
316376
316434
316799
316848
317077
317081
317125
317271
317353
317456
317512
317554
317614
317807
317843
317903
317972
317991
318064
318178
318368
318392
318788
318855
318979
319084
319133
319370
319491
319512
319521
319547
319566
319847
319873
319979
320016
320099
320245
320289
320366
320416
320622
320634
320638
320923
321229
321315
321416
321495
321525
321575
321642
321745
321821
321915
322259
322296
322300
322324
322410
322566
322590
322633
322649
322737
322861
322921
323023
323060
323119
323165
323335
323406
323463
323621
323872
323904
323952
323991
323999
324117
324237
324380
324458
324521
324559
324575
324660
324712
324762
324809
324853
324979
325056
325168
325230
325379
325456
325502
325567
325619
325706
325804
325909
325971
326000
326051
326109
326321
326400
326439
326546
326610
326756
326836
326894
326954
326960
327012
327081
327135
327444
327520
327526
327537
327612
327636
327682
327749
327831
327852
327931
327981
328060
328153
328203
328283
328411
328477
328701
328733
328737
328778
328825
328936
328962
329041
329129
329146
329247
329307
329383
329431
329509
329573
329636
329683
329772
329863
329907
329937
329972
329973
330029
330099
330121
330132
330223
330301
330483
330508
330625
330712
330885
331131
331298
331321
331418
331575
331663
331668
331785
331917
332040
332062
332133
332150
332242
332248
332256
332312
332320
332430
332787
332896
332956
333068
333161
333232
333308
333398
333455
333492
333559
333576
333603
333626
333646
333760
333853
333891
333940
334157
334172
334227
334346
334518
334567
334637
334809
334816
334869
334952
335000
335071
335141
335261
335325
335466
335570
335694
335696
335728
335740
335815
335845
335916
335953
336135
336201
336285
336464
336567
336606
336718
336848
336961
337244
337280
337371
337433
337612
337636
337700
337741
337938
338022
338048
338093
338180
338359
338428
338469
338516
338578
338687
338738
338797
338826
338856
338909
338946
339086
339211
339338
339356
339447
339551
339609
339632
339638
339659
339708
339759
339771
339788
339996
340253
340286
340307
340494
340691
340710
340782
340836
340902
341009
341079
341095
341243
341323
341366
341391
341549
341607
341779
341898
341914
341939
342099
342235
342268
342321
342359
342391
342430
342435
342489
342644
342699
342707
342824
342906
343054
343281
343437
343468
343476
343621
343836
343862
343906
343940
344028
344084
344256
344315
344437
344508
344556
344618
344655
344685
344777
345125
345214
345237
345305
345434
345669
345707
345753
345849
345917
346056
346202
346290
346348
346357
346445
346540
346613
346661
346674
347092
347177
347360
347560
347597
347668
347721
347772
347797
348115
348190
348314
348415
348495
348505
348542
348592
348629
348676
348784
349043
349070
349117
349362
349515
349611
349656
349754
349825
349910
349967
350049
350152
350238
350335
350364
350372
350423
350455
350557
350615
350779
350940
350952
351052
351176
351360
351452
351539
351613
351666
351719
351993
352132
352218
352335
352346
352447
352542
352583
352719
352788
352820
353096
353150
353247
353331
353430
353467
353645
353704
353741
353811
353899
353991
354164
354205
354249
354350
354367
354471
354518
354576
354638
354732
355074
355094
355182
355196
355207
355259
355351
355405
355572
355640
355886
355890
355898
355902
355952
356093
356108
356166
356167
356218
356277
356371
356574
356663
356764
356766
356798
356906
356978
356983
357054
357061
357143
357168
357312
357374
357443
357500
357505
357571
357660
357858
358009
358111
358241
358332
358360
358425
358464
358509
358576
358583
358638
358663
358754
358767
358812
358901
358935
359044
359102
359167
359219
359247
359466
359560
359666
359893
360145
360161
360339
360450
360676
360686
360840
361067
361211
361283
361387
361534
361536
361568
361590
361651
361929
362079
362312
362646
362732
362819
363028
363032
363078
363079
363186
363202
363310
363518
363643
363697
363796
363895
363991
364087
364101
364223
364254
364302
364398
364508
364543
364545
364618
364736
364776
365007
365059
365131
365278
365399
365622
365771
365816
365872
365976
366052
366154
366213
366266
366321
366351
366386
366436
366503
366596
366757
366881
367030
367137
367189
367387
367419
367457
367758
367845
367932
367988
368027
368090
368131
368169
368304
368312
368518
368521
368614
368616
368755
368977
369048
369140
369184
369340
369442
369481
369550
369588
369725
369937
369969
370149
370232
370262
370389
370629
370748
370907
370953
371153
371214
371232
371452
371467
371538
371680
371742
371789
371866
371902
372021
372062
372219
372295
372441
372542
372572
372577
372702
372742
372788
372858
373061
373078
373332
373364
373434
373498
373574
373589
373699
373726
373804
373875
374093
374162
374268
374338
374401
374454
374510
374593
374656
374824
374915
375095
375117
375151
375257
375416
375475
375609
375664
375689
375729
375894
376141
376290
376369
376496
376749
376878
377185
377290
377507
377518
377721
377790
377838
377968
378000
378153
378484
378504
378596
378626
378711
378856
378879
378932
378991
378996
379022
379023
379129
379205
379243
379354
379436
379553
379649
379712
379825
380008
380095
380140
380334
380435
380579
380607
380700
380868
380901
380994
381061
381233
381343
381417
381468
381497
381524
381618
381983
382045
382164
382344
382503
382523
382528
382698
382776
382804
382928
383027
383095
383105
383121
383273
383321
383423
383607
383687
383783
383897
383969
383972
384018
384051
384146
384178
384217
384280
384338
384396
384471
384542
384555
384560
384618
384653
384694
384756
384865
384954
385028
385204
385228
385280
385409
385462
385487
385615
385760
385766
385991
386037
386127
386239
386321
386373
386447
386503
386517
386563
386611
386646
386796
386806
386855
387021
387036
387137
387201
387223
387247
387480
387783
387898
387965
387982
388094
388165
388202
388334
388398
388539
388664
388790
388820
388845
388918
388988
389067
389150
389241
389515
389625
389681
389692
389716
389787
389978
390031
390099
390140
390249
390263
390317
390377
390472
390531
390549
390618
390655
390656
390767
390869
390918
390994
391049
391139
391238
391264
391349
391425
391446
391462
391542
391586
391708
391775
391821
391835
391914
391975
392021
392041
392049
392092
392259
392281
392495
392523
392695
392825
392924
393048
393343
393497
393551
393703
393786
393855
393933
393978
394054
394136
394196
394434
394444
394506
394530
394541
394593
394615
394623
394685
394687
394889
394933
395077
395352
395446
395537
395592
395616
395625
395739
395829
395834
395911
396042
396053
396092
396145
396276
396293
396362
396455
396630
396649
396668
396762
396804
396830
396838
396871
396917
396982
397074
397265
397344
397411
397487
397702
397837
397896
397979
398046
398163
398259
398276
398357
398450
398471
398504
398582
398603
398690
398758
398939
398949
399102
399123
399139
399187
399297
399300
399377
399451
399498
399725
399751
399764
399939
400020
400065
400127
400225
400282
400303
400358
400474
400501
400513
400574
400609
400731
400889
400918
400967
400982
401084
401168
401255
401315
401361
401363
401449
401473
401915
401955
401986
402084
402170
402295
402327
402351
402377
402393
402456
402468
402540
402577
402652
402732
402797
402854
402975
403019
403141
403186
403309
403349
403457
403524
403557
403639
403700
403881
403916
403972
404058
404122
404289
404310
404365
404409
404424
404526
404611
404663
404703
404735
404928
405145
405169
405193
405221
405314
405347
405463
405521
405656
405726
405824
405893
406021
406106
406214
406390
406429
406505
406580
406692
406738
406778
406940
406981
407031
407079
407164
407196
407290
407313
407371
407428
407473
407497
407564
407593
407673
407810
407879
407965
408051
408154
408200
408248
408321
408445
408526
408566
408622
408709
408840
408862
408863
408889
408905
409001
409083
409233
409297
409560
409785
409832
409893
409947
409984
409994
410014
410079
410112
410211
410245
410304
410307
410334
410410
410454
410494
410736
410765
410861
410969
411020
411068
411264
411417
411518
411570
411644
411720
411839
411940
411941
412002
412030
412076
412090
412255
412285
412327
412382
412522
412655
412688
412716
412762
412785
412824
412888
412903
412923
412934
412980
413008
413021
413044
413103
413187
413250
413325
413429
413532
413583
413666
413718
413749
413792
413940
414005
414088
414214
414227
414320
414370
414436
414530
414645
414670
414745
414844
414851
414858
414882
415068
415140
415195
415268
415288
415341
415383
415396
415444
415613
415666
415682
415891
415930
416102
416145
416172
416269
416342
416387
416434
416465
416579
416630
416719
416795
416841
416932
416977
417111
417146
417200
417221
417352
417418
417470
417536
417600
417673
417734
417817
417866
417914
417986
418105
418119
418173
418206
418265
418319
418359
418434
418455
418462
418522
418709
418795
418798
418879
418936
418988
418992
419016
419062
419083
419098
419184
419309
419380
419416
419524
419724
419727
419738
419752
419810
419871
419910
419929
419989
420136
420287
420313
420348
420437
420476
420515
420659
420736
420771
420873
420920
420968
420997
421033
421066
421085
421114
421137
421164
421200
421210
421252
421346
421593
421664
421691
421695
421745
421788
421852
421892
421909
421951
421980
421982
422005
422115
422150
422180
422318
422427
422485
422545
422659
422849
422870
422948
423033
423067
423094
423167
423272
423319
423399
423458
423539
423597
423668
423705
423730
423768
423844
423890
423987
424153
424247
424274
424380
424385
424517
424571
424648
424821
424877
424900
424941
425036
425093
425162
425185
425211
425287
425403
425413
425415
425440
425484
425489
425603
425712
426123
426185
426360
426487
426589
426597
426641
426820
426879
426983
427043
427169
427230
427267
427368
427720
427772
427943
428001
428053
428157
428214
428333
428399
428470
428494
428589
428777
428832
428898
428981
429058
429198
429222
429245
429285
429350
429385
429500
429515
429543
429580
429599
429603
429658
429776
430062
430089
430111
430160
430202
430248
430467
430498
430630
430790
430835
430848
430908
430938
431006
431050
431148
431180
431266
431414
431500
431501
431546
431653
431758
431812
431819
431871
431898
432013
432124
432169
432215
432262
432380
432485
432595
432666
432751
432808
432862
432906
432951
433035
433116
433178
433185
433287
433353
433400
433423
433532
433565
433660
433685
433766
433942
433994
434192
434318
434396
434486
434529
434551
434629
434758
434807
434835
434869
434874
434910
434971
435044
435089
435163
435306
435310
435366
435404
435435
435508
435608
435662
435789
435852
435876
435887
435933
436074
436134
436161
436406
436482
436599
436632
436759
436812
436836
436841
436882
436942
437038
437071
437186
437226
437256
437375
437513
437514
437700
437727
437861
437863
437906
437916
437931
438009
438101
438255
438282
438359
438505
438595
438598
438636
438749
438868
438916
438983
439012
439052
439089
439151
439321
439402
439564
439577
439579
439632
439749
439946
439954
439968
439996
440126
440291
440352
440390
440448
440554
440591
440742
440825
440915
441026
441217
441263
441386
441485
441548
441599
441607
441631
441756
441893
441922
442152
442164
442230
442390
442517
442552
442750
442776
442827
442914
443082
443422
443564
443660
443777
443873
443977
444012
444054
444142
444241
444302
444353
444404
444574
444582
444624
444627
444746
444820
444965
445055
445073
445093
445206
445219
445241
445320
445368
445388
445490
445551
445672
445701
445841
445965
446000
446164
446263
446308
446337
446665
446756
446803
446846
446932
447043
447064
447186
447247
447317
447354
447415
447641
447747
447850
447915
447991
448132
448146
448326
448337
448379
448395
448534
448536
448582
448766
448808
448872
449010
449114
449126
449264
449307
449383
449475
449600
449654
449730
449837
449883
449963
450218
450226
450279
450351
450575
450584
450612
450661
450820
451201
451205
451277
451435
451787
451830
451892
452101
452161
452205
452289
452502
452697
452747
452788
452843
452883
452908
452917
452930
453230
453242
453645
453806
453885
454008
454070
454169
454357
454427
454767
454796
454861
454934
454983
455053
455102
455163
455216
455293
455440
455657
455800
455903
456013
456093
456142
456281
456389
456436
456548
456585
456679
456730
456772
456819
456850
456928
457074
457135
457223
457327
457344
457347
457630
457718
457757
457793
457825
457858
457874
457967
457972
458063
458188
458379
458513
458573
458658
458951
459010
459051
459055
459084
459134
459257
459322
459429
459482
459514
459596
459643
459754
459843
459846
459900
459951
459957
460005
460093
460204
460271
460318
460370
460498
460569
460723
460772
460776
460777
460783
460939
461047
461108
461345
461587
461759
461797
461926
462220
462311
462398
462459
462583
462683
462750
462848
463009
463156
463227
463267
463373
463419
463508
463764
463765
463849
463891
463921
464019
464038
464177
464367
464474
464552
464631
464641
464651
464731
464847
464849
464896
464947
464948
464953
465025
465133
465401
465443
465541
465609
465686
465740
465767
465801
466000
466086
466203
466249
466455
466508
466545
466572
466706
466727
466814
466896
466920
466945
466987
467105
467169
467262
467442
467569
467614
467687
467761
467825
467974
468024
468110
468185
468199
468248
468335
468359
468415
468473
468521
468602
468603
468675
468767
468822
469067
469197
469208
469210
469231
469273
469442
469478
469607
469709
469800
469909
469910
469941
470083
470169
470238
470486
470562
470574
470683
470717
470809
470885
470916
470946
471000
471156
471248
471344
471456
471574
471794
471887
471982
472112
472178
472337
472354
472420
472451
472537
472585
472611
472720
472766
472897
472965
473113
473143
473149
473393
473444
473535
473666
473885
473891
473936
474010
474176
474194
474220
474247
474295
474320
474340
474374
474416
474467
474515
474616
474643
474666
474705
474762
474792
475031
475079
475127
475307
475340
475472
475580
475620
475774
475835
475972
476015
476116
476334
476348
476466
476535
476648
476723
476755
476792
476851
476987
476990
477207
477285
477307
477344
477511
477545
477581
477594
477769
477819
477932
478021
478172
478175
478224
478230
478319
478440
478539
478633
478634
478660
478704
478777
478796
478973
478991
479112
479141
479368
479402
479434
479438
479557
479623
479755
479827
479862
479977
480061
480123
480181
480304
480455
480659
480688
480697
480720
480753
480781
480792
480863
480879
480909
480948
480967
481092
481150
481211
481288
481332
481369
481504
481582
481613
481652
481709
481784
481820
481880
481922
481948
482050
482146
482217
482249
482515
482628
482753
482789
482819
482874
483049
483161
483287
483301
483329
483330
483349
483395
483440
483463
483545
483626
483708
483795
483852
483900
484048
484105
484203
484218
484298
484388
484424
484495
484553
484633
484730
484810
484822
484906
484931
484958
485017
485084
485108
485131
485152
485220
485264
485290
485388
485396
485447
485509
485536
485629
485687
485703
485861
485887
485929
485930
485947
486016
486154
486212
486287
486319
486331
486517
486644
486713
486814
486921
487006
487088
487154
487214
487215
487440
487523
487570
487676
487751
487808
487882
487905
487926
487987
488170
488229
488303
488376
488427
488530
488577
488759
488791
488874
488955
489076
489137
489426
489484
489603
489769
489930
489955
489966
490019
490059
490114
490305
490381
490513
490562
490831
490869
490933
491009
491037
491333
491421
491625
491745
491830
491917
491926
492133
492147
492261
492283
492366
492399
492512
492562
492736
492772
492833
492854
493025
493098
493223
493278
493298
493509
493560
493592
493619
493762
493815
493820
493891
493940
493972
494031
494032
494440
494446
494478
494538
494594
494607
494610
494640
494707
494812
494918
495115
495157
495276
495432
495531
495712
495769
495800
495847
495939
495940
496008
496186
496278
496389
496432
496479
496569
496619
496689
496747
496834
496969
496983
497134
497180
497398
497548
497627
497749
497867
497953
498047
498122
498186
498245
498258
498453
498502
498608
498718
498926
499084
499110
499134
499204
499347
499440
499534
499562
499611
499789
499830
500001
500095
500171
500188
500215
500338
500369
500510
500681
500734
500912
500958
501003
501034
501050
501207
501264
501291
501342
501491
501511
501545
501890
501927
502105
502215
502285
502344
502422
502485
502590
502874
502959
502973
503027
503056
503073
503075
503335
503420
503497
503544
503599
503643
503817
503933
503978
503996
504041
504063
504164
504226
504434
504509
504912
504952
505118
505202
505225
505229
505269
505304
505352
505383
505429
505666
505703
505800
505841
505890
505938
506036
506111
506143
506149
506210
506300
506338
506398
506442
506474
506508
506551
506603
506732
506739
506869
506912
506925
506947
506995
507002
507116
507174
507207
507227
507270
507310
507414
507471
507692
507727
507789
507917
508023
508028
508065
508206
508279
508343
508488
508518
508588
508629
508685
508764
508803
508809
508902
508957
508966
509035
509101
509145
509354
509441
509457
509496
509538
509586
509692
509740
509793
509871
509925
510034
510053
510082
510176
510210
510385
510467
510501
510547
510617
510647
510658
510757
510762
510783
510838
510872
510954
511052
511064
511222
511323
511349
511765
511808
511834
512077
512100
512163
512245
512296
512329
512364
512478
512524
512633
512673
512830
512912
513028
513079
513149
513162
513233
513431
513440
513558
513564
513665
513756
513784
513794
513851
513933
514001
514098
514260
514276
514313
514371
514480
514609
514626
514749
514890
515066
515275
515330
515420
515469
515505
515545
515570
515573
515738
515875
515990
516020
516080
516143
516400
516413
516507
516528
516605
516719
516866
516965
517053
517168
517276
517343
517441
517489
517543
517671
517746
517766
517792
517826
517891
518155
518394
518404
518459
518560
518875
518938
518983
519044
519114
519285
519352
519395
519442
519683
519694
519722
519738
519781
519865
519927
519999
520104
520199
520344
520374
520449
520575
520634
520805
520811
520913
520983
521075
521206
521305
521332
521372
521453
521468
521497
521515
521633
521672
521743
521805
521836
521854
521950
521975
521980
522033
522096
522187
522199
522208
522328
522393
522418
522445
522602
522694
522784
522829
523003
523004
523107
523183
523237
523254
523380
523576
523664
523729
523763
523783
523864
523925
524017
524098
524128
524276
524362
524447
524608
524727
524801
524839
524876
524903
524935
525033
525109
525164
525230
525334
525443
525576
525604
525677
525803
525864
526050
526082
526083
526337
526359
526441
526498
526550
526576
526645
526706
526759
526901
526955
527084
527127
527128
527162
527221
527269
527325
527495
527525
527526
527597
527694
527743
527845
527929
527996
528036
528182
528288
528452
528527
528560
528730
528791
528890
528976
529070
529084
529184
529196
529443
529472
529561
529623
529724
529741
529786
529818
529901
529999
530115
530175
530204
530231
530331
530605
530652
530829
530887
530950
531087
531143
531551
531617
531677
531952
531970
532018
532262
532392
532527
532638
532665
532762
532824
532988
533224
533423
533433
533466
533678
533740
533799
533888
533954
533971
534121
534139
534220
534252
534344
534452
534464
534488
534503
534591
534622
534655
534815
534870
534952
534997
535093
535143
535184
535276
535299
535353
535411
535474
535533
535590
535744
535920
535979
536095
536379
536453
536458
536507
536571
536686
536871
536917
536949
537091
537093
537146
537194
537242
537269
537289
537308
537457
537532
537626
537639
537683
537709
537716
537717
537799
537830
537833
537877
537884
538004
538044
538106
538199
538407
538425
538533
538811
538883
538912
539035
539117
539120
539171
539187
539285
539348
539465
539482
539514
539570
539588
539603
539617
539642
539655
539674
539694
539705
539742
539785
539828
539857
539863
539877
539931
539947
539975
540027
540042
540118
540271
540325
540384
540562
540605
540688
540743
540772
540805
540917
540979
541026
541082
541134
541296
541411
541487
541509
541623
541739
541754
541769
541842
541866
541911
541982
542048
542054
542072
542098
542121
542145
542168
542205
542222
542249
542285
542300
542308
542373
542405
542503
542545
542581
542594
542658
542786
542837
542848
542883
542906
542909
543023
543064
543099
543126
543170
543199
543251
543294
543334
543361
543423
543494
543529
543568
543880
543965
544011
544033
544371
544401
544437
544494
544510
544577
544609
544620
544831
544835
544870
544909
544915
544937
544966
545004
545036
545043
545370
545384
545387
545431
545436
545497
545536
545568
545813
545839
545871
545885
545927
545990
546063
546093
546182
546184
546216
546282
546333
546354
546417
546487
546489
546546
546564
546569
546578
546592
546687
546709
546711
546813
546871
546918
546919
546949
547024
547048
547222
547296
547314
547428
547442
547510
547543
547599
547636
547787
547866
547876
547901
547936
547944
547950
548062
548077
548106
548118
548130
548193
548250
548288
548333
548349
548367
548470
548513
548517
548647
548724
548764
548775
548804
548844
548863
549003
549014
549114
549158
549172
549179
549181
549261
549346
549366
549410
549428
549500
549527
549588
549868
549894
549927
549941
