173
205
245
361
461
507
574
701
1004
1135
1228
1327
1406
1617
1674
1839
1941
2021
2086
2346
2517
2549
2657
2734
2879
2954
3142
3323
3359
3412
3485
3549
3688
3740
3795
3891
4008
4191
4285
4362
4545
4603
4687
4772
4826
4905
4976
5121
5235
5360
5479
5635
5783
5963
6033
6083
6127
6221
6305
6506
6592
6752
6814
6864
6930
7017
7229
7265
7401
7465
7788
7973
8052
8140
8175
8312
8416
8638
8698
8820
8890
8939
9038
9104
9171
9223
9379
9431
9591
9644
9735
9807
9906
9941
10032
10115
10174
10290
10367
10525
10745
10899
10972
11044
11080
11153
11189
11222
11465
11651
11730
11931
11993
12125
12243
12295
12407
12493
12549
12587
12773
12856
12915
12964
13175
13310
13436
13938
13997
14064
14368
14542
14585
14663
14695
14835
14910
15006
15147
15207
15248
15452
15574
15726
15902
15971
16057
16169
16254
16340
16399
16477
16625
16696
16790
16897
16948
17038
17194
17315
17577
17704
17802
17915
17946
17993
18142
18255
18406
18546
18609
18786
18915
18997
19194
19237
19341
19568
19814
20037
20092
20189
20220
20287
20349
20482
20605
20814
21107
21258
21704
21799
21943
21978
22036
22141
22349
22668
22794
22985
23059
23127
23175
23210
23439
23588
23628
23752
23819
23891
24154
24295
24429
24477
24693
24806
24903
25076
25247
25533
25685
25725
25773
25873
26178
26357
26453
26621
26783
26849
26936
27047
27159
27340
27486
27773
27878
28223
28287
28342
28605
29035
29138
29192
29237
29424
29612
29698
29809
29991
30231
30455
30626
30668
30715
30749
30798
30900
30993
31119
31201
31314
31407
31498
31587
31623
31779
31869
31960
32174
32363
32429
32502
32613
32703
32885
32980
33123
33163
33334
33515
33626
33659
33734
33872
33950
34045
34165
34477
34575
34970
35001
35058
35188
35677
35791
36105
36366
36601
36659
36736
36883
36985
37081
37264
37330
37361
37413
37449
37679
37794
37869
37922
37988
38083
38143
38323
38508
38641
38755
39265
39412
39539
39624
39733
39794
39864
39978
40017
40102
40198
40322
40465
40745
41021
41055
41177
41446
41522
41709
41769
41943
42069
42216
42253
42343
42474
42610
42697
42774
42839
42920
43056
43273
43712
43786
43819
43882
43977
44258
44400
44603
44734
44765
44911
45102
45175
45259
45514
45620
45886
46015
46152
46230
46298
46495
46636
46732
46772
46990
47173
47484
47587
47664
47823
47862
47948
48279
48494
48643
48756
48899
48984
49040
49142
49322
49369
49490
49570
49672
49919
50012
50209
50454
50579
50692
50809
50921
50984
51088
51197
51359
51397
51577
51633
51707
51826
51871
52131
52182
52366
52675
52811
52903
53003
53169
53289
53394
53582
53660
53739
54087
54207
54413
54530
54585
54637
54675
54790
54890
54936
55034
55069
55201
55261
55315
55433
55498
55558
55788
55867
56076
56163
56257
56505
56630
56715
56918
56962
57156
57210
57291
57418
57557
57641
57710
57948
58036
58097
58185
58330
58480
58597
58702
58764
58835
58897
59098
59200
59245
59429
59597
59700
59809
59916
59989
60111
60235
60412
60500
60681
61187
61328
61463
61560
61641
61715
61834
61944
62033
62118
62228
62379
62529
62641
62738
63102
63195
63379
63419
63479
63533
63654
63714
63773
63846
64161
64194
64234
64353
64395
64449
64508
64571
64603
64670
64718
64870
64952
65049
65138
65173
65250
65346
65502
65820
66049
66127
66286
66438
66587
66910
66978
67025
67070
67166
67353
67451
67599
67655
67694
67751
67832
68087
68182
68389
68454
68691
68897
68982
69195
69409
69445
69551
69583
69684
69758
69892
69990
70052
70184
70338
70386
70494
70584
70675
70827
70866
71060
71187
71253
71331
71388
71438
71497
71558
71604
71666
71727
71800
71850
71919
71977
72180
72313
72438
72516
72552
72586
72649
72767
72891
72969
73147
73286
73597
73745
73803
73872
73934
73964
74015
74183
74217
74382
74510
74589
74840
75045
75555
75699
75788
75940
76004
76090
76128
76179
76258
76328
76470
76510
76729
76790
76957
77195
77345
77480
77603
77668
77775
77823
77960
77995
78185
78251
78333
78368
78464
78536
78587
78640
78678
78755
78841
78879
79107
79193
79279
79432
79655
79780
79926
80041
80089
80238
80327
80570
80763
80857
80993
81077
81272
81370
81458
81563
81694
81795
81982
82140
82268
82335
82423
82487
82563
82693
82987
83020
83197
83290
83439
83559
83790
84031
84172
84238
84425
84481
84530
84606
84746
84951
85027
85112
85203
85388
85683
85731
85781
86143
86312
86388
86421
86491
86618
86683
86764
86914
86954
87000
87076
87127
87262
87339
87399
87515
87587
87710
87797
87844
87886
87934
88011
88059
88189
88256
88341
88375
88434
88511
88558
88597
88689
88974
89088
89242
89281
89423
89532
89579
89656
89817
89853
89931
90002
90053
90098
90303
90353
90430
90536
90623
90682
90734
90903
91007
91135
91232
91547
91633
91734
91998
92107
92384
92567
92739
92881
92919
92974
93075
93236
93425
93606
93923
94110
94270
94371
94443
94477
94530
94761
94800
94869
95033
95113
95206
95270
95355
95406
95453
95734
95906
96296
96499
96558
96631
96698
96743
96858
96923
97032
97101
97269
97493
97700
97774
97865
97957
98029
98082
98115
98188
98316
98440
98488
98569
98675
98761
98844
98905
99045
99202
99264
99484
99618
99654
99710
100000
100079
100275
100358
100470
100585
100641
100722
100965
101048
101179
101277
101455
101531
101579
101672
101731
101852
101944
102082
102224
102320
102403
102938
102994
103059
103117
103391
103425
103487
103566
103712
103769
103846
103940
103998
104067
104169
104239
104339
104454
104546
104633
104717
104802
104834
104873
105084
105163
105301
105372
105448
105491
105597
105642
105750
105852
105961
106007
106127
106171
106213
106319
106505
106786
106895
106942
107080
107243
107345
107443
107677
107808
107973
108075
108148
108422
108481
108599
108823
108909
109027
109145
109208
109328
109457
109645
109725
109900
109968
110110
110166
110217
110300
110441
110575
110612
110769
111295
111386
111493
111659
111801
111889
111984
112224
112267
112459
112556
112732
112770
112971
113128
113337
113371
113780
113883
114043
114130
114224
114406
114490
114665
114838
115038
115080
115177
115483
115546
115700
115771
115805
115932
116048
116186
116295
116442
116531
116650
116752
116891
117009
117061
117094
117134
117194
117239
117292
117356
117427
117469
117542
117584
117650
117862
117920
118072
118129
118296
118330
118361
118418
118528
118602
118763
118823
118907
118963
119219
119267
119414
119482
119603
119763
119811
119861
119943
120010
120236
120281
120402
120615
120650
120737
121112
121143
121211
121343
121498
121663
121724
121858
121933
122128
122234
122330
122385
122422
122533
122723
122866
123019
123181
123232
123377
123719
123788
123842
123894
124078
124214
124376
124464
124509
124572
124892
124964
125163
125255
125304
125348
125391
125439
125489
125524
125681
125716
125828
125931
126005
126065
126308
126372
126552
126675
126715
127153
127233
127375
127419
127456
127555
127682
127724
127823
127894
128138
128239
128290
128343
128383
128436
128546
128738
128799
128928
129116
129204
129237
129310
129606
129733
129847
129960
130017
130147
130219
130298
130344
130398
130451
130668
130700
130786
131066
131171
131329
131640
131729
131890
132069
132240
132385
132510
132587
132681
132723
133036
133145
133211
133355
133506
133666
133871
133918
133998
134105
134179
134300
134509
134662
134841
135110
135241
135290
135583
135724
135783
135838
135872
136004
136092
136155
136259
136340
136460
136603
136847
136906
136944
137030
137122
137385
137605
137798
137909
138042
138215
138303
138404
138548
138741
138859
139064
139179
139255
139324
139437
139520
139594
139641
139673
139716
139886
139999
140058
140101
140308
140384
140436
140618
140837
140876
140910
140961
141027
141149
141243
141279
141457
141508
141606
141775
141870
141927
142060
142092
142175
142264
142348
142396
142537
142706
142772
142812
142887
143105
143151
143209
143279
143333
143392
143459
143495
143576
143621
143682
143803
143842
143974
144052
144083
144160
144308
144380
144508
144561
144713
144760
144804
144846
144932
145008
145134
145219
145536
145617
145730
146005
146085
146285
146326
146421
146500
146585
146720
146846
146922
147115
147186
147340
147401
147461
147530
147605
147758
147814
147933
147992
148182
148231
148279
148437
148571
148617
148692
148784
148825
148990
149082
149124
149200
149244
149462
149637
149923
150122
150202
150267
150496
150671
150838
151028
151116
151233
151282
151324
151566
151630
151694
151848
151934
152099
152334
152528
152570
152914
153090
153176
153360
153494
153540
153620
153686
153768
153850
153936
154022
154058
154136
154362
154411
154490
154575
154640
154893
155046
155106
155221
155281
155375
155456
155569
155750
155840
155950
156029
156135
156336
156474
156564
156840
156933
157086
157131
157242
157512
157653
157707
157779
158016
158104
158305
158512
158562
158596
158644
158689
158799
158968
159106
159142
159211
159286
159597
159674
159783
160374
160541
160786
161061
161173
161307
161497
161556
161689
161868
161955
162091
162193
162271
162306
162374
162454
162572
162634
162694
162767
162881
162973
163038
163151
163302
163361
163463
163585
163634
163772
163861
163914
163964
164051
164117
164176
164232
164295
164618
164706
164802
164925
165016
165151
165204
165325
165446
165511
165622
165661
165770
165825
165857
166030
166099
166298
166355
166399
166538
166636
166698
166901
167033
167105
167160
167251
167501
167632
167667
167700
167779
167822
167912
167994
168141
168274
168535
168603
168658
168748
168874
169011
169071
169118
169169
169273
169325
169406
169564
169658
169745
169844
169928
169977
170010
170116
170225
170265
170342
170428
170696
170778
170914
171058
171138
171229
171301
171332
171467
171717
171766
171860
171987
172123
172284
172404
172467
172535
172602
172816
172907
172958
173044
173138
173190
173281
173336
173391
173434
173556
173647
173748
173830
173907
174043
174124
174244
174359
174451
174526
174567
174698
174789
174846
174978
175103
175204
175503
175549
175805
176054
176110
176156
176292
176394
176544
176743
176834
177145
177233
177325
177366
177462
177589
177637
177730
177790
177890
177941
178011
178176
178224
178299
178476
178563
178653
178742
178777
178872
179031
179065
179125
179202
179517
179598
179664
179713
179997
180133
180196
180281
180407
180547
180902
181071
181156
181254
181387
181467
181566
181688
181812
181891
181993
182052
182138
182293
182372
182529
182701
182804
182960
183050
183202
183485
183688
183873
184055
184222
184297
184475
184559
184663
184765
184825
184867
184911
184978
185033
185285
185377
185626
185684
185737
185783
185969
186017
186104
186499
186581
186713
186818
187036
187111
187180
187226
187264
187388
187458
187563
187720
187865
188003
188202
188289
188410
188454
188547
188613
188670
188731
188821
188899
189021
189293
189410
189550
189670
189802
189889
190010
190267
190321
190396
190493
190548
190698
190800
190890
190933
191051
191199
191278
191369
191429
191631
191781
191860
191927
192065
192135
192482
192580
192640
192788
192912
193111
193368
193414
193543
193924
194018
194108
194262
194307
194496
194555
194733
194848
194952
195037
195098
195177
195312
195466
195569
195604
195661
195762
195872
196168
196257
196334
196510
196753
196802
196865
196954
197196
197274
197326
197357
197495
197684
197845
197901
197968
198060
198149
198303
198377
198518
198555
198619
199141
199489
199545
199602
199699
199771
199859
200021
200271
200319
200520
200615
200736
200811
200873
201010
201169
201206
201299
201440
201475
201566
201734
201871
201942
202000
202180
202247
202312
202346
202533
202686
202751
202824
203014
203049
203122
203242
203302
203365
203671
203798
203945
204062
204098
204350
204426
204457
204649
204898
205055
205425
205537
205633
205982
206048
206167
206217
206286
206346
206421
206576
206744
206797
206902
207180
207221
207384
207462
207544
207696
207766
208004
208125
208196
208364
208547
208713
208822
209067
209190
209252
209416
209516
209743
209800
209976
210097
210254
210332
210571
210694
210738
210869
210941
211066
211156
211307
211436
211544
211639
211715
211797
211921
212061
212159
212322
212354
212426
212622
212713
212830
213009
213130
213165
213333
213423
213541
213658
213712
213751
213838
213919
213994
214083
214153
214286
214425
214507
214545
214685
214772
214822
214869
214945
215043
215126
215267
215351
215513
215591
215658
215693
215739
215816
215874
215915
215975
216069
216225
216293
216409
216560
216608
216736
216870
217006
217065
217143
217175
217211
217270
217302
217408
217571
217667
217788
217863
217913
218100
218185
218246
218366
218495
218596
218664
218789
218907
219088
219135
219224
219316
219386
219455
219553
219645
219689
219723
219825
220004
220085
220244
220294
220344
220426
220586
220675
220738
220865
220939
221047
221121
221237
221282
221403
221512
221698
221743
221803
221871
221997
222066
222146
222230
222360
222434
222560
222631
222678
222723
222807
222920
223080
223248
223325
223429
223486
223607
223659
223791
223969
224092
224184
224639
224733
224784
224872
224960
225033
225213
225359
225573
225625
225816
225868
225939
226004
226065
226144
226452
226576
226759
226932
227058
227131
227164
227239
227389
227491
227553
227591
227640
227769
227873
228171
228331
228472
228567
228624
228708
228780
228867
229052
229134
229227
229263
229303
229417
229537
229747
229837
229929
229990
230081
230116
230294
230607
230755
230793
230961
231107
231285
231337
231409
231508
231574
231893
232012
232225
232394
232433
232535
232589
232808
232848
232879
232932
233003
233210
233320
233570
233675
233727
233818
233903
233964
234038
234177
234436
234724
234832
234980
235038
235079
235211
235354
235455
235494
235658
235691
235735
235924
236115
236195
236246
236285
236369
236419
236566
236679
236856
236984
237105
237159
237413
237501
237624
237755
237889
237949
238031
238172
238266
238354
238419
238534
238884
238919
239140
239341
239532
239701
239786
239859
239992
240149
240190
240221
240324
240370
240487
240573
240634
240685
240822
240975
241329
241589
241660
241812
241885
241920
242087
242249
242359
242409
242476
242738
242808
242954
243025
243107
243176
243261
243525
243630
243745
244046
244179
244214
244257
244339
244480
244522
244584
244645
244706
244822
245004
245063
245128
245224
245350
245473
245601
245674
245735
245809
245862
245923
246082
246246
246413
246453
246539
246639
246705
246882
247155
247216
247303
247412
247559
247626
247687
247797
247878
248012
248172
248260
248342
248566
248715
248773
248828
248875
248974
249056
249098
249138
249313
249436
249506
249620
249749
249832
249904
250016
250253
250325
250372
250436
250486
250570
250675
250763
250830
250867
250968
251120
251224
251320
251452
251687
251788
251891
252120
252197
252301
252388
252502
252722
252811
252899
253066
253502
253790
253841
253892
254042
254191
254237
254315
254654
254818
254907
255020
255052
255110
255565
255604
255728
255869
255902
256014
256085
256310
256381
256448
256538
256688
256780
256934
257000
257090
257121
257188
257308
257476
257604
257690
257880
258167
258486
258609
258739
258783
258830
259021
259070
259234
259281
259371
259451
259650
259776
259831
259885
259918
259955
260265
260301
260428
260487
260584
260663
260767
260825
260911
261024
261118
261256
261418
261480
261785
261856
261955
262000
262151
262374
262456
262530
262600
262679
262732
262957
263101
263248
263285
263354
263459
263534
263724
263768
263804
263850
263912
264121
264184
264359
264419
264523
264629
264684
264854
265008
265242
265276
265353
265407
265485
265698
265760
266044
266111
266244
266318
266452
266646
266689
266759
266856
266961
267103
267230
267343
267432
267478
267658
267718
267770
267824
267907
268042
268077
268339
268382
268495
268577
268642
268719
268849
268914
269046
269154
269227
269298
269373
269503
269592
269729
269856
269968
270069
270257
270325
270539
270609
270665
270747
270831
270990
271379
271508
271652
271803
271882
272006
272250
272329
272423
272747
272829
273110
273153
273402
273461
273544
273612
273658
273758
273908
274114
274286
274540
274616
274701
274867
275095
275181
275259
275441
275500
275538
275679
275891
275978
276263
276377
276458
276514
276654
276808
276967
277014
277156
277287
277407
277553
277741
277772
277830
277913
277993
278034
278070
278240
278318
278365
278567
278715
278789
278831
278997
279346
279430
279703
279780
279830
279992
280084
280203
280262
280294
280344
280517
280633
280774
280902
281085
281229
281554
281692
281769
281877
282027
282113
282244
282444
282514
282614
282708
282850
282967
283109
283273
283435
283525
283574
283801
283889
284021
284245
284308
284378
284569
284662
284728
284992
285074
285131
285257
285312
285396
285430
285551
285638
285695
286081
286194
286412
286490
286665
286748
286864
286927
287198
287306
287501
287539
287631
287765
288037
288154
288469
288597
288639
288758
288865
289013
289063
289335
289482
289597
289690
289724
289780
289867
290011
290088
290235
290330
290427
290580
290795
291108
291286
291431
291515
291579
291682
291960
292007
292111
292223
292302
292370
292499
292582
292740
292836
292944
293127
293163
293281
293408
293561
293705
293772
293906
294028
294081
294117
294301
294369
294402
294503
294665
294780
294920
295133
295378
295504
295706
295793
295881
296133
296339
296413
296497
296796
296847
296903
297110
297234
297363
297478
297615
297809
297926
298145
298310
298456
298490
298564
298662
298728
298766
298848
298933
299063
299273
299470
299565
299677
299837
299896
300169
300293
300355
300409
300467
300565
300784
300910
300985
301053
301169
301251
301338
301460
301620
301671
301747
301780
301955
302129
302261
302387
302436
302607
302757
302859
303021
303112
303268
303488
303585
303649
303712
303974
304103
304153
304303
304377
304608
304701
304917
304977
305092
305188
305452
305511
305544
305716
305833
305912
306205
306310
306471
306619
306663
306971
307211
307318
307374
307629
307707
307800
307955
308029
308255
308397
308660
308699
308784
308862
308967
309030
309164
309345
309423
309491
309821
310071
310136
310212
310385
310461
310494
310635
310760
310853
310950
311141
311179
311392
311572
311638
311766
312017
312133
312342
312486
312623
312884
313360
313452
313740
313868
313972
314163
314321
314449
314666
315122
315233
315340
315426
315461
315554
315736
315873
316103
316230
316471
316547
316611
316645
316855
317022
317165
317224
317395
317458
317504
317665
317743
317899
317993
318126
318185
318240
318314
318360
318443
318566
318642
318714
319000
319064
319125
319334
319435
319497
319627
319878
320155
320272
320364
320485
320667
320706
320755
320901
321047
321104
321263
321537
321601
321686
321835
321924
321998
322189
322338
322404
322582
322659
322723
322825
322999
323095
323155
323199
323342
323437
323551
323710
323771
323853
324021
324082
324170
324375
324425
324502
324786
324980
325043
325087
325205
325286
325408
325666
325757
325901
325999
326079
326171
326241
326301
326415
326493
326636
326709
326808
326891
326970
327121
327328
327495
327630
327718
327753
327804
327851
327945
327993
328168
328238
328339
328598
328729
328820
329053
329118
329264
329464
329644
329694
329760
329910
330004
330136
330242
330299
330428
330563
330598
330715
330819
331049
331096
331288
331326
331525
331569
331670
331748
331982
332015
332159
332328
332432
332592
332654
332738
332787
332838
332947
333011
333116
333195
333253
333440
333551
333609
333769
333846
334015
334221
334270
334303
334351
334385
334465
334513
334622
334677
335056
335352
335403
335808
335888
336077
336196
336278
336321
336353
336412
336496
336873
336986
337058
337159
337256
337377
337565
337707
337806
337904
337939
338177
338252
338438
338469
338612
338838
339000
339047
339136
339172
339220
339307
339439
339576
339645
339676
339805
339867
339948
340122
340179
340258
340315
340421
340468
340537
340708
340800
340869
340973
341149
341203
341241
341353
341568
341683
341880
341987
342048
342120
342261
342301
342353
342392
342424
342590
342642
342767
342834
342865
342929
343016
343196
343255
343455
343501
343566
343667
343783
344002
344093
344255
344335
344372
344454
344571
344830
344941
345094
345159
345388
345483
345603
345721
345822
345996
346032
346182
346582
346698
346825
347124
347390
347642
347744
347827
347961
348051
348143
348218
348355
348407
348474
348525
348676
348721
348796
348873
348922
349053
349191
349232
349302
349363
349510
349614
349667
349822
349910
349983
350195
350227
350353
350601
350747
350861
350987
351165
351292
351369
351434
351578
351668
351739
351881
351943
351997
352126
352233
352324
352394
352426
352471
352611
352780
352905
352988
353043
353146
353307
353369
353437
353523
353613
353809
353851
353954
354033
354115
354286
354448
354535
354630
354740
354784
354896
355028
355286
355367
355607
355681
355746
355865
355997
356076
356294
356427
356583
356650
356861
356961
357113
357264
357400
357542
357615
357686
357872
357922
358042
358152
358266
358325
358428
358562
358653
358695
358737
358771
358847
359024
359224
359289
359435
359554
359624
359894
359972
360068
360146
360238
360341
360424
360501
360605
360681
360728
360809
360937
361030
361077
361154
361226
361429
361471
361518
361575
361662
361749
361834
361907
362048
362110
362154
362302
362349
362386
362432
362541
362616
362895
362979
363105
363214
363283
363459
363624
363721
363806
363854
363935
364163
364311
364373
364413
364639
364708
364831
364890
365087
365306
365518
365639
365944
366067
366484
366534
366582
366652
366752
366859
366983
367020
367110
367207
367256
367403
367441
367570
367659
367768
367972
368078
368203
368366
368521
368578
368640
368740
368783
368908
369032
369144
369308
369379
369474
369578
369655
369763
369856
369942
370055
370106
370197
370277
370438
370608
370711
370794
371005
371129
371207
371404
371579
371630
371761
371806
371976
372143
372224
372289
372369
372458
372554
372601
372861
372966
373078
373119
373184
373320
373374
373411
373648
374035
374130
374247
374622
374720
374808
374859
374957
375101
375164
375243
375366
375414
375481
375560
375650
375833
375907
375955
375987
376088
376177
376323
376376
376431
376614
376687
376765
376840
376978
377102
377321
377462
377593
377725
377847
377968
378022
378132
378196
378330
378485
378540
378634
378740
378803
378876
378970
379074
379143
379240
379389
379532
379604
379735
379880
379992
380102
380137
380233
380317
380436
380533
380612
380694
380731
380803
380897
381041
381182
381264
381472
381541
381756
381803
381854
381934
381989
382026
382202
382240
382453
382665
382713
382747
382849
383118
383210
383444
383635
383723
383782
383928
383977
384099
384207
384372
384433
384499
384552
384770
384897
384930
385234
385345
385453
385484
385566
385627
385733
385830
386057
386206
386348
386472
386665
386847
387018
387081
387183
387290
387380
387521
387605
387651
387856
387908
387968
388061
388195
388371
388466
388600
388678
388749
388803
388859
388903
389078
389414
389531
389933
390072
390164
390267
390471
390598
390785
390864
390914
390975
391219
391337
391498
391589
391675
391886
392166
392242
392369
392498
392534
392616
392807
392883
392947
393010
393045
393189
393323
393375
393563
393627
393668
393774
393852
393927
394044
394123
394281
394403
394474
394525
394715
394771
394820
394870
394949
394992
395158
395232
395306
395383
395457
395534
395580
395686
395791
395836
395995
396061
396114
396161
396240
396272
396492
396606
396660
396697
396940
397075
397147
397224
397264
397366
397535
397574
397642
397964
398029
398123
398237
398364
398400
398575
398629
398667
398700
398958
399134
399167
399256
399430
399546
399664
399795
399844
399931
399972
400036
400142
400282
400438
400517
400603
400654
400722
400784
400850
400964
401040
401156
401233
401318
401390
401551
401716
401775
401888
402037
402232
402412
402501
402551
402588
402660
402787
402888
402946
403049
403150
403252
403325
403391
403667
403988
404301
404354
404462
404643
404700
404796
404874
405026
405141
405322
405390
405449
405538
405669
405714
405859
405984
406071
406263
406399
406464
406519
406673
406742
406908
406987
407043
407144
407249
407281
407331
407471
407531
407742
407816
407939
408053
408195
408342
408463
408596
408734
408839
408915
408964
408996
409052
409161
409257
409402
409457
409505
409537
409593
409736
409834
409921
409977
410059
410198
410271
410461
410657
410728
410809
410874
410961
411168
411206
411267
411332
411476
411525
411683
411795
411874
411940
412032
412115
412179
412257
412486
412560
412660
412727
413059
413204
413296
413472
413538
413618
413760
413914
413996
414063
414147
414212
414254
414324
414427
414479
414573
414608
414650
414681
414721
414820
414891
414962
415099
415556
415601
415752
415829
415913
416066
416182
416303
416418
416568
416614
416740
416855
416924
417213
417743
417889
417949
418023
418136
418281
418471
418535
418627
418659
418691
418750
418850
418882
418953
419025
419157
419224
419311
419363
419468
419610
419834
419934
420102
420206
420266
420387
420616
420704
420799
420933
421022
421129
421314
421385
421537
421673
421761
421963
422081
422192
422337
422462
422543
422645
422796
422868
423034
423247
423290
423424
423646
423812
423948
424076
424165
424210
424263
424347
424441
424644
424749
424954
425124
425223
425354
425434
425535
425619
425764
425870
426006
426098
426248
426347
426457
426546
426726
426801
426886
426935
427016
427104
427499
427578
427837
427871
427945
428121
428233
428366
428452
428524
428614
428837
428903
428993
429092
429141
429244
429388
429608
429662
430088
430185
430339
430474
430553
430820
430971
431022
431061
431117
431166
431477
431533
431669
431736
431849
432025
432099
432206
432286
432522
432564
432598
432913
433249
433365
433496
433605
433665
433745
433842
433975
434081
434205
434579
434646
434680
434734
434850
435036
435090
435163
435209
435327
435481
435571
435703
435770
435859
435935
436135
436236
436323
436511
436792
436854
436932
437001
437039
437187
437337
437510
437618
437711
437779
437825
437940
438022
438102
438179
438253
438409
438516
438658
438750
438929
439036
439112
439207
439289
439406
439534
439669
439761
439820
439901
439989
440231
440340
440409
440546
440640
440816
440926
441014
441104
441140
441222
441321
441405
441744
441850
441886
441927
442032
442086
442162
442259
442371
442422
442531
442611
442720
442843
442923
443033
443191
443287
443541
443603
443637
443708
443785
443926
443982
444091
444209
444256
444387
444477
444583
444661
444769
444863
444956
445033
445152
445273
445347
445407
445472
445503
445589
445689
445741
445782
445903
446011
446223
446278
446425
446542
446745
447021
447218
447271
447398
447585
447703
447738
447885
448047
448200
448252
448353
448400
448522
448558
448596
448682
448720
448860
449247
449386
449476
449618
449741
449842
449948
450068
450155
450222
450319
450366
450423
450476
450526
450670
450793
450861
450940
451187
451232
451317
451466
451668
451747
451847
452049
452086
452169
452282
452360
452461
452561
452711
452805
452976
453110
453264
453296
453358
453400
453505
453565
453666
453733
453945
454041
454155
454364
454497
454566
454708
454868
455011
455324
455390
455511
455603
455812
455866
455960
456031
456258
456372
456428
456503
456620
456829
456928
456999
457076
457168
457307
457388
457477
457536
457596
457679
457746
457916
458071
458228
458276
458397
458531
458619
458672
458708
458759
458838
458919
458961
459008
459246
459533
459596
459647
459864
460091
460140
460242
460326
460422
460559
460659
460705
460883
460993
461066
461121
461309
461397
461599
461748
461794
461849
462039
462205
462268
462351
462419
462481
462550
462585
462669
462854
462939
462977
463124
463236
463414
463671
463857
463918
463956
464131
464376
464432
464506
464570
464688
464774
464976
465065
465217
465318
465396
465488
465555
465615
465737
466115
466234
466287
466385
466544
466809
466877
466953
467079
467177
467346
467522
467640
467728
467767
467885
468010
468113
468191
468234
468682
468797
469010
469240
469307
469408
469491
469572
469627
469975
470080
470234
470365
470475
470515
470582
470662
470729
470806
470944
471233
471290
471367
471642
471825
471951
472026
472154
472255
472370
472457
472569
472702
472818
472945
473004
473042
473123
473185
473317
473405
473599
473790
473832
473962
474116
474330
474452
474569
474673
474756
474839
475143
475312
475428
475575
475616
475747
475872
475943
476109
476208
476270
476576
476660
476787
476901
477030
477097
477305
477394
477461
477561
477679
477801
478004
478075
478149
478280
478327
478461
478538
478626
478718
478842
479214
479264
479382
479426
479467
479549
479671
479755
479952
480050
480326
480360
480398
480432
480512
480683
480728
480816
480847
480928
481017
481141
481374
481493
481624
481656
481718
481856
481958
481993
482094
482131
482243
482298
482472
482564
482663
482750
482785
482881
483000
483228
483409
483541
483701
483822
483880
483975
484044
484119
484216
484253
484338
484393
484514
484557
484632
484751
484815
484954
485042
485137
485219
485277
485526
485650
485786
486043
486325
486371
486579
486720
486976
487016
487200
487457
487631
487733
487867
488044
488076
488138
488190
488281
488589
488769
489032
489396
489512
489629
489868
489902
489978
490009
490146
490192
490330
490568
490723
490807
490936
491065
491191
491317
491361
491513
491574
491652
491778
491918
491983
492015
492118
492266
492336
492597
492679
492781
492958
493109
493362
493541
493616
493702
493836
493942
494074
494163
494246
494331
494391
494456
494536
494633
494756
494947
495101
495280
495417
495499
495727
495789
495857
496188
496305
496422
496508
496577
496670
496741
496809
496974
497012
497248
497281
497404
497436
497605
497857
497958
498080
498154
498340
498472
498541
498640
498708
498875
499117
499179
499389
499502
499562
499719
499989
500138
500327
500403
500633
500724
500772
501022
501067
501168
501340
501432
501509
501616
501682
501831
501902
502089
502195
502371
502502
502562
502597
502752
502822
502898
502998
503231
503278
503562
503624
503724
503818
503924
503969
504109
504166
504274
504375
504623
504722
504858
504958
505051
505134
505220
505333
505426
505624
505745
505955
506007
506071
506207
506396
506485
506649
506734
506789
506859
507054
507331
507510
507619
507776
508059
508218
508555
508690
508937
508978
509211
509310
509388
509548
509610
509793
510154
510204
510326
510386
510501
510676
510729
510812
510901
510936
510992
511023
511159
511265
511333
511474
511586
511733
511859
511952
512095
512308
512425
512500
512724
512855
513029
513087
513210
513408
513471
513594
513691
513893
514033
514137
514218
514277
514334
514458
514853
514945
515094
515304
515493
515543
515578
515778
515886
515944
516098
516227
516325
516365
516411
516593
516671
516803
517017
517127
517253
517397
517499
517532
517608
517671
517796
517858
517927
518020
518108
518196
518301
518402
518445
518480
518568
518633
518704
518796
518935
519054
519158
519364
519418
519500
519659
519742
519797
519955
520130
520166
520421
520497
520617
520759
520871
520953
521057
521143
521187
521263
521341
521406
521586
521626
521705
521901
521946
522077
522171
522223
522277
522540
522873
523018
523115
523162
523304
523405
523472
523634
523728
523899
524054
524210
524270
524325
524428
524528
524637
524750
524871
525175
525315
525401
525442
525496
525597
525818
525901
525999
526070
526209
526253
526337
526427
526552
526641
526689
526788
526855
526886
527027
527159
527238
527344
527429
527549
527678
527734
527849
527955
528006
528052
528162
528236
528388
528485
528561
528605
528714
528805
528881
528931
528969
529042
529239
529291
529535
529593
529795
529955
530084
530238
530563
530747
530831
531013
531126
531225
531333
531408
531514
531626
531716
531984
532024
532116
532170
532211
532293
532345
532383
532475
532507
532739
532813
532987
533292
533416
533537
533622
533676
533715
533859
533979
534014
534121
534282
534323
534392
534475
534636
534683
534782
534905
535110
535159
535208
535332
535404
535460
535498
535561
535637
535732
535854
536075
536184
536281
536387
536632
536797
536886
536999
537096
537243
537369
537416
537527
537650
537701
537764
537872
537923
538040
538138
538349
538389
538572
538623
538669
538747
538887
538920
539027
539131
539208
539465
539521
539564
539769
539880
539955
540047
540175
540262
540313
540398
540544
540601
540643
540734
540799
540951
541139
541198
541277
541322
541454
541568
541685
541775
541851
541883
541999
542053
542525
542595
542656
542784
542900
543055
543117
543171
543227
543273
543366
543408
543510
543577
543682
543792
543887
543974
544125
544199
544351
544426
544579
544649
544787
544884
544947
545059
545150
545361
545426
545512
545628
545722
545919
545970
546055
546129
546174
546306
546421
546503
546573
546635
546858
547105
547159
547213
547271
547394
547457
547603
547691
547856
547956
548084
548183
548341
548456
548594
548800
548869
548975
549080
549222
549298
549368
549560
549631
549711
549789
549904
549966
550090
550143
550231
550318
550393
550447
550544
550603
550713
550880
550979
551095
551211
551344
551420
551498
551601
551755
551866
551936
552022
552139
552300
552352
552383
552439
552485
552611
552723
552903
552997
553290
553545
553622
553713
553797
553864
553904
553954
554049
554112
554241
554305
554394
554427
554484
554590
554664
554734
555006
555065
555191
555329
555410
555488
555714
555897
556028
556110
556214
556320
556469
556600
556631
556722
556780
556856
556900
557095
557155
557227
557312
557482
557645
557708
557766
557842
557895
557964
558058
558103
558153
558194
558270
558328
558371
558424
558513
558627
558720
558825
558959
559092
559173
559286
559368
559429
559502
559680
559775
559888
560044
560087
560210
560290
560386
560510
560655
560710
560815
560944
560981
561018
561072
561288
561390
561475
561578
561628
561711
561783
561826
561904
562103
562186
562232
562471
562540
562742
562815
562872
562999
563102
563177
563254
563315
563459
563540
563659
563765
563841
563962
564037
564201
564266
564350
564401
564562
564658
564740
564836
564930
565033
565124
565237
565316
565394
565496
565645
565689
565773
565836
565925
566009
566079
566184
566235
566272
566362
566579
566695
566728
566839
566926
567008
567042
567096
567172
567223
567268
567384
567539
567640
567706
567844
568074
568107
568148
568192
568280
568371
568440
568489
568579
568756
568937
568993
569058
569177
569246
569315
569489
569596
569661
569793
569870
569948
570007
570073
570136
570185
570244
570297
570354
570420
570460
570532
570656
570933
571034
571091
571125
571205
571278
571372
571442
571489
571561
571620
571652
571705
571845
571910
571970
572138
572277
572365
572455
572599
572819
572870
572978
573093
573157
573214
573317
573452
573529
573639
573728
573839
573927
574028
574095
574150
574218
574324
574400
574527
574723
574847
574904
575040
575075
575237
575321
575428
575631
575717
575770
575841
575966
576053
576152
576205
576261
576367
576513
576553
576585
576640
576714
576749
576893
577032
577473
577565
577770
577927
578059
578097
578171
578380
578469
578603
578693
578849
578940
579007
579138
579520
579602
579803
579891
579973
580107
580194
580343
580439
580540
580594
580719
580937
581022
581118
581231
581338
581508
581562
581615
581685
581780
581845
581990
582035
582093
582160
582209
582243
582328
582476
582792
582849
582901
582980
583052
583128
583377
583438
583600
583790
583865
583908
583998
584058
584156
584230
584358
584420
584536
584714
584830
584861
584936
585073
585208
585292
585329
585411
585468
585613
585754
585829
585905
585982
586130
586265
586405
586506
586621
586708
586792
586866
586941
587055
587166
587258
587295
587427
587523
587600
587653
587792
587855
587980
588035
588146
588352
588434
588662
588818
588926
589046
589119
589171
589279
589438
589517
589575
589639
589674
589740
589831
589934
590009
590113
590286
590320
590406
590474
590535
590638
590768
590852
591009
591102
591156
591197
591273
591444
591534
591591
591866
591972
592119
592182
592339
592422
592476
592511
592582
592672
592798
592861
593006
593076
593136
593285
593453
593484
593700
593757
593921
593953
594026
594066
594111
594219
594341
594525
594582
594689
594865
594985
595018
595086
595229
595378
595456
595553
595612
595682
595749
595841
596041
596152
596344
596387
596419
596502
596649
596876
596914
596958
597016
597176
597371
597462
597530
597618
597754
597821
598002
598115
598235
598376
598597
598673
598826
598955
599048
599129
599167
599221
599376
599543
599602
599862
599904
600000
600190
600347
600412
600640
600696
600777
600894
601092
601462
601634
601760
601907
602033
602167
602232
602304
602422
602551
602642
602723
602804
603004
603042
603114
603147
603296
603400
603575
603695
603743
603793
603936
603979
604031
604140
604218
604268
604400
604491
604642
604701
604871
605025
605090
605284
605413
605488
605547
605905
606026
606103
606176
606292
606433
606484
606636
606727
606827
606894
606985
607241
607377
607510
607605
607711
607882
607926
608136
608177
608249
608295
608464
608496
608572
608786
608858
608952
609120
609254
609296
609464
609537
609643
609765
609920
610004
610110
610247
610323
610433
610718
610756
610839
610941
611195
611234
611292
611371
611560
611971
612005
612107
612295
612677
612750
612842
613081
613171
613245
613359
613602
613827
613907
613978
614063
614133
614188
614227
614270
614600
614642
615075
615266
615375
615528
615620
615749
615967
616067
616437
616496
616591
616694
616773
616873
616952
617043
617126
617233
617410
617657
617830
617963
618103
618213
618292
618461
618599
618676
618818
618885
619009
619090
619162
619239
619300
619408
619584
619675
619793
619927
619974
620007
620320
620438
620507
620573
620635
620698
620744
620867
620902
621023
621178
621399
621563
621653
621768
622091
622180
622251
622285
622344
622424
622577
622672
622809
622892
622954
623066
623143
623284
623403
623436
623520
623601
623637
623715
623833
623974
624071
624148
624230
624388
624489
624673
624752
624786
624817
624853
625039
625177
625268
625535
625807
626009
626077
626236
626560
626681
626798
626889
627043
627173
627270
627398
627589
627766
627867
627937
628073
628149
628268
628554
628585
628699
628771
628831
628959
629008
629177
629397
629534
629642
629751
629791
629831
629941
630087
630119
630196
630277
630308
630343
630445
630583
630881
630953
631081
631179
631286
631370
631427
631491
631720
631836
631983
632059
632295
632378
632445
632502
632666
632717
632834
632946
633000
633055
633127
633275
633369
633492
633702
633859
633934
634037
634141
634235
634414
634494
634610
634715
634759
634838
634955
635009
635095
635183
635261
635372
635403
635505
635627
635712
635987
636147
636188
636220
636271
636343
636542
636608
636767
636899
637020
637159
637190
637251
637423
637539
637638
637916
638022
638064
638203
638267
638389
638495
638556
638616
638700
638886
639008
639134
639276
639424
639674
639797
639922
640082
640178
640367
640414
640510
640571
640687
640765
640821
640960
641036
641197
641295
641473
641533
641569
641843
641924
642045
642206
642455
642491
642566
642670
642866
642914
642970
643027
643105
643160
643210
643274
643346
643427
643505
643636
643693
643746
643815
643902
643962
644231
644309
644387
644597
644660
644822
644960
645030
645214
645305
645472
645545
645676
645924
645968
646116
646215
646358
646463
646525
646592
646681
646847
646880
647127
647235
647287
647354
647551
647615
647681
647724
647929
648009
648152
648271
648452
648485
648564
648600
648719
648870
648999
649123
649154
649210
649284
649387
649436
649643
649691
649842
649901
650158
650222
650284
650318
650467
650563
650725
650827
650892
651037
651151
651243
651331
651484
651665
651899
651958
651997
652050
652113
652171
652212
652313
652359
652419
652488
652537
652692
652780
652871
652978
653052
653119
653284
653392
653453
653522
653609
653714
653780
653870
653942
653998
654130
654256
654357
654419
654715
654858
655013
655079
655139
655224
655429
655571
655727
655771
655829
655860
655909
655985
656060
656113
656225
656336
656448
656565
656652
656730
656908
656995
657123
657168
657278
657398
657464
657565
657653
657763
657890
658000
658042
658156
658211
658268
658357
658454
658508
658561
658612
658710
658784
658840
658968
659006
659087
659179
659236
659359
659447
659493
659681
659737
659809
659840
659887
659986
660154
660242
660347
660409
660451
660667
660824
660923
661054
661191
661306
661418
661514
661604
661635
661890
662003
662080
662216
662321
662408
662512
662565
662616
662707
662920
663009
663113
663216
663297
663430
663507
663719
663781
663894
664005
664156
664247
664566
664654
664803
664999
665190
665245
665286
665369
665439
665524
665745
665851
666013
666092
666391
666459
666553
666659
666717
667043
667161
667395
667545
667660
667777
667816
668053
668097
668241
668293
668406
668469
668612
668692
668896
668962
669053
669104
669305
669408
669563
669648
669698
669939
670020
670082
670139
670312
670395
670430
670531
670610
670672
670761
670792
671230
671266
671328
671418
671504
671547
671580
671640
671737
671872
672008
672235
672307
672456
672642
672771
672982
673069
673130
673207
673329
673360
673458
673666
673788
673929
674002
674079
674199
674279
674379
674467
674584
674749
674793
674974
675050
675298
675478
675587
675739
675887
676003
676127
676232
676326
676415
676458
676683
676762
676898
677038
677276
677464
677520
677574
677674
677847
677970
678094
678152
678231
678439
678510
678711
678835
678941
678988
679045
679198
679259
679430
679631
679714
679922
679998
680073
680134
680180
680367
680454
680511
680592
680771
680821
680885
681260
681327
681535
681675
681775
681864
681972
682065
682200
682514
682629
682673
682757
682816
682863
682895
683185
683300
683407
683484
683569
683643
683847
683993
684068
684116
684191
684243
684374
684466
684704
684809
685242
685312
685508
685622
685675
685709
685779
685844
685922
685983
686059
686326
686393
686520
686591
686670
686748
686876
686981
687043
687079
687170
687290
687358
687448
687522
687584
687648
687721
687803
687962
687999
688159
688232
688275
688327
688405
688442
688586
688674
688737
688787
688860
688930
689064
689151
689402
689467
689559
689717
689853
689888
689955
690126
690229
690323
690498
690558
690658
690729
690815
690924
690993
691029
691152
691237
691276
691375
691471
691545
691784
691901
691947
692016
692088
692166
692302
692380
692463
692571
692655
692794
692843
692902
693026
693090
693295
693407
693471
693547
693647
693707
693748
693877
693912
693963
694048
694112
694224
694352
694394
694582
694713
694769
695215
695288
695344
695617
695670
695763
695875
695956
696019
696084
696228
696304
696443
696513
696700
696812
696958
697039
697139
697182
697283
697511
697550
697698
697734
697865
697986
698044
698084
698171
698283
698381
698508
698700
698746
698813
698901
699040
699199
699246
699399
699570
699776
700015
700100
700220
700299
700365
700435
700490
700523
700718
700885
701030
701090
701180
701273
701560
701603
701727
701778
701885
702029
702206
702335
702453
702598
702736
702833
702961
703039
703123
703281
703386
703436
703492
703556
703651
703945
704214
704254
704339
704470
704815
704908
704983
705074
705174
705375
705472
705545
705622
705893
705934
705992
706038
706111
706225
706317
706419
706554
706679
706854
706914
707019
707175
707264
707465
707501
707633
707733
707855
708016
708145
708202
708272
708383
708428
708487
708535
708683
708752
708853
708945
709006
709054
709180
709235
709270
709353
709446
709567
709609
709648
709798
709893
709948
710005
710192
710314
710434
710509
710713
710744
710877
710983
711067
711114
711270
711496
711614
711709
711773
711823
711934
712025
712147
712258
712318
712496
712612
712727
712918
713067
713171
713239
713306
713363
713425
713553
713659
713744
713840
713974
714113
714276
714334
714437
714593
714684
714900
714962
714993
715277
715329
715441
715528
715610
715666
715765
715856
715939
716111
716195
716354
716427
716458
716522
716611
716689
716775
716975
717035
717066
717167
717294
717373
717505
717619
717716
717786
717962
718098
718292
718397
718460
718660
718751
718880
718996
719120
719164
719294
719336
719613
719672
719791
719883
720014
720061
720136
720198
720311
720439
720585
720675
720734
720791
720921
721225
721302
721509
721597
721690
721857
721943
722381
722477
722567
722872
722920
722998
723272
723432
723597
723738
723795
723922
724014
724208
724474
724703
724743
724806
725048
725140
725229
725348
725444
725491
725671
725719
725830
725892
726014
726152
726194
726248
726293
726411
726472
726535
726725
726810
726922
726997
727123
727203
727274
727396
727449
727533
727621
727714
727803
727890
728074
728280
728369
728515
728829
728933
728968
729047
729141
729286
729501
729577
729639
729811
729843
729926
730004
730082
730139
730189
730238
730417
730522
730646
730689
730763
730819
730856
730887
730999
731060
731093
731167
731204
731354
731424
731516
731639
731877
731925
732063
732371
732473
732532
732685
732797
732830
732911
732957
733085
733178
733325
733372
733434
733520
733568
733613
733657
733712
733755
733804
733854
733895
733962
734035
734108
734167
734203
734247
734331
734377
734435
734517
734562
734668
734851
734935
735024
735232
735305
735418
735503
735562
735625
735767
735859
735936
736022
736104
736296
736441
736547
736599
736743
736889
736934
736979
737082
737136
737211
737312
737408
737444
737492
737548
737601
737655
737708
737775
737822
737879
737945
737990
738028
738123
738185
738313
738385
738451
738494
738588
738746
738827
738868
738933
738986
739019
739163
739234
739299
739356
739430
739489
739571
739644
739714
739771
739863
739964
740029
740098
740440
740555
740631
740683
741051
741111
741177
741264
741310
741407
741469
741510
741751
741785
741850
741919
741955
742007
742066
742134
742196
742233
742590
742634
742667
742741
742776
742867
742936
742998
743273
743329
743391
743435
743507
743600
743703
743763
743882
743914
743976
744072
744153
744204
744297
744397
744429
744516
744564
744599
744638
744682
744807
744859
744891
745023
745111
745188
745219
745279
745384
745438
745642
745746
745794
745938
745982
746080
746143
746229
746296
746477
746586
746626
746681
746746
746784
746820
746962
747007
747066
747108
747150
747243
747330
747398
747473
747519
747567
747700
747773
747807
747967
748074
748144
748185
748244
748314
748363
748533
748574
748704
748778
748822
748859
748891
749001
749116
749166
749240
749288
749390
749447
749538
749848
749904
749967
750011
