1105
2494
5115
6408
8087
12375
12879
48600
49294
52482
53120
57567
59044
60293
61000
62064
63159
64146
84220
87052
88728
89410
91795
93176
121873
124036
125026
127298
129377
134776
135849
138384
144873
145739
147426
149443
150702
152108
152790
154606
156440
157311
157847
163482
164730
165298
166023
195533
196077
196750
197814
198492
199803
202025
211651
212971
213492
214868
215828
217489
229133
229924
231492
232527
233850
258566
259757
261230
262503
264653
285384
314781
317235
319847
347427
349560
359252
393763
394533
396706
399145
401179
402472
404356
406020
438202
440118
440893
441602
512590
513613
514412
515251
516085
516626
517508
518387
520120
520837
521553
523261
532840
535381
536081
537314
538194
538859
542843
543574
544912
546433
548041
548744
562979
564447
564950
566601
568087
593109
622908
645648
656926
677369
678898
679866
680794
682818
686075
708127
709928
710809
724941
726753
730720
732309
736048
737229
738572
740483
741457
743068
745544
