761
2128
3371
4804
6062
7659
8853
12092
13855
16166
19181
22611
27922
31142
33568
35575
37746
39943
41820
43742
46597
48000
49852
53905
56132
58034
59092
60585
62651
67304
70858
73095
75521
78476
81296
83713
85540
88655
90976
96257
97945
102038
104679
107295
109836
111793
113799
115547
116690
118292
121033
123384
126499
128366
130268
132215
133528
136303
138085
140327
144056
146143
150980
152672
155253
158353
161298
163395
169056
171402
174033
176309
178596
181301
183952
186004
187886
190437
192683
194475
196078
198583
200386
203116
206007
208513
210999
212581
216320
221961
225625
228191
229654
231386
233527
235025
238110
241575
244330
247181
249796
252397
254797
256695
258732
262112
264183
266664
269400
272076
274557
277108
279584
282544
284865
286957
289098
292448
294670
297325
299831
302402
304609
306945
309536
312281
314328
316085
318891
321452
324247
327172
330023
332629
335734
338175
341440
343786
346302
348124
350510
353216
355762
358163
363285
366095
369235
371681
374452
377167
379653
382044
384555
387091
389922
392073
393356
395782
397030
400914
402287
403785
405407
408352
414348
417977
420478
422909
426249
428440
430716
433292
435823
437710
440471
443900
446916
449751
452512
455092
457898
460514
465136
467887
471202
474102
477412
480187
482888
486307
489208
491539
494070
496801
499441
501872
504668
507299
510973
513679
515740
517368
519679
522220
524926
527756
530512
533931
536617
538599
540171
545388
547469
553495
556994
559520
562166
563733
565810
569549
573877
577456
580152
583082
585808
588029
591000
594239
597300
600100
602017
605012
607708
610578
613234
615445
617552
619229
620647
622299
623977
628285
630961
634190
637430
640221
643056
645328
649740
651977
654478
656415
659879
663214
665979
669569
671960
673972
676173
678230
680152
681934
689766
693700
696081
698532
702032
705137
707628
709105
711991
713344
715715
719449
721585
723652
726153
727985
729453
730501
732138
733277
737046
738378
741284
746600
747893
