5
410
537
680
880
1048
1396
1530
2259
2340
2633
2764
2868
2996
3249
3349
3723
3843
4136
4405
4492
4665
5121
5305
5621
5737
5799
5932
6021
6122
6428
6533
6760
6812
7317
7555
7712
7862
7978
8090
8513
8661
8968
9343
9617
9910
10068
10268
10386
10530
10960
11051
11161
11329
11489
11553
11921
12208
12313
12472
12580
12688
13240
13339
13653
13988
14116
14185
14448
14603
14715
14884
15003
15052
15585
15706
15850
16062
16267
16697
16851
17005
17150
17262
17394
17487
17595
18030
18116
18204
18328
18449
18531
18839
19065
19147
19505
19691
19841
19961
20027
20144
20272
20422
20548
20579
20702
20813
21040
21176
21516
21709
21849
22056
22415
22597
22677
22883
22996
23194
23352
23454
23785
23947
24086
24206
24338
24621
24702
24876
24947
25150
25259
25345
25791
25896
25945
26271
26378
26469
26824
26894
27013
27109
27155
27461
27547
27611
27658
27754
27878
28187
28236
28345
28674
28731
28835
28910
29056
29261
29368
29587
29700
30150
30239
30357
30604
31004
31143
31294
31437
31598
31694
31960
32036
32355
32580
32651
32802
32897
33090
33168
33262
33404
33540
33775
33937
34003
34109
34283
34629
35030
35136
35230
35432
35600
35779
36084
36406
36530
36668
36782
36920
37055
37363
37535
37893
38039
38184
38586
38797
38912
39046
39208
39263
39570
39825
39963
40123
40209
40607
40759
41020
41133
41424
41533
41847
41961
42204
42268
42345
42484
42599
42781
42931
43037
43355
43727
43868
44056
44300
44490
44714
45187
45778
45982
46361
46522
46714
46840
47027
47114
47410
47515
47768
47855
48030
48134
48248
48382
48482
48662
48986
49157
49299
49369
49431
49714
49841
50006
50135
50368
50648
50706
50866
51017
51137
51371
51500
51653
52158
52257
52567
52709
52934
53252
53441
53962
54255
54414
54656
54748
54849
54916
54970
55124
55322
55724
55827
56048
56203
56432
56917
57195
57470
57574
57697
57779
58014
58203
58534
58944
59255
59300
59468
59587
59859
59999
60264
60366
60642
60774
60985
61088
61528
62004
62188
62511
62649
62766
62976
63096
63231
63580
63674
64232
64488
64618
64741
65020
65215
65493
65627
65832
66004
66031
66424
66582
66710
66800
67055
67286
67446
67600
67714
67823
67945
68321
68419
68708
69019
69193
69372
69502
69632
69731
69922
70087
70296
70442
70829
71213
71310
71562
71671
71752
71892
71995
72139
72331
72513
72674
72770
72923
72988
73121
73293
73371
73516
73697
73792
73818
74079
74392
74513
74622
74793
74889
75090
75268
75351
75486
75549
75627
75699
75845
75970
76013
76083
76123
76286
76338
76430
76546
76599
76687
76772
76860
76923
76981
77249
77324
77362
77420
77463
77535
77620
77714
77867
77960
78059
78137
78268
78373
78478
78579
78700
78874
78990
79483
79826
79900
79968
80104
80225
80382
80424
80484
80555
80657
80726
80786
80860
80942
81093
81199
81301
81382
81477
81712
81816
82062
82156
82251
82463
82573
82660
82927
83033
83164
83276
83442
83569
83633
83685
83860
83930
84193
84404
84667
84782
84911
84968
85051
85334
85436
85515
85926
86050
86392
86729
86836
86953
87048
87192
87797
88126
88786
88995
89099
89347
89511
89635
89695
89824
90505
90730
90922
91054
91260
91495
91747
92044
92148
92204
92504
93006
93369
93810
93886
94156
94397
94543
94783
95133
95251
95615
95817
96004
96133
96222
96366
96482
96584
96800
97023
97198
97356
97460
97721
98127
98391
98686
98878
98960
99147
99416
99741
100271
100421
100657
100944
101150
101261
101415
101559
101797
101967
102430
102586
102688
102758
102954
103137
103258
103467
103814
103960
104139
104297
104507
104682
104865
104935
105098
105306
105488
105555
105711
105825
106067
106339
106471
106615
106730
106946
107094
107221
107714
108118
108293
108450
108629
108836
109016
109148
109317
109417
109680
109766
110132
110270
110545
110907
111324
111459
111580
111677
112023
112209
112312
112422
112471
112740
112887
113125
113234
113396
113640
113854
114018
114233
114340
114671
115281
115438
115601
115717
115793
115914
116018
116129
116434
116576
116653
116753
116853
117128
117377
117550
117663
117910
118131
118238
118396
118622
118794
118891
119046
119320
119476
119640
119716
119808
119966
120395
120828
121230
121419
121635
121711
121930
122156
122442
122615
122736
122950
123123
123353
123580
123772
123854
123931
124214
124281
124432
125041
125558
125697
126028
126150
126313
126491
126584
126887
126995
127146
127298
127419
127501
127646
127912
128396
128537
128618
128834
129045
129129
129188
129412
129502
129918
130131
130241
130472
130746
131182
131269
131684
131974
132136
132396
132845
132990
133259
133333
133550
133613
133747
133904
133974
134104
134181
134288
134464
134570
134682
134807
134916
135242
135436
135797
135959
136319
136457
136627
136984
137099
137250
137366
137480
137600
137786
137876
137938
138074
138218
138575
138702
138962
139082
139293
139601
139942
140099
140424
140590
140756
141463
141578
142129
142311
142448
142701
142895
142997
143208
143369
143446
143526
143726
144240
144325
144687
144845
144971
145018
145142
145271
145337
145450
145565
145886
146106
146967
147092
147202
147482
147702
147851
147959
148057
148144
148549
149029
149539
149789
149973
150115
150352
150516
150872
151047
151273
151441
151528
151690
151791
151920
151990
152271
152430
152996
153145
153281
153455
153890
154098
154277
154577
154659
154819
155136
155492
155702
156088
156231
156376
156452
156751
156966
157032
157254
157368
157455
157550
157688
157805
157954
158051
158311
158410
158593
158803
158978
159128
159286
159497
159931
160103
160200
160426
160516
160705
160813
160932
161000
161221
161373
161567
161638
161740
161929
162208
162303
162406
162508
162840
163011
163153
163339
163478
163551
163598
163654
163695
163773
163817
163903
164079
164236
164537
164598
164904
164988
165082
165209
165501
165662
165749
165839
166060
166148
166411
166603
166761
166985
167154
167264
167468
167586
167655
167801
167897
168073
168207
168400
168519
168851
169042
169108
169225
169338
169540
169654
169857
170044
170206
170264
170529
170614
171003
171320
171533
171767
171927
172093
172251
172383
172511
172635
172663
172717
172810
172856
172910
172989
173023
173077
173138
173210
173298
173454
173497
173647
173737
173778
173900
173985
174042
174144
174296
174519
174764
174960
175030
175146
175343
175474
175556
175640
175734
175809
175889
175982
176030
176071
176134
176356
176456
176555
176660
176755
176801
176963
177085
177267
177341
177440
177467
177532
177629
177734
177777
177846
178051
178115
178219
178280
178486
178675
178799
179019
179166
179333
179475
179631
179749
179921
180011
180218
180334
180478
180533
180635
180778
180931
181061
181118
181183
181270
181382
181572
181681
181805
181980
182156
182357
182480
182577
182699
182901
182958
183056
183133
183159
183197
183245
183326
183702
183901
184277
184418
184535
184667
184847
184971
185093
185259
185546
185682
185825
186127
186264
186487
186638
186771
186990
187116
187227
187316
187414
187452
187544
187616
187675
187769
187878
187913
188242
188366
188561
188724
188788
188865
188948
189082
189199
189310
189409
189532
189626
189718
189759
189829
189907
189994
190260
190383
190515
190574
190744
190867
190928
191025
191196
191388
191558
191667
191818
191875
191985
192108
192340
192566
192976
193088
193393
193664
193866
194224
194442
194530
194698
194876
195187
195447
195546
195696
195874
196227
196426
196581
196998
197071
197203
197330
197498
197566
197663
197761
197913
198022
198206
198328
198496
198655
198712
198979
199139
199237
199406
199654
199811
199944
200079
200202
200317
200432
200597
200924
201036
201155
201310
201547
201679
201815
201926
202100
202305
202534
202765
202966
203104
203231
203390
203479
203597
203671
203870
204089
204352
204470
204591
204786
204952
205074
205311
205543
205656
205734
205907
206189
206289
206467
206680
206755
206885
207006
207108
207250
207383
207501
207783
207891
208142
208263
208383
208503
208593
208728
208869
209194
209326
209478
209546
209645
209739
209824
209944
210240
210524
210587
210696
210787
210967
211097
211227
211393
211502
211714
211899
212074
212230
212354
212461
212680
212783
212950
213076
213153
213255
213371
213461
213545
213648
214056
214259
214601
214746
214859
215005
215227
215392
215625
215759
215904
216184
216686
216960
217122
217253
217353
217570
217830
217960
218038
218244
218487
218713
218856
219081
219285
219689
220052
220257
220368
220673
220831
221096
221247
221373
221578
221977
222097
222166
222458
222548
222754
223032
223161
223422
223546
223768
223938
224359
224552
224660
224835
225500
225625
225814
225873
225957
226210
226339
226596
226817
227094
227221
227447
227579
227735
227968
228085
228219
228322
228766
228889
228998
229098
229263
229340
229649
229853
230107
230338
230367
230492
230563
230636
230679
230832
231194
232256
232547
232757
233028
233113
233188
233395
233557
233707
234002
234141
234317
234443
234952
235115
235217
235278
235674
235914
236091
236263
236456
236600
236745
236787
237000
237158
237404
237548
237780
237848
237945
238081
238180
238328
238467
238541
238660
238784
238898
239031
239171
239442
239743
239844
239918
240021
240120
240282
240443
240643
240759
240937
241238
241443
241575
241714
241825
242165
242363
242448
242545
242671
242732
242785
242926
243281
243409
243465
243547
243640
243708
243805
243914
244042
244109
244380
244518
244672
244729
244929
245110
245363
245608
245897
246109
246203
246611
246719
246774
246908
246968
247051
247241
247346
247447
247600
247720
247999
248126
248223
248348
248682
248859
248987
249042
249085
249138
249201
249244
249310
249372
249462
249959
250168
250377
250489
250639
250703
250762
250885
250996
251289
251446
251689
251795
251941
252074
252194
252405
252660
252795
252888
252963
253069
253103
253217
253298
253378
253559
253695
253781
253860
254065
254152
254228
254552
254631
254863
254982
255048
255148
255469
255549
255795
255969
256146
256342
256469
256589
256704
256897
256974
257113
257235
257341
257431
257457
257632
257744
257900
258006
258124
258157
258247
258332
258672
258781
258913
259039
259264
259470
259612
259675
259757
259879
259988
260242
260572
260799
260946
261099
261187
261243
261360
261692
261836
261978
262129
262209
262466
262548
262712
262857
262990
263179
263284
263437
263551
263669
263839
263969
264043
264139
264242
264332
264537
264667
264802
264925
265049
265178
265354
265440
265603
265694
265773
265964
266097
266210
266511
266615
266718
266839
266907
266993
267112
267200
267352
267524
267775
267875
268032
268256
268374
268550
268718
268865
269174
269263
269434
269549
269677
269813
269950
270085
270253
270422
270544
270716
270780
270840
270964
271116
271303
271446
271611
271777
272139
272228
272510
272611
272801
272975
273163
273293
273462
273597
273676
273952
274039
274198
274332
274421
274567
274753
274919
275073
275226
275336
275465
275594
275748
275863
275985
276075
276151
276211
276267
276350
276487
276679
276944
277087
277230
277288
277526
277655
277709
277821
277913
277986
278101
278190
278279
278351
278485
278532
278586
278655
278707
278962
279047
279164
279241
279343
279551
279747
280205
280427
280559
280676
280962
281242
281413
281572
281722
281911
281971
282023
282114
282216
282293
282395
282469
282725
282781
282845
283065
283167
283266
283391
283447
283512
283754
284058
284298
284489
284594
284732
284878
284978
285149
285327
285601
285774
286299
286506
286645
286793
287349
287741
287897
288003
288077
288166
288322
288537
288701
289370
289649
289858
290179
290695
290971
291163
291368
291526
291705
291991
292336
292553
292649
292703
292853
293017
293095
293391
293453
293661
293748
293832
293928
294038
294102
294216
294278
294379
294508
294596
294665
294772
295047
295297
295451
295692
295871
295967
296162
296276
296393
296721
297134
297229
297416
297578
297700
298123
298250
298345
298544
298749
298940
299027
299224
299334
299512
299547
299886
299997
300244
300307
300743
300887
301019
301149
301462
301612
301736
301790
301950
302069
302296
302383
302505
302629
302717
302780
302811
302967
303013
303100
303197
303266
303401
303476
303629
303665
303824
303926
304025
304120
304230
304304
304383
304429
304553
304742
304845
305031
305242
305563
305665
305750
305849
305924
306218
306268
306391
306619
306820
306970
307209
307284
307818
308053
308154
308214
308358
308572
308775
308887
308983
309097
309204
309282
309363
309496
309600
309669
309781
309862
310071
310298
310515
310580
310716
310910
311156
311303
311406
311539
311695
311924
312240
312363
312470
312585
312694
312966
313087
313235
313436
313714
313822
313944
314158
314356
314526
314663
314778
314902
315030
315182
315256
315367
315534
315661
315922
316075
316336
316609
316729
316825
316900
317186
317366
317660
318124
318312
318504
318560
318821
318965
319131
319330
319597
319703
319797
319902
320065
320203
320395
320576
320691
320780
320913
320987
321095
321221
321362
321464
321629
321754
321952
322095
322241
322308
322497
322628
322908
323134
323266
323423
323599
323827
323951
324050
324168
324349
324509
324627
324812
325004
325119
325257
325393
325576
325784
325944
326095
326180
326278
326573
326654
326885
327007
327141
327245
327342
327553
327974
328135
328270
328444
328526
328569
328617
328714
328832
328947
329069
329355
329489
329771
329930
330041
330248
330330
330416
330563
330655
330767
331003
331194
331325
331410
331641
331729
331811
331888
332010
332207
332285
332407
332547
332981
333092
333258
333397
333450
333595
333701
333914
334139
334310
334588
334896
335023
335132
335425
335631
335820
335987
336133
336239
336312
336450
336560
336634
336730
336829
336947
337091
337180
337317
337430
337521
337587
337630
337687
337766
337931
338146
338223
338339
338416
338511
338617
338706
339022
339129
339207
339327
339594
339770
339914
340038
340213
340319
340461
340614
340684
340863
341028
341110
341244
341382
341511
341621
341704
341808
341911
342109
342168
342231
342294
342372
342572
342695
342812
343201
343286
343405
343549
343692
343902
343983
344159
344307
344572
344694
344797
345158
345688
346070
346260
346443
346573
346804
346903
347027
347310
347470
347604
347650
347739
347865
347974
348101
348298
348413
348489
348663
348771
349125
349291
349751
349907
350206
350448
350569
350722
350829
351059
351140
351307
351680
351784
351972
352179
352334
352549
352771
353035
353183
353283
353408
353519
353682
353757
353908
354003
354077
354293
354464
354651
354905
355199
355385
355477
355760
355976
356044
356249
356454
356580
356998
357231
357414
357604
357772
357865
357954
358032
358383
358621
358735
358813
358906
359057
359160
359244
359390
359603
359697
359745
359817
359926
359975
360030
360116
360268
360608
360787
360929
361041
361224
361333
361451
361530
361664
361849
361997
362242
362334
362438
362478
362658
362802
362918
363229
363324
363409
363564
363679
363793
364235
364371
364678
364783
364903
364967
365057
365174
365287
365543
365701
365808
366164
366270
366384
366475
366664
366910
367061
367148
367340
367552
367615
368067
368316
368510
368623
368956
369056
369286
369430
369530
369651
369746
370035
370122
370250
370382
370611
370814
370923
371163
371250
371334
371429
371617
371864
371935
372239
372431
372570
372716
372776
372942
373056
373146
373238
373743
373919
374165
374416
374788
374917
375026
375216
375510
375848
375974
376164
376362
376644
376732
376940
377076
377292
377481
377637
377845
377945
378051
378160
378271
378578
378775
378884
379005
379059
379174
379436
379533
379595
379728
379890
380154
380366
380521
380590
380751
381110
381289
381550
381611
381695
381954
382136
382214
382301
382468
382683
382787
382991
383213
383362
383692
383849
384087
384267
384461
384696
384812
384995
385190
385406
385525
385624
385757
385931
386098
386196
386320
386484
386901
387266
387429
387743
387881
388195
388297
388453
388653
388996
389470
389631
389739
389900
390122
390219
390361
390779
390931
391065
391189
391628
391778
392148
392231
392449
392506
392517
392570
392738
392871
392937
393032
393102
393189
393377
393533
393637
393781
393872
394045
394118
394357
394434
394596
394708
394972
395135
395313
395485
395575
395754
395843
395988
396044
396185
396292
396627
396730
396845
397041
397198
397509
397555
397683
397810
398317
398378
398777
398860
399040
399191
399407
399541
399776
400011
400143
400387
400513
400617
400734
400927
401070
401194
401301
401502
401603
401695
401805
401950
402073
402195
402320
402461
402714
403082
403721
404055
404212
404290
404383
404448
404537
404726
404817
404934
405083
405196
405320
405404
405606
405668
405819
405948
406047
406171
406277
406467
406704
406857
407031
407186
407300
407446
407565
407740
407863
408012
408147
408314
408378
408475
408565
408716
408866
408962
409044
409240
409337
409431
409654
410001
410173
410267
410324
410405
410681
410792
410884
411036
411232
411420
411578
411724
411768
411903
412078
412171
412274
412392
412528
412739
412882
412947
413029
413170
413299
413506
413643
413705
413803
413959
414134
414276
414358
414440
414517
414590
414645
414734
414861
414970
415129
415337
415558
415914
416079
416195
416278
416400
416541
416750
416886
417052
417228
417424
417556
417733
417876
418056
418183
418272
418387
418549
418778
418897
418982
419059
419450
419586
419650
419840
419973
420058
420155
420303
420456
420578
420725
420821
420944
421111
421284
421347
421738
421868
421971
422156
422294
422459
422604
422775
423095
423225
423317
423447
423572
423745
423930
424082
424184
424388
424701
424839
424952
425435
425618
425825
425990
426075
426296
426392
426526
426646
426851
427008
427130
427216
427311
427884
427978
428305
428426
428540
428653
428841
429047
429172
429404
429542
429657
429935
430149
430323
430585
431039
431133
431299
431423
431468
431669
431753
431886
431959
432099
432258
432541
432721
432838
432946
433061
433170
433375
433579
433702
433825
433953
434130
434350
434446
434580
434767
434844
434969
435304
435439
435702
436296
436809
436949
437326
437507
437739
438169
438373
438596
438697
438789
438842
438884
439012
439088
439147
439228
439316
439444
439516
439616
439696
439844
439975
440175
440227
440331
440425
440500
440562
440604
440759
440997
441114
441222
441342
441497
441682
441786
441896
442053
442249
442375
442441
442655
442832
443000
443057
443125
443273
443347
443438
443621
443672
443816
443864
443981
444131
444289
444403
444566
444661
444816
444954
445095
445237
445442
445524
445611
445656
445767
445851
445912
445974
446160
446293
446418
446514
446742
446862
446966
447080
447164
447333
447392
447476
447821
447953
448067
448181
448277
448423
448597
448707
448789
448886
448977
449292
449381
449474
449609
449760
449932
450050
450219
450351
450482
450580
450721
450872
450926
451273
451400
451569
451684
451751
451830
451940
452022
452112
452181
452269
452334
452422
452494
452654
452917
453119
453269
453485
453648
453756
453846
453943
454175
454318
454456
454603
454700
454853
454970
455077
455195
455334
455386
455506
455635
455720
455829
455923
456065
456179
456237
456330
456671
456745
456872
456985
457097
457302
457361
457562
457637
457767
457892
458070
458201
458570
458691
458759
458882
458989
459088
459321
459552
459688
459861
460153
460331
460474
460613
460744
460796
460889
460962
461026
461086
461208
461371
461462
461592
461699
461838
461960
462027
462119
462244
462331
462424
462491
462609
462784
462979
463121
463258
463351
463445
463667
463811
463949
464120
464209
464346
464461
464552
464626
464710
464794
464951
465063
465311
465402
465530
465649
465756
465824
465938
466066
466218
466579
466714
466940
467093
467202
467332
467512
467713
467802
467987
468116
468254
468410
468659
468780
468892
468969
469186
469234
469374
469488
469579
469877
470008
470134
470208
470476
470685
470917
471003
471127
471182
471289
471503
471549
471722
471887
472031
472102
472233
472368
472560
472706
472835
472945
473153
473236
473438
473504
473601
473661
473792
473862
473956
474103
474245
474313
474423
474541
474587
474675
474784
474960
475153
475306
475430
475508
475629
475691
475797
475942
476079
476186
476291
476444
476695
476785
476897
477053
477123
477194
477269
477390
477475
477690
477747
477966
478167
478334
478454
478566
478627
478686
478760
478843
479005
479087
479325
479637
479720
479818
479912
479962
480128
480201
480258
480410
480541
480644
480770
480877
481036
481097
481186
481271
481391
481600
481718
481892
482057
482162
482296
482454
482552
482638
482801
482943
483096
483240
483355
483511
483607
483655
483781
483865
483970
484058
484249
484338
484491
484647
484785
484847
485028
485168
485259
485371
485462
485623
485796
486152
486378
486479
486584
486665
486752
486911
487010
487071
487182
487261
487321
487356
487419
487480
487543
487586
487752
487854
487958
488059
488196
488313
488432
488640
488708
488786
488913
488973
489070
489127
489167
489208
489252
489296
489430
489539
489686
489732
489806
489960
490028
490101
490187
490340
490449
490581
490655
490798
490849
490922
490993
491082
491157
491325
491442
491525
491722
491943
492082
492268
492517
492849
493024
493181
493445
493631
493737
493940
494059
494175
494353
494460
494606
494745
494879
494975
495164
495313
495371
495588
495681
495835
495956
496089
496357
496549
496725
497045
497171
497333
497521
497633
497801
497907
498031
498143
498298
498449
498463
498672
498848
499151
499361
499483
499790
499891
500002
500091
500203
500302
500441
500574
500807
500987
501162
501456
501733
501846
502316
502445
502551
502744
503032
503228
503411
503574
503729
503817
504011
504127
504224
504315
504513
504637
504755
504825
505026
505201
505270
505374
505591
505698
505890
505992
506268
506378
506636
506760
506995
507487
507603
507680
507933
508045
508122
508280
508453
508627
508793
508891
509022
509102
509227
509388
509543
509697
509985
510083
510383
510469
510602
510769
510887
511041
511244
511431
511543
511660
511793
511898
511991
512108
512202
512312
512500
512646
512809
512978
513139
513232
513362
513511
513683
513769
513822
513956
514181
514456
514592
514726
514834
514949
515002
515060
515168
515213
515351
515419
515490
515648
515739
515832
515922
516166
516270
516414
516512
516638
516801
517034
517193
517311
517403
517526
517769
517860
518090
518241
518304
518523
518635
518729
518871
518996
519088
519257
519417
519517
519597
519698
520007
520185
520246
520381
520484
520628
520777
521033
521148
521324
521437
521553
521681
522003
522131
522280
522481
522578
522705
522808
522933
523143
523271
523551
523726
523877
524008
524173
524289
524508
524818
524959
525148
525316
525427
525526
525654
525751
525896
526030
526168
526265
526426
526546
526703
526946
527141
527264
527411
527539
527691
527943
528099
528161
528208
528293
528421
528526
528572
528632
528739
528846
528953
529063
529268
529445
529508
529609
529752
529857
529943
530041
530233
530376
530460
530544
530622
530731
530822
530957
531049
531135
531284
531431
531832
531965
532193
532309
532497
532589
532694
532832
532916
533135
533238
533449
533569
533783
533889
534029
534295
534448
534594
534736
534876
535060
535183
535343
535459
535614
535699
535824
535907
536004
536084
536211
536288
536452
536589
536679
537162
537259
537391
537488
537774
538013
538116
538197
538275
538353
538423
538567
538792
538856
538908
538982
539157
539251
539446
539770
539913
540026
540253
540468
540597
540746
540866
541150
541259
541731
541880
542048
542130
542373
542482
542535
542642
542935
543113
543241
543280
543645
543994
544402
544577
544960
545101
545207
545307
545550
545807
545896
546035
546171
546245
546388
546505
546577
546623
546790
547192
547271
547426
547510
547614
547715
547790
547977
548065
548134
548291
548550
548644
548759
548894
549006
549145
549293
549439
549542
549685
549794
549886
549942
550043
550199
550340
550422
550696
550751
550870
550951
551088
551263
551396
551577
551744
551943
552035
552208
552408
552499
552608
552730
552889
553049
553167
553276
553365
553455
553583
553693
553796
553936
554125
554234
554311
554393
554511
554643
554785
554891
554977
555240
555379
555499
555611
555713
555967
555989
556166
556241
556319
556395
556542
556741
556889
557057
557121
557221
557363
557524
557672
557849
557903
558125
558241
558300
558572
558729
558916
559017
559136
559210
559416
559546
559665
559791
559974
560092
560208
560357
560512
560586
560721
560825
560988
561092
561157
561258
561436
561547
561653
561744
561795
561966
562045
562194
562286
562390
562528
562577
562641
562880
562997
563116
563208
563291
563462
563595
563724
563812
563952
564126
564264
564348
564440
564708
564852
565002
565162
565281
565331
565501
565626
565792
565940
566128
566262
566473
566552
566622
566688
566816
567058
567174
567243
567320
567473
567599
567696
567812
567884
567964
568110
568252
568587
568691
568881
569018
569115
569256
569414
569578
569666
569858
569954
570090
570176
570314
570482
570609
570743
570838
571063
571194
571292
571418
571587
571664
571753
571819
571970
572042
572176
572357
572613
572753
572846
572974
573065
573208
573427
573582
573708
573802
573973
574097
574370
574526
574651
574860
574971
575192
575393
575511
575738
575843
575961
576100
576197
576348
576473
576650
576779
576955
577026
577141
577293
577398
577472
577553
577684
577769
577939
578090
578253
578376
578622
578775
578989
579145
579377
579517
579659
579892
579975
580120
580281
580397
580499
580611
580751
580909
581051
581347
581528
581624
581763
581869
582027
582272
582382
582473
582633
582741
582855
582994
583107
583279
583366
583515
583689
583761
583850
583960
584113
584202
584337
584423
584482
584691
584797
584916
584987
585076
585210
585288
585424
585569
585694
585823
585970
586035
586141
586226
586393
586629
586770
587015
587177
587408
587548
587693
587766
587827
588006
588114
588233
588374
588443
588516
588680
588780
588922
589081
589160
589319
589388
589440
589553
589747
589998
590147
590281
590630
590723
590851
590962
591091
591198
591318
591399
591532
591609
591691
591777
591814
591928
592059
592184
592317
592455
592658
592713
592849
592937
593025
593260
593339
593506
593595
593647
593755
593835
593904
594011
594089
594179
594370
594503
594604
594677
594765
594838
594929
595014
595098
595338
595445
595684
595789
595893
596014
596140
596396
596506
596744
596866
596928
597013
597119
597195
597287
597425
597477
597598
597676
597778
597836
597940
598029
598091
598152
598231
598327
598381
598553
598666
598751
598853
598947
599016
599302
599437
599542
599611
599713
599809
599968
600089
600181
600310
600455
600565
600775
600860
600970
601123
601224
601357
601488
601613
601748
601893
601982
602064
602206
602393
602508
602633
602742
602936
603364
603637
603792
603969
604059
604188
604305
604416
604559
604688
604847
604999
605117
605329
605426
605537
605627
605734
605820
605983
606093
606228
606378
606446
606528
606634
606813
607072
607189
607298
607389
607451
607516
607603
607796
607891
608161
608294
608532
608649
608774
608974
608996
609226
609322
609421
609541
609654
609783
609903
610060
610110
610165
610214
610351
610466
610568
610684
610767
610909
611031
611202
611295
611455
611598
611791
611839
612123
612245
612431
612568
612812
612958
613112
613267
613389
613527
613643
613738
613802
613905
613991
614081
614132
614191
614299
614573
614724
614890
615076
615327
615515
615680
615834
615992
616174
616290
616396
616764
616882
616981
617102
617287
617600
617882
617978
618230
618368
618619
618745
618832
618977
619081
619163
619300
619415
619569
619718
619829
619962
620068
620153
620264
620360
620481
620555
620662
620756
621064
621318
621390
621558
621657
621830
621959
622035
622180
622280
622379
622524
622670
622744
622857
622994
623170
623361
623608
623824
623892
624002
624123
624198
624280
624389
624550
624616
624723
624854
624943
625054
625154
625253
625318
625434
625552
625934
626054
626350
626602
626690
626776
626885
627055
627182
627281
627391
627522
627729
627848
628019
628113
628304
628583
628735
628893
629111
629222
629459
629576
629652
629745
629858
629925
630091
630210
630351
630485
630590
630692
630864
631123
631222
631281
631321
631474
631560
631646
631729
631844
631952
632102
632212
632323
632434
632530
632773
632968
633085
633188
633413
633465
633771
633946
634126
634318
634412
634554
634680
634838
634968
635111
635262
635364
635496
635676
635856
635987
636150
636300
636371
636435
636485
636554
636614
636652
636789
636931
637009
637149
637415
637527
637707
637800
637918
638061
638164
638377
638490
638651
638718
638789
638849
638914
638951
639065
639230
639320
639394
639512
639608
639752
639849
640038
640231
640375
640637
640738
640846
641043
641149
641392
641527
641580
641655
641781
642002
642182
642388
642470
642687
642786
642897
643024
643161
643326
643520
643669
643774
643926
644002
644185
644397
644557
644688
644838
644904
645003
645228
645368
645488
645783
645935
645982
646017
646141
646330
646443
646530
646765
647076
647199
647266
647484
647614
647677
647801
647935
648020
648180
648380
648517
648643
648792
648811
648874
649039
649106
649152
649221
649261
649376
649473
649536
649594
649678
649759
649828
649871
649993
650071
650139
650197
650246
650307
650447
650501
650543
650610
650713
650770
650871
651053
651114
651203
651329
651384
651458
651555
651657
651867
651952
652121
652248
652346
652491
652669
652790
652876
652938
653040
653521
653674
653821
653934
654031
654343
654487
654576
654815
654894
654994
655083
655193
655335
655481
655627
655806
655939
656037
656193
656327
656453
656583
656680
656946
657065
657201
657297
657396
657500
657605
657667
657733
657849
657929
658023
658112
658369
658451
658656
658747
658981
658995
659123
659263
659365
659468
659568
659684
659762
659910
660047
660163
660256
660345
660407
660523
660692
660904
660999
661331
661407
661493
661556
661678
661723
661799
661895
662042
662191
662300
662373
662482
662659
662760
662899
663003
663027
663129
663265
663376
663478
663591
663718
663832
663951
664102
664205
664379
664583
664815
664926
665057
665189
665322
665523
665633
665786
665906
666011
666099
666207
666305
666665
666829
666934
667147
667238
667345
667441
667519
667554
667697
667834
667929
668069
668126
668225
668396
668514
668734
668868
668960
669047
669170
669302
669413
669517
669613
669695
669789
669895
670047
670100
670198
670384
670550
670672
670789
670837
670945
671027
671178
671280
671401
671516
671631
671821
671996
672153
672325
672457
672518
672623
672796
672934
673126
673177
673290
673358
673483
673583
673668
673739
673872
673955
674110
674329
674422
674562
674656
674736
674813
674947
675101
675237
675385
675565
675721
675870
675981
676072
676230
676402
676502
676603
676775
676931
677064
677127
677274
677386
677543
677777
677850
677978
678086
678222
678394
678487
678548
678648
678896
679022
679204
679362
679525
679635
679693
679803
679917
680056
680171
680248
680435
680557
680662
680862
681013
681117
681186
681294
681435
681526
681703
681869
681993
682089
682132
682264
682298
682387
682607
682723
682777
682835
683192
683337
683792
683886
683956
684171
684217
684285
684360
684522
684619
684720
684832
684946
685031
685128
685242
685433
685542
685643
685767
685847
686060
686148
686231
686327
686439
686528
686616
686708
686768
686840
686931
687009
687103
687201
687328
687450
687504
687575
687745
687910
687967
688148
688231
688351
688547
688683
688907
689050
689117
689251
689435
689542
689624
689727
689822
689923
690040
690156
690281
690374
690487
690627
690717
690842
690933
691046
691124
691240
691402
691494
691630
691788
691891
691966
692043
692131
692292
692348
692445
692596
692716
692844
693029
693138
693268
693331
693419
693533
693657
693724
693795
693905
693984
694051
694118
694227
694295
694396
694485
694558
694735
694835
694902
694988
695052
695288
695392
695518
695630
695829
695943
696019
696092
696241
696379
696584
696664
696847
696928
697013
697179
697292
697394
697529
697654
697753
697949
698050
698197
698313
698432
698519
698567
698637
698787
698915
699021
699086
699271
699325
699397
699529
699615
699774
699883
699982
700080
700140
700256
700341
700497
700614
700674
700734
700889
701101
701193
701305
701532
701667
701781
701835
701948
702080
702189
702375
702441
702556
702716
702841
702960
703107
703297
703434
703585
703804
703977
704079
704169
704296
704397
704564
704659
704819
704944
705069
705191
705246
705338
705462
705544
705684
705786
705888
705977
706050
706148
706482
706670
706796
706975
707085
707224
707591
707742
707851
707967
708073
708156
708474
708573
708676
708805
708913
709087
709418
709460
709651
709753
709912
710034
710191
710451
710572
710687
710827
710909
710983
711109
711223
711315
711454
711599
711634
711788
711969
712126
712237
712298
712420
712508
712655
712749
712821
712977
713248
713427
713529
713616
713870
714082
714181
714393
714531
714796
714917
715023
715165
715389
715614
715684
715768
715835
715913
715997
716076
716124
716183
716239
716409
716621
716988
717223
717482
717540
717703
717773
717898
718071
718194
718309
718497
718594
718694
718849
719016
719152
719316
719448
719565
719681
719816
719874
719955
720024
720104
720218
720371
720584
720669
720881
721046
721198
721347
721551
721611
721743
721819
722086
722188
722272
722364
722468
722576
722650
722717
722787
722833
722864
722987
723049
723166
723241
723357
723470
723549
723750
723831
724070
724145
724329
724559
724666
724788
724828
724934
725059
725167
725218
725293
725365
725499
725573
725706
725799
725898
726021
726096
726192
726376
726453
726593
726697
726794
726876
727022
727233
727339
727439
727529
727614
727815
728003
728299
728378
728601
728761
728867
728927
729009
729087
729143
729329
729474
729640
729760
729805
729903
730040
730137
730302
730460
730602
730668
730767
730935
731051
731123
731336
731482
731547
731651
731798
732099
732395
732594
732724
732838
732888
733284
733958
734196
734315
734396
734458
734572
734739
734832
734918
735039
735105
735235
735287
735354
735452
735503
735595
735686
735818
735857
735975
736177
736249
736331
736434
736476
736642
736872
737003
737121
737253
737322
737429
737502
737565
737773
737915
738011
738101
738243
738312
738388
738528
738621
738691
738753
738865
739016
739133
739192
739271
739396
739459
739595
739651
739858
739937
740185
740346
740624
740751
740876
741028
741150
741322
741734
741826
741863
741999
742098
742185
742367
742572
742616
742761
742899
743513
743758
743859
743914
743995
744109
744279
744380
744425
744515
744598
744749
744907
745030
745192
745358
745417
745736
745789
745908
746008
746099
746291
746381
746455
746604
746824
746962
747060
747163
747267
747356
747417
747462
747509
747562
747634
747688
747785
747877
747921
748030
748147
748220
748294
748465
748580
748680
748778
748936
748990
749137
749283
749347
749408
749476
749511
749593
749685
749809
749974
