1574
2822
3975
5358
6891
8239
11403
13006
15058
18462
20714
23893
29629
32505
35046
36663
38859
40851
43287
45000
47391
49368
50795
55108
57025
58817
59896
61129
63460
68896
72021
74512
77018
79879
82699
84796
86303
90537
93187
97051
99747
103606
106366
108827
111174
113021
114853
116355
117713
120434
121612
125126
127418
129185
131012
132994
134436
137157
139538
141330
144924
149088
151983
154080
156486
159965
162646
166505
170543
172975
175151
177397
179664
182983
185205
187087
189119
191864
194041
195409
196831
199722
201644
204304
207379
209965
211937
215576
217039
223548
227128
229040
230727
232444
234351
236308
239812
243007
245748
248668
251159
253635
255892
257729
260754
263090
265541
268347
270977
273648
276029
278590
280832
284166
285988
288439
290721
293971
296367
298743
301299
303675
306001
308398
311313
313684
315271
317318
320323
322979
325770
328685
331525
333957
337311
339463
342852
345184
347545
349102
351958
354698
357339
360878
364622
367443
370668
373308
375954
378490
380996
383427
385968
388404
391155
392832
395104
396631
397759
401738
403221
404618
406925
410564
416060
419395
421956
424122
427512
429513
431820
434191
436852
439882
441579
445078
448368
451284
453879
456610
459450
462945
466479
469544
472854
475964
478934
481745
484375
487680
490486
492907
495278
498094
500734
503440
506166
508856
512575
514971
516699
518436
520872
523518
526333
529433
532304
535419
537895
539372
544055
546721
548583
555227
558572
560748
563259
564592
568106
570767
575325
578889
581759
584345
587091
589812
592402
595587
598567
601218
603285
606310
609071
611806
614507
616579
618585
620138
621031
623258
625714
629453
632278
635698
638978
641903
644254
647789
650699
653260
655591
658467
661022
664846
667762
670762
673228
674995
677486
679019
681015
685997
691404
694983
697454
699596
703205
706345
708596
711412
712675
714631
716943
720672
722709
724855
727201
728764
730022
731280
732663
733956
737650
739257
743950
747449
