313
817
1396
1696
1945
2050
2199
2415
2554
2756
2956
3253
3475
4287
4513
4628
5055
5597
5830
5975
6094
6227
6398
6636
7001
7331
7905
8618
8941
9205
9836
10093
10281
10941
11926
12013
12140
12235
12992
13358
15121
15361
15509
15655
16086
16525
16732
17231
17529
17768
18056
18277
18439
18788
19915
20338
20682
21272
21450
21612
22109
23586
24579
24825
24980
25161
26594
26702
26872
26944
27731
27959
28184
28431
28899
29087
29396
31536
31710
31876
32012
32965
33110
33528
33658
33773
34036
34285
34549
35593
35877
36139
36395
37237
37435
37576
37703
37899
38232
39144
39971
40145
40271
40353
40517
40893
41261
42006
42323
43551
43921
44188
44374
44592
45182
45730
46623
46976
47418
47590
47796
48049
48182
48345
48635
48790
49350
49810
49961
50277
50646
50936
52862
53060
53229
53526
53788
53905
53998
54791
54984
55367
55678
55860
56070
56351
56572
56841
57003
57172
57492
57836
58217
58348
58527
59309
59529
59658
59756
60900
61475
62045
62281
62498
62602
62919
63284
63487
63702
64935
65388
65521
65636
65809
65973
66367
66510
66579
66632
66976
67224
67482
68430
68627
68828
69026
69313
70520
70971
71125
71303
71521
72047
73488
74095
74282
74475
74736
74998
75314
75904
76014
77122
77361
77756
78165
78563
78723
78956
79139
79634
80386
80683
80886
81247
81417
81732
82511
82791
82912
83082
83706
84259
84480
84625
85294
85753
85855
86094
86640
87054
87358
87534
87750
87920
88667
88840
88922
89663
90147
90687
90912
91079
91265
91818
92080
92704
93003
93165
93643
93974
94111
94307
94601
94913
95381
95528
95692
95803
95915
96053
96893
97095
97168
97289
97809
98120
98512
99757
100301
100479
100740
100980
101725
102176
102325
102622
103302
103390
103556
103808
104472
104597
104685
104839
105960
106181
106284
106496
106689
107036
107188
107323
107876
108032
108313
108591
108890
109031
109273
109560
109815
109986
110187
110364
111515
111818
111979
112110
112273
112843
113285
115111
115203
115338
115522
115625
115961
116689
116942
117105
117365
117520
118377
118476
118648
118794
118957
119336
119649
120186
121442
121700
121898
122232
122468
122709
123060
123250
123518
124646
124954
125243
125525
125915
126198
127030
127151
127532
128299
128586
128763
128899
129449
129743
130041
130149
130593
130657
130925
131873
132253
133351
133527
133879
134358
134563
134809
135234
135468
135811
136116
136273
136535
137552
138890
139021
139176
139377
140078
140450
141207
141809
142102
142388
142573
142679
142772
142991
143100
143446
143780
144570
144963
145344
146138
146313
146433
146586
146794
147249
147576
147896
148123
148263
148676
149724
149940
150577
150708
152261
153347
153480
153711
153964
154415
154750
155980
156426
156737
156940
157081
157337
157612
158056
158317
158744
159496
159977
160172
160275
160393
160595
160910
161693
162202
162386
162640
163083
163218
163533
163798
164216
164567
164810
165214
165457
165896
166092
166466
166549
166695
166866
167116
167262
167837
167979
169558
169998
170231
170594
170792
171037
171592
171988
172305
172699
172982
173117
173272
173450
173870
174215
174501
174861
174982
175358
176294
176540
176642
176741
176946
177128
177243
177652
177811
177986
178319
178652
179455
179712
180161
180483
181338
181581
181952
182523
183831
184486
185156
185325
185494
186117
186235
186399
186520
186752
187029
187204
187538
188127
188683
189055
189408
189589
189757
190027
190353
190545
191018
192618
192838
193125
193295
193431
193745
193981
194951
195530
195907
196208
196332
196421
196489
196596
196843
197313
197504
197998
199252
199432
199828
200407
200548
201530
201778
202986
203146
203389
203499
203770
204002
204733
205278
205450
206040
206765
206933
207050
207304
207647
207933
208303
208503
208967
210424
210575
210670
210867
211051
211379
211685
211803
212020
213181
213942
214087
214267
214518
215198
215401
216047
216840
217068
217233
217408
217603
217765
217940
218126
218923
219178
219687
220001
220342
220590
220818
220994
221201
221499
221802
222145
222879
224380
224659
224790
225069
225328
225815
226193
226940
227169
227585
227731
227895
228151
228267
228742
228980
229294
229993
230496
230913
231232
231521
231698
231912
232156
232360
232773
233061
233639
233868
234396
234587
234782
235155
235359
235771
235941
236204
236804
237143
237529
237645
238369
238583
239160
239376
239791
239949
240364
240856
240960
241112
241523
242172
244161
244399
244524
244808
244992
245175
245365
247271
247647
247790
247989
248370
248698
249038
249825
249968
250152
250659
251196
251358
251570
252684
252851
253437
254113
254961
255122
255311
255508
255653
255970
257469
257969
258154
258486
258781
259165
259451
260068
260279
260519
261267
261453
261718
261939
262165
262346
263529
264375
265082
265379
265569
265805
266027
267216
267627
267879
268850
269030
269259
269336
269558
270254
270447
271168
272199
272347
272506
272979
273329
273685
273920
274171
274562
275319
275487
275896
276037
276188
276426
276694
277238
277488
277683
277912
278992
279329
279537
280551
281192
281366
281875
282770
282964
283167
283249
283542
283933
284238
284391
284686
284792
285124
285760
286857
286996
287129
287397
287574
287742
288334
288577
288830
289985
290162
290312
290492
290737
290860
291126
291726
291977
292367
293032
293260
293387
293522
294007
294143
294351
294720
295145
296342
296503
296694
296899
297134
297515
297693
298186
298923
299765
300266
300346
300613
300816
301178
301388
302373
302764
303188
303479
303939
304240
304484
304783
304971
305293
306025
306555
306668
306867
307012
307577
308395
308735
309574
309901
310068
310288
310456
310660
311002
311466
311704
311904
312703
313004
313125
313297
313424
314013
314149
314729
315058
316075
317284
317426
318040
318684
318808
319786
320248
320566
320678
320792
321192
321358
321597
322069
322681
323486
324002
324085
324254
324486
324925
325252
325526
326779
327512
327773
327917
328117
328465
328666
329869
330063
330815
331060
331200
331351
331413
331546
331942
332383
332927
333156
333728
333978
334405
335341
335712
336009
336412
336859
336991
338162
338667
339040
339281
339475
339555
339732
340225
340678
340974
341549
341729
341973
342097
342430
342893
343733
343891
344403
344695
344889
345066
345404
345657
346036
346610
346905
347458
347888
348027
348159
348611
349459
350166
350750
350935
351071
351197
351409
351553
352795
353005
353314
353870
354223
354385
354776
355065
355500
355792
356326
356808
357028
357196
357447
357609
358227
358582
358840
359696
359794
360516
361450
361584
361709
361787
362935
363175
363457
363990
364663
364942
365097
365604
365773
366362
366954
367139
367366
368373
368781
369946
370097
370307
370560
371208
371781
372301
372701
373208
373319
373483
373663
374725
375476
375708
375897
376118
376328
376531
376946
377036
377186
377463
377708
379016
379253
379380
379772
380101
380219
380496
380968
381096
381326
381909
382735
382958
383142
383737
385192
385810
386239
386391
386734
386926
387091
387428
387614
387841
388017
388250
388528
389128
389863
390102
390512
390783
391021
391237
392011
392723
392840
392992
393371
393638
393815
393941
394700
394890
395132
396139
396300
396458
396645
396861
397547
397883
398110
398246
398713
399426
399559
399839
400122
400590
400719
400912
401194
403609
403798
404004
404167
404471
404626
404899
405249
405651
405961
406718
407063
407206
407871
408093
408277
408449
409457
410923
411078
411386
411607
411745
411952
412255
412384
412761
413027
413207
413603
413810
415010
415190
415399
415472
415610
416486
417134
417883
418028
418241
418557
418838
419541
419871
420025
420208
421250
421817
421967
422191
422512
423714
424004
425324
425584
425793
425954
426071
426177
426640
427175
427506
427666
428851
429033
429157
429418
429636
430294
430371
430558
430830
431271
431523
431722
432415
432741
433011
433141
433294
433485
433797
433959
434058
434784
435504
435963
436127
436345
436724
436905
436993
437328
437661
437963
438240
439234
439558
439784
439950
440126
440244
440861
441107
442315
442496
442810
443149
443251
443433
443582
444229
445582
445761
446081
446302
446438
446700
447314
447425
447837
447986
448160
448558
449038
449326
449624
449952
450359
450642
451083
451500
451995
452493
452639
453127
453209
453462
453565
453650
454137
454700
454966
455732
456535
456677
456836
457017
457197
457329
457703
457966
458164
458689
458951
459498
459617
459726
459797
460091
460213
460674
460931
461476
462103
462579
463152
463426
463602
463692
463815
464517
464883
465193
465419
466563
466678
466804
466977
467312
467551
468148
468272
468375
468715
469709
470004
470307
470618
471259
471436
472039
472433
472988
473525
474313
474485
474593
474751
475024
475292
475389
475910
476555
477246
477503
477887
478018
478153
478804
479120
479313
480133
480475
481018
481352
481578
482165
482327
482533
484343
484533
484717
484909
485072
485214
486379
486537
486718
487344
487723
488029
488163
488299
488759
488970
489220
489617
490061
490246
490461
490623
490730
490790
491234
491575
491755
492503
492959
493307
493659
494252
495176
495454
495651
495991
496571
496925
497129
497349
497595
498109
498295
498646
498908
499463
499613
499763
500031
500432
500587
501440
502165
502354
502464
502644
502857
503688
504729
505387
505628
505784
506085
506442
506935
507028
507242
507328
507453
507758
508006
508179
508484
508967
509186
509775
510007
510445
510700
510930
511514
512225
512632
513164
513477
513718
513999
515150
515617
515816
515963
516119
516314
516603
517481
517695
518195
518455
518704
519275
519657
520090
520351
520642
521322
521640
521953
522237
522535
522893
523172
523400
523823
524201
524507
524665
525852
526116
526416
526672
526816
527303
527462
527787
527997
528339
528569
529662
530283
530364
530531
530707
530962
531301
531464
531634
531831
532573
533403
533591
533744
533935
534395
534935
535415
536899
537007
537386
537681
537989
538199
538272
538457
539226
540450
540610
540731
540966
541245
541630
542226
542544
542840
543126
543405
543562
543656
544028
544378
544509
545299
545498
546910
547046
547177
547404
547735
547952
548131
548507
548844
549187
549728
549947
550103
550747
551372
551527
551651
552318
552590
553274
553566
553988
554158
554420
554637
554889
555113
555566
556354
557154
557427
557529
557950
558717
558933
559226
559349
560058
560304
560566
561013
561185
561359
561505
561676
562124
562768
563010
564034
564258
564441
564694
564845
565009
565141
565604
566296
566601
567089
567326
567459
567516
567643
567823
568138
568617
569050
569475
569786
570758
570899
571060
571847
572387
573388
573780
574146
574260
574467
574714
575053
575291
575565
576239
576404
577228
577613
577835
577962
578456
578728
579445
580248
581147
581245
581461
581912
582187
582361
582578
582980
583673
584121
584545
584660
585108
585387
585517
586206
587143
587667
587801
588007
588147
588622
588862
589249
590254
590786
590949
591162
591316
591538
592132
592617
592880
593672
593947
594538
594701
594812
594900
595147
595380
595521
595743
595947
596075
596379
596601
596814
597594
598025
598133
598226
598357
598532
598682
598886
599511
599680
600107
600465
600723
601116
601411
601590
601796
602068
602378
603740
604536
604720
604953
605219
605464
605629
605801
605982
606582
607584
607795
607893
608004
608304
608501
608679
608791
608987
609219
610133
610525
610769
611066
611213
611393
611654
612247
612462
612610
613495
613658
613969
614193
614372
614650
614805
615097
615205
615270
616412
617416
617656
617828
618212
618372
618620
618829
619097
619753
620663
621625
621765
621936
622070
622218
622629
623046
623433
623529
623697
624539
624695
624942
625187
625445
625699
625852
625974
626429
626722
627173
628178
628314
628524
629095
629353
630116
630529
630636
630864
631903
632169
632605
632740
633026
633270
633762
633909
634438
635012
635297
635460
635601
635798
636008
636332
636414
636948
637321
637654
638634
639031
639268
639421
639594
639709
639992
642077
642361
642540
642653
642772
643179
643539
643870
644354
644620
644953
645196
645614
645950
646291
646552
646890
648511
648712
649053
649666
650341
650496
650698
650898
651070
651620
652117
652268
652450
652572
652705
653834
654020
654156
654659
654837
655631
655809
655848
656212
656296
656345
656477
657129
657241
657351
657636
657795
658210
659013
659150
659227
659702
659779
659903
660182
660350
661035
661297
661511
661846
662091
663142
664300
664661
664937
665592
665897
666320
667422
667566
667794
667987
668410
668844
669575
670984
671230
671452
671858
672035
672440
673341
674061
674437
674681
674936
675225
675517
676127
676285
677223
678287
678438
678765
678945
679093
679370
680826
681353
681778
682307
682513
682833
683045
683441
683526
683940
685569
685799
686336
686683
686957
687212
687644
688544
688977
689446
689588
689768
690053
690304
690537
690955
691368
692272
693009
693180
693358
693449
693594
693704
694065
694236
694556
694869
696680
696810
696953
697021
697372
697703
698384
698551
698986
699091
699249
700431
700639
700799
700925
700995
701364
701527
701890
702383
703055
703929
704123
704233
704411
704500
704736
705050
705455
705665
706068
707545
707731
707842
707940
708020
708327
708808
709039
709369
709577
710062
710291
711125
711492
711636
711794
711960
712492
712998
713713
714278
714459
714999
715358
715518
715884
716160
716268
716680
717827
718048
718443
718618
718741
718959
719062
719203
719367
719720
720206
720971
721785
722102
722433
722693
722904
723218
723417
724808
725420
725552
725716
725872
726114
726318
726605
726925
727220
727723
727891
728046
728916
729105
729845
730017
730329
730538
730775
730890
731165
731470
732449
732743
732970
733106
733418
733708
734052
734517
734856
735063
735156
735402
736103
736254
736502
736718
737039
737301
737888
738137
738374
738517
738645
738927
739133
739434
739603
740554
740769
740969
741132
741208
741325
742041
742222
742401
742509
742669
742742
743275
743459
743713
743848
744156
744421
744558
745928
746119
746235
746419
746923
747170
747516
747766
748051
748898
750479
750848
751059
751361
751490
751985
752325
752993
753608
754389
754727
754980
755229
755431
755613
755775
756238
756764
757576
757703
758076
758721
758867
759011
759157
759436
759595
759721
759849
760309
760792
761087
762783
763125
763251
763429
763620
764028
764539
764676
765484
765909
766995
767451
767827
768005
768367
768867
769436
769912
770162
770353
770455
770640
770904
771180
771442
771707
771914
772246
772827
772961
773113
773713
773918
774140
774366
774795
774925
775236
775627
775870
776029
776156
776339
777089
777469
777691
777967
778083
778224
778420
778605
778759
779139
779944
780880
781232
781341
781470
781702
782025
782252
782450
782816
783212
783411
784365
784858
785076
785203
785444
785756
785956
786176
786532
786987
787738
788072
788469
788680
788816
788935
789282
789553
789792
790019
790427
790770
791056
791344
791450
792324
792457
792745
792973
793214
793355
793551
793726
793946
794225
794306
794565
794804
795111
796087
796333
796594
796837
797239
797473
797759
797943
798429
799197
799802
799951
800384
800555
800777
800872
801252
801508
802785
803374
803531
803990
804384
804951
805470
806218
806717
806916
807019
807231
807639
807944
808194
808474
808816
808969
810423
810755
811004
811175
811334
811597
811940
812494
813085
813706
813946
814116
814382
814491
814579
814655
814951
815314
815816
816299
816935
818053
818209
818399
818554
818736
818916
819326
819556
820060
820471
821121
821513
821731
821917
822100
822332
822551
822625
822974
823043
823371
823774
824257
824540
824750
824828
825247
826906
827527
827692
828029
828235
828370
828515
828701
829340
829517
830873
831113
831293
831452
831562
831740
832289
832405
832688
832852
833050
833807
834458
834771
834895
835126
835330
835662
835883
836578
836873
837540
837823
838120
838246
838368
838758
838932
839098
839406
839874
840185
840593
840970
841222
841745
842368
843124
843433
843619
843842
843996
844220
844730
844952
845387
845516
845608
845783
846075
846362
846732
847124
847289
847793
848323
848556
849274
849447
849571
849803
849891
850365
850805
852493
852653
852824
852957
853040
853158
853560
853808
854159
854731
855121
855319
855530
855973
856131
856257
856313
856653
856882
857229
857517
858635
858831
859580
859823
859995
860223
860724
860925
861188
861498
861730
862332
862553
862706
863106
863194
863252
863453
863657
863854
863984
864216
864513
864645
865035
865726
865900
866116
866225
866367
866747
867003
867234
867459
867655
867909
868545
868986
869490
869848
870020
870092
870242
870401
871106
871428
871599
871711
872067
872845
873727
873976
874319
874819
875339
875671
876120
877275
877471
877802
877934
878088
878320
878668
879102
879259
879394
879548
879897
880883
881055
881361
881840
882089
882495
882649
882824
883492
884078
884354
884586
884826
884942
885154
885330
886398
886773
887251
887436
887898
888092
888370
888765
889270
889541
890714
891026
891149
891287
891469
891824
891947
892728
892945
893508
894038
894161
894481
894928
895574
895859
896151
896527
897737
898577
898983
899153
899398
900101
900210
900410
900645
901121
901225
901390
901526
901670
901871
902035
902366
902505
902784
903880
904598
904716
904824
904944
905137
905287
905666
905983
906153
906641
907155
907641
908085
908423
908526
909086
909247
909428
909786
909929
910314
911055
911368
911716
911895
912787
913077
913491
913686
913928
915185
915312
915521
915829
916087
916397
916579
917118
917263
917633
919030
919151
919331
919822
920065
920547
920870
921594
921715
922308
922588
922721
922861
923062
923204
923461
923779
924144
924234
