485
3041
4039
6625
7913
10050
11398
13594
16689
20134
21392
23668
24726
27092
30397
33732
37236
38404
40621
43975
47330
50794
51893
54029
55347
57633
58552
60898
62066
64453
67817
71232
74466
77901
81595
84730
85848
88344
89532
91809
93027
95273
96393
98758
99836
102232
103180
105597
106795
108991
110069
112525
115451
118606
121841
125455
128869
132523
133502
136327
137585
140171
143706
147460
151044
152122
154848
155936
158682
159979
162416
166020
167208
169724
171092
173628
177142
178320
180666
181874
184141
187985
189143
191419
192737
194893
198368
201922
203110
205566
209111
212525
213803
216419
217687
219993
221471
224027
225484
227911
229049
231714
232962
235299
239282
243076
244095
246600
247929
250265
251633
253889
255167
257383
258661
260788
262086
264722
265920
268685
272459
275764
277092
279748
280786
283482
284680
287515
288913
291329
292327
294524
296081
298517
299716
302261
303519
306445
307583
310219
311407
313863
315321
317557
319015
321251
322499
324875
326093
328759
329827
332383
333451
335608
337066
339462
340740
343096
344254
346570
347888
350354
351642
354268
355586
358162
359500
361996
362964
365610
369244
372449
373657
376033
377351
380077
383591
387115
390520
391788
394454
395722
398557
399735
402551
406165
407333
410095
413743
415041
417547
421420
424885
428479
432453
433481
436197
440350
441608
444464
445751
448257
449406
452151
453259
455985
457143
459689
463423
467946
471450
474845
478799
482732
483781
486287
487305
489222
493874
497149
500913
504627
508691
510058
512894
516548
517556
520212
523846
524975
527620
531484
532672
535408
539142
540490
542836
546380
550613
554148
555196
557812
561905
562864
565500
566648
569333
570541
573177
577161
580565
584010
587514
591208
594972
595991
598706
599904
602370
603628
605985
607323
610008
613503
614701
617097
618475
620901
624645
626232
628319
629487
631843
635338
639142
642666
643954
646470
650404
653678
657562
661066
664671
666005
668514
672398
676242
677400
679846
680905
683341
687045
690819
692047
694653
695791
698237
702270
703299
705835
707093
709928
712734
715569
718694
722238
725783
726961
729706
730865
733710
737744
741587
742756
745621
746819
749634
750713
753548
754786
757512
758570
761525
762873
765429
769263
770471
773027
774375
776661
780585
781743
784718
785687
788592
789870
792426
793474
796280
797298
799225
801332
802430
805375
809239
812574
813662
818005
822468
826731
830665
834309
837713
841387
845571
849335
850673
853538
854766
858081
862034
865499
869442
870591
873426
874654
877170
878438
881044
882372
885008
888602
889440
892176
895880
899365
900613
903208
907042
908390
911335
915249
916567
918953
922687
923985
926601
927899
930704
931663
934548
938472
939450
942036
943234
946090
947138
949814
953328
954536
957052
960826
962024
964740
965758
968743
972158
975662
976661
979237
980455
983220
984278
987154
988242
991068
992375
994931
996199
998765
999734
