166
2003
3650
5767
7444
9171
10659
12595
16300
18866
20992
22679
24127
26214
29648
32673
36567
37935
39423
41360
46411
49506
51653
53270
54688
56695
58292
60080
61467
63274
66629
70163
73568
76613
80377
83622
85529
87296
89083
90810
92368
94245
95952
97819
99397
100914
102721
104578
106196
108103
109790
111347
114532
117567
120722
124187
127851
131475
133083
134890
136857
139103
142008
146002
149726
151713
153670
155557
157643
159330
161397
165181
166769
168396
170513
172479
175714
177731
179698
181715
183142
186976
188544
190511
192078
193905
197260
200904
202591
204528
207673
211537
213344
215241
217028
218985
220902
222789
224556
226593
228530
230726
232433
234410
237935
241948
243745
245442
247369
249416
251004
252930
254618
256615
258042
260209
261557
263374
265401
267437
271261
275045
276503
278180
280297
282633
284280
286277
288144
290331
292048
293615
295382
297329
299336
301263
303180
305077
307064
309100
311007
312894
314711
316529
318336
320213
322080
324296
325544
327501
329568
331245
333052
334989
336307
338473
340071
341958
343845
345802
347539
349306
351083
353110
355237
357143
358761
360758
362605
364442
367866
371570
373338
375055
376912
378939
382493
385927
389781
391389
392886
395292
397129
399256
401293
405306
407053
409090
412734
414522
416309
419953
423567
427670
431275
432992
435039
439072
441229
442836
445122
446361
448976
450584
452920
454937
456884
457772
462405
466059
469913
473896
477381
481255
483181
485078
486696
488533
491917
495781
499695
503479
507413
509549
511716
515610
517257
519104
522429
524635
526103
529967
532403
534120
537994
540120
541947
544943
549345
552650
554927
556664
559978
562434
564741
566278
568245
569952
571949
575723
579477
583031
586516
589831
593714
595641
597528
599385
601392
603079
604876
606694
608740
612574
614311
616178
617926
619922
623776
625493
627321
629118
630855
632442
637943
641747
643405
645152
647239
652600
656374
659988
663952
665519
666797
670622
675084
677041
678608
680635
682442
686056
689740
691428
693584
695242
697458
700953
702889
704417
706524
708191
711326
714431
717656
721160
724635
726671
728768
730325
732492
736266
740479
742226
744343
746150
748337
750204
752500
753997
756294
758251
759958
762274
764231
767606
769902
771280
773616
775683
779407
781264
783311
785377
787194
789211
791388
792985
794942
796659
798606
800443
801581
803838
806493
811186
813292
815509
820141
824195
828838
832442
835417
839740
844123
848187
850143
852310
854337
856563
861116
864401
868554
870311
872238
874105
875473
877929
880145
881853
883859
887044
889201
890389
894393
897987
899884
902210
905475
907911
909918
914041
915998
917965
921629
923666
925483
927539
929456
931184
933390
937424
938961
940878
943025
944902
946659
948755
952439
954217
955914
959438
961395
963222
965409
967346
970970
974404
976281
978258
980105
982132
983689
986205
987803
989889
991786
993903
995451
997696
999175
