313
847
1456
1786
2065
2200
2379
2625
2794
3026
3256
3583
3835
4677
4933
5078
5535
6107
6370
6545
6694
6857
7058
7326
7721
8081
8685
9428
9781
10075
10736
11023
11241
11931
12946
13063
13220
13345
14132
14528
16321
16591
16769
16945
17406
17875
18112
18641
18969
19238
19556
19807
19999
20378
21535
21988
22362
22982
23190
23382
23909
25416
26439
26715
26900
27111
28574
28712
28912
29014
29831
30089
30344
30621
31119
31337
31676
33846
34050
34246
34412
35395
35570
36018
36178
36323
36616
36895
37189
38263
38577
38869
39155
40027
40255
40426
40583
40809
41172
42114
42971
43175
43331
43443
43637
44043
44441
45216
45563
46821
47221
47518
47734
47982
48602
49180
50103
50486
50958
51160
51396
51679
51842
52035
52355
52540
53130
53620
53801
54147
54546
54866
56822
57050
57249
57576
57868
58015
58138
58961
59184
59597
59938
60150
60390
60701
60952
61251
61443
61642
61992
62366
62777
62938
63147
63959
64209
64368
64496
65670
66275
66875
67141
67388
67522
67869
68264
68497
68742
70005
70488
70651
70796
70999
71193
71617
71790
71889
71972
72346
72624
72912
73890
74117
74348
74576
74893
76130
76611
76795
77003
77251
77807
79278
79915
80132
80355
80646
80938
81284
81904
82044
83182
83451
83876
84315
84743
84933
85196
85409
85934
86716
87043
87276
87667
87867
88212
89021
89331
89482
89682
90336
90919
91170
91345
92044
92533
92665
92934
93510
93954
94288
94494
94740
94940
95717
95920
96032
96803
97317
97887
98142
98339
98555
99138
99430
100084
100413
100605
101113
101474
101641
101867
102191
102533
103031
103208
103402
103543
103685
103853
104723
104955
105058
105209
105759
106100
106522
107797
108371
108579
108870
109140
109915
110396
110575
110902
111612
111730
111926
112208
112902
113057
113175
113359
114510
114761
114894
115136
115359
115736
115918
116083
116666
116852
117163
117471
117800
117971
118243
118560
118845
119046
119277
119484
120665
120998
121189
121350
121543
122143
122615
124471
124593
124758
124972
125105
125471
126229
126512
126705
126995
127180
128067
128196
128398
128574
128767
129176
129519
130086
131372
131660
131888
132252
132518
132789
133170
133390
133688
134846
135184
135503
135815
136235
136548
137410
137561
137972
138769
139086
139293
139459
140039
140363
140691
140829
141303
141397
141695
142673
143083
144211
144417
144799
145308
145543
145819
146274
146538
146911
147246
147433
147725
148772
150140
150301
150486
150717
151448
151850
152637
153269
153592
153908
154123
154259
154382
154631
154770
155146
155510
156330
156753
157164
157988
158193
158343
158526
158764
159249
159606
159956
160213
160383
160826
161904
162150
162817
162978
164561
165677
165840
166101
166384
166865
167230
168490
168966
169307
169540
169711
169997
170302
170776
171067
171524
172306
172817
173042
173175
173323
173555
173900
174713
175252
175466
175750
176223
176388
176733
177028
177476
177857
178130
178564
178837
179306
179532
179936
180049
180225
180426
180706
180882
181487
181659
183268
183738
184001
184394
184622
184897
185482
185908
186255
186679
186992
187157
187342
187550
188000
188375
188691
189081
189232
189638
190604
190880
191012
191141
191376
191588
191733
192172
192361
192566
192929
193292
194125
194412
194891
195243
196128
196401
196802
197403
198741
199426
200126
200325
200524
201177
201325
201519
201670
201932
202239
202444
202808
203427
204013
204415
204798
205009
205207
205507
205863
206085
206588
208218
208468
208785
208985
209151
209495
209761
210761
211370
211777
212108
212262
212381
212479
212616
212893
213393
213614
214138
215422
215632
216058
216667
216838
217850
218128
219366
219556
219829
219969
220270
220532
221293
221868
222070
222690
223445
223643
223790
224074
224447
224763
225163
225393
225887
227374
227555
227680
227907
228121
228479
228815
228963
229210
230401
231192
231367
231577
231858
232568
232801
233477
234300
234558
234753
234958
235183
235375
235580
235796
236623
236908
237447
237791
238162
238440
238698
238904
239141
239469
239802
240175
240939
242470
242779
242940
243249
243538
244055
244463
245240
245499
245945
246121
246315
246601
246747
247252
247520
247864
248593
249126
249573
249922
250241
250448
250692
250966
251200
251643
251961
252569
252828
253386
253607
253832
254235
254469
254911
255111
255404
256034
256403
256819
256965
257719
257963
258570
258816
259261
259449
259894
260416
260550
260732
261173
261852
263871
264139
264294
264608
264822
265035
265255
267191
267597
267770
267999
268410
268768
269138
269955
270128
270342
270879
271446
271638
271880
273024
273221
273837
274543
275421
275612
275831
276058
276233
276580
278109
278639
278854
279216
279541
279955
280271
280918
281159
281429
282207
282423
282718
282969
283225
283436
284649
285525
286262
286589
286809
287075
287327
288546
288987
289269
290270
290480
290739
290846
291098
291824
292047
292798
293859
294037
294226
294729
295109
295495
295760
296041
296462
297249
297447
297886
298057
298238
298506
298804
299378
299658
299883
300142
301252
301619
301857
302901
303572
303776
304315
305240
305464
305697
305809
306132
306553
306888
307071
307396
307532
307894
308560
309687
309856
310019
310317
310524
310722
311344
311617
311900
313085
313292
313472
313682
313957
314110
314406
315036
315317
315737
316432
316690
316847
317012
317527
317693
317931
318330
318785
320012
320203
320424
320659
320924
321335
321543
322066
322833
323705
324236
324346
324643
324876
325268
325508
326523
326944
327398
327719
328209
328540
328814
329143
329361
329713
330475
331035
331178
331407
331582
332177
333025
333395
334264
334621
334818
335068
335266
335500
335872
336366
336634
336864
337693
338024
338175
338377
338534
339153
339319
339929
340288
341335
342574
342746
343390
344064
344218
345226
345718
346066
346208
346352
346782
346978
347247
347749
348391
349226
349772
349885
350084
350346
350815
351172
351476
352759
353522
353813
353987
354217
354595
354826
356059
356283
357065
357340
357510
357691
357783
357946
358372
358843
359417
359676
360278
360558
361015
361981
362382
362709
363142
363619
363781
364982
365517
365920
366191
366415
366525
366732
367255
367738
368064
368669
368879
369153
369307
369670
370163
371033
371221
371763
372085
372309
372516
372884
373167
373576
374180
374505
375088
375548
375717
375879
376361
377239
377976
378590
378805
378971
379127
379369
379543
380815
381055
381394
381980
382363
382555
382976
383295
383760
384082
384646
385158
385408
385606
385887
386079
386727
387112
387400
388286
388414
389166
390130
390294
390449
390557
391735
392005
392317
392880
393583
393892
394077
394614
394813
395432
396054
396269
396526
397563
398001
399196
399377
399617
399900
400578
401181
401731
402161
402698
402839
403033
403243
404335
405116
405378
405597
405848
406088
406321
406766
406886
407066
407373
407648
408986
409253
409410
409832
410191
410339
410646
411148
411306
411566
412179
413035
413288
413502
414127
415612
416260
416719
416901
417274
417496
417691
418058
418274
418531
418737
419000
419308
419938
420703
420972
421412
421713
421981
422227
423031
423773
423920
424102
424511
424808
425015
425171
425960
426180
426452
427489
427680
427868
428085
428331
429047
429413
429670
429836
430333
431076
431239
431549
431862
432360
432519
432742
433054
435499
435718
435954
436147
436481
436666
436969
437349
437781
438121
438908
439283
439456
440151
440403
440617
440819
441857
443353
443538
443876
444127
444295
444532
444865
445024
445431
445727
445937
446363
446600
447830
448040
448279
448382
448550
449456
450134
450913
451088
451331
451677
451988
452721
453081
453265
453478
454550
455147
455327
455581
455932
457164
457484
458834
459124
459363
459554
459701
459837
460330
460895
461256
461446
462661
462873
463027
463318
463566
464254
464361
464578
464880
465351
465633
465862
466585
466941
467241
467401
467584
467805
468147
468339
468468
469224
469974
470463
470657
470905
471314
471525
471643
472008
472371
472703
473010
474034
474388
474644
474840
475046
475194
475841
476117
477355
477566
477910
478279
478411
478623
478802
479479
480862
481071
481421
481672
481838
482130
482774
482915
483357
483536
483740
484168
484678
484996
485324
485682
486119
486432
486903
487350
487875
488403
488579
489097
489209
489492
489625
489740
490257
490850
491146
491942
492775
492947
493136
493347
493557
493719
494123
494416
494644
495199
495491
496068
496217
496356
496457
496781
496933
497424
497711
498286
498943
499449
500052
500356
500562
500682
500835
501567
501963
502303
502559
503733
503878
504034
504237
504602
504871
505498
505652
505785
506155
507179
507504
507837
508178
508849
509056
509689
510113
510698
511265
512083
512285
512423
512611
512914
513212
513339
513890
514565
515286
515573
515987
516148
516313
516994
517340
517563
518413
518785
519358
519722
519978
520595
520787
521023
522863
523083
523297
523519
523712
523884
525079
525267
525478
526134
526543
526879
527043
527209
527699
527940
528220
528647
529121
529336
529581
529773
529910
530000
530474
530845
531055
531833
532319
532697
533079
533702
534656
534964
535191
535561
536171
536555
536789
537039
537315
537859
538075
538456
538748
539333
539513
539693
539991
540422
540607
541490
542245
542464
542604
542814
543057
543918
544989
545677
545948
546134
546465
546852
547375
547498
547742
547858
548013
548348
548626
548829
549164
549677
549926
550545
550807
551275
551560
551820
552434
553175
553612
554174
554517
554788
555099
556280
556777
557006
557183
557369
557594
557913
558821
559065
559595
559885
560164
560765
561177
561640
561931
562252
562962
563310
563653
563967
564295
564683
564992
565250
565703
566111
566447
566635
567852
568146
568476
568762
568936
569453
569642
569997
570237
570609
570869
571992
572643
572754
572951
573157
573442
573811
574004
574204
574431
575203
576063
576281
576464
576685
577175
577745
578255
579769
579907
580316
580641
580979
581219
581322
581537
582336
583590
583780
583931
584196
584505
584920
585546
585894
586220
586536
586845
587032
587156
587558
587938
588099
588919
589148
590590
590756
590917
591174
591535
591782
591991
592397
592764
593137
593708
593957
594143
594817
595472
595657
595811
596508
596810
597524
597846
598298
598498
598790
599037
599319
599573
600056
600874
601704
602007
602139
602590
603387
603633
603956
604109
604848
605124
605416
605893
606095
606299
606475
606676
607154
607828
608100
609154
609408
609621
609904
610085
610279
610441
610934
611656
611991
612509
612776
612939
613026
613183
613393
613738
614247
614710
615165
615506
616508
616679
616870
617687
618257
619288
619710
620106
620250
620487
620764
621133
621401
621705
622409
622604
623458
623873
624125
624282
624806
625108
625855
626688
627617
627745
627991
628472
628777
628981
629228
629660
630383
630861
631315
631460
631938
632247
632407
633126
634093
634647
634811
635047
635217
635722
635992
636409
637444
638006
638199
638442
638626
638878
639502
640017
640310
641132
641437
642058
642251
642392
642510
642787
643050
643221
643473
643707
643865
644199
644451
644694
645504
645965
646103
646226
646387
646592
646772
647006
647661
647860
648317
648705
648993
649416
649741
649950
650186
650488
650828
652220
653046
653260
653523
653819
654094
654289
654491
654702
655332
656364
656605
656733
656874
657204
657431
657639
657781
658007
658269
659213
659635
659909
660236
660413
660623
660914
661537
661782
661960
662875
663068
663409
663663
663872
664180
664365
664687
664825
664920
666092
667126
667396
667598
668012
668202
668480
668719
669017
669703
670643
671635
671805
672006
672170
672348
672789
673236
673653
673779
673977
674849
675035
675312
675587
675875
676159
676342
676494
676979
677302
677783
678818
678984
679224
679825
680113
680906
681349
681486
681744
682813
683109
683575
683740
684056
684330
684852
685029
685588
686192
686507
686700
686871
687098
687338
687692
687804
688368
688771
689134
690144
690571
690838
691021
691224
691369
691682
693797
694111
694320
694463
694612
695049
695439
695800
696314
696610
696973
697246
697694
698060
698431
698722
699090
700741
700972
701343
701986
702691
702876
703108
703338
703540
704120
704647
704828
705040
705192
705355
706514
706730
706896
707429
707637
708461
708669
708738
709132
709246
709325
709487
710169
710311
710451
710766
710955
711400
712233
712400
712507
713012
713119
713273
713582
713780
714495
714787
715031
715396
715671
716752
717940
718331
718637
719322
719657
720110
721242
721416
721674
721897
722350
722814
723575
725014
725290
725542
725978
726185
726620
727551
728301
728707
728981
729266
729585
729907
730547
730735
731703
732797
732978
733335
733545
733723
734030
735516
736073
736528
737087
737323
737673
737915
738341
738456
738900
740559
740819
741386
741763
742067
742352
742814
743744
744207
744706
744878
745088
745403
745684
745947
746395
746838
747772
748539
748740
748948
749069
749244
749384
749775
749976
750326
750669
752510
752670
752843
752941
753322
753683
754394
754591
755056
755191
755379
756591
756829
757019
757175
757275
757674
757867
758260
758783
759485
760389
760613
760753
760961
761080
761346
761690
762125
762365
762798
764305
764521
764662
764790
764900
765237
765748
766009
766369
766607
767122
767381
768245
768642
768816
769004
769200
769762
770298
771043
771638
771849
772419
772808
772998
773394
773700
773838
774280
775457
775708
776133
776338
776491
776739
776872
777043
777237
777620
778136
778931
779775
780122
780483
780773
781014
781358
781587
783008
783650
783812
784006
784192
784464
784698
785015
785365
785690
786223
786421
786606
787506
787725
788495
788697
789039
789278
789545
789690
789995
790330
791339
791663
791920
792086
792428
792748
793122
793617
793986
794223
794346
794622
795353
795534
795812
796058
796409
796701
797318
797597
797864
798037
798195
798507
798743
799074
799273
800254
800499
800729
800922
801028
801175
801921
802132
802341
802479
802669
802772
803335
803549
803833
803998
804336
804631
804798
806198
806419
806565
806779
807313
807590
807966
808246
808561
809438
811049
811448
811689
812021
812180
812705
813075
813773
814418
815229
815597
815880
816159
816391
816603
816795
817288
817844
818686
818843
819246
819921
820097
820271
820447
820756
820945
821101
821259
821749
822262
822587
824313
824685
824841
825049
825270
825708
826249
826416
827254
827709
828825
829311
829717
829925
830317
830847
831446
831952
832232
832453
832585
832800
833094
833400
833692
833987
834224
834586
835197
835361
835543
836173
836408
836660
836916
837375
837535
837876
838297
838570
838759
838916
839129
839909
840319
840571
840877
841023
841194
841420
841635
841819
842229
843064
844030
844412
844551
844710
844972
845325
845582
845810
846206
846632
846861
847845
848368
848616
848773
849044
849386
849616
849866
850252
850737
851518
851882
852309
852550
852716
852865
853242
853543
853812
854069
854507
854880
855196
855514
855650
856554
856717
857035
857293
857564
857735
857961
858166
858416
858725
858836
859125
859394
859731
860737
861013
861304
861577
862009
862273
862589
862803
863319
864117
864752
864931
865394
865595
865847
865972
866382
866668
867975
868594
868781
869270
869694
870291
870840
871618
872147
872376
872509
872751
873189
873524
873804
874114
874486
874669
876153
876515
876794
876995
877184
877477
877850
878434
879055
879706
879976
880176
880472
880611
880729
880835
881161
881554
882086
882599
883265
884413
884599
884819
885004
885216
885426
885866
886126
886660
887101
887781
888203
888451
888667
888880
889142
889391
889495
889874
889973
890331
890764
891277
891590
891830
891938
892387
894076
894727
894922
895289
895525
895690
895865
896081
896750
896957
898343
898613
898823
899012
899152
899360
899939
900085
900398
900592
900820
901607
902288
902631
902785
903046
903280
903642
903893
904618
904943
905640
905953
906280
906436
906588
907008
907212
907408
907746
908244
908585
909023
909430
909712
910265
910918
911704
912043
912259
912512
912696
912950
913490
913742
914207
914366
914488
914693
915015
915332
915732
916154
916349
916883
917443
917706
918454
918657
918811
919073
919191
919695
920165
921883
922073
922274
922437
922550
922698
923130
923408
923789
924391
924811
925039
925280
925753
925941
926097
926183
926553
926812
927189
927507
928655
928881
929660
929933
930135
930393
930924
931155
931448
931788
932050
932682
932933
933116
933546
933664
933752
933983
934217
934444
934604
934866
935193
935355
935775
936496
936700
936946
937085
937257
937667
937953
938214
938469
938695
938979
939645
940116
940650
941038
941240
941342
941522
941711
942446
942798
942999
943141
943527
944335
945247
945526
945899
946429
946979
947341
947820
949005
949231
949592
949754
949938
950200
950578
951042
951229
951394
951578
951957
952973
953175
953511
954020
954299
954735
954919
955124
955822
956438
956744
957006
957276
957422
957664
957870
958968
959373
959881
960096
960588
960812
961120
961545
962080
962381
963584
963926
964079
964247
964459
964844
964997
965808
966055
966648
967208
967361
967711
968188
968864
969179
969501
969907
971147
972017
972453
972653
972928
973661
973800
974030
974295
974801
974935
975130
975296
975470
975701
975895
976256
976425
976734
977860
978608
978756
978894
979044
979267
979447
979856
980203
980403
980921
981465
981981
982455
982823
982956
983546
983737
983948
984336
984509
984924
985695
986038
986416
986625
987547
987867
988311
988536
988808
990095
990252
990491
990829
991117
991457
991669
992238
992413
992813
994240
994391
994601
995122
995395
995907
996260
997014
997165
997788
998098
998261
998431
998662
998834
999121
999469
999864
999984
