2408
4435
7460
9796
13041
15866
18502
20708
23384
26240
28965
31940
34816
37052
40766
43232
45728
48244
51040
53296
55752
57390
62791
66805
72785
76449
79644
81551
84037
86982
89299
92933
95239
98134
100281
103685
106731
108727
111134
114718
117314
120199
122945
125031
127917
130383
133827
136713
139558
142024
144750
147385
150201
152867
155433
157749
159236
162292
165616
168721
171986
174282
177357
180642
183098
186193
188300
191125
194190
196666
199232
200860
203515
206680
209775
212771
215796
218422
221457
223783
225870
228795
231830
234646
237162
239967
243062
245638
249013
251628
254204
256660
259246
261822
265366
267583
270997
273883
276778
280213
283288
286003
288719
291275
293791
296277
298803
301788
304683
306810
308837
312411
315686
318022
320548
322834
325340
327726
329314
331580
333288
336343
338719
341395
344320
347095
349591
352567
355272
357249
358607
361243
364068
367013
370089
372974
376079
378615
381151
383777
385953
388509
390126
391325
395238
397365
402217
407480
410753
414338
417902
420807
424082
427826
430003
432988
435604
439248
441844
444839
447494
450140
452946
455611
458647
461582
464467
466594
471766
474731
477407
480392
483477
486402
488948
491574
494140
497115
498972
504014
507059
510733
513698
516634
519000
521895
524441
527406
529962
532987
535863
539148
541993
544569
547175
549551
552506
555342
558297
560274
561801
565525
568570
571965
574900
577935
580551
583427
585603
587850
592482
595717
598682
601907
604463
607478
610014
612780
615835
618750
621506
624441
627057
629693
631609
634724
637869
640855
642981
646386
649860
652186
654942
657857
660733
663558
666414
669359
672444
675329
678325
680920
683636
685972
688149
690226
693191
696366
699411
702446
705331
707588
710373
713189
715625
723173
726098
727955
733346
739666
743440
747094
750219
753085
756290
758846
761891
765106
767791
770776
773812
776887
780111
783187
786541
789466
791773
794289
797174
799890
801188
802206
807627
810962
813977
816853
819838
822494
825868
827955
830561
836701
837829
839167
844378
846066
848093
850728
854452
856669
863059
867771
870936
873981
878094
881828
885133
887969
890475
892082
897783
902056
904652
906719
911900
913508
915814
918290
920906
923542
928464
931728
935243
938318
940984
943360
945586
947144
949929
953274
956708
959784
962839
965285
967791
970466
972962
976207
978943
981888
984574
987449
990145
993450
996015
999520
1004951
1008585
1011850
1014186
1017052
1019967
1023042
1026317
1029422
1032347
1035372
1037888
1040784
1043230
1046045
1048312
1051107
1054102
1056808
1059534
1062329
1064875
1067960
1070935
1074360
1076467
1077754
1083435
1085662
1094797
1096954
1101117
1104362
1108056
1111520
1114865
1117511
1119717
1124260
1127874
1131009
1134354
1137329
1140224
1142710
1145346
1148192
1150498
1152984
1155570
1158305
1160332
1165065
1166672
1170617
1173781
1176666
1179791
1182696
1185592
1188207
1190973
1193589
1196155
1198661
