13331
18151
31314
35239
40308
48344
55821
59156
65566
70238
78571
87937
90187
98433
112478
132885
144150
159117
167889
176534
191294
195961
198311
205678
212589
231855
252911
258181
268328
269274
282496
285527
289837
292110
295087
300403
305769
308231
322147
332332
355009
363292
386627
389429
398758
410330
442372
448838
454142
460290
470851
476900
486749
497176
499678
509828
511993
520747
528907
532649
537538
544480
551544
565914
571578
575653
587779
594091
608285
612240
621690
644109
647344
654995
663376
675089
683715
697146
712179
715748
723058
728424
732046
739871
769767
772341
775397
788905
794725
818588
836448
840300
852257
856521
880142
885027
894482
904896
917541
933018
936115
941966
966312
978590
991469
1000754
1006843
1046136
1061890
1074500
1080093
1087038
1095406
1110582
1145746
1146490
1149501
1158776
1161421
1168286
1178900
