720
3466
5573
8538
11673
14329
17653
19810
22246
24822
27777
30862
33718
36353
38909
42404
44580
47226
49962
52108
55213
56870
60195
64518
71417
74642
77907
80792
82979
85465
88061
91046
94420
97016
99692
101918
104794
108048
110175
112471
115916
118831
121517
124342
126179
129055
132120
135145
138540
140817
143661
146217
149163
151758
154264
156870
158597
160744
163729
167244
170199
173633
176139
178835
182070
184366
187711
189847
192763
195778
198174
200211
202238
204983
208427
211313
214678
217663
219959
223114
224891
227517
230452
233388
236113
239069
241654
244630
247545
250600
253116
255602
257858
260864
262900
266704
269480
272824
275700
278356
281740
285035
287770
290406
292613
295518
297874
300770
303545
305792
307958
310035
313769
317233
319759
322205
324102
326908
328535
330332
332698
334486
337750
340356
343012
345887
348783
351109
354384
356281
357728
359735
363010
365646
368401
371646
374591
377656
380262
382529
385164
387001
389577
390835
392573
396446
399262
405821
409146
412191
416085
419400
422824
426298
429324
431630
434465
437870
440616
443052
446077
448982
451887
454523
457049
460424
463070
465605
469120
473263
476278
479174
482019
485264
487910
490406
493371
496047
497704
501778
505588
508916
512291
515615
517912
520408
523523
525819
528694
531510
534425
537550
540575
543091
546047
548193
550989
554124
556709
559395
561382
563209
566973
570418
573383
576378
579373
582249
584485
587161
590591
593960
597354
600200
603075
605911
609295
611931
614437
617183
620407
622953
625988
628425
630791
633097
636362
638948
642602
644768
647923
651158
653694
656380
659295
661971
664906
667931
670936
673962
676927
679992
682528
685024
687140
689267
691503
694858
698063
701278
704243
706709
708876
712001
714566
719578
724471
727346
729443
737120
741094
745277
748662
751767
754832
757757
759794
763388
766743
769209
772653
775379
778694
781609
784754
787699
790974
793220
795377
798412
800989
801537
805111
809075
812520
815455
818031
821325
823951
826547
829003
835153
836870
838508
842442
845347
846695
849590
852705
855311
857727
866313
868809
872683
876088
879672
883366
886880
889396
891503
897054
898851
903534
905720
911531
912879
914266
916922
919728
922164
924909
930351
933356
936820
939766
942142
945407
945976
948542
951407
954871
958256
961241
963937
966313
968789
971674
974370
977735
980520
983346
986171
989097
992012
994598
996954
1002375
1007008
1010223
1013388
1015983
1018979
1021854
1024979
1027994
1031049
1033975
1036990
1039376
1042441
1044767
1047353
1049879
1052675
1055610
1058286
1061261
1063807
1065514
1070197
1071994
1075428
1077155
1080500
1083945
1090814
1096754
1099420
1102484
1106678
1109670
1113897
1116383
1118619
1122802
1125787
1129322
1132746
1136101
1139216
1141782
1144198
1146804
1149759
1151936
1154801
1157067
1159164
1163637
1166313
1168509
1172083
1175548
1178573
1181458
1184144
1187179
1189761
1192541
1194927
1197712
