51
90
132
201
256
308
408
449
509
551
597
635
680
719
753
791
839
886
941
986
1068
1199
1255
1311
1373
1438
1490
1529
1584
1622
1663
1716
1767
1807
1853
1890
1939
1977
2022
2070
2097
2109
2148
2181
2219
2262
2301
2347
2385
2472
2513
2568
2609
2654
2706
2772
2828
2864
2902
2958
3010
3067
3141
3207
3335
3380
3431
3468
3512
3558
3630
3678
3721
3770
3812
3847
3889
3981
4047
4166
4253
4357
4427
4482
4523
4571
4619
4665
4726
4770
4832
4871
4904
4938
4973
5021
5069
5149
5242
5291
5336
5377
5413
5451
5493
5533
5573
5625
5678
5729
5790
5857
5937
5999
6054
6113
6168
6202
6242
6290
6349
6411
6458
6521
6578
6629
6684
6733
6774
6836
6894
6984
7059
7189
7253
7331
7373
7422
7495
7582
7650
7690
7734
7784
7834
7891
7945
7992
8028
8084
8138
8177
8218
8281
8326
8403
8445
8493
8537
8654
8695
8769
8827
8877
8932
8988
9051
9096
9141
9185
9271
9326
9371
9421
9481
9536
9637
9722
9796
9876
9926
9997
10074
10163
10239
10304
10354
10401
10441
10478
10519
10568
10613
10666
10723
10798
10859
10907
10964
11007
11053
11103
11173
11216
11269
11335
11395
11491
11537
11582
11640
11682
11748
11796
11840
11892
11947
11999
12047
12120
12173
12223
12282
12369
12428
12482
12546
12618
12712
12803
12868
12958
13016
13056
13102
13160
13206
13264
13375
13425
13514
13586
13656
13709
13773
13867
13960
14045
14130
14189
14280
14340
14418
14479
14530
14591
14649
14695
14777
14816
14871
14934
15053
15123
15195
15300
15364
15479
15550
15614
15673
15733
15779
15818
15872
15996
16040
16103
16190
16240
16330
16382
16426
16479
16541
16594
16640
16680
16716
16752
16787
16815
16849
16884
16939
16975
17028
17101
17152
17174
17239
17294
17350
17399
17445
17511
17567
17644
17689
17740
17786
17832
17891
17956
18023
18070
18196
18238
18290
18355
18416
18469
18518
18611
18668
18724
18830
18880
18937
18981
19023
19061
19129
19185
19291
19408
19582
19659
19719
19794
19902
19969
20019
20095
20142
20190
20229
20270
20313
20394
20450
20519
20564
20604
20676
20725
20769
20834
20929
21078
21136
21196
21249
21308
21358
21405
21455
21522
21601
21665
21734
21831
21940
21964
22007
22118
22205
22295
22354
22440
22512
22604
22660
22735
22829
22906
22956
23015
23079
23145
23254
23323
23396
23465
23515
23570
23617
23679
23758
23838
23895
23940
23982
24024
24075
24133
24179
24227
24273
24345
24403
24474
24587
24635
24673
24720
24778
24850
24933
24972
25035
25094
25156
25199
25244
25311
25371
25456
25521
25590
25646
25695
25741
25788
25836
25894
25949
26072
26151
26243
26348
26407
26501
26587
26646
26772
26847
26919
26965
27019
27105
27156
27234
27304
27397
27450
27500
27565
27619
27670
27729
27789
27847
27913
27971
28027
28084
28142
28205
28252
28263
28298
28356
28445
28508
28579
28638
28695
28743
28824
28906
28980
29042
29105
29172
29270
29339
29428
29475
29545
29611
29662
29702
29744
29807
29868
29904
29951
30001
30050
30109
30167
30230
30275
30305
30332
30386
30436
30489
30543
30600
30668
30746
30899
30956
31007
31058
31099
31168
31239
31343
31390
31443
31481
31533
31615
31663
31715
31771
31821
31881
31969
32038
32106
32172
32222
32274
32380
32431
32487
32547
32618
32691
32735
32774
32814
32866
32907
32953
33017
33064
33110
33195
33245
33327
33384
33444
33558
33670
33733
33785
33838
33959
34009
34054
34162
34230
34333
34430
34534
34591
34651
34692
34747
34805
34892
34941
34985
35032
35090
35146
35181
35262
35305
35369
35408
35452
35504
35586
35660
35748
35790
35851
35906
35963
36037
36083
36130
36176
36223
36333
36372
36426
36469
36523
36590
36638
36700
36760
36823
36885
36946
37020
37090
37147
37194
37253
37330
37407
37460
37505
37560
37623
37690
37790
37858
37921
37967
38026
38088
38199
38248
38300
38337
38368
38405
38450
38491
38545
38593
38615
38641
38680
38725
38777
38820
38855
38911
38955
39012
39059
39125
39169
39208
39250
39296
39346
39518
39586
39651
39727
39803
39857
39940
40094
40183
40243
40346
40417
40495
40571
40634
40692
40773
40838
40944
41000
41060
41111
41156
41193
41232
41275
41330
41376
41431
41524
41588
41648
41708
41782
41856
41913
42004
42038
42085
42147
42213
42266
42363
42426
42480
42574
42627
42686
42743
42795
42840
42884
42943
42986
43041
43114
43181
43237
43295
43361
43409
43458
43508
43551
43622
43675
43728
43783
43835
43879
43919
43974
44021
44063
44131
44191
44264
44347
44415
44483
44572
44628
44672
44717
44763
44827
44877
44942
44989
45044
45130
45224
45322
45379
45472
45536
45635
45701
45739
45804
45861
45924
45989
46043
46088
46133
46194
46264
46309
46351
46397
46466
46529
46575
46603
46635
46685
46762
46808
46853
46943
46987
47044
47104
47153
47193
47232
47269
47328
47381
47451
47524
47590
47640
47717
47793
47856
47961
48028
48095
48169
48250
48390
48476
48553
48607
48660
48718
48760
48812
48858
48902
48941
48994
49018
49037
49097
49149
49208
49269
49312
49371
49429
49489
49534
49587
49668
49711
49763
49818
49868
49930
50020
50075
50134
50188
50265
50332
50395
50461
50526
50575
50637
50719
50763
50810
50857
50894
50926
51016
51080
51140
51204
51278
51341
51416
51480
51575
51627
51675
51796
51888
52010
52091
52174
52294
52376
52439
52513
52549
52604
52664
52730
52783
52842
52950
53015
53111
53207
53257
53311
53356
53394
53442
53498
53541
53589
53631
53719
53770
53812
53873
53922
53985
54027
54091
54139
54208
54265
54336
54490
54636
54685
54845
54887
54987
55064
55169
55237
55324
55440
55503
55554
55605
55675
55853
55912
55981
56125
56228
56352
56404
56461
56512
56571
56602
56665
56801
56879
56922
56966
57003
57049
57164
57278
57349
57455
57540
57611
57669
57757
57844
57937
57998
58038
58084
58132
58185
58235
58280
58316
58360
58413
58478
58525
58604
58670
58735
58849
58949
59078
59240
59304
59448
59508
59582
59641
59708
59757
59805
59840
59894
59962
60047
60099
60139
60180
60217
60267
60336
60386
60464
60532
60610
60668
60736
60826
60909
60988
61035
61114
61182
61273
61405
61512
61607
61718
61778
61838
61910
61990
62062
62092
62117
62179
62226
62281
62341
62390
62434
62484
62533
62586
62639
62686
62752
62823
62885
63005
63090
63147
63212
63280
63347
63394
63461
63512
63570
63626
63689
63754
63833
63899
63959
64015
64098
64117
64194
64271
64365
64422
64466
64520
64570
64620
64664
64702
64742
64774
64813
64851
64894
64935
64972
65005
65048
65100
65160
65202
65248
65321
65372
65420
65472
65595
65643
65744
65806
65849
65903
65951
66006
66047
66116
66204
66256
66331
66387
66428
66485
66537
66594
66662
66714
66811
66889
66948
67007
67066
67116
67167
67230
67292
67366
67417
67463
67513
67555
67642
67735
67780
67822
67881
67924
67961
68007
68050
68105
68143
68206
68241
68276
68334
68388
68442
68688
68775
68853
68914
69007
69156
69211
69271
69423
69497
69562
69629
69690
69741
69811
69869
69939
69988
70043
70080
70331
70390
70459
70514
70585
70655
70695
70757
70823
70895
70952
70983
71048
71098
71145
71206
71285
71333
71406
71458
71509
71571
71613
71685
71744
71819
71856
71898
71912
71998
72044
72095
72220
72291
72348
72399
72514
72568
72645
72689
72734
72810
72915
73017
73065
73178
73247
73312
73368
73416
73492
73542
73590
73650
73705
73753
73802
73854
73908
73990
74063
74133
74223
74272
74324
74438
74499
74562
74651
74704
74763
74819
74874
74950
75001
75061
75141
75203
75251
75303
75350
75409
75453
75505
75555
75597
75661
75715
75773
75841
75892
75987
76045
76090
76137
76210
76251
76299
76340
76401
76498
76573
76656
76721
76778
76889
76983
77054
77121
77182
77248
77298
77357
77421
77457
77551
77625
77711
77809
77862
77913
77972
78033
78076
78138
78197
78267
78331
78405
78452
78497
78613
78659
78703
78748
78801
78823
78843
78907
78952
78999
79060
79120
79178
79230
79315
79376
79430
79486
79547
79595
79657
79715
79768
79824
79886
79931
80062
80122
80200
80250
80331
80392
80469
80523
80575
80609
80648
80680
80724
80766
80808
80847
80913
80966
81028
81099
81194
81240
81307
81359
81418
81492
81644
81698
81774
81880
81942
82010
82081
82134
82201
82256
82297
82341
82401
82449
82567
82659
82704
82737
82775
82820
82871
82909
82936
83053
83113
83246
83289
83328
83375
83414
83455
83499
83546
83616
83735
83784
83861
83908
83948
84082
84200
84269
84333
84391
84449
84509
84553
84595
84643
84712
84775
84818
84889
84951
85011
85072
85139
85212
85289
85341
85398
85462
85528
85603
85669
85728
85796
85981
86022
86086
86129
86193
86236
86285
86337
86375
86415
86452
86491
86528
86566
86623
86670
86721
86760
86827
86866
86916
86961
87044
87106
87175
87260
87313
87385
87435
87500
87549
87607
87658
87785
87852
87988
88023
88046
88063
88111
88161
88198
88255
88292
88354
88400
88443
88491
88538
88580
88617
88671
88709
88742
88783
88830
88878
88945
88995
89086
89188
89244
89322
89448
89517
89574
89638
89679
89736
89801
89864
89906
89973
90010
90054
90105
90318
90407
90453
90514
90566
90610
90661
90717
90759
90802
90860
90904
90950
91003
91071
91143
91224
91282
91338
91404
91485
91572
91645
91704
91747
91812
91864
91878
91920
91969
92011
92064
92114
92169
92255
92341
92411
92502
92604
92657
92715
92765
92836
92895
92947
92996
93047
93111
93161
93203
93247
93292
93348
93418
93487
93546
93609
93656
93700
93751
93790
93873
93925
94010
94056
94101
94151
94195
94233
94271
94318
94374
94409
94462
94552
94599
94649
94706
94749
94803
94855
94898
94958
95028
95091
95138
95200
95296
95356
95423
95470
95512
95556
95610
95662
95709
95757
95810
95865
95913
95970
96033
96069
96112
96151
96197
96235
96275
96333
96386
96432
96498
96570
96618
96664
96718
96781
96877
96922
96971
97017
97078
97151
97199
97243
97289
97335
97391
97439
97486
97530
97577
97626
97678
97806
97892
97940
98003
98046
98103
98153
98194
98229
98267
98306
98354
98496
98539
98576
98624
98664
98707
98757
98811
98887
98970
99042
99096
99146
99196
99238
99302
99351
99386
99497
99540
99592
99657
99699
99751
99856
99912
99954
100021
100074
100131
100199
100229
100284
100330
100409
100460
100498
100569
100621
100703
100758
100802
100838
100894
100963
101025
101107
101149
101194
101243
101287
101335
101372
101413
101460
101523
101574
101659
101703
101752
101806
101865
101913
101966
102023
102128
102170
102271
102323
102360
102411
102471
102553
102592
102644
102703
102758
102799
102837
102894
102939
102984
103048
103109
103159
103235
103278
103325
103389
103454
103516
103577
103625
103661
103702
103753
103792
103848
103917
103968
104022
104091
104223
104279
104337
104435
104478
104549
104640
104680
104721
104764
104807
104874
104940
105007
105050
105096
105143
105213
105296
105362
105439
105487
105538
105587
105631
105673
105720
105767
105823
105867
105909
105950
106002
106069
106125
106201
106276
106321
106369
106428
106481
106535
106583
106620
106683
106730
106789
106832
106884
106924
106970
107015
107061
107130
107181
107240
107303
107352
107419
107468
107513
107558
107605
107650
107711
107756
107793
107842
107899
107957
108004
108059
108101
108156
108218
108280
108335
108384
108477
108559
108605
108661
108730
108774
108817
108926
109002
109050
109117
109162
109219
109283
109384
109443
109502
109552
109600
109654
109714
109788
109843
109899
109947
109991
110053
110106
110156
110207
110273
110333
110347
110375
110412
110458
110521
110582
110628
110682
110724
110761
110805
110853
110893
110976
111040
111120
111165
111257
111316
111390
111445
111490
111571
111638
111717
111745
111768
111818
111878
111945
111994
112052
112103
112200
112233
112309
112344
112385
112423
112496
112545
112589
112634
112656
112685
112735
112774
112819
112858
112910
112996
113141
113196
113286
113380
113436
113497
113536
113602
113668
113733
113800
113867
113948
113971
113998
114065
114139
114230
114352
114403
114513
114614
114672
114720
114752
114768
114816
114869
114916
114959
114999
115033
115071
115173
115222
115275
115356
115419
115478
115533
115616
115756
115806
115852
115901
115965
116018
116070
116154
116193
116239
116296
116337
116447
116490
116559
116622
116714
116765
116786
116808
116856
116901
116964
117030
117077
117118
117167
117222
117301
117350
117410
117464
117526
117601
117641
117707
117757
117805
117881
117931
117981
118013
118033
118071
118126
118170
118208
118246
118288
118324
118359
118424
118491
118549
118588
118628
118671
118712
118762
118812
118856
118908
118936
118959
119003
119069
119143
119200
119287
119345
119411
119547
119604
119712
119770
119821
119839
119908
119953
120010
120077
120143
120217
120277
120340
120396
120455
120519
120576
120621
120669
120710
120782
120830
120884
120980
121093
121143
121198
121298
121345
121422
121481
121531
121584
121647
121701
121804
121865
121924
121976
122021
122068
122146
122221
122300
122351
122424
122474
122527
122590
122649
122699
122746
122836
122896
123014
123094
123160
123261
123324
123375
123439
123501
123573
123656
123705
123750
123784
123836
123889
123937
123987
124024
124073
124118
124186
124235
124293
124373
124557
124655
124733
124789
124851
124903
124950
124997
125048
125100
125142
125196
125259
125328
125386
125455
125551
125594
125662
125772
125814
125874
125950
126002
126056
126123
126161
126205
126252
126344
126416
126466
126518
126601
126660
126740
126787
126828
126878
126919
126960
126997
127106
127160
127207
127263
127306
127358
127411
127465
127521
127563
127612
127679
127738
127779
127875
127917
128009
128102
128149
128191
128229
128288
128329
128382
128423
128481
128524
128584
128693
128726
128769
128806
128876
128927
128993
129034
129080
129145
129207
129263
129321
129372
129419
129506
129600
129684
129758
129817
129892
129935
129977
130046
130096
130147
130221
130261
130467
130517
130602
130668
130752
130800
130847
130899
130936
130982
131027
131079
131141
131190
131238
131303
131343
131390
131428
131477
131525
131568
131616
131656
131695
131746
131786
131831
131880
131960
132013
132084
132153
132218
132291
132351
132423
132489
132552
132648
132743
132812
132969
133017
133073
133113
133157
133202
133265
133364
133446
133510
133592
133653
133726
133771
133822
133889
133977
134024
134086
134166
134218
134262
134302
134369
134439
134488
134581
134629
134669
134712
134750
134840
134889
134929
134989
135038
135072
135110
135184
135249
135309
135355
135396
135438
135512
135563
135633
135690
135746
135776
135796
135901
135954
136004
136065
136126
136183
136224
136263
136327
136407
136480
136542
136604
136646
136699
136754
136800
136839
136882
136934
136982
137031
137081
137130
137180
137223
137262
137308
137410
137476
137537
137583
137635
137677
137705
137761
137806
137851
137892
137949
137993
138038
138079
138120
138170
138235
138388
138453
138519
138594
138645
138704
138747
138797
138839
138943
139006
139043
139111
139195
139248
139305
139370
139425
139485
139537
139594
139655
139712
139761
139821
139859
139897
139937
139948
140011
140083
140132
140178
140241
140287
140331
140384
140443
140488
140511
140577
140649
140699
140759
140804
140845
140899
140945
140989
141033
141074
141121
141160
141216
141251
141300
141352
141375
141398
141450
141501
141563
141619
141653
141705
141789
141832
141882
141959
142027
142088
142137
142184
142224
142313
142426
142471
142509
142558
142595
142629
142667
142707
142749
142809
142855
142906
142959
142999
143032
143072
143125
143162
143251
143294
143326
143382
143439
143480
143531
143580
143645
143694
143762
143808
143866
143928
143978
144069
144239
144320
144373
144463
144540
144627
144724
144788
144845
144917
144974
145058
145137
145216
145269
145330
145372
145444
145497
145545
145657
145693
145743
145784
145838
145903
145958
146023
146069
146116
146155
146193
146235
146273
146307
146350
146403
146442
146514
146579
146624
146659
146671
146771
146814
146897
146963
147016
147070
147122
147190
147236
147273
147332
147403
147461
147513
147548
147596
147637
147670
147707
147748
147786
147827
147861
147901
147940
147980
148060
148106
148148
148179
148212
148243
148270
148304
148338
148388
148464
148513
148548
148592
148650
148697
148743
148789
148828
148863
148901
148944
148988
149031
149083
149132
149192
149247
149303
149381
149452
149577
149633
149686
149730
149777
149860
149915
149971
150029
150071
150107
150145
150204
150254
150311
150363
150443
150518
150569
150659
150713
150782
150836
150963
151029
151094
151159
151227
151282
151330
151399
151439
151479
151519
151560
151597
151647
151692
151777
151816
151863
151917
151976
152029
152089
152145
152247
152302
152367
152426
152461
152528
152566
152632
152673
152768
152823
152858
152904
152966
153007
153054
153159
153208
153269
153385
153451
153516
153571
153605
153653
153697
153746
153788
153842
153894
153940
153983
154033
154090
154164
154210
154261
154311
154361
154406
154478
154542
154627
154719
154808
154859
154918
154965
155015
155082
155175
155223
155279
155334
155399
155456
155504
155549
155644
155729
155780
155817
155857
155913
155956
155998
156034
156076
156123
156157
156191
156229
156282
156346
156400
156446
156489
156565
156612
156685
156723
156765
156799
156843
156903
156957
156997
157033
157079
157140
157175
157252
157280
157303
157354
157405
157447
157499
157648
157691
157750
157811
157876
157979
158029
158087
158139
158252
158304
158371
158432
158563
158620
158688
158834
158928
158975
159028
159271
159363
159466
159518
159557
159627
159675
159726
159793
159847
159916
159946
159979
160063
160103
160145
160171
160183
160227
160271
160300
160335
160390
160444
160513
160558
160592
160638
160681
160742
160795
160840
160883
160929
160963
160999
161051
161095
161140
161182
161240
161289
161355
161402
161442
161479
161565
161606
161650
161728
161786
161841
161901
161966
162008
162063
162109
162168
162219
162261
162308
162356
162403
162464
162518
162594
162719
162775
162815
162858
162885
162932
162973
163018
163072
163114
163151
163201
163242
163287
163369
163418
163464
163514
163594
163653
163702
163747
163794
163846
163916
163966
164022
164090
164197
164244
164304
164339
164373
164430
164489
164537
164613
164669
164721
164777
164834
164884
164970
165023
165092
165129
165179
165240
165290
165340
165399
165510
165567
165625
165687
165764
165807
165861
165913
165955
165999
166041
166084
166117
166153
166191
166240
166309
166367
166432
166481
166540
166589
166655
166701
166764
166799
166875
166924
166972
167019
167077
167144
167195
167241
167285
167375
167408
167464
167521
167564
167635
167689
167747
167815
167961
168010
168084
168142
168179
168311
168419
168612
168667
168734
168798
168854
168907
168977
169090
169169
169229
169309
169331
169358
169404
169457
169530
169578
169646
169703
169747
169801
169851
169942
169979
170025
170098
170146
170198
170270
170315
170369
170412
170454
170504
170538
170596
170666
170735
170775
170838
170875
170926
170990
171046
171111
171190
171255
171307
171343
171387
171431
171495
171554
171590
171636
171687
171733
171817
171874
171917
171969
172025
172082
172146
172205
172253
172314
172372
172424
172483
172532
172576
172623
172662
172708
172757
172802
172847
172887
172927
172968
173015
173055
173099
173152
173206
173252
173300
173360
173411
173452
173498
173546
173594
173634
173684
173722
173782
173842
173884
173928
173972
174013
174060
174125
174180
174224
174276
174320
174367
174424
174472
174530
174595
174646
174703
174759
174828
174881
174949
174989
175046
175121
175220
175266
175324
175389
175430
175478
175539
175595
175638
175680
175726
175766
175818
175869
175925
175979
176027
176081
176146
176212
176267
176315
176359
176419
176470
176571
176607
176643
176682
176722
176778
176820
176859
176906
176962
177020
177093
177160
177208
177261
177321
177386
177467
177559
177621
177704
177761
177832
177918
178000
178083
178139
178257
178308
178386
178436
178483
178532
178578
178632
178677
178735
178774
178821
178866
178904
178945
178985
179033
179082
179133
179186
179232
179281
179333
179381
179434
179524
179562
179597
179613
179684
179747
179818
179882
179949
180001
180042
180111
180160
180202
180262
180365
180426
180536
180615
180677
180812
180876
180953
180999
181100
181146
181192
181239
181281
181328
181399
181439
181479
181524
181586
181630
181667
181711
181764
181804
181845
181884
181937
181987
182033
182071
182131
182197
182249
182306
182382
182492
182572
182624
182690
182764
182828
182902
182942
183079
183142
183205
183253
183316
183367
183428
183479
183528
183576
183633
183732
183782
183838
183881
183939
184015
184065
184127
184191
184241
184289
184371
184448
184495
184546
184610
184651
184695
184759
184805
184845
184886
184935
184982
185024
185070
185114
185163
185208
185248
185287
185365
185426
185455
185474
185542
185615
185669
185746
185788
185829
185858
185872
185911
185961
186018
186068
186122
186201
186259
186340
186391
186456
186504
186553
186618
186661
186702
186795
186863
186918
186960
187038
187085
187143
187217
187268
187343
187394
187445
187510
187563
187607
187650
187711
187776
187820
187898
187937
187999
188048
188103
188144
188178
188227
188268
188329
188387
188424
188476
188545
188600
188641
188685
188732
188788
188843
188910
188981
189066
189147
189225
189273
189339
189404
189459
189514
189601
189641
189687
189741
189778
189814
189852
189895
189942
189988
190033
190077
190138
190198
190254
190310
190377
190418
190469
190555
190619
190657
190698
190732
190770
190806
190846
190890
190935
190971
191012
191074
191115
191147
191185
191227
191326
191412
191452
191496
191541
191593
191636
191665
191701
191750
191796
191849
191886
191934
191977
192018
192062
192114
192152
192199
192235
192268
192305
192341
192377
192419
192505
192541
192587
192633
192682
192726
192757
192801
192842
192885
192935
192972
193018
193088
193119
193146
193183
193213
193288
193342
193412
193460
193501
193539
193578
193619
193668
193716
193769
193819
193863
193923
194038
194087
194133
194179
194218
194262
194302
194379
194423
194467
194517
194555
194599
194646
194704
194753
194815
194884
194934
195046
195092
195188
195231
195308
195342
195385
195431
195486
195536
195655
195719
195834
195876
196008
196116
196165
196215
196277
196331
196403
196466
196551
196649
196729
196785
196856
196903
196953
196995
197043
197092
197127
197163
197205
197253
197309
197349
197396
197437
197484
197540
197580
197629
197666
197716
197803
197844
197881
197912
197940
197968
198000
198033
198059
198092
198134
198177
198228
198357
198428
198492
198530
198558
198600
198657
198715
198757
198842
198902
198969
199026
199082
199122
199160
199195
199235
199270
199322
199369
199453
199505
199557
199622
199672
199711
199768
199818
199889
199941
199991
200039
200097
200142
200178
200234
200278
200320
200357
200404
200449
200515
200572
200651
200741
200795
200835
200896
200959
201003
201050
201084
201113
201129
201178
201224
201262
201300
201345
201391
201427
201470
201509
201545
201593
201646
201705
201759
201812
201860
201896
201959
202020
202066
202116
202160
202199
202258
202294
202333
202411
202451
202508
202559
202604
202648
202688
202738
202788
202865
202969
203032
203079
203126
203158
203196
203250
203297
203346
203399
203451
203507
203553
203599
203641
203690
203724
203736
203796
203844
203897
203965
204014
204077
204144
204196
204249
204287
204347
204404
204459
204503
204559
204609
204660
204725
204768
204810
204851
204892
204942
204987
205047
205118
205205
205256
205320
205371
205424
205487
205540
205625
205769
205815
205859
205898
206048
206167
206210
206266
206308
206357
206418
206456
206498
206539
206597
206631
206685
206734
206776
206821
206871
206904
206946
207039
207087
207141
207195
207252
207300
207355
207402
207447
207579
207640
207688
207737
207789
207831
207892
207944
207998
208107
208174
208247
208307
208367
208478
208577
208641
208734
208799
208904
208954
209009
209059
209125
209189
209271
209319
209395
209464
209518
209586
209661
209710
209757
209804
209859
209910
210005
210058
210099
210150
210251
210299
210366
210423
210490
210535
210577
210645
210700
210741
210785
210824
210872
210919
210957
210998
211035
211077
211120
211165
211206
211244
211278
211318
211346
211380
211415
211453
211489
211521
211561
211604
211647
211684
211761
211891
211981
212068
212131
212206
212302
212457
212520
212675
212725
212816
212876
212949
212996
213053
213107
213159
213209
213261
213320
213367
213411
213461
213503
213555
213597
213634
213667
213706
213746
213820
213868
213907
213922
213952
214011
214048
214094
214138
214187
214234
214297
214373
214423
214464
214502
214536
214572
214603
214646
214684
214722
214761
214834
214857
214921
214983
215043
215098
215145
215261
215325
215396
215445
215489
215527
215581
215633
215680
215720
215768
215803
215821
215851
215888
215942
215994
216037
216100
216158
216224
216274
216324
216380
216436
216496
216550
216601
216658
216701
216749
216795
216834
216879
216958
217024
217081
217116
217168
217223
217280
217331
217421
217457
217507
217547
217575
217613
217661
217718
217784
217825
217869
217914
217968
218015
218056
218138
218237
218294
218339
218398
218464
218534
218587
218629
218670
218720
218769
218818
218872
218929
218978
219028
219079
219119
219158
219196
219298
219353
219395
219452
219504
219578
219634
219733
219795
219846
219905
219951
220001
220052
220107
220149
220198
220247
220305
220417
220463
220512
220557
220586
220628
220694
220723
220756
220834
220877
220920
220979
221045
221099
221138
221242
221320
221388
221456
221518
221588
221645
221692
221763
221833
221882
221928
221979
222030
222100
222157
222214
222273
222313
222364
222413
222455
222514
222559
222599
222651
222692
222743
222786
222829
222867
222904
222948
222992
223042
223079
223123
223157
223197
223267
223311
223374
223426
223482
223553
223615
223687
223730
223768
223814
223863
223917
223952
224020
224057
224101
224133
224177
224255
224347
224381
224437
224492
224532
224570
224610
224681
224722
224773
224822
224866
224913
224970
225016
225063
225110
225159
225213
225277
225372
225417
225482
225566
225661
225706
225752
225825
225897
226000
226051
226119
226168
226226
226271
226324
226378
226419
226467
226511
226560
226600
226645
226700
226746
226793
226829
226884
226942
226996
227052
227093
227134
227194
227256
227308
227353
227391
227431
227499
227564
227611
227669
227715
227740
227788
227835
227890
227952
228051
228104
228332
228374
228416
228462
228519
228564
228616
228663
228711
228757
228801
228849
228942
228993
229044
229100
229138
229185
229239
229277
229334
229379
229418
229461
229502
229559
229616
229675
229757
229799
229841
229897
229952
230004
230044
230092
230158
230278
230425
230496
230547
230636
230691
230764
230810
230887
230966
231036
231100
231149
231201
231261
231327
231393
231493
231556
231612
231654
231702
231753
231790
231896
231931
231999
232050
232103
232155
232203
232258
232299
232366
232403
232448
232509
232555
232625
232670
232715
232759
232795
232835
232890
232957
232998
233075
233142
233197
233304
233339
233385
233430
233469
233518
233584
233634
233756
233818
233873
233923
233972
234011
234052
234111
234164
234266
234316
234360
234433
234477
234529
234577
234623
234663
234707
234748
234798
234857
234898
234932
234974
235007
235047
235131
235171
235222
235264
235309
235371
235397
235427
235492
235579
235601
235664
235719
235788
235857
235921
235978
236031
236114
236210
236292
236352
236450
236520
236585
236696
236777
236830
236866
236916
236964
237020
237068
237108
237173
237225
237278
237323
237368
237438
237486
237545
237597
237652
237717
237795
237852
237914
237968
238018
238062
238107
238149
238189
238246
238306
238367
238419
238465
238508
238555
238593
238644
238689
238739
238780
238824
238890
238932
238971
239013
239116
239166
239221
239279
239333
239376
239421
239470
239516
239565
239646
239689
239729
239784
239894
239964
240011
240056
240115
240171
240227
240338
240394
240445
240511
240584
240636
240713
240756
240834
240886
240934
240989
241039
241084
241130
241189
241234
241359
241425
241478
241531
241580
241636
241675
241744
241787
241834
241877
241925
241936
241981
242021
242078
242131
242190
242246
242335
242398
242470
242547
242610
242658
242735
242803
242872
242948
243007
243062
243117
243183
243230
243275
243333
243371
243417
243483
243530
243600
243675
243734
243779
243830
243876
243940
244006
244073
244151
244198
244245
244295
244369
244428
244470
244519
244566
244612
244679
244731
244799
244827
244877
244927
244998
245061
245121
245160
245207
245348
245412
245466
245535
245584
245641
245692
245737
245798
245838
245892
245938
245982
246023
246067
246108
246155
246195
246235
246278
246324
246387
246434
246484
246536
246573
246628
246673
246721
246759
246802
246845
246893
246956
247009
247065
247126
247167
247208
247277
247324
247374
247423
247464
247504
247550
247633
247670
247721
247769
247813
247856
247889
247925
247963
248004
248046
248089
248140
248180
248238
248284
248331
248386
248429
248481
248564
248627
248688
248730
248772
248862
248917
248962
249019
249060
249102
249165
249209
249249
249287
249336
249379
249423
249468
249486
249510
249549
249592
249623
249662
249704
249756
249809
249857
249899
249946
249998
250040
250097
250140
250190
250243
250302
250348
250425
250468
250540
250604
250677
250743
250792
250887
250934
250986
251096
251149
251211
251270
251357
251413
251468
251514
251563
251602
251658
251698
251738
251785
251878
252022
252066
252116
252166
252214
252279
252319
252396
252435
252483
252535
252590
252631
252667
252709
252761
252799
252850
252956
253007
253061
253127
253171
253222
253266
253306
253450
253551
253608
253653
253728
253768
253826
253866
253917
253962
254038
254097
254162
254206
254261
254317
254369
254428
254478
254538
254613
254665
254754
254809
254877
254938
254985
255084
255128
255172
255207
255261
255316
255354
255405
255445
255485
255532
255584
255636
255695
255744
255784
255918
255968
256039
256074
256114
256154
256202
256242
256306
256376
256447
256495
256579
256596
256624
256668
256714
256781
256844
256894
256940
256987
257043
257118
257163
257208
257274
257320
257381
257427
257487
257538
257623
257717
257759
257820
257867
257927
257973
258012
258076
258119
258223
258283
258332
258379
258424
258528
258614
258672
258737
258801
258859
258908
258976
259025
259139
259194
259265
259322
259345
259376
259411
259450
259489
259536
259583
259623
259663
259697
259744
259788
259829
259892
259933
259994
260033
260139
260192
260237
260275
260321
260365
260418
260458
260495
260541
260591
260632
260676
260748
260789
260838
260885
260924
260967
261005
261041
261083
261128
261182
261227
261328
261381
261442
261499
261565
261645
261691
261752
261788
261824
261867
261924
261954
261993
262077
262123
262166
262221
262270
262319
262355
262399
262447
262484
262559
262603
262731
262792
262860
262955
262998
263022
263069
263134
263182
263228
263270
263364
263383
263485
263536
263655
263745
263806
263842
263886
263929
264006
264048
264125
264162
264203
264243
264283
264330
264377
264436
264537
264585
264630
264701
264750
264819
264883
264946
264993
265054
265132
265182
265272
265314
265429
265530
265580
265645
265709
265748
265789
265830
265877
265917
265964
266019
266075
266162
266222
266316
266348
266378
266430
266494
266539
266601
266657
266719
266762
266817
266860
266900
266953
266992
267054
267106
267153
267200
267243
267292
267340
267397
267443
267488
267527
267571
267612
267668
267714
267761
267807
267854
267943
268007
268044
268091
268140
268186
268236
268355
268395
268439
268482
268522
268563
268609
268688
268731
268777
268920
268996
269051
269109
269210
269420
269451
269478
269519
269555
269619
269671
269709
269752
269819
269905
269944
269987
270043
270087
270130
270182
270231
270279
270349
270410
270461
270513
270557
270607
270648
270684
270731
270759
270785
270877
270939
271033
271086
271144
271212
271285
271356
271402
271445
271490
271540
271587
271654
271710
271766
271820
271866
271903
271957
272047
272149
272196
272255
272303
272382
272419
272458
272502
272553
272587
272625
272670
272709
272754
272796
272856
272907
272956
272999
273045
273083
273123
273168
273221
273283
273347
273469
273556
273615
273671
273721
273774
273825
273908
273960
274014
274087
274127
274174
274225
274261
274297
274345
274403
274439
274478
274599
274636
274670
274712
274753
274798
274838
274868
274901
274934
274972
275009
275043
275077
275107
275136
275172
275218
275248
275283
275320
275366
275421
275470
275520
275567
275616
275669
275714
275770
275827
275873
275914
275962
276024
276081
276131
276182
276258
276317
276353
276396
276463
276493
276513
276560
276630
276692
276745
276821
276869
276961
277010
277053
277090
277131
277165
277217
277266
277303
277341
277379
277414
277469
277511
277550
277595
277637
277679
277714
277756
277831
277867
277909
277944
277991
278038
278087
278144
278191
278241
278283
278327
278373
278416
278468
278573
278622
278662
278700
278745
278780
278812
278853
278885
278918
278960
278997
279033
279066
279143
279187
279239
279286
279329
279378
279429
279470
279517
279581
279651
279718
279783
279831
279874
279916
279956
279992
280034
280068
280143
280185
280234
280296
280348
280392
280424
280465
280515
280562
280598
280651
280696
280741
280791
280841
280888
280965
281018
281073
281166
281219
281264
281313
281350
281425
281460
281493
281527
281570
281601
281649
281709
281745
281779
281829
281871
281915
281979
282046
282102
282147
282221
282297
282352
282405
282528
282582
282639
282688
282740
282811
282884
282938
283012
283052
283112
283162
283196
283254
283304
283349
283384
283416
283459
283503
283592
283637
283684
283734
283777
283819
283859
283915
283963
284009
284062
284108
284142
284174
284215
284263
284301
284333
284371
284409
284467
284542
284597
284648
284710
284753
284803
284846
284890
284948
284996
285035
285082
285149
285237
285320
285389
285447
285571
285610
285653
285704
285765
285817
285870
285930
285970
286003
286039
286084
286123
286161
286196
286237
286273
286316
286349
286384
286416
286449
286487
286526
286563
286600
286634
286666
286710
286749
286808
286846
286893
286921
286953
286996
287045
287091
287136
287178
287238
287286
287333
287378
287419
287462
287504
287543
287586
287641
287693
287738
287794
287849
287908
287968
288038
288081
288130
288180
288220
288272
288329
288384
288456
288499
288547
288593
288635
288690
288752
288791
288834
288882
288938
288991
289047
289129
289164
289223
289260
289314
289358
289392
289433
289462
289492
289535
289571
289609
289645
289686
289726
289764
289862
289899
289953
289997
290039
290082
290174
290220
290256
290300
290342
290378
290429
290479
290528
290577
290625
290663
290700
290738
290776
290826
290882
291008
291055
291127
291212
291286
291337
291377
291424
291471
291509
291568
291616
291665
291727
291778
291845
291887
291944
291991
292033
292184
292236
292282
292373
292414
292474
292517
292564
292608
292660
292701
292747
292785
292826
292870
292917
292973
292997
293011
293058
293101
293145
293200
293264
293373
293427
293486
293547
293601
293661
293741
293796
293848
293892
293957
294021
294063
294117
294158
294195
294231
294294
294332
294392
294438
294494
294541
294597
294667
294870
294926
294979
295015
295148
295199
295249
295302
295359
295397
295466
295503
295547
295587
295623
295672
295716
295754
295831
295940
296009
296060
296103
296175
296218
296280
296333
296372
296421
296463
296567
296616
296652
296695
296733
296770
296806
296839
296928
296970
297008
297090
297139
297185
297230
297298
297344
297394
297432
297482
297528
297575
297615
297683
297721
297756
297786
297845
297885
297938
297980
298018
298054
298100
298135
298187
298227
298265
298308
298338
298378
298422
298457
298515
298564
298615
298660
298705
298750
298798
298843
298891
298934
298967
299020
299093
299162
299218
299261
299330
299371
299428
299482
299545
299613
299667
299710
299766
299799
299836
299878
299914
299961
300011
300066
300087
300104
300188
300222
300260
300305
300358
300433
300514
300586
300625
300667
300725
300777
300816
300869
300928
300973
301013
301069
301117
301162
301203
301245
301313
301378
301468
301524
301574
301633
301689
301735
301787
301838
301881
301924
301965
302005
302038
302075
302110
302146
302185
302219
302250
302287
302364
302409
302458
302508
302550
302604
302677
302712
302751
302792
302827
302877
302909
302973
303020
303084
303150
303208
303260
303306
303368
303409
303460
303503
303572
303620
303656
303692
303727
303767
303815
303865
303918
303964
304007
304047
304099
304152
304197
304263
304305
304402
304449
304505
304555
304622
304663
304703
304740
304787
304818
304861
304892
304933
304975
305011
305052
305088
305140
305244
305282
305339
305376
305441
305492
305539
305581
305616
305692
305726
305814
305848
305998
306041
306090
306153
306244
306296
306366
306414
306500
306546
306586
306620
306669
306819
306871
306935
306982
307022
307084
307126
307163
307203
307260
307344
307413
307459
307507
307550
307657
307700
307761
307808
307864
307912
307975
308026
308075
308121
308162
308337
308384
308438
308475
308511
308547
308620
308668
308720
308782
308848
308890
308920
308981
309008
309041
309072
309108
309150
309198
309274
309314
309364
309418
309505
309576
309611
309631
309681
309716
309765
309811
309857
309891
309939
309998
310081
310160
310251
310300
310355
310440
310501
310584
310694
310836
310894
310960
311058
311139
311181
311248
311344
311439
311536
311593
311670
311799
311931
312000
312073
312142
312197
312272
312320
312382
312433
312508
312595
312674
312815
312902
312979
313076
313191
313248
313306
313347
313394
313461
313519
313560
313605
313653
313752
313814
313873
313913
313959
313997
314049
314094
314152
314292
314340
314381
314457
314497
314604
314634
314678
314713
314781
314814
314845
314894
314948
314988
315046
315089
315178
315229
315310
315401
315443
315505
315604
315662
315751
315800
315847
315910
316067
316159
316199
316266
316315
316361
316436
316487
316541
316598
316654
316708
316780
316825
316875
316931
317078
317141
317210
317261
317325
317482
317553
317601
317638
317675
317709
317741
317780
317860
317900
317945
317997
318045
318092
318166
318252
318312
318405
318456
318508
318578
318614
318667
318726
318907
319040
319097
319196
319247
319299
319344
319388
319444
319475
319510
319547
319592
319633
319657
319671
319711
319745
319804
319844
319904
319987
320043
320079
320126
320176
320236
320321
320388
320448
320491
320561
320603
320645
320703
320763
320821
320870
320954
321025
321109
321154
321201
321242
321290
321374
321417
321456
321495
321546
321613
321661
321713
321760
321853
321905
321948
322009
322056
322099
322214
322271
322304
322335
322383
322419
322458
322580
322679
322778
322889
322959
323086
323163
323213
323268
323341
323518
323670
323830
323876
323920
323966
324031
324075
324132
324183
324236
324270
324331
324380
324432
324471
324511
324542
324583
324679
324722
324763
324826
324866
324963
325079
325135
325185
325234
325276
325330
325373
325416
325450
325498
325598
325642
325685
325722
325759
325798
325838
325876
325904
325939
325989
326031
326073
326129
326184
326245
326284
326343
326387
326431
326481
326520
326563
326597
326630
326664
326713
326750
326795
326838
326871
326989
327031
327107
327166
327213
327269
327305
327361
327401
327466
327523
327588
327634
327669
327721
327763
327832
327895
327937
327997
328047
328122
328198
328302
328359
328426
328472
328564
328615
328652
328707
328760
328820
328872
328920
328977
329040
329117
329174
329226
329282
329350
329392
329449
329493
329541
329571
329604
329676
329723
329773
329841
329917
329956
329993
330031
330073
330128
330184
330305
330357
330483
330553
330644
330723
330780
330826
330863
330971
331086
331147
331193
331244
331290
331336
331379
331426
331493
331541
331581
331626
331670
331715
331771
331846
331899
331945
331991
332035
332082
332174
332214
332258
332372
332433
332469
332508
332567
332606
332639
332684
332758
332809
332850
332900
332952
333006
333051
333103
333158
333239
333286
333320
333361
333400
333441
333489
333574
333618
333715
333773
333828
333866
333924
333975
334015
334056
334102
334139
334180
334232
334272
334321
334382
334423
334498
334540
334578
334634
334679
334726
334774
334823
334869
334968
335081
335131
335200
335244
335290
335322
335365
335422
335459
335505
335546
335593
335644
335687
335773
335826
335864
335907
335973
336027
336068
336132
336186
336234
336294
336342
336396
336454
336511
336566
336656
336697
336739
336771
336865
336897
336916
336952
337002
337076
337132
337182
337235
337332
337379
337420
337468
337511
337556
337635
337678
337727
337842
337892
337928
337967
338016
338070
338125
338169
338214
338258
338313
338438
338500
338563
338635
338668
338710
338764
338809
338853
338905
338954
339006
339056
339095
339138
339173
339209
339251
339326
339364
339404
339436
339482
339521
339582
339628
339670
339733
339784
339834
339876
339929
339978
340029
340083
340157
340213
340253
340297
340346
340390
340443
340524
340568
340650
340696
340751
340814
340874
340945
340987
341044
341094
341136
341198
341274
341318
341374
341414
341569
341619
341696
341770
341846
341891
341934
341991
342040
342075
342132
342178
342231
342281
342330
342384
342424
342480
342523
342580
342628
342678
342746
342788
342820
342909
342959
343005
343046
343092
343123
343159
343200
343253
343293
343345
343381
343433
343471
343513
343562
343656
343718
343799
343857
343923
343976
344068
344123
344168
344209
344258
344331
344422
344450
344516
344598
344647
344715
344763
344828
344880
344935
344996
345147
345198
345246
345299
345343
345393
345435
345477
345531
345590
345671
345716
345770
345838
345876
345918
345960
346029
346075
346123
346163
346233
346295
346354
346408
346474
346530
346574
346631
346693
346752
346800
346861
346906
346948
346998
347044
347141
347191
347239
347297
347354
347407
347461
347501
347556
347635
347676
347717
347754
347796
347829
347862
347905
347998
348042
348094
348156
348201
348239
348280
348348
348384
348424
348471
348519
348562
348655
348694
348752
348795
348837
348884
348961
349040
349089
349138
349179
349221
349266
349312
349348
349390
349431
349503
349540
349582
349634
349717
349766
349887
349932
349969
350012
350075
350122
350178
350226
350271
350318
350359
350401
350450
350492
350533
350575
350633
350690
350739
350790
350847
350883
350925
350979
351020
351095
351137
351180
351222
351256
351299
351341
351382
351421
351462
351506
351553
351603
351653
351705
351744
351789
351826
351879
351943
352029
352084
352127
352190
352314
352366
352408
352464
352509
352581
352629
352668
352713
352757
352805
352857
352911
352952
352964
353014
353059
353099
353135
353175
353211
353242
353277
353325
353362
353417
353457
353511
353559
353592
353680
353718
353773
353816
353866
353910
353951
354000
354040
354091
354136
354173
354213
354253
354297
354340
354391
354438
354502
354542
354587
354656
354700
354733
354787
354850
354928
355089
355162
355216
355300
355346
355397
355441
355491
355550
355588
355628
355685
355726
355809
355877
355947
356018
356076
356101
356160
356216
356268
356338
356399
356501
356582
356669
356715
356769
356817
356865
356915
356960
357038
357110
357166
357204
357239
357270
357288
357332
357431
357493
357539
357621
357679
357722
357764
357816
357894
357974
358038
358126
358214
358258
358303
358352
358430
358507
358541
358577
358614
358656
358695
358736
358784
358829
358847
358880
358928
358967
359005
359050
359187
359247
359288
359335
359405
359447
359465
359490
359534
359592
359638
359703
359749
359784
359820
359860
359916
359967
360022
360066
360115
360151
360193
360227
360262
360301
360337
360370
360401
360432
360473
360521
360560
360611
360659
360723
360780
360825
360876
360923
360973
361026
361074
361124
361171
361219
361275
361329
361377
361426
361577
361655
361739
361783
361879
361945
362003
362020
362062
362132
362171
362232
362311
362367
362415
362459
362500
362550
362604
362649
362698
362744
362809
362847
362915
362976
363082
363140
363194
363225
363455
363501
363590
363632
363692
363805
363887
363933
363983
364033
364078
364125
364173
364212
364253
364293
364342
364394
364462
364509
364561
364613
364672
364724
364776
364828
364871
364923
364967
365015
365058
365162
365210
365232
365253
365300
365378
365409
365450
365495
365555
365597
365655
365730
365764
365811
365882
365943
365997
366118
366165
366293
366400
366474
366519
366578
366624
366696
366742
366784
366838
366884
366924
366983
367048
367102
367141
367222
367266
367388
367440
367485
367525
367569
367623
367716
367768
367845
367898
368025
368139
368201
368267
368304
368345
368389
368443
368481
368528
368577
368630
368697
368770
368823
368884
368934
368983
369089
369146
369199
369248
369302
369373
369414
369464
369526
369576
369647
369685
369746
369794
369846
369882
369928
370004
370027
370046
370099
370132
370172
370224
370253
370266
370310
370354
370390
370459
370506
370561
370586
370616
370675
370721
370763
370807
370876
370961
370992
371032
371074
371132
371210
371250
371290
371354
371403
371469
371536
371611
371665
371717
371809
371854
371895
371938
371987
372036
372091
372146
372195
372234
372287
372333
372370
372418
372478
372534
372597
372637
372696
372740
372806
372859
372903
372956
373025
373081
373128
373193
373234
373301
373347
373396
373463
373511
373560
373612
373669
373730
373783
373826
373843
373888
373931
373991
374030
374071
374104
374136
374169
374239
374271
374312
374351
374402
374443
374493
374528
374570
374608
374645
374686
374732
374791
374831
374878
374913
374999
375042
375105
375142
375184
375230
375280
375332
375373
375422
375481
375547
375613
375682
375730
375774
375872
375933
375985
376207
376295
376350
376421
376475
376523
376570
376661
376703
376738
376778
376811
376848
376901
376939
376992
377039
377096
377147
377215
377274
377321
377378
377416
377477
377507
377547
377578
377613
377643
377742
377844
377886
377931
377971
378007
378052
378101
378161
378204
378251
378305
378355
378431
378485
378616
378658
378695
378740
378778
378814
378861
378906
378974
379022
379061
379099
379137
379215
379274
379343
379393
379440
379488
379533
379575
379615
379653
379706
379763
379814
379863
379896
379948
379987
380029
380074
380109
380146
380201
380238
380276
380324
380376
380419
380482
380520
380565
380618
380665
380744
380807
380858
380898
380947
380991
381036
381080
381115
381161
381203
381241
381288
381331
381378
381424
381463
381502
381539
381634
381667
381707
381743
381788
381820
381858
381897
381940
381960
381979
382039
382074
382109
382146
382176
382214
382252
382295
382340
382375
382420
382477
382518
382534
382572
382625
382706
382770
382821
382865
382910
382952
382988
383037
383077
383115
383185
383296
383333
383369
383402
383463
383550
383616
383712
383786
383830
383902
383946
383995
384040
384085
384130
384175
384216
384259
384314
384365
384416
384438
384465
384515
384563
384614
384656
384693
384723
384777
384822
384849
384883
384911
384947
384980
385017
385058
385114
385153
385201
385255
385338
385375
385403
385444
385480
385521
385568
385668
385715
385762
385801
385846
385883
385921
385962
386047
386100
386154
386213
386246
386298
386327
386338
386388
386441
386482
386533
386572
386713
386765
386815
386859
386922
386968
387013
387052
387125
387188
387260
387328
387367
387415
387508
387548
387647
387753
387809
387854
387928
387979
388025
388087
388142
388209
388260
388303
388338
388385
388510
388569
388610
388684
388735
388782
388819
388858
388916
388954
389002
389046
389081
389113
389202
389225
389249
389345
389377
389444
389484
389525
389562
389605
389663
389689
389753
389824
389876
389928
389979
390037
390081
390119
390185
390234
390289
390422
390529
390617
390689
390746
390793
390826
390884
390926
390994
391052
391080
391123
391185
391228
391378
391433
391487
391606
391824
391948
392091
392223
392261
392299
392351
392411
392454
392544
392591
392639
392734
392780
392839
392923
392960
393011
393062
393097
393146
393227
393267
393317
393350
393401
393434
393489
393527
393577
393627
393682
393728
393822
393873
393922
394038
394093
394134
394299
394397
394518
394570
394631
394704
394755
394786
394844
394905
394941
394991
395036
395083
395155
395188
395230
395276
395320
395383
395415
395467
395496
395531
395570
395606
395650
395692
395778
395842
395875
395914
395994
396023
396060
396104
396123
396135
396172
396206
396244
396280
396336
396375
396410
396444
396481
396516
396556
396586
396623
396658
396693
396742
396812
396855
396904
396946
396989
397022
397064
397110
397172
397212
397266
397313
397351
397426
397473
397539
397591
397673
397764
397806
397865
397967
398016
398054
398089
398133
398205
398257
398304
398351
398405
398444
398489
398529
398567
398615
398667
398800
398881
398925
398959
399002
399042
399091
399126
399164
399196
399244
399276
399317
399351
399442
399489
399522
399572
399613
399643
399678
399889
399959
400010
400050
400091
400156
400218
400272
400330
400374
400484
400566
400618
400669
400750
400791
400856
400934
401025
401059
401129
401176
401221
401267
401329
401388
401446
401527
401579
401641
401684
401811
401849
401937
401982
402026
402062
402116
402174
402220
402266
402324
402381
402431
402464
402499
402578
402615
402646
402691
402727
402766
402829
402868
402905
402951
402994
403033
403061
403101
403162
403194
403236
403303
403350
403425
403488
403529
403598
403644
403685
403720
403762
403819
403879
403946
403990
404040
404096
404140
404169
404212
404284
404321
404354
404388
404421
404452
404488
404525
404629
404672
404725
404763
404804
404837
404873
404987
405051
405168
405226
405273
405330
405385
405452
405496
405547
405589
405640
405683
405802
405870
405914
405955
405997
406041
406096
406145
406189
406234
406322
406380
406455
406499
406605
406668
406727
406763
406814
406861
406903
406951
406962
406986
407016
407055
407098
407140
407184
407218
407275
407311
407348
407387
407423
407462
407502
407546
407585
407637
407691
407742
407789
407830
407872
407942
408055
408126
408177
408217
408288
408318
408351
408389
408430
408477
408526
408581
408633
408685
408734
408791
408851
408887
408949
408998
409074
409112
409152
409188
409222
409255
409294
409332
409387
409437
409485
409520
409561
409587
409610
409647
409696
409739
409823
409873
409927
409974
410022
410059
410108
410143
410194
410262
410380
410451
410498
410561
410631
410687
410736
410752
410788
410826
410868
410905
410990
411026
411071
411119
411164
411204
411236
411279
411317
411355
411393
411442
411481
411521
411561
411605
411656
411707
411770
411889
411931
411968
412001
412062
412097
412140
412183
412227
412262
412302
412335
412376
412441
412480
412517
412561
412609
412651
412698
412748
412788
412833
412875
412918
412966
413029
413119
413196
413269
413333
413382
413426
413476
413546
413602
413665
413719
413782
413827
413877
413945
414015
414088
414152
414211
414247
414285
414327
414375
414408
414444
414469
414485
414523
414564
414599
414640
414677
414716
414756
414792
414869
414906
414949
415005
415057
415132
415186
415236
415283
415330
415384
415427
415475
415562
415677
415726
415771
415813
415872
415912
415959
416013
416043
416077
416108
416156
416201
416238
416277
416340
416376
416420
416463
416507
416561
416624
416659
416704
416752
416833
416885
416924
416965
417004
417055
417097
417138
417188
417280
417327
417371
417405
417439
417473
417513
417559
417603
417646
417695
417739
417774
417825
417862
417904
417939
417977
418010
418047
418079
418183
418226
418291
418339
418416
418521
418581
418637
418713
418778
418860
418952
419008
419073
419114
419163
419310
419384
419462
419523
419569
419620
419686
419728
419777
419827
419878
419934
419968
420003
420041
420084
420131
420174
420208
420245
420293
420387
420436
420506
420583
420717
420776
420856
420898
420940
421006
421109
421151
421193
421218
421231
421278
421317
421356
421407
421464
421518
421662
421719
421783
421823
421863
421914
421956
422013
422066
422139
422201
422243
422304
422387
422445
422502
422546
422586
422625
422664
422703
422741
422811
422938
423008
423115
423168
423249
423296
423354
423403
423448
423514
423598
423647
423699
423756
423797
423859
423909
423968
424005
424058
424164
424215
424311
424385
424455
424496
424554
424594
424692
424735
424790
424831
424876
424914
424956
425004
425049
425140
425238
425302
425343
425435
425473
425517
425555
425593
425637
425681
425727
425792
425837
425881
425931
425974
426019
426062
426127
426165
426300
426354
426417
426471
426528
426597
426661
426699
426748
426829
426887
426976
427044
427085
427148
427188
427231
427276
427319
427411
427452
427492
427541
427585
427642
427666
427701
427753
427803
427867
427917
427979
428005
428021
428064
428121
428170
428251
428315
428370
428423
428489
428538
428586
428631
428679
428726
428779
428825
428873
428930
428982
429086
429141
429192
429264
429314
429355
429422
429465
429504
429548
429592
429633
429673
429708
429755
429811
429880
429928
429975
430024
430103
430167
430229
430318
430361
430422
430473
430519
430572
430624
430673
430730
430767
430811
430846
430890
430938
430977
431026
431123
431169
431210
431273
431322
431357
431395
431444
431522
431573
431616
431682
431719
431762
431817
431880
431963
432124
432163
432227
432362
432403
432463
432569
432618
432657
432703
432773
432816
432871
432912
432954
433000
433059
433135
433181
433239
433304
433353
433401
433449
433513
433550
433591
433628
433671
433730
433794
433826
433867
433900
433930
433964
434013
434051
434085
434150
434250
434313
434351
434385
434427
434475
434513
434558
434602
434647
434689
434754
434793
434845
434895
434948
435018
435065
435113
435173
435239
435280
435318
435395
435437
435496
435544
435578
435615
435658
435695
435734
435783
435866
435931
436004
436071
436120
436177
436215
436266
436313
436366
436444
436544
436635
436693
436743
436783
436830
436867
436909
436966
437021
437082
437121
437158
437195
437238
437276
437313
437349
437393
437431
437467
437547
437625
437674
437715
437760
437799
437861
437896
437921
437945
438003
438062
438108
438143
438193
438233
438277
438321
438357
438391
438435
438470
438514
438555
438592
438634
438668
438712
438758
438807
438857
438927
438985
439102
439195
439256
439363
439420
439523
439582
439635
439685
439734
439761
439827
439898
439951
440030
440086
440135
440180
440221
440273
440308
440356
440417
440453
440496
440544
440619
440656
440694
440728
440782
440826
440879
440933
440986
441052
441091
441145
441180
441214
441249
441283
441321
441355
441395
441430
441464
441507
441547
441596
441637
441687
441734
441771
441817
441869
441984
442026
442066
442108
442153
442243
442292
442569
442623
442691
442770
442829
442884
442941
442988
443041
443100
443157
443197
443248
443309
443354
443424
443465
443510
443547
443595
443630
443680
443723
443765
443802
443856
443899
443938
443981
444024
444074
444111
444128
444197
444250
444317
444371
444431
444496
444541
444588
444641
444696
444740
444782
444867
444908
444966
445007
445051
445094
445153
445218
445264
445354
445479
445540
445577
445622
445664
445700
445786
445839
445870
445908
445945
446023
446058
446125
446163
446201
446246
446288
446335
446377
446416
446457
446503
446558
446638
446680
446733
446774
446820
446878
446922
446982
447032
447156
447220
447265
447293
447315
447479
447546
447610
447658
447714
447766
447820
447872
447889
447930
447971
448018
448091
448158
448199
448254
448307
448389
448447
448494
448562
448630
448691
448762
448914
448972
449014
449069
449118
449167
449205
449257
449307
449361
449405
449491
449596
449634
449685
449784
449847
449924
450011
450057
450136
450199
450240
450289
450332
450386
450433
450515
450556
450599
450639
450697
450784
450824
450863
450891
451010
451057
451096
451149
451275
451336
451490
451571
451655
451715
451767
451809
451854
451988
452027
452070
452161
452193
452240
452297
452351
452396
452448
452520
452578
452666
452717
452780
452841
452896
452937
452979
453031
453066
453107
453146
453179
453219
453255
453289
453331
453369
453409
453456
453496
453536
453575
453609
453641
453708
453746
453788
453830
453866
453900
453950
453993
454036
454085
454171
454208
454255
454288
454362
454395
454442
454517
454555
454587
454646
454696
454764
454852
454893
454942
454975
455012
455048
455091
455138
455190
455261
455318
455362
455479
455540
455583
455683
455744
455795
455875
455927
456023
456112
456173
456215
456276
456323
456370
456423
456462
456510
456566
456603
456637
456680
456747
456841
456909
457002
457058
457117
457176
457233
457291
457399
457468
457537
457584
457647
457701
457797
457861
457929
458011
458056
458121
458141
458179
458234
458297
458332
458390
458478
458492
458530
458596
458642
458694
458742
458778
458867
458911
458958
459006
459052
459112
459157
459208
459258
459347
459381
459417
459451
459488
459525
459613
459657
459701
459773
459827
459872
459912
459955
460019
460076
460136
460188
460326
460369
460421
460497
460533
460583
460640
460684
460729
460778
460836
460892
460941
460996
461098
461144
461228
461283
461349
461407
461514
461559
461610
461649
461733
461806
461848
461893
461969
462014
462089
462146
462193
462237
462278
462321
462361
462400
462442
462475
462507
462546
462583
462623
462660
462700
462732
462804
462845
462888
462937
462984
463025
463061
463112
463164
463207
463252
463294
463329
463392
463443
463492
463632
463683
463730
463783
463841
463898
463947
463989
464030
464071
464110
464189
464240
464290
464328
464370
464411
464458
464496
464540
464579
464700
464796
464857
464916
464956
464967
465006
465052
465093
465139
465199
465265
465322
465395
465441
465524
465570
465630
465678
465719
465777
465814
465852
465920
465960
465992
466115
466157
466237
466291
466362
466403
466435
466473
466526
466561
466603
466634
466672
466716
466779
466912
467001
467052
467100
467225
467277
467322
467365
467407
467449
467511
467562
467643
467690
467727
467771
467808
467843
467890
467931
468020
468091
468130
468185
468239
468277
468310
468340
468370
468405
468445
468480
468525
468566
468601
468641
468687
468721
468786
468830
468868
468901
468947
469048
469092
469133
469170
469227
469273
469323
469396
469440
469526
469579
469620
469669
469709
469744
469783
469829
469873
469909
469944
469980
470017
470053
470099
470143
470225
470258
470297
470342
470385
470427
470490
470532
470571
470614
470653
470702
470765
471015
471064
471129
471206
471254
471299
471364
471411
471450
471488
471533
471576
471611
471639
471679
471731
471771
471825
471872
471964
472005
472047
472088
472134
472174
472221
472261
472297
472344
472380
472422
472466
472506
472549
472592
472630
472681
472717
472764
472809
472859
472930
472971
473015
473067
473117
473163
473210
473277
473316
473360
473397
473429
473469
473511
473568
473612
473653
473696
473734
473783
473818
473868
473899
473931
473967
474010
474063
474095
474140
474181
474227
474297
474335
474371
474405
474454
474503
474547
474607
474664
474709
474748
474785
474866
474925
474997
475064
475128
475179
475232
475280
475323
475380
475420
475465
475514
475558
475590
475623
475652
475683
475718
475754
475788
475838
475879
475920
475969
476014
476086
476141
476181
476224
476265
476319
476359
476442
476491
476572
476629
476693
476745
476832
476975
477026
477072
477114
477170
477218
477267
477309
477352
477421
477484
477536
477616
477675
477718
477784
477829
477882
477927
477982
478030
478080
478119
478184
478249
478314
478357
478413
478504
478590
478660
478706
478748
478793
478839
478891
478934
478992
479029
479080
479122
479160
479202
479271
479312
479367
479424
479464
479561
479615
479667
479724
479780
479845
479885
479934
479969
480014
480049
480127
480180
480240
480291
480351
480408
480449
480510
480616
480653
480687
480724
480798
480857
480897
480974
481074
481116
481165
481202
481251
481293
481332
481378
481417
481464
481506
481543
481584
481676
481722
481759
481794
481842
481885
481926
482003
482038
482071
482112
482224
482263
482338
482394
482456
482507
482555
482615
482668
482737
482788
482840
482898
482945
483009
483071
483113
483157
483211
483271
483326
483371
483434
483575
483689
483757
483818
483878
483928
483987
484043
484103
484171
484238
484285
484344
484429
484509
484561
484610
484660
484714
484783
484857
484913
484965
485018
485090
485144
485195
485256
485327
485382
485431
485527
485593
485700
485746
485788
485840
485892
485952
486001
486039
486082
486130
486174
486216
486293
486338
486384
486427
486466
486515
486590
486632
486805
486849
486895
486939
486976
487013
487051
487100
487140
487182
487231
487306
487350
487394
487439
487494
487544
487588
487621
487695
487737
487774
487804
487880
487962
487998
488038
488065
488103
488141
488181
488254
488286
488325
488424
488517
488599
488665
488749
488798
488870
488915
488975
489057
489099
489149
489189
489248
489291
489338
489393
489430
489470
489522
489561
489604
489647
489683
489728
489772
489809
489853
489938
489975
490015
490063
490110
490154
490205
490263
490310
490359
490433
490480
490547
490654
490730
490820
490904
490947
491051
491112
491185
491268
491328
491391
491448
491550
491628
491691
491756
491805
491856
491899
491943
492035
492141
492227
492283
492354
492413
492463
492498
492540
492598
492678
492736
492782
492827
492872
492920
492959
493006
493043
493084
493123
493159
493198
493243
493280
493315
493354
493386
493424
493482
493535
493580
493623
493658
493698
493729
493761
493796
493838
493878
493926
493970
494052
494105
494229
494297
494379
494437
494504
494574
494641
494697
494756
494808
494866
494967
495046
495094
495137
495199
495247
495289
495334
495389
495435
495609
495670
495767
495808
495849
495909
495947
495987
496047
496106
496143
496183
496233
496280
496320
496360
496403
496470
496525
496567
496614
496682
496730
496807
496870
496914
496972
497011
497115
497216
497260
497303
497383
497414
497453
497523
497566
497612
497655
497692
497733
497770
497827
497916
498028
498091
498132
498248
498295
498340
498471
498521
498655
498763
498871
498932
498988
499043
499112
499169
499230
499298
499396
499439
499483
499526
499565
499630
499835
499911
499958
500031
500115
500165
500237
500302
500406
500477
500544
500586
500641
500684
500737
500789
500834
500888
500934
500969
501007
501104
501163
501207
501309
501398
501426
501482
501513
501555
501596
501652
501692
501727
501766
501801
501840
501922
501968
502020
502066
502105
502143
502241
502276
502314
502357
502398
502445
502487
502535
502585
502675
502710
502749
502792
502819
502930
503002
503042
503080
503124
503152
503171
503213
503250
503316
503373
503431
503484
503536
503582
503623
503656
503721
503790
503828
503883
503933
503971
504020
504067
504114
504155
504195
504247
504294
504339
504398
504456
504519
504588
504708
504763
504814
504879
504940
505010
505063
505129
505181
505218
505265
505311
505403
505498
505558
505619
505661
505714
505763
505815
505869
505923
505978
506023
506060
506098
506137
506179
506228
506266
506305
506345
506387
506434
506477
506528
506573
506645
506735
506784
506833
506921
506959
506996
507037
507073
507149
507234
507276
507325
507423
507471
507522
507576
507635
507692
507771
507808
507848
507903
507948
507982
508016
508050
508082
508117
508164
508209
508244
508275
508321
508361
508406
508451
508490
508538
508586
508627
508690
508770
508809
508911
508999
509065
509127
509180
509231
509332
509381
509426
509467
509511
509553
509589
509634
509686
509747
510004
510043
510095
510155
510228
510285
510397
510482
510568
510748
510879
510919
510974
511022
511078
511135
511205
511304
511342
511431
511481
511529
511587
511635
511760
511873
511925
512028
512086
512132
512189
512261
512302
512336
512368
512402
512437
512474
512511
512610
512686
512751
512803
512852
512903
512944
513026
513061
513137
513186
513246
513295
513332
513385
513466
513483
513511
513554
513598
513650
513695
513755
513825
513881
513928
513980
514020
514060
514108
514162
514230
514310
514356
514418
514537
514618
514719
514782
514827
514875
514930
515002
515107
515159
515237
515319
515411
515448
515514
515567
515617
515683
515766
515825
515879
515921
515987
516065
516119
516223
516273
516325
516388
516437
516483
516639
516684
516748
516819
516911
516946
516991
517035
517079
517127
517178
517223
517266
517303
517340
517377
517421
517467
517525
517571
517609
517647
517681
517715
517749
517798
517845
517882
517921
517956
518000
518068
518107
518147
518183
518218
518295
518336
518374
518413
518460
518494
518646
518704
518813
518870
518927
519009
519053
519106
519152
519197
519237
519282
519324
519376
519419
519521
519565
519633
519737
519792
519836
519883
519923
519965
520000
520099
520140
520186
520238
520285
520412
520456
520533
520570
520626
520672
520786
520831
520878
520930
521029
521079
521142
521199
521245
521307
521383
521455
521520
521583
521643
521702
521880
521973
522111
522204
522304
522355
522396
522431
522470
522506
522564
522608
522660
522701
522754
522796
522844
522880
522918
522964
523018
523072
523120
523230
523292
523329
523361
523397
523430
523462
523500
523530
523570
523617
523664
523730
523772
523817
523860
523912
523984
524038
524112
524163
524248
524296
524335
524386
524426
524472
524513
524551
524590
524634
524688
524739
524786
524836
524933
524981
525019
525080
525150
525230
525279
525335
525389
525501
525553
525607
525818
525864
525943
525991
526045
526098
526138
526177
526216
526249
526288
526305
526324
526370
526406
526459
526512
526552
526604
526648
526749
526830
526870
526906
526945
526984
527020
527076
527131
527169
527210
527244
527284
527325
527364
527403
527446
527485
527527
527574
527620
527659
527704
527741
527784
527825
527879
527920
527967
528066
528131
528173
528225
528265
528341
528437
528500
528572
528647
528700
528799
528848
528954
529013
529069
529117
529191
529251
529332
529376
529436
529474
529522
529556
529607
529651
529689
529723
529763
529801
529830
529862
529932
529971
530011
530052
530089
530130
530179
530226
530266
530302
530351
530392
530424
530459
530496
530531
530575
530647
530669
530718
530781
530831
530866
530914
530986
531076
531119
531196
531261
531335
531394
531466
531516
531559
531610
531664
531716
531765
531805
531873
531964
532029
532101
532175
532225
532286
532353
532410
532451
532501
532566
532694
532738
532776
532849
532950
532984
532995
533055
533115
533134
533165
533216
533267
533306
533368
533412
533472
533514
533546
533586
533620
533663
533706
533740
533860
533946
533984
534039
534098
534161
534278
534349
534401
534446
534499
534549
534600
534682
534744
534805
534844
534895
534950
534999
535067
535128
535226
535279
535330
535380
535428
535489
535537
535595
535654
535745
535791
535864
535899
535956
535999
536036
536174
536222
536263
536307
536406
536460
536490
536536
536577
536617
536670
536728
536803
536884
536978
537013
537046
537086
537127
537160
537231
537268
537307
537351
537394
537439
537615
537660
537847
537902
537961
538023
538074
538132
538182
538220
538261
538305
538374
538443
538510
538556
538623
538663
538711
538750
538761
538813
538863
538908
538965
539027
539082
539201
539241
539325
539405
539475
539525
539572
539662
539696
539746
539793
539841
539942
540002
540054
540140
540191
540266
540325
540399
540458
540539
540581
540692
540754
540812
540880
540960
541009
541053
541089
541146
541197
541235
541284
541335
541386
541438
541483
541519
541560
541599
541637
541736
541779
541824
541860
541913
541997
542048
542114
542181
542233
542299
542347
542417
542456
542521
542569
542616
542660
542701
542743
542791
542867
542898
542943
542981
543021
543062
543097
543169
543202
543285
543330
543362
543395
543439
543491
543530
543576
543617
543696
543736
543773
543828
543892
543949
544021
544110
544194
544252
544308
544549
544634
544677
544765
544841
544884
544958
545025
545063
545165
545226
545331
545438
545526
545574
545629
545668
545715
545756
545816
545864
545952
545987
546022
546065
546114
546165
546209
546254
546315
546372
546422
546481
546520
546560
546648
546699
546774
546819
546909
546956
547008
547057
547107
547181
547238
547298
547461
547485
547525
547572
547612
547658
547707
547800
547847
547890
547927
547979
548045
548098
548152
548199
548258
548302
548351
548391
548521
548570
548657
548729
548775
548821
548872
548920
548962
549041
549099
549143
549192
549295
549455
549503
549548
549609
549699
549767
549810
549851
549904
549962
550005
550043
550085
550133
550191
550238
550324
550364
550409
550446
550510
550547
550617
550738
550776
550816
550858
550891
550924
550963
551037
551073
551107
551193
551233
551275
551316
551382
551444
551628
551776
551910
551979
552046
552108
552165
552218
552292
552388
552465
552517
552580
552646
552712
552761
552864
552920
552990
553057
553091
553133
553188
553244
553284
553345
553481
553577
553603
553628
553681
553715
553770
553824
553882
553940
553987
554032
554088
554150
554197
554302
554368
554414
554457
554508
554564
554625
554733
554846
554901
554954
555017
555070
555123
555170
555216
555302
555369
555436
555491
555568
555611
555651
555690
555811
555861
555896
555941
556003
556065
556114
556149
556200
556247
556296
556342
556391
556431
556478
556498
556525
556573
556615
556658
556694
556730
556763
556798
556845
556887
556910
556934
557029
557067
557116
557180
557247
557345
557383
557429
557554
557673
557728
557806
557866
557939
558075
558218
558249
558379
558416
558463
558530
558578
558621
558696
558731
558764
558820
558905
558960
559008
559041
559080
559109
559163
559195
559253
559295
559333
559394
559442
559481
559517
559550
559581
559648
559693
559721
559771
559809
559840
559886
559920
559967
560013
560058
560097
560145
560229
560281
560313
560419
560460
560551
560586
560619
560652
560693
560739
560779
560829
560877
560956
561007
561076
561149
561207
561275
561333
561383
561426
561497
561552
561603
561668
561707
561759
561866
561923
561973
562022
562083
562122
562215
562286
562357
562404
562459
562495
562562
562617
562669
562722
562769
562813
562857
562905
562948
563063
563112
563181
563219
563266
563312
563409
563453
563490
563537
563597
563684
563793
563858
563916
563982
564049
564117
564163
564209
564252
564293
564341
564407
564452
564575
564630
564663
564706
564752
564843
564892
564940
565000
565080
565143
565202
565303
565379
565455
565537
565624
565662
565703
565755
565981
566033
566072
566118
566173
566225
566277
566323
566391
566434
566473
566520
566561
566603
566643
566721
566769
566815
566857
566902
566940
566976
567023
567076
567115
567154
567198
567243
567295
567333
567381
567425
567470
567509
567556
567589
567626
567675
567723
567762
567845
567879
567918
567961
568001
568039
568084
568137
568257
568294
568449
568522
568581
568631
568677
568728
568800
568870
568920
568964
569016
569065
569113
569217
569286
569344
569395
569457
569486
569505
569556
569599
569638
569684
569773
569879
569942
569988
570044
570100
570143
570195
570253
570301
570358
570414
570549
570597
570653
570688
570783
570852
570924
570967
571017
571095
571162
571213
571279
571429
571479
571513
571746
571789
571954
572016
572060
572118
572161
572214
572263
572312
572371
572418
572460
572477
572544
572610
572650
572692
572741
572785
572831
572871
572913
572966
572987
573027
573088
573131
573180
573237
573323
573415
573473
573535
573606
573705
573749
573855
573950
574017
574068
574126
574179
574220
574261
574305
574352
574463
574521
574567
574608
574650
574706
574758
574799
574840
574890
574959
575013
575132
575178
575289
575338
575400
575449
575508
575575
575723
575784
575835
575879
575918
575963
576001
576072
576152
576210
576277
576322
576380
576431
576552
576650
576723
576780
576823
576874
576930
576981
577112
577179
577216
577275
577321
577367
577414
577463
577567
577617
577686
577749
577818
577920
577991
578056
578137
578212
578281
578338
578386
578429
578469
578521
578570
578642
578681
578717
578761
578800
578844
578912
578958
579002
579046
579082
579147
579197
579254
579301
579371
579403
579441
579482
579519
579559
579605
579653
579697
579751
579806
579933
579993
580026
580086
580136
580183
580235
580279
580296
580332
580390
580443
580543
580653
580697
580738
580780
580822
580856
580888
580923
580952
580983
581017
581052
581091
581131
581171
581206
581238
581271
581302
581340
581374
581409
581445
581493
581549
581597
581666
581719
581784
581845
581904
581958
582014
582107
582411
582461
582530
582597
582660
582708
582758
582798
582865
582912
582966
583028
583116
583168
583225
583279
583325
583364
583404
583451
583487
583525
583561
583598
583687
583735
583825
583875
583923
583984
584034
584082
584139
584177
584219
584267
584315
584353
584410
584463
584499
584540
584578
584620
584671
584719
584786
584848
584897
584962
585001
585042
585095
585140
585181
585216
585258
585310
585355
585395
585436
585492
585541
585646
585698
585768
585820
585857
585912
585967
586023
586070
586091
586106
586192
586243
586292
586346
586384
586423
586473
586514
586586
586630
586717
586762
586799
586847
586886
586928
586967
587027
587059
587110
587153
587196
587236
587278
587319
587359
587396
587443
587497
587540
587591
587642
587704
587861
588070
588128
588190
588248
588294
588332
588397
588445
588504
588554
588622
588719
588808
588852
588921
588978
589056
589089
589127
589182
589242
589338
589446
589499
589559
589599
589635
589695
589857
589923
590029
590097
590157
590210
590262
590299
590344
590382
590417
590458
590488
590527
590564
590599
590647
590689
590727
590760
590799
590841
590906
590939
590976
591033
591084
591142
591230
591277
591345
591404
591451
591502
591557
591614
591678
591719
591811
591846
591903
591961
592013
592121
592251
592296
592355
592399
592450
592522
592571
592631
592695
592766
592819
592861
592922
592976
593034
593077
593123
593174
593220
593266
593313
593354
593396
593463
593535
593585
593636
593680
593729
593819
593873
593923
593975
594021
594158
594230
594333
594384
594521
594570
594626
594692
594752
594797
594855
594914
594937
594968
595084
595124
595177
595255
595310
595359
595429
595481
595525
595569
595615
595665
595725
595762
595785
595810
595854
595907
595953
596006
596070
596133
596183
596233
596280
596330
596386
596435
596476
596526
596616
596664
596730
596776
596818
596874
596930
597016
597109
597155
597224
597287
597333
597387
597454
597552
597617
597667
597712
597766
597831
597923
597969
598031
598088
598131
598170
598209
598249
598308
598396
598440
598509
598557
598608
598656
598735
598815
598894
598954
599051
599098
599146
599217
599269
599414
599459
599502
599530
599578
599664
599728
599818
599862
599915
599986
600050
600104
600169
600216
600336
600383
600421
600468
600510
600560
600606
600715
600761
600810
600859
600903
600942
600983
601034
601105
601223
601282
601330
601374
601411
601457
601505
601555
601648
601732
601793
601944
602001
602062
602121
602203
602248
602290
602359
602408
602446
602524
602558
602637
602687
602734
602776
602813
602871
602927
602994
603036
603083
603133
603181
603225
603265
603360
603407
603518
603556
603612
603681
603719
603790
603859
603921
604011
604081
604147
604207
604282
604333
604400
604455
604516
604600
604652
604692
604742
604796
604837
604904
604989
605044
605109
605182
605231
605274
605323
605378
605413
605464
605502
605555
605595
605643
605683
605730
605782
605824
605848
605862
605901
605939
605979
606019
606057
606097
606148
606184
606231
606273
606311
606340
606376
606429
606477
606568
606651
606730
606786
606856
606966
607059
607140
607267
607354
607499
607571
607627
607684
607730
607773
607837
607874
607957
608004
608075
608120
608161
608205
608316
608416
608505
608561
608629
608701
608756
608800
608831
608921
608969
609015
609070
609152
609219
609273
609335
609475
609607
609669
609765
609826
609870
609922
609999
610046
610133
610209
610249
610311
610354
610434
610561
610604
610667
610713
610763
610815
610865
610912
610959
611002
611042
611104
611139
611251
611294
611350
611405
611472
611526
611569
611615
611664
611728
611978
612020
612072
612175
612269
612331
612382
612425
612469
612515
612555
612627
612669
612723
612768
612849
612915
612962
613015
613076
613187
613248
613289
613326
613382
613425
613477
613517
613552
613588
613629
613673
613708
613752
613794
613834
613867
613926
613971
614012
614062
614120
614157
614172
614230
614282
614341
614441
614510
614568
614656
614766
614843
614894
614952
615016
615058
615107
615166
615228
615280
615325
615407
615461
615509
615563
615671
615803
615885
615941
616004
616054
616164
616211
616254
616375
616417
616449
616487
616528
616598
616682
616693
616719
616793
616825
616860
616898
616938
617037
617092
617264
617308
617360
617417
617508
617630
617694
617748
617808
617869
617931
617984
618037
618083
618181
618417
618499
618583
618639
618695
618743
618804
618849
618899
618962
619019
619074
619136
619217
619281
619334
619408
619486
619508
619540
619589
619614
619640
619696
619732
619764
619803
619843
619886
619937
620049
620094
620139
620189
620250
620300
620369
620430
620486
620535
620606
620683
620756
620847
620901
620976
621041
621116
621157
621330
621390
621451
621540
621613
621837
621874
621968
622013
622051
622092
622144
622194
622235
622300
622362
622408
622456
622511
622555
622601
622670
622724
622799
622883
622928
622980
623098
623216
623265
623348
623394
623459
623517
623573
623618
623656
623694
623739
623780
623827
623918
623978
624045
624086
624126
624166
624215
624274
624349
624416
624471
624514
624554
624625
624677
624730
624819
624872
624979
625028
625069
625114
625158
625204
625269
625335
625391
625441
625490
625547
625587
625631
625672
625709
625747
625784
625822
625856
625896
625945
625994
626042
626094
626147
626192
626271
626351
626398
626450
626495
626542
626597
626652
626703
626783
626828
626876
626923
626965
627014
627048
627089
627126
627166
627210
627267
627310
627361
627427
627476
627505
627545
627591
627645
627702
627773
627831
627884
627924
627971
628010
628057
628145
628199
628253
628295
628335
628373
628416
628462
628514
628556
628600
628722
628775
628814
628862
628905
628961
628997
629040
629080
629129
629173
629221
629259
629345
629390
629436
629479
629512
629556
629622
629703
629753
629838
629967
630023
630107
630160
630205
630247
630289
630342
630386
630428
630484
630530
630569
630623
630668
630721
630761
630856
630896
630934
630987
631022
631066
631113
631199
631275
631331
631415
631462
631510
631552
631627
631686
631736
631799
631849
631871
631929
631983
632056
632093
632164
632255
632276
632344
632405
632444
632485
632527
632573
632647
632687
632729
632765
632804
632854
632902
632945
633057
633101
633148
633179
633214
633250
633341
633400
633451
633486
633525
633574
633622
633711
633760
633819
633872
633951
634013
634064
634102
634155
634191
634243
634292
634342
634401
634458
634539
634590
634633
634696
634751
634790
634882
634947
635029
635084
635121
635162
635260
635308
635392
635474
635571
635632
635672
635716
635776
635857
635917
635962
636036
636139
636227
636291
636332
636389
636442
636489
636540
636611
636657
636713
636753
636819
636864
636922
636971
637015
637056
637095
637138
637271
637310
637351
637403
637464
637512
637566
637655
637694
637737
637776
637851
637888
637944
637980
638021
638113
638161
638204
638293
638366
638413
638467
638506
638608
638650
638686
638724
638770
638812
638904
638952
639000
639044
639093
639132
639168
639214
639255
639314
639356
639411
639460
639496
639539
639583
639626
639668
639737
639784
639818
639855
639898
639956
640006
640056
640141
640229
640312
640357
640422
640473
640523
640634
640772
640839
640885
640931
640974
641027
641088
641141
641205
641252
641298
641343
641387
641464
641552
641590
641634
641676
641715
641754
641790
641825
641875
641909
641953
641997
642095
642185
642227
642337
642388
642447
642502
642575
642635
642690
642762
642825
642919
642980
643037
643076
643122
643177
643237
643311
643423
643490
643537
643581
643627
643664
643712
643807
643878
643921
643966
644006
644041
644138
644219
644262
644316
644364
644404
644446
644484
644523
644565
644613
644654
644687
644732
644782
644837
644882
644944
644988
645038
645086
645138
645223
645307
645612
645653
645713
645764
645807
645857
645907
646028
646075
646154
646214
646272
646319
646348
646375
646432
646503
646575
646621
646666
646722
646772
646817
646871
647005
647048
647087
647135
647181
647221
647274
647375
647435
647488
647578
647628
647686
647728
647776
647819
647863
647901
647943
648060
648098
648136
648259
648310
648360
648407
648462
648514
648566
648622
648662
648716
648812
648855
648907
648955
649025
649069
649200
649252
649303
649363
649436
649497
649539
649584
649677
649723
649772
649815
649855
649902
649946
