2027
5052
7388
10633
13458
16094
18300
20976
23832
26557
29532
32408
34644
38358
40824
43320
45836
48632
50888
53344
54982
60383
64397
70377
74041
77236
79143
81629
84574
86891
90525
92831
95726
97873
101277
104323
106319
108726
112310
114906
117791
120537
122623
125509
127975
131419
134305
137150
139616
142342
144977
147793
150459
153025
155341
156828
159884
163208
166313
169578
171874
174949
178234
180690
183785
185892
188717
191782
194258
196824
198452
201107
204272
207367
210363
213388
216014
219049
221375
223462
226387
229422
232238
234754
237559
240654
243230
246605
249220
251796
254252
256838
259414
262958
265175
268589
271475
274370
277805
280880
283595
286311
288867
291383
293869
296395
299380
302275
304402
306429
310003
313278
315614
318140
320426
322932
325318
326906
329172
330880
333935
336311
338987
341912
344687
347183
350159
352864
354841
356199
358835
361660
364605
367681
370566
373671
376207
378743
381369
383545
386101
387718
388917
392830
394957
399809
405072
408345
411930
415494
418399
421674
425418
427595
430580
433196
436840
439436
442431
445086
447732
450538
453203
456239
459174
462059
464186
469358
472323
474999
477984
481069
483994
486540
489166
491732
494707
496564
501606
504651
508325
511290
514226
516592
519487
522033
524998
527554
530579
533455
536740
539585
542161
544767
547143
550098
552934
555889
557866
559393
563117
566162
569557
572492
575527
578143
581019
583195
585442
590074
593309
596274
599499
602055
605070
607606
610372
613427
616342
619098
622033
624649
627285
629201
