2746
4853
7818
10953
13609
16933
19090
21526
24102
27057
30142
32998
35633
38189
41684
43860
46506
49242
51388
54493
56150
59475
63798
70697
73922
77187
80072
82259
84745
87341
90326
93700
96296
98972
101198
104074
107328
109455
111751
115196
118111
120797
123622
125459
128335
131400
134425
137820
140097
142941
145497
148443
151038
153544
156150
157877
160024
163009
166524
169479
172913
175419
178115
181350
183646
186991
189127
192043
195058
197454
199491
201518
204263
207707
210593
213958
216943
219239
222394
224171
226797
229732
232668
235393
238349
240934
243910
246825
249880
252396
254882
257138
260144
262180
265984
268760
272104
274980
277636
281020
284315
287050
289686
291893
294798
297154
300050
302825
305072
307238
309315
313049
316513
319039
321485
323382
326188
327815
329612
331978
333766
337030
339636
342292
345167
348063
350389
353664
355561
357008
359015
362290
364926
367681
370926
373871
376936
379542
381809
384444
386281
388857
390115
391853
395726
398542
405101
408426
411471
415365
418680
422104
425578
428604
430910
433745
437150
439896
442332
445357
448262
451167
453803
456329
459704
462350
464885
468400
472543
475558
478454
481299
484544
487190
489686
492651
495327
496984
501058
504868
508196
511571
514895
517192
519688
522803
525099
527974
530790
533705
536830
539855
542371
545327
547473
550269
553404
555989
558675
560662
562489
566253
569698
572663
575658
578653
581529
583765
586441
589871
593240
596634
599480
602355
605191
608575
611211
613717
616463
619687
622233
625268
627705
630071
