2548
5398
7445
9686
12087
16680
19161
21682
24228
26929
29090
31322
33189
35660
37736
40232
42843
45594
48219
50740
53556
56027
58413
60550
63154
68138
70424
72940
75486
77982
80802
83223
85824
88680
91106
93197
96213
99058
101414
104100
106860
109686
112312
115167
117693
120034
122141
124482
126604
128740
130812
133044
136074
138794
141485
144236
146657
149512
151948
154938
157469
160075
162382
164902
167279
169495
172146
174722
177293
179903
182739
185649
188350
191270
193856
195843
198993
200890
202822
204734
206975
209067
211573
214553
216889
219101
222181
224821
227687
230358
232958
235584
238510
241060
243437
246082
248788
251344
254070
256291
258428
260754
263435
265706
267897
270623
273284
275665
278281
280487
282764
285015
287656
290012
292975
295508
298109
300505
303411
306031
308457
309611
312062
314608
317268
319764
321876
324432
327332
329903
332763
335065
337511
339782
341819
343696
345818
347959
350051
352397
354988
357259
359406
365691
373947
375804
377137
380247
382748
389557
392343
395009
398079
400490
402786
405497
408362
410704
412975
415511
418127
420548
422500
429249
431635
434231
436837
439078
441819
444664
446761
449102
451199
453670
456181
458637
461003
463394
465950
467987
470573
472505
474486
476573
478460
480736
482703
485254
489837
495158
497654
499786
504763
507304
509196
511492
513579
515895
518481
520642
523308
525824
528694
531280
533647
536502
539377
541878
544594
547075
549301
551518
553030
555077
557089
558931
560908
563564
565630
568126
570433
573168
575754
578350
581011
586327
589138
591299
596546
