1579
4200
6651
9037
11269
13540
18402
20609
23414
25900
28157
30213
32694
34681
36573
39444
41575
44900
47346
49907
52697
55068
57345
59771
62082
64513
69575
71946
74432
76859
79719
82180
85060
87402
89788
92508
95024
97550
100680
103341
105682
108623
111323
114009
116455
118896
121058
123379
125820
127917
130153
132030
134831
137596
140442
143062
145793
148169
150820
153695
156117
158777
161448
163924
166375
168582
171242
173589
176484
178955
181855
184466
187441
190072
192928
195149
196941
200071
201703
204095
206007
208363
210330
212516
215541
217937
220593
223598
226274
229409
232070
234371
237207
239797
242868
245408
247450
250181
253216
255333
257424
259905
262271
264528
267273
269769
272116
274357
276923
279549
281865
284067
286747
289388
291684
294510
296881
299836
302118
305043
307479
309121
311038
313604
316015
318596
320793
323698
326074
328940
331505
334291
336587
339033
340741
342987
345109
347115
349322
351488
353830
356071
358233
360494
373114
374626
376563
378670
381246
387331
391075
393940
397065
399322
402032
404598
407369
409820
411757
414313
417073
419559
421591
423847
430861
433342
435908
438175
440691
443626
445757
448069
450580
452641
455172
457648
459980
462416
464822
467083
469834
471676
473493
475490
477646
479923
481949
484331
488978
493731
496586
499057
501593
506360
508272
510613
512650
514877
517178
519559
522235
524646
527806
530167
533062
535828
538299
540590
543601
546072
548742
550644
552377
554478
556460
558092
560239
562341
564532
566933
569589
572120
574925
577416
580217
585129
587750
590660
595423
597634
