59
143
327
375
453
495
532
576
711
760
927
977
1048
1202
1245
1402
1426
1446
1503
1551
1645
1701
1769
1939
2037
2122
2149
2364
2453
2466
2583
2697
2773
2845
2965
2998
3034
3159
3241
3423
3460
3552
3630
3679
3991
4008
4044
4320
4355
4410
4569
4647
4670
4729
4781
4874
5025
5039
5152
5363
5425
5563
5582
5626
5727
5815
5844
5966
6102
6176
6195
6209
6323
6377
6477
6606
6765
6797
6867
6894
6973
7075
7107
7144
7224
7423
7680
7716
7863
7876
8072
8225
8317
8378
8400
8480
8555
8632
8739
8825
8858
8915
9072
9137
9253
9505
9616
9701
9795
9815
10035
10100
10146
10251
10468
10778
10978
11090
11183
11213
11539
11566
11602
11640
11676
11743
11836
11904
11946
12075
12238
12278
12329
12420
12450
12580
12602
12784
12916
13092
13327
13350
13452
13622
13640
13864
14063
14186
14323
14501
14569
14662
14686
14781
14877
14897
14965
15134
15285
15344
15369
15394
15493
15518
15648
15686
15819
15899
15936
15973
16154
16243
16325
16427
16446
16497
16678
16768
16809
16898
17127
17182
17241
17409
17448
17559
17781
17890
17942
17966
18005
18043
18123
18140
18303
18370
18528
18565
18609
18734
18819
18862
18924
18940
19164
19283
19354
19536
19548
19590
19737
19783
19871
19899
19933
19992
20110
20213
20286
20352
20596
20661
20789
20827
20966
20993
21270
21299
21385
21414
21513
21550
21611
21682
21727
21787
21881
22003
22205
22252
22431
22565
22655
22845
22935
22959
22988
23141
23211
23255
23320
23346
23488
23504
23526
23702
23774
23910
24026
24121
24168
24195
24312
24494
24552
24672
24771
25030
25076
25109
25130
25244
25431
25464
25561
25648
25739
25851
25927
26023
26091
26121
26166
26215
26260
26467
26693
26770
26799
26839
26913
26985
27107
27179
27269
27313
27441
27541
27562
27817
27864
27893
28033
28084
28140
28247
28286
28465
28492
28622
28646
28689
28944
28978
29033
29052
29103
29480
29500
29689
29766
29843
29888
29932
30103
30144
30201
30389
30435
30538
30573
30727
30753
30835
30873
30940
31078
31126
31275
31308
31380
31417
31598
31743
31849
31941
31990
32054
32194
32315
32366
32448
32697
32722
32823
32854
33101
33213
33454
33675
33765
33889
34154
34309
34326
34370
34496
34547
34877
34986
35050
35069
35256
35692
35721
35802
35908
36088
36130
36365
36427
36486
36555
36728
36890
36929
37011
37116
37147
37308
37414
37448
37504
37635
37818
37994
38005
38140
38164
38208
38379
38434
38569
38622
38736
38773
38801
38931
38970
39071
39106
39186
39207
39359
39455
39569
39588
39607
39788
39812
39913
39955
40024
40074
40220
40275
40332
40458
40516
40576
40679
41044
41090
41264
41361
41394
41432
41463
41604
41699
41738
41859
41966
42002
42055
42157
42304
42343
42427
42521
42545
42603
42705
42820
42924
42953
43100
43167
43212
43254
43300
43320
43431
43468
43519
43557
43636
43686
43722
43860
43879
44041
44176
44221
44294
44338
44362
44406
44445
44470
44516
44605
44635
44816
44844
44878
44946
44977
45050
45135
45249
45340
45457
45482
45524
45614
45683
45793
46045
46092
46160
46215
46270
46381
46481
46593
46627
46706
47044
47111
47153
47190
47233
47340
47405
47429
47511
47588
47742
47772
48052
48101
48224
48253
48383
48410
48431
48531
48651
48669
48730
48791
48927
49023
49123
49280
49474
49516
49607
49656
49698
49766
49907
49999
50125
50214
50257
50277
50298
50417
50588
50639
50672
50685
50821
51055
51087
51148
51205
51270
51294
51443
51490
51660
51715
51752
51953
51974
51994
52223
52254
52357
52601
52624
52938
53049
53100
53268
53745
53808
53842
53863
53904
53930
53973
54024
54073
54122
54198
54219
54574
54622
54785
54837
54859
54889
55059
55194
55359
55389
55430
55565
55595
55813
55837
55927
56122
56430
56471
56547
56587
56637
56720
56850
57071
57143
57272
57368
57477
57529
57566
57592
57885
57923
58066
58093
58148
58270
58319
58385
58510
58654
58685
58735
58869
58980
58990
59110
59153
59222
59290
59302
59336
59379
59435
59527
59621
59828
59850
59870
59998
60299
60360
60473
60488
60507
60616
60678
60978
61005
61088
61150
61194
61307
61373
61385
61456
61572
61631
61650
61716
61932
62050
62107
62131
62404
62709
62768
62943
62979
63012
63054
63243
63441
63476
63518
63581
63779
63981
64014
64294
64327
64345
64563
64603
64772
64800
64837
64937
65053
65148
65170
65371
65409
65448
65492
65636
65685
65816
65933
65973
66019
66118
66136
66168
66452
66580
66624
66649
66720
66761
66908
66971
67005
67054
67117
67156
67172
67227
67273
67322
67425
67461
67641
67871
67932
68045
68182
68237
68301
68350
68532
68643
68795
68981
69267
69326
69428
69521
69599
69648
69687
69717
69773
69803
69824
69958
70108
70235
70341
70379
70467
70518
70565
70602
70638
70759
70809
70912
70945
71064
71100
71129
71340
71489
71571
71787
71930
71954
71999
72056
72094
72140
72180
72232
72341
72368
72430
72488
72516
72534
72588
72639
72662
72693
72792
72835
72893
73065
73081
73115
73166
73211
73282
73332
73486
73565
73661
73747
73839
73870
73908
74118
74191
74212
74246
74398
74434
74473
74571
74742
75047
75117
75191
75213
75251
75546
75640
75667
75803
75982
76030
76101
76143
76305
76416
76438
76527
76677
76687
76781
76838
76972
77157
77272
77539
77551
77657
77672
77741
77826
77911
77982
78187
78303
78328
78446
78618
78686
78713
78735
78817
78902
79052
79075
79107
79337
79579
79613
79777
79891
79918
80003
80122
80149
80246
80288
80419
80528
80584
80601
80710
80802
80880
80952
80996
81033
81217
81250
81274
81340
81469
81623
81713
81735
82043
82105
82171
82256
82479
82505
82696
82758
82789
83227
83354
83389
83431
83579
83777
83806
83874
83998
84059
84143
84192
84228
84275
84359
84398
84591
84831
84867
84893
84976
85113
85154
85300
85353
85573
85629
85777
85824
86087
86120
86254
86305
86362
86399
86451
86584
86611
86723
86752
86810
86890
86967
87005
87042
87193
87216
87301
87330
87446
87546
87611
87758
87824
87857
87922
88085
88239
88322
88436
88550
88706
88861
88946
88989
89142
89286
89512
89551
89700
89746
89828
90007
90065
90107
90187
90306
90337
90512
90557
90628
90793
90822
90952
91039
91074
91287
91406
91913
92173
92254
92409
92464
92505
92659
92691
92782
92917
92978
93271
93409
93562
93604
93658
93676
93855
93881
94002
94051
94109
94213
94345
94432
94559
94685
94704
94818
94957
94999
95169
95204
95247
95406
95433
95483
95640
95695
95947
95961
96051
96106
96147
96185
96235
96375
96477
96610
96649
96828
96846
96925
96984
97100
97170
97249
97406
97500
97549
97605
97712
97727
97780
97855
97887
97925
98064
98089
98242
98341
98374
98418
98525
98584
98695
98778
98809
98853
98941
98973
99034
99049
99150
99267
99368
99423
99462
99599
99671
99742
99800
99855
99956
100048
100087
100122
100169
100291
100308
100387
100411
100552
100573
100616
100672
100870
100893
100918
100968
101063
101191
101327
101413
101457
101512
101576
101620
101652
101791
101811
101828
101965
102006
102220
102276
102366
102626
102819
102886
102937
103047
103073
103104
103161
103281
103314
103341
103384
103545
103665
103795
103866
103912
104128
104165
104183
104282
104393
104435
104583
104836
105002
105026
105060
105137
105237
105338
105391
105621
105711
105733
105790
105838
105963
105982
106251
106275
106421
106502
106538
106667
106780
106832
106860
106883
106905
107052
107151
107246
107342
107528
107574
107730
107832
107959
108024
108070
108093
108174
108193
108263
108326
108372
108448
108558
108599
108655
108700
108734
108790
108814
108885
109043
109167
109254
109334
109428
109625
109670
109851
109927
109982
110022
110150
110240
110467
110515
110539
110569
110596
110693
110733
110796
110812
110829
110907
111022
111119
111287
111318
111350
111501
111615
111646
111676
111770
111881
111910
112005
112025
112061
112151
112194
112212
112290
112352
112386
112417
112433
112515
112587
112845
112904
113001
113147
113263
113307
113330
113496
113627
113775
113968
114016
114048
114081
114226
114242
114258
114292
114382
114449
114632
114896
114996
115043
115080
115163
115205
115231
115286
115331
115410
115441
115462
115522
115940
115982
116048
116172
116190
116321
116361
116536
116611
116683
116695
116742
116864
117000
117063
117173
117269
117481
117516
117548
117593
117731
117892
118057
118179
118208
118265
118419
118468
118558
118583
118671
118747
118785
118871
118975
118995
119066
119122
119193
119216
119250
119334
119374
119458
119541
119677
119941
119983
120071
120133
120175
120232
120324
120374
120444
120571
120620
120731
120987
121057
121255
121331
121355
121416
121619
121632
121667
121803
121916
121928
121999
122051
122105
122134
122336
122379
122530
122620
122663
122807
123039
123066
123148
123235
123275
123334
123367
123424
123630
123732
123881
123904
124012
124117
124223
124479
124679
124691
124884
124910
125286
125378
125681
125727
125798
125857
125879
125920
125960
126055
126141
126156
126207
126233
126331
126384
126634
126670
126846
126951
127078
127130
127225
127244
127540
127581
127610
127653
127719
127835
128009
128074
128245
128420
128450
128489
128545
128598
128809
128909
128976
129089
129504
129563
129780
129813
129841
130159
130174
130267
130381
130421
130465
130526
130635
130747
130833
130930
131049
131128
131245
131346
131393
131426
131535
131588
131697
131819
131859
131872
131946
132060
132098
132242
132306
132393
132487
132569
132674
132850
132892
132930
133019
133081
133114
133287
133367
133466
133506
133748
133877
133907
133955
133967
134149
134281
134418
134451
134489
134604
134659
134676
134737
134910
134953
135070
135113
135217
135240
135448
135489
135668
135692
135863
136058
136203
136246
136400
136467
136538
136581
136622
136803
136869
136895
137133
137187
137245
137331
137363
137426
137484
137587
137837
137988
138130
138160
138407
138465
138491
138573
138616
138842
138934
138993
139060
139142
139164
139190
139375
139484
139564
139592
139944
139975
140018
140322
140450
140481
140529
140616
140677
140826
140889
141002
141043
141113
141166
141267
141301
141360
141395
141456
141563
141680
141774
141797
141965
142074
142379
142400
142521
142544
142666
142725
142854
142886
142927
143027
143133
143291
143357
143380
143456
143508
143554
143640
143660
143818
143876
143908
143952
144067
144111
144215
144245
144389
144436
144864
144999
145039
145082
145271
145509
145535
145610
145654
145674
145744
145925
145978
146005
146082
146203
146225
146335
146409
146439
146524
146846
146930
146946
147182
147312
147640
147908
148007
148063
148097
148145
148156
148429
148458
148648
148682
148761
148885
148926
148967
149096
149189
149338
149392
149412
149662
149759
149859
149908
150015
150045
150079
150166
150330
150361
150448
150532
150582
150616
150796
150945
150974
151074
151184
151228
151380
151419
151498
151573
151716
151760
151820
151859
151881
152285
152377
152525
152700
152733
152796
152867
153149
153217
153241
153281
153414
153454
153513
153593
153801
153831
153965
154006
154085
154169
154240
154296
154417
154538
154578
154600
154622
154736
154889
154918
154950
155105
155134
155157
155311
155344
155443
155566
155624
155737
155820
155844
156112
156174
156192
156339
156504
156578
156608
156741
156763
156877
156965
157079
157156
157176
157266
157342
157449
157643
157787
157804
157871
158003
158149
158341
158382
158724
158812
158880
158967
159052
159093
159225
159257
159330
159357
159385
159453
159488
159533
159596
159730
159768
159823
159939
159998
160082
160168
160226
160412
160539
160576
160669
160733
160846
160990
161066
161169
161230
161262
161323
161441
161471
161622
161757
162140
162246
162487
162503
162561
162763
162843
163021
163052
163157
163222
163273
163525
163590
163733
163877
163905
163954
163986
163997
164065
164128
164215
164290
164384
164423
164524
164589
164629
164659
164688
164749
164936
164978
165174
165226
165277
165342
165397
165526
165653
165694
165789
165887
166166
166395
166721
166811
166837
167075
167092
167218
167332
167365
167427
167457
167689
167717
167809
167997
168092
168184
168213
168247
168288
168417
168524
168586
168922
169056
169218
169256
169306
169423
169443
169624
169679
169732
169764
169807
169922
170070
170131
170418
170485
170527
170592
170639
170671
170830
170852
170875
171205
171307
171485
171511
171638
171679
171855
172172
172258
172312
172407
172461
172548
172632
172710
172763
172815
172893
172939
173121
173190
173241
173273
173387
173453
173773
173869
173944
174118
174323
174428
174585
174622
174665
174744
174828
174942
174999
175053
175166
175338
175374
175417
175547
175655
175771
175835
176027
176252
176282
176429
176504
176573
176611
176717
176853
176884
177136
177188
177254
177339
177384
177619
177672
177746
177838
177899
177945
177977
178438
178520
178582
178609
178711
178774
179005
179064
179130
179268
179298
179343
179481
179532
179727
179935
179998
180077
180142
180226
180270
180336
180347
180517
180601
180620
180699
180849
180898
180941
180974
181253
181313
181335
181385
181762
181837
181857
181903
182178
182220
182299
182400
182492
182516
182706
182780
183011
183059
183179
183197
183354
183392
183584
183611
183662
183750
183830
183865
183929
184050
184115
184162
184346
184382
184480
184557
184967
185146
185336
185446
185464
185521
185644
185805
185851
185887
185963
186023
186182
186230
186270
186313
186427
186499
186598
186681
186874
186978
187014
187050
187094
187337
187407
187519
187660
187682
187744
187773
187894
188004
188253
188297
188417
188469
188584
188778
188824
188847
189033
189098
189171
189208
189449
189590
189649
189760
189910
189951
190103
190220
190290
190303
190346
190406
190550
190711
190780
191115
191226
191310
191346
191403
191457
191472
191590
191617
191699
191766
191837
191921
192080
192351
192526
192542
192560
192632
192695
192736
192763
192974
193088
193172
193204
193421
193482
193528
193610
193694
193733
193862
193888
194106
194139
194165
194291
194447
194545
194717
194794
195009
195036
195065
195500
195623
195648
195718
195742
195816
195858
195901
196162
196251
196317
196349
196384
196433
196494
196527
196588
196636
196714
196780
196837
196901
196941
196980
197113
197148
197170
197184
197297
197340
197351
197388
197416
197474
197545
197572
197591
197654
197684
197731
197830
197865
197951
197997
198047
198068
198180
198258
198360
198385
198441
198538
198554
198580
198620
198833
198868
198941
198997
199048
199059
199076
199182
199241
199288
199313
199364
199413
199507
199633
199698
199824
199888
199920
200016
200160
200339
200361
200445
200474
200555
200762
200781
200898
200945
200968
201004
201052
201191
201227
201286
201422
201438
201484
201509
201608
201626
201725
201744
201771
201796
201887
201915
201968
202014
202080
202116
202142
202195
202220
202270
202314
202354
202466
202540
202612
202677
202822
202849
202895
202940
203060
203107
203151
203180
203252
203275
203337
203501
203575
203680
203703
203747
203758
203779
203802
203916
203972
204024
204072
204122
204209
204253
204360
204435
204458
204519
204578
204619
204732
204743
204805
204836
204934
204988
205036
205103
205120
205186
205287
205311
205364
205450
205526
205548
205580
205619
205661
205837
205931
205953
205971
206012
206167
206417
206451
206560
206620
206734
206792
206846
206903
206990
207020
207082
207113
207174
207274
207334
207377
207413
207473
207517
207564
207611
207659
207790
207848
207929
208136
208286
208326
208400
208436
208507
208601
208628
208685
208835
208928
209080
209220
209302
209354
209684
209707
209781
209825
209850
209915
209953
209965
210007
210074
210115
210211
210240
210258
210317
210387
210543
210562
210585
210614
210636
210669
210702
210718
210816
210835
210954
210964
210988
211012
211357
211447
211482
211761
211911
211925
212030
212081
212214
212244
212299
212324
212362
212389
212449
212476
212550
212619
212645
212658
212682
212715
212868
213101
213195
213269
213296
213330
213483
213551
213625
213656
213674
213741
213781
213824
213853
213871
213946
214007
214082
214363
214398
214717
214805
214906
214949
214992
215072
215194
215245
215383
215456
215590
215611
215942
216002
216129
216147
216172
216300
216380
216597
216633
216659
216723
216821
216858
216880
216919
216934
217030
217198
217264
217364
217393
217421
217600
217794
217963
218032
218165
218253
218282
218316
218477
218519
218550
218578
218649
218738
218812
218911
219184
219219
219542
219890
219926
220306
220397
220465
220525
220571
220738
220851
220897
221001
221035
221097
221137
221426
221612
221663
221703
221862
221910
222022
222072
222123
222153
222192
222292
222705
222819
222840
222925
223040
223228
223258
223281
223503
223542
223625
223673
223850
223877
223929
223967
223983
224047
224128
224209
224287
224351
224421
224477
224693
224744
224845
224928
225000
225019
225048
225092
225144
225172
225315
225403
225415
225576
225649
225673
225716
225762
225786
225826
225845
225931
225978
226027
226107
226159
226205
226301
226353
226377
226541
226688
226716
226739
226775
226997
227138
227263
227336
227393
227445
227566
227611
227698
227717
227787
227905
228071
228151
228328
228478
228623
228648
228773
228855
228891
228965
228993
229030
229059
229108
229131
229173
229192
229220
229237
229279
229309
229364
229380
229453
229512
229544
229563
229593
230044
230192
230236
230266
230334
230471
230576
230620
230685
230741
230869
230951
230991
231047
231087
231236
231288
231309
231568
231646
231666
231709
231814
231933
232001
232035
232084
232137
232207
232246
232266
232296
232325
232456
232517
232548
232614
232662
232734
232810
232950
233024
233114
233133
233159
233214
233246
233406
233602
233710
233838
233935
233983
234023
234069
234102
234196
234241
234354
234423
234496
234519
234587
234633
234727
234740
234775
234907
235050
235155
235230
235455
235544
235570
235590
235814
235934
235973
236152
236182
236217
236243
236275
236309
236333
236370
236406
236433
236520
236738
236838
236950
236969
237093
237236
237366
237409
237451
237602
237619
237693
237719
237736
237785
237835
237887
237951
238065
238091
238124
238339
238442
238471
238525
238551
238590
238689
238728
238795
238964
239011
239098
239233
239271
239309
239423
239547
239590
239650
239712
239917
239965
240088
240291
240323
240373
240447
240502
240562
240617
240855
241010
241044
241106
241140
241348
241374
241470
241507
241557
241640
241692
241788
241858
241903
242147
242203
242300
242331
242359
242437
242664
242698
242750
242774
242835
242858
242888
242925
242992
243047
243118
243241
243270
243312
243326
243431
243456
243497
243601
243721
243806
243938
243982
244034
244079
244170
244286
244329
244370
244578
244603
244650
244696
244793
244959
244991
245136
245159
245181
245290
245327
245377
245483
245521
245686
245707
245752
245853
245956
245988
246067
246133
246158
246230
246277
246375
246518
246643
246675
246803
246894
246939
247003
247154
247242
247367
247425
247512
247558
247710
247727
247919
247987
248048
248138
248238
248276
248490
248520
248592
248651
248718
248794
248858
248885
248987
249189
249273
249298
249550
249588
249616
249628
249667
249771
249840
249874
249917
249963
250020
250122
250187
250250
250336
250425
250491
250540
250612
250678
250756
250809
250978
251016
251058
251110
251232
251336
251474
251550
251682
251709
251803
251868
251952
251991
252008
252069
252137
252184
252219
252306
252355
252457
252598
252798
252889
252971
252987
253151
253238
253304
253375
253386
253594
253643
253668
253720
253959
254021
254136
254231
254372
254461
254622
254644
254658
254748
254806
254829
254858
254970
255035
255082
255111
255209
255241
255436
255623
255684
255714
255745
255830
255930
255996
256051
256096
256176
256201
256231
256304
256400
256426
256498
256527
256686
256729
256751
256815
256829
256852
256891
256909
257004
257172
257201
257268
257300
257380
257392
257439
257472
257504
257641
257735
257938
258058
258086
258257
258497
258708
258808
258825
258937
259051
259072
259129
259248
259316
259431
259481
259517
259586
259611
259790
259807
259977
260086
260179
260251
260348
260382
260501
260645
260739
260810
260861
260881
260965
261133
261172
261188
261243
261401
261431
261478
261582
261598
261836
261859
261933
261984
262030
262122
262149
262198
262231
262324
262389
262414
262442
262474
262520
262680
262724
262768
262880
263049
263062
263295
263374
263408
263539
263555
263620
263707
263735
263767
263849
263966
263999
264043
264106
264187
264211
264301
264322
264377
264400
264547
264598
264875
264951
264977
265044
265082
265108
265119
265404
265435
265489
265517
265680
265794
265806
265914
266018
266051
266320
266484
266528
266618
266647
266802
266834
266851
266939
266977
267079
267133
267162
267177
267250
267293
267317
267332
267409
267459
267563
267599
267612
267633
267692
267747
267853
267947
268017
268133
268246
268313
268389
268441
268456
268557
268568
268673
268722
268778
268946
268997
269086
269162
269218
269280
269370
269413
269433
269505
269655
269701
269717
269742
269878
269894
269946
270047
270159
270189
270221
270319
270392
270441
270503
270515
270539
270713
270756
270825
270841
270932
270970
271001
271078
271301
271446
271677
271823
271963
272111
272158
272266
272338
272433
272509
272548
272576
272589
272741
272793
272832
272953
272971
273077
273242
273329
273379
273445
273545
273631
273755
273794
273890
273964
274017
274064
274079
274343
274384
274517
274546
274770
274831
274862
274936
274966
275033
275059
275094
275293
275319
275352
275382
275424
275485
275540
275599
275672
275704
275736
275935
276117
276201
276289
276382
276403
276553
276584
276626
276652
276713
276753
276795
276824
276877
276997
277107
277238
277263
277391
277612
277683
277731
277823
277850
277915
278041
278066
278089
278296
278313
278353
278478
278502
278829
278845
279014
279198
279287
279313
279408
279528
279621
279688
279731
279780
279849
280104
280144
280221
280270
280483
280512
280658
280709
280817
281060
281136
281161
281225
281337
281462
281511
281552
281574
281612
281665
281718
281790
281883
281977
282025
282259
282343
282398
282475
282538
282627
282670
282733
282781
282825
282889
282917
283002
283046
283148
283176
283270
283332
283450
283512
283613
283716
283727
283830
283927
283991
284020
284141
284271
284412
284608
284779
284823
284979
285029
285088
285169
285210
285234
285289
285360
285388
285518
285542
285652
285701
285807
286056
286212
286341
286400
286427
286819
286964
287033
287044
287111
287192
287299
287331
287403
287464
287500
287688
287730
287751
287901
288091
288134
288300
288436
288479
288639
288709
289048
289080
289208
289258
289288
289315
289397
289507
289699
289714
289828
289983
290053
290104
290155
290254
290305
290335
290365
290392
290470
290542
290600
290885
290917
290944
291016
291027
291138
291187
291260
291339
291365
291428
291486
291518
291613
291654
291695
291747
291910
291996
292068
292088
292215
292254
292295
292407
292453
292513
292569
292719
292851
292882
292951
292992
293015
293202
293263
293287
293303
293354
293401
293421
293546
293599
293616
293831
293855
293958
293991
294052
294104
294358
294401
294451
294485
294504
294569
294603
294654
294757
294899
294938
295060
295144
295440
295452
295550
295575
295625
295695
295828
295874
295925
295964
295984
296285
296308
296339
296441
296468
296506
296716
296799
296851
296866
296907
296929
296955
296999
297050
297129
297243
297441
297534
297554
297660
297726
297842
297942
297964
298018
298104
298182
298269
298291
298410
298461
298636
298668
298735
298769
298808
298904
298926
299005
299108
299141
299230
299334
299388
299509
299602
299663
299741
299778
299854
299879
299929
300007
300190
300242
300287
300337
300380
300468
300507
300545
300626
300716
300810
300886
300920
300978
301043
301116
301185
301302
301456
301541
301661
301753
301799
301816
301907
302014
302070
302093
302189
302272
302307
302410
302599
302621
302767
303008
303135
303211
303234
303262
303319
303469
303515
303555
303821
303850
303867
303936
303961
304016
304132
304152
304312
304336
304378
304467
304535
304625
304682
304760
304777
304905
304937
304984
305063
305250
305321
305367
305505
305559
305783
305834
305979
306168
306302
306316
306376
306421
306444
306571
306660
306731
306792
306807
306833
306848
306888
307000
307123
307245
307270
307305
307382
307489
307552
307604
307631
307661
307716
307822
307844
307882
307942
307969
308014
308047
308075
308091
308166
308553
308599
308617
308728
308756
308803
308820
308884
308905
308980
309011
309093
309120
309215
309235
309338
309358
309381
309484
309567
309603
309666
309729
309849
309883
309936
309984
309999
310033
310205
310383
310455
310468
310509
310591
310644
310712
310751
310954
310992
311032
311108
311166
311185
311212
311331
311434
311450
311625
311715
311793
311889
312045
312256
312329
312375
312503
312561
312633
312745
312818
312929
313128
313272
313391
313473
313618
313728
313761
313809
313888
314006
314101
314153
314295
314334
314440
314491
314630
314719
314800
314963
314983
315100
315152
315166
315278
315334
315400
315519
315597
315825
315974
316028
316174
316202
316323
316393
316437
316597
316640
316746
316853
316909
316955
317048
317088
317110
317167
317242
317300
317341
317378
317429
317511
317595
317696
317809
317834
317865
317957
318036
318106
318148
318205
318238
318259
318400
318634
318659
318717
318798
318866
318885
318952
318979
319010
319032
319098
319127
319168
319272
319315
319326
319424
319528
319538
319647
319762
319794
320020
320047
320103
320160
320198
320254
320297
320327
320379
320531
320561
320663
320723
320755
320805
320917
320948
320978
321006
321365
321406
321436
321456
321490
321612
321632
321783
321799
321912
321930
321947
322044
322128
322160
322185
322234
322380
322620
322652
322815
322957
322988
323050
323061
323164
323211
323307
323465
323489
323554
323592
323694
323834
323931
323995
324019
324084
324170
324202
324230
324261
324341
324392
324485
324566
324629
324791
324826
324983
325099
325127
325200
325234
325270
325297
325531
325575
325636
325663
325740
325816
325841
325968
326054
326125
326292
326350
326440
326548
326585
326633
326968
327001
327031
327065
327307
327379
327433
327448
327539
327607
327648
327680
327746
327879
327902
328015
328162
328204
328243
328424
328605
328838
328886
328914
328940
328996
329033
329147
329200
329260
329327
329377
329439
329567
329593
329616
329640
329665
329810
329831
329907
330051
330077
330199
330304
330408
330524
330553
330619
330750
330771
330886
331039
331071
331157
331264
331341
331371
331501
331527
331551
331697
331775
331940
332018
332047
332106
332165
332188
332254
332329
332442
332523
332551
332623
332646
332802
332824
332889
332949
332990
333033
333056
333191
333206
333327
333390
333465
333499
333524
333623
333765
333840
333883
333940
334028
334096
334217
334269
334317
334359
334450
334547
334605
334702
334887
335003
335042
335101
335173
335300
335312
335347
335360
335541
335564
335654
335680
335752
335789
335817
335892
335938
336026
336240
336273
336469
336501
336616
336642
336672
336727
336782
336890
337029
337161
337261
337388
337410
337452
337472
337510
337546
337591
337667
337785
337826
337876
337977
338015
338056
338074
338113
338175
338195
338209
338263
338339
338370
338381
338419
338438
338466
338490
338512
338614
338678
338694
338720
338774
338808
338819
338933
339036
339074
339100
339130
339197
339220
339305
339363
339383
339423
339471
339489
339525
339575
339609
339635
339654
339690
339754
339800
340038
340055
340270
340457
340503
340538
340554
340612
340637
340661
340706
340770
340789
340892
340906
340929
340989
341087
341278
341323
341351
341381
341421
341500
341534
341547
341579
341637
341679
341769
341832
341937
342094
342199
342375
342460
342564
342620
342784
342846
342900
342944
343073
343140
343162
343323
343387
343440
343469
343644
343709
343738
343769
343809
343820
343871
344032
344073
344214
344240
344343
344387
344517
344543
344565
344659
344721
344763
344838
344872
345038
345221
345319
345341
345779
345894
345985
346064
346173
346211
346234
346399
346441
346493
346567
346627
346639
346685
346755
346826
346908
346968
347136
347454
347500
347536
347566
347595
347794
347940
348105
348137
348261
348333
348407
348549
348690
348927
348992
349152
349227
349347
349390
349477
349491
349520
349651
349667
349805
349831
350101
350150
350234
350338
350417
350583
350686
350749
350832
350895
350915
350947
351140
351232
351330
351366
351443
351458
351580
351638
351739
351755
351834
351864
351897
351980
352005
352030
352049
352079
352146
352175
352295
352396
352490
352526
352674
352743
352772
352919
352972
353037
353164
353281
353508
353572
353622
353649
353821
353857
353868
354015
354056
354152
354290
354350
354375
354389
354434
354465
354483
354499
354531
354566
354587
354609
354642
354691
354765
354838
354857
354906
354955
354970
355037
355168
355268
355301
355335
355377
355423
355481
355500
355577
355650
355679
355761
355799
355851
355897
355912
355944
355975
356196
356244
356266
356382
356412
356457
356483
356521
356578
356598
356653
356680
356721
356762
356778
356890
357025
357039
357091
357288
357353
357462
357492
357522
357552
357573
357688
357760
357825
357972
358019
358087
358115
358179
358229
358403
358465
358660
358730
358796
358819
358882
358972
359010
359047
359087
359122
359277
359310
359329
359380
359644
359664
359708
359732
359785
359802
359824
359898
359933
360032
360110
360179
360213
360306
360549
360643
360679
360834
360992
361053
361114
361132
361188
361252
361297
361421
361497
361680
361719
361870
362137
362212
362276
362551
362581
362680
362789
362976
363000
363092
363184
363326
363371
363484
363511
363711
363744
363863
363961
363992
364046
364059
364113
364346
364383
364429
364517
364795
364817
364890
365057
365146
365263
365372
365572
365594
365634
365673
365733
365763
365782
365804
365957
366066
366091
366344
366408
366491
366533
366572
366621
366739
366849
366966
366992
367011
367043
367080
367325
367385
367520
367553
367585
367632
367781
367805
367862
367977
368059
368078
368192
368254
368275
368298
368345
368404
368425
368457
368530
368681
368701
368756
368947
368984
369079
369142
369156
369304
369384
369517
369578
369620
369791
369898
369930
369978
370004
370077
370143
370162
370194
370215
370267
370346
370434
370459
370492
370524
370551
370613
370681
370747
370781
370837
370903
371103
371199
371320
371369
371475
371512
371549
371587
371618
371668
371708
371965
372027
372128
372243
372272
372290
372318
372330
372382
372428
372583
372721
372770
372880
372931
373204
373338
373352
373590
373621
373684
373704
373763
373857
373961
373989
374020
374125
374217
374320
374348
374629
374670
374702
374892
374910
375094
375173
375229
375248
375332
375363
375462
375671
375817
375843
375883
375902
375925
375992
376011
376144
376160
376172
376216
376257
376282
376343
376357
376390
376479
376511
376674
376702
376741
376752
376798
376824
376895
376950
377007
377076
377330
377450
377536
377628
377672
377713
377810
377854
377916
377949
377989
378023
378104
378178
378282
378303
378342
378383
378431
378458
378483
378680
378738
378868
378904
378929
378958
379009
379038
379064
379099
379153
379271
379304
379333
379414
379591
379634
379658
379712
379774
379803
379831
379887
379952
380007
380128
380161
380214
380244
380330
380379
380413
380443
380474
380558
380615
380658
380685
380740
380831
380894
380915
380934
380989
381050
381115
381233
381411
381451
381480
381517
381536
381618
381714
381788
381812
381832
381884
381968
382043
382203
382267
382326
382378
382441
382499
382545
382606
382726
382757
382802
382879
382917
382972
383006
383071
383098
383154
383190
383243
383599
383678
383728
383774
383889
383923
383995
384012
384087
384240
384268
384322
384347
384549
384577
384634
384694
384758
384797
384881
384919
384941
384989
385045
385090
385113
385251
385277
385355
385449
385514
385538
385559
385756
385977
386039
386113
386206
386260
386312
386418
386452
386506
386518
386609
386633
386656
386688
386703
386757
386790
386897
386929
386961
387100
387154
387251
387308
387332
387372
387441
387528
387543
387576
387593
387630
387686
387718
387792
387813
387826
387860
387883
387908
387938
387971
388017
388037
388119
388313
388341
388362
388468
388507
388587
388608
388633
388668
388878
388914
388933
388986
389064
389085
389117
389143
389190
389219
389248
389498
389576
389734
389768
389816
389848
389914
389943
389995
390008
390046
390252
390297
390419
390443
390475
390497
390592
390676
390719
390844
390940
391035
391126
391168
391196
391237
391320
391441
391464
391512
391583
391694
391854
391990
392040
392084
392108
392156
392179
392269
392461
392481
392540
392571
392596
392617
392652
392745
392762
392889
392965
392996
393010
393077
393126
393208
393273
393354
393392
393403
393464
393489
393667
393741
393758
393829
393860
393919
394019
394123
394179
394221
394257
394313
394347
394502
394584
394615
394765
394786
394876
394940
394963
394999
395056
395072
395096
395129
395224
395319
395423
395532
395629
395717
395871
396021
396121
396141
396200
396286
396324
396343
396370
396418
396550
396579
396591
396680
396716
396922
397006
397055
397133
397146
397181
397245
397271
397284
397308
397344
397379
397406
397505
397544
397571
397614
397646
397712
397781
397947
398037
398069
398151
398213
398242
398316
398402
398419
398482
398510
398535
398601
398639
398698
398763
398800
398832
398867
398922
398999
399032
399169
399218
399255
399269
399324
399338
399411
399486
399503
399570
399707
399725
399776
399796
399873
399934
400009
400036
400061
400089
400135
400257
400277
400329
400392
400435
400540
400615
400690
400750
400825
400844
400915
400992
401032
401112
401142
401291
401427
401571
401584
401643
401661
401714
401883
401992
402046
402070
402156
402255
402271
402299
402361
402396
402505
402544
402576
402635
402717
402809
402918
402947
403022
403074
403196
403239
403272
403314
403359
403439
403498
403586
403624
403755
403849
403874
403928
403975
404172
404201
404241
404349
404376
404395
404427
404523
404587
404658
404687
404752
404805
404833
404866
404921
404940
404982
405047
405179
405273
405307
405445
405466
405490
405641
405665
405766
405782
405847
405864
406075
406142
406251
406270
406325
406382
406423
406486
406573
406665
406707
406736
406809
406954
406980
407025
407208
407297
407476
407519
407534
407568
407621
407667
407769
407839
407915
407964
407993
408013
408092
408110
408136
408233
408319
408431
408460
408489
408514
408602
408615
408681
408708
408739
408771
408831
408858
408950
408980
409050
409093
409134
409197
409272
409306
409541
409584
409611
409646
409680
409710
409721
409816
409833
409869
409882
409991
410098
410181
410228
410386
410428
410440
410550
410584
410619
410657
410809
410945
411027
411053
411123
411159
411174
411261
411328
411399
411462
411545
411570
411641
411820
411858
411891
411930
411949
412034
412076
412146
412303
412345
412438
412495
412675
412697
412795
412855
412870
412907
412970
413024
413053
413109
413164
413312
413372
413444
413488
413544
413654
413681
413711
413776
413923
414046
414137
414239
414298
414375
414450
414465
414495
414533
414608
414636
414679
414769
414823
414846
414922
414946
414989
415026
415065
415076
415171
415255
415291
415328
415371
415434
415516
415534
415588
415650
415668
415750
415764
415781
415799
415920
415963
415975
416118
416182
416236
416329
416456
416487
416526
416554
416612
416690
416784
416838
416890
416923
416992
417050
417114
417210
417269
417297
417413
417450
417607
417634
417650
417743
417812
417846
417943
418049
418236
418299
418326
418362
418441
418485
418521
418590
418655
418779
418827
418936
418970
419038
419094
419120
419150
419207
419271
419304
419325
419449
419549
419562
419607
419633
419694
419724
419772
419840
419866
419954
420026
420109
420197
420313
420360
420558
420609
420629
420659
420697
420748
420788
420821
420945
420974
421007
421023
421046
421248
421271
421308
421469
421482
421516
421539
421809
421850
421939
421965
422056
422070
422133
422175
422272
422304
422367
422399
422445
422578
422615
422653
422805
422991
423149
423227
423314
423373
423416
423469
423554
423641
423703
423780
423871
423886
424057
424097
424125
424229
424257
424327
424409
424451
424478
424699
424748
424825
424899
424941
425042
425078
425090
425113
425134
425282
425311
425364
425425
425574
425644
425722
425766
425781
425805
425885
425909
425948
426035
426066
426126
426249
426325
426493
426524
426596
426639
426660
426697
426726
426794
426868
426901
427022
427127
427231
427269
427311
427333
427493
427579
427609
427686
427830
427872
427959
428029
428091
428131
428174
428303
428371
428404
428460
428534
428706
428736
428899
429001
429085
429096
429145
429209
429274
429286
429313
429342
429416
429503
429637
429668
429732
429851
429977
430018
430119
430164
430283
430299
430335
430371
430453
430595
430709
430819
430843
430933
430994
431043
431213
431311
431455
431570
431634
431653
431679
431705
431842
431862
432008
432063
432099
432110
432137
432302
432332
432359
432446
432474
432545
432589
432798
432875
432915
433020
433111
433142
433210
433248
433286
433330
433351
433367
433422
433451
433544
433576
433783
433822
433848
433922
433994
434071
434145
434208
434288
434328
434355
434379
434469
434502
434521
434554
434572
434615
434632
434665
434712
434735
434866
434911
434947
435022
435093
435108
435215
435225
435262
435401
435542
435589
435686
435733
435771
435990
436009
436039
436091
436145
436282
436445
436637
436672
436716
436743
436820
436913
437031
437094
437114
437188
437217
437277
437325
437374
437449
437510
437643
437696
437729
437765
437789
437871
437905
437986
438054
438084
438119
438171
438239
438352
438413
438488
438563
438652
438675
438699
438715
438750
438846
438902
438943
439129
439157
439229
439266
439343
439407
439460
439689
439708
439761
439876
439916
439957
440049
440075
440195
440268
440395
440437
440465
440488
440513
440581
440647
440674
440699
440745
440768
440838
440905
440952
441019
441041
441057
441163
441193
441281
441328
441463
441564
441628
441712
441755
441946
441963
441990
442078
442105
442121
442165
442255
442306
442380
442403
442430
442482
442530
442557
442693
442750
442849
442891
442997
443221
443299
443366
443392
443465
443481
443514
443623
443822
443963
444045
444087
444141
444168
444189
444251
444296
444347
444360
444443
444522
444626
444657
444783
445083
445129
445160
445293
445357
445452
445479
445496
445513
445547
445610
445637
445695
445796
445885
445928
446020
446046
446118
446214
446235
446261
446307
446363
446419
446463
446531
446613
446630
446796
446833
446876
446907
446927
447032
447081
447128
447174
447190
447272
447331
447393
447459
447527
447581
447598
447626
447700
447867
447935
447989
448024
448067
448140
448167
448235
448292
448318
448365
448420
448508
448648
448700
448741
448802
448829
448892
448936
449044
449181
449235
449271
449311
449384
449435
449468
449689
449814
449858
450024
450070
450103
450125
450186
450204
450269
450300
450398
450429
450551
450582
450673
450787
450817
450977
451064
451117
451166
451240
451291
451367
451446
451469
451482
451574
451633
451662
451733
451807
451904
452063
452149
452175
452277
452386
452452
452513
452616
452728
452860
452887
452944
453016
453125
453176
453209
453270
453301
453352
453393
453439
453477
453561
453594
453648
453813
453873
453920
454024
454066
454111
454175
454244
454345
454409
454675
454753
454802
454881
454949
455009
455120
455134
455217
455272
455361
455404
455450
455569
455614
455641
455762
455781
455865
455897
455926
456014
456113
456244
456329
456406
456455
456490
456566
456616
456635
456785
456801
456909
456960
456987
457078
457228
457312
457347
457380
457391
457420
457518
457637
457660
457688
457713
457810
457905
457936
458013
458119
458180
458272
458404
458426
458438
458502
458538
458559
458627
458644
458663
458800
458893
458995
459129
459140
459179
459317
459345
459484
459500
459525
459609
459885
459911
460036
460064
460105
460184
460209
460241
460258
460351
460394
460450
460469
460513
460543
460581
460625
460749
460786
460833
460859
460888
460937
460981
461015
461045
461090
461118
461139
461174
461257
461327
461405
461437
461458
461546
461615
461659
461683
461813
461901
461977
462006
462036
462074
462184
462216
462321
462364
462416
462435
462536
462617
462666
462696
462807
462851
462913
462967
462985
463020
463037
463111
463263
463426
463456
463479
463499
463617
463738
463772
463817
463832
463854
463884
463993
464062
464078
464147
464219
464305
464327
464369
464384
464492
464513
464540
464596
464914
464941
465124
465157
465207
465298
465318
465383
465447
465536
465611
465649
465791
465851
465891
465963
466071
466134
466184
466213
466321
466361
466428
466484
466541
466571
466630
466697
466767
466787
466819
466843
467006
467112
467151
467236
467358
467400
467446
467597
467643
467677
467718
467774
467858
467908
467973
468014
468055
468324
468372
468450
468491
468503
468552
468605
468621
468680
468719
468740
468767
468804
468909
468973
469006
469076
469119
469171
469207
469278
469297
469327
469369
469578
469702
469832
469920
469961
470010
470031
470059
470092
470113
470140
470160
470203
470266
470424
470445
470460
470513
470602
470628
470664
470725
470807
470840
470906
470981
471002
471048
471107
471193
471280
471308
471344
471489
471505
471543
471637
471696
471753
471800
471814
471882
471940
472052
472073
472118
472147
472191
472203
472235
472271
472376
472441
472464
472501
472528
472660
472715
472759
472771
472791
472864
472892
472957
473058
473142
473172
473211
473240
473277
473512
473541
473581
473629
473676
473690
473714
473840
473882
473899
473933
473957
474021
474093
474172
474240
474266
474337
474436
474541
474696
474739
474760
474799
474840
474900
474915
474989
475007
475033
475100
475130
475192
475273
475318
475336
475359
475378
475444
475473
475605
475639
475688
476061
476253
476320
476351
476442
477005
477101
477177
477312
477373
477429
477517
477545
477567
477592
477679
477713
477740
477757
477803
477842
477878
477988
478038
478085
478132
478199
478256
478308
478465
478557
478661
478748
478811
478829
478848
478862
478902
478937
478971
478996
479112
479158
479241
479370
479493
479517
479602
479673
479762
479851
479920
479957
479969
479989
480105
480161
480184
480219
480378
480450
480593
480640
480700
480731
480866
480919
480993
481117
481163
481210
481351
481376
481414
481497
481582
481722
481877
481906
482033
482091
482108
482196
482224
482309
482342
482433
482708
482731
482780
482944
483173
483253
483309
483335
483407
483567
483614
483699
483722
483775
483835
483921
483950
483971
484012
484030
484142
484185
484323
484397
484511
484580
484633
484644
484689
484768
484819
484838
484875
484935
485001
485099
485156
485401
485465
485486
485520
485531
485650
485701
485724
485739
485851
485905
485935
485964
486122
486232
486280
486457
486475
486531
486593
486619
486651
486727
486748
486893
486924
487056
487070
487243
487276
487296
487325
487364
487421
487435
487463
487482
487515
487581
487652
487676
487701
487774
487791
487909
487987
488020
488078
488181
488339
488477
488503
488523
488565
488654
488817
488875
488907
488926
488962
489002
489079
489106
489142
489186
489247
489376
489395
489472
489516
489622
489663
489687
489753
489992
490013
490226
490351
490414
490454
490512
490528
490649
490725
490826
490860
490940
490975
491011
491104
491127
491148
491171
491263
491337
491447
491474
491579
491640
491751
491770
491855
492044
492139
492264
492380
492415
492444
492565
492605
492650
492694
492737
492833
492864
492896
492912
493047
493128
493156
493214
493236
493259
493301
493323
493414
493448
493478
493516
493617
493731
493816
493856
493874
493915
493952
494048
494073
494090
494111
494180
494249
494279
494291
494322
494390
494437
494473
494493
494543
494580
494638
494670
494694
494706
494749
494779
494861
494917
494971
494996
495091
495133
495186
495229
495251
495399
495432
495654
495696
495758
495842
495937
495978
496015
496060
496096
496130
496161
496203
496245
496295
496312
496349
496401
496440
496525
496562
496615
496626
496643
496704
496810
496843
496871
496977
497003
497120
497156
497276
497351
497458
497571
497607
497627
497679
497704
497739
497777
497865
497944
498067
498093
498187
498259
498292
498351
498383
498487
498511
498540
498611
498655
498699
498720
498869
498944
498987
499004
499040
499072
499108
499123
499179
499271
499334
499356
499427
499466
499481
499504
499528
499539
499575
499609
499680
499776
499866
499906
499969
499991
500022
500085
500122
500173
500232
500271
500304
500370
500423
500453
500493
500559
500651
500742
500842
500923
500940
501098
501182
501220
501245
501284
501331
501364
501461
501540
501632
501688
501701
501791
501811
501839
501977
502038
502159
502211
502247
502382
502558
502632
502668
502680
502776
502929
502981
503030
503063
503113
503139
503234
503442
503505
503524
503681
503756
503795
504036
504059
504078
504125
504159
504178
504273
504334
504360
504422
504447
504513
504531
504676
504751
504853
504870
505016
505048
505115
505145
505184
505211
505296
505471
505504
505776
505955
505987
506012
506034
506053
506134
506167
506236
506269
506281
506318
506395
506462
506519
506618
506639
506702
506726
506849
506874
507071
507105
507179
507264
507356
507433
507490
507606
507643
507655
507755
507851
507880
507918
507980
508115
508144
508209
508252
508286
508549
508637
508835
508857
508889
508906
508936
509011
509065
509192
509230
509264
509349
509374
509508
509528
509572
509669
509690
509738
509775
509850
509934
510046
510092
510135
510175
510195
510228
510264
510287
510414
510476
510559
510777
510858
510931
510994
511014
511138
511193
511217
511298
511358
511382
511432
511579
511615
511631
511719
511740
511803
511861
511917
511991
512108
512136
512232
512310
512325
512358
512412
512458
512473
512519
512596
512624
512642
512703
512758
512826
512942
512982
513006
513064
513094
513155
513171
513261
513306
513405
513509
513538
513591
513604
513660
513725
513819
513838
513945
513976
514004
514088
514114
514134
514166
514361
514379
514421
514444
514587
514641
514702
514734
514859
514955
515002
515175
515264
515371
515453
515533
515620
515752
515816
515915
516050
516122
516132
516253
516291
516321
516433
516527
516543
516769
516831
516884
516989
517018
517065
517119
517138
517216
517249
517309
517367
517382
517403
517455
517690
517776
517796
517836
517887
517906
517978
517997
518143
518207
518315
518382
518403
518624
518779
518806
518959
519071
519203
519232
519298
519352
519399
519442
519484
519576
519618
519650
519678
519755
519804
519852
519941
519986
520008
520067
520144
520167
520223
520315
520343
520478
520513
520533
520640
520670
520765
520952
520986
521048
521066
521187
521204
521291
521360
521391
521488
521663
521729
521755
521855
521935
521972
522005
522035
522207
522354
522426
522479
522565
522684
522724
522786
522855
523011
523049
523063
523120
523190
523280
523310
523354
523435
523476
523659
523785
523840
523906
523952
523967
523984
524063
524230
524250
524290
524354
524459
524531
524663
524697
524714
524739
524805
524823
524892
524926
524958
524993
525042
525094
525155
525228
525297
525351
525419
525491
525627
525786
525873
525930
525977
526008
526038
526059
526122
526162
526243
526331
526430
526525
526558
526654
526735
526772
526811
526872
526917
526960
527103
527219
527230
527301
527336
527433
527481
527530
527627
527657
527795
527874
527897
527968
527998
528035
528134
528172
528270
528324
528353
528518
528596
528624
528680
528723
528806
528884
528914
528975
529144
529170
529207
529345
529417
529498
529588
529633
529818
529842
529888
529932
530169
530292
530303
530551
530615
530628
530713
530754
530859
531128
531197
531300
531323
531379
531459
531524
531631
531691
531757
531777
531967
532035
532125
532148
532500
532606
532674
532690
532742
532816
532903
533008
533114
533207
533244
533381
533434
533493
533520
533554
533652
533968
534108
534131
534159
534235
534267
534331
534412
534430
534476
534628
534702
534878
534908
534931
535109
535138
535261
535278
535297
535333
535414
535475
535557
535626
535690
535701
535761
535795
535910
535933
535952
535996
536039
536090
536133
536146
536201
536307
536450
536476
536564
536698
536733
536870
536986
537087
537120
537201
537292
537447
537602
537619
537677
537700
537753
537803
537832
537856
537950
537986
538188
538216
538349
538411
538482
538583
538710
538767
538809
538975
539054
539120
539239
539334
539448
539511
539616
539660
539740
539779
539796
539896
539962
539992
540014
540065
540094
540135
540285
540346
540396
540430
540497
540515
540636
540700
540741
540847
540877
540934
540958
541025
541074
541173
541233
541353
541466
541540
541707
541788
541817
541884
541949
542017
542030
542050
542095
542119
542292
542468
542613
542657
542966
543137
543186
543223
543235
543345
543373
543486
543530
543614
543729
543740
543765
543818
543912
543962
543974
544054
544079
544135
544178
544205
544217
544254
544472
544492
544627
544665
544739
544783
544842
544873
544933
544975
545037
545061
545121
545165
545377
545456
545510
545546
545568
545668
545825
545981
546012
546033
546060
546088
546146
546205
546309
546346
546399
546413
546487
546559
546626
546661
546710
546866
546933
546993
547069
547092
547203
547238
547329
547365
547428
547470
547505
547577
547607
547654
547681
547694
547746
547849
547892
547906
547970
547982
548107
548154
548315
548334
548386
548481
548644
548727
548757
548827
548884
549050
549067
549134
549163
549247
549266
549387
549417
549480
549601
549629
549703
549756
549776
549838
549927
550204
550261
550285
550349
550392
550468
550496
550525
550552
550582
550614
550677
550742
550782
550881
550908
550935
550967
550986
551005
551026
551052
551083
551110
551235
551281
551317
551343
551354
551626
551675
551717
551861
551951
552019
552104
552154
552200
552223
552293
552342
552390
552454
552496
552558
552602
552632
552709
552734
552789
552844
552866
552893
552911
552927
552958
552992
553014
553027
553069
553130
553152
553173
553234
553275
553392
553425
553463
553495
553554
553601
553634
553679
553707
553736
553747
553807
553818
553868
553996
554143
554176
554219
554266
554309
554331
554363
554391
554484
554570
554613
554637
554710
554766
554834
554856
554927
554994
555098
555224
555263
555330
555370
555456
555478
555506
555578
555645
555668
555703
555719
555746
555863
555899
555925
555966
556106
556154
556183
556242
556275
556366
556379
556402
556456
556583
556765
556780
556797
556847
556871
556973
557018
557081
557105
557139
557172
557298
557394
557408
557438
557453
557510
557573
557734
557779
557853
557881
557918
557943
557984
558036
558117
558355
558366
558577
558686
558811
558851
558934
558947
558980
559028
559056
559103
559176
559309
559365
559395
559438
559539
559573
559623
559648
559679
559733
559760
559804
559830
559883
559975
560043
560084
560167
560210
560268
560332
560361
560418
560539
560602
560790
560844
560948
561057
561136
561183
561236
561311
561397
561476
561500
561559
561623
561649
561723
561753
561795
561825
561998
562017
562061
562159
562269
562371
562435
562559
562698
562779
562830
562850
562927
562947
563032
563083
563473
563568
563704
563773
563789
563822
563907
563931
563977
564009
564166
564199
564337
564430
564494
564558
564599
564719
564771
564807
564877
564955
565010
565146
565306
565349
565420
565618
565672
565798
565822
565887
565925
565957
565974
566034
566066
566235
566281
566314
566358
566403
566440
566472
566498
566533
566563
566637
566743
566806
566832
566848
566938
567060
567099
567119
567138
567196
567215
567266
567301
567365
567419
567476
567520
567572
567660
567696
567732
567898
567982
568014
568026
568190
568222
568286
568362
568404
568489
568618
568959
569046
569127
569178
569309
569333
569431
569480
569548
569573
569677
569694
569765
569802
569888
569987
570020
570041
570053
570078
570129
570165
570296
570367
570407
570463
570531
570575
570591
570614
570773
570816
570852
570964
571034
571093
571148
571214
571255
571288
571318
571404
571430
571583
571685
571714
571759
571775
571821
571857
571948
572043
572117
572158
572319
572418
572446
572493
572549
572581
572667
572724
572761
572789
572824
572837
572861
572903
572954
572970
573021
573061
573113
573137
573175
573349
573408
573522
573584
573641
573675
573716
573748
573776
573800
573906
573982
574020
574146
574193
574225
574280
574322
574367
574455
574545
574603
574652
574718
574819
574861
574979
575014
575086
575150
575186
575215
575256
575279
575342
575438
575466
575518
575572
575594
575724
575854
575886
575961
575998
576031
576093
576184
576248
576308
576365
576493
576524
576540
576551
576591
576634
576770
576850
576977
577004
577029
577167
577198
577278
577295
577375
577424
577450
577489
577550
577581
577628
577650
577672
577735
577807
577828
578005
578051
578080
578112
578183
578327
578349
578378
578390
578467
578502
578534
578556
578620
578715
578783
578801
578860
578883
578980
579037
579213
579254
579324
579394
579422
579517
579549
579596
579656
579719
579741
579765
579887
579951
580015
580155
580250
580280
580374
580542
580574
580786
580829
580877
580912
580935
580962
581036
581103
581221
581232
581292
581460
581482
581501
581582
581595
581632
581681
581706
581724
581748
581861
581897
581926
581995
582031
582183
582325
582383
582443
582484
582536
582578
582590
582612
582689
582725
582825
582905
582956
583016
583039
583061
583180
583229
583274
583365
583400
583418
583504
583522
583544
583780
583833
583894
583954
583991
584039
584063
584100
584130
584180
584420
584457
584502
584525
584604
584763
584814
584865
584908
584933
584967
585030
585072
585216
585289
585386
585405
585483
585581
585616
585679
585694
585764
585906
586116
586224
586262
586287
586425
586530
586552
586618
586656
586707
586852
586862
586909
586995
587010
587082
587174
587293
587456
587542
587693
587718
587803
587897
587941
588045
588077
588098
588123
588187
588259
588362
588427
588498
588551
588583
588612
588642
588667
588713
588770
588806
588871
588912
588942
589016
589046
589093
589126
589181
589209
589226
589385
589402
589435
589446
589468
589562
589622
589675
589806
589844
589871
589901
589921
589989
590065
590147
590172
590210
590362
590443
590502
590730
590758
590838
590858
590905
590954
591087
591137
591159
591283
591324
591370
591424
591482
591504
591539
591672
591685
591710
591734
591782
591804
591863
591925
591949
592033
592055
592146
592184
592244
592339
592406
592517
592546
592559
592582
592697
592769
592829
592978
593036
593074
593106
593176
593228
593269
593398
593441
593470
593488
593507
593566
593654
593706
593834
593870
593945
594052
594231
594273
594357
594413
594435
594456
594503
594543
594592
594642
594671
594714
594889
594926
594955
595064
595098
595160
595186
595366
595390
595479
595524
595565
595609
595627
595749
595774
595870
595901
595965
596059
596125
596178
596199
596263
596344
596431
596449
596468
596561
596658
596700
596803
596855
596932
596978
597023
597034
597081
597116
597148
597282
597312
597340
597430
597489
597517
597579
597608
597646
597693
597718
597778
597820
597886
597945
598031
598155
598259
598300
598336
598415
598481
598595
598625
598699
598735
598776
598857
598883
598941
599069
599138
599179
599205
599236
599279
599317
599346
599365
599431
599510
599541
599588
599655
599711
599740
599793
599868
599895
599971
