31
541
835
1015
1582
1831
2341
3309
3708
4207
4338
4564
5102
5256
5554
6233
6935
8269
8793
9345
9825
10225
10408
10906
11257
11803
12437
12581
13106
13290
13306
13451
14196
14464
15126
15404
15787
16684
17351
17544
18261
18720
18943
19294
19336
19751
20318
20679
20960
21742
21786
22147
22715
23716
24835
24950
25230
25441
26252
26721
27028
27193
27747
28150
28857
29449
29792
29932
30368
30534
30821
31798
32284
32676
33010
33260
33549
34076
34485
34914
35057
36140
36679
37112
37505
39080
39724
40066
40427
41053
41302
42085
42369
42658
42983
43741
44371
44842
44927
45762
46187
46569
46893
47187
47865
48259
48440
49080
49482
49513
49755
51052
51642
51990
52354
52590
53016
53383
54283
54828
54910
56081
56595
57018
57401
57922
57960
58270
58965
59624
60193
60624
60877
61011
61550
61730
62000
62445
62633
62816
63273
63837
64597
64765
64931
65488
65541
65753
65950
66237
66271
66420
66930
67685
67745
68036
68101
68433
69055
69332
69489
70000
70331
71483
71642
71715
71830
72069
72581
73180
74043
74088
74365
74511
74780
75377
76230
76806
77004
77431
77931
78416
78439
78646
78906
79150
79641
80143
80671
81457
81849
82261
82492
82730
83410
83654
86150
86186
86451
87307
87776
88190
88932
89599
89886
90219
90245
91026
91416
92000
92203
92766
93161
93313
93680
94025
94497
94948
95228
95297
95589
96037
96562
96847
97366
97691
98046
98704
99120
99306
99799
99927
100303
100911
101022
101319
101651
102067
102632
102873
103201
103740
104073
104741
105264
106129
107031
107215
107494
107904
108330
108973
109417
109656
109931
110288
110794
111346
111666
111847
111976
112395
113088
113384
113725
114013
114263
114549
114952
115305
115445
115734
115969
116122
116711
117001
117565
118291
119139
120085
120498
120971
121768
121914
122102
122574
122858
123353
123975
124292
125070
125967
126465
126891
127778
128177
128439
128818
129242
130130
130785
131080
131564
131572
131927
132245
132728
132760
133033
133495
133747
134135
134440
134796
135674
135988
136099
136339
136931
137742
138176
138483
138808
139077
139349
139643
140951
141160
141518
142028
142257
143177
143437
143798
143961
144417
144859
145530
146206
146792
147186
147540
147724
147889
148544
148873
149297
149836
149990
150320
150595
150709
150867
151214
151824
151994
152043
152447
152762
153201
153736
153893
154101
155477
155880
155996
156093
156435
157239
157511
157965
158299
158645
159251
159666
160060
160298
161290
161668
162194
162673
163096
163306
163336
163868
164202
164654
165125
165360
165862
166117
166849
167082
167774
168071
168662
169276
169674
169959
170084
170882
171147
171444
171971
172401
173046
173187
173201
173595
174256
174687
175164
175439
176068
176677
177148
177817
177926
178173
179058
179460
179718
180030
180361
180669
180744
180905
181198
181615
181941
182272
182668
182849
183433
183716
183831
183963
184087
184157
184204
184660
184883
184991
185069
185226
185339
185575
185885
186004
186046
186158
186453
186856
187256
187359
187575
188025
188101
188167
188292
188609
188707
188818
188953
189100
189359
189961
190267
190841
191037
191464
191885
192012
192278
192341
192612
194026
194395
194495
194501
194693
194885
195129
195409
195561
195797
195960
196134
196237
196667
196910
197303
197388
197402
197453
197521
197604
197656
197800
198215
198375
198967
198994
199113
199360
199477
199653
199831
199953
200030
200346
200433
200820
201075
201318
201607
201714
201973
202321
203424
203654
203849
204157
204355
204667
204703
205608
205637
205803
206552
206850
207751
207779
207956
208668
209340
209819
210263
210657
211296
211394
211626
212993
214417
215188
215253
215730
216865
217287
217805
218725
219040
219796
220014
220595
221359
221825
221918
223089
223391
224167
224417
224744
225636
225670
225873
226184
226767
227248
227597
228345
228696
229290
229397
229601
230075
231316
231859
232381
233095
233443
233808
234086
234953
235742
236231
236423
237076
237603
237985
238214
238398
238575
238778
239150
239512
240022
240413
240550
241163
241519
241780
242001
242135
242509
243157
243466
243731
244370
244702
245011
245355
246543
246776
247170
247881
248195
248509
249286
249718
250775
251165
251924
252428
252776
253090
253408
253888
254380
255213
255568
255788
256851
257440
257642
257982
258919
259736
260173
260417
260973
261320
261898
262296
262564
263076
264393
264784
265155
265370
265455
265762
266683
267060
267552
267837
268095
268677
269018
269445
270150
270369
271288
271634
272096
272706
273473
274067
274306
275052
275269
275710
276253
276423
276701
277488
277749
278368
279089
279535
279847
280281
280413
280540
281014
281180
281430
282121
283427
284092
284177
284613
284788
284852
285059
285669
285855
286097
286967
287150
287151
287370
287636
287782
287816
287860
288086
288242
288638
289093
289381
289672
290239
290631
291007
291359
291791
292661
292849
293785
294183
295283
296226
296551
296835
297282
297698
298006
298100
298282
298726
299184
299490
299979
300646
301604
301961
302332
302906
303388
303762
304479
304711
305121
305971
306391
306909
307167
307505
308143
308651
309122
309497
309913
310092
310615
310999
311427
311673
312012
312352
312716
313434
313733
314019
314494
314707
314868
315143
315227
315448
315536
315602
315804
316400
316561
316918
317002
317113
317211
317424
317596
317688
317815
318213
318598
318737
318929
319428
319777
320136
320381
320617
320736
321321
321796
322110
322524
322803
323022
323047
323307
323675
324452
325810
325942
326166
326503
326792
327273
327530
327928
328333
328759
329042
329217
329335
329461
329699
329797
329868
329930
329979
330081
330215
330426
330536
330590
330611
330702
330771
330878
331139
331481
331645
331808
332165
332627
332842
333021
333082
333484
333698
334010
334336
334462
334730
334848
335226
335231
335340
335558
335976
336047
336209
336444
336516
336593
336881
337101
337265
337717
338202
338266
338572
338699
338884
338912
339260
339701
339827
339974
340226
340466
340743
340744
341024
341026
341188
341297
341546
341570
341679
341810
342208
342839
342999
343120
343543
344332
344354
344516
344791
344936
345675
346121
346423
346609
346645
347468
347907
348048
348184
349625
349721
349956
350340
350364
350550
350943
351094
351559
351878
352019
352092
352096
352215
352274
352553
352703
352990
353312
353356
353590
354196
354367
354423
354590
354822
354921
355306
355431
355501
355685
355880
356016
356389
356812
357056
357217
357407
357654
358112
358228
358305
358537
359070
359235
359280
359315
359434
359622
359662
359945
360793
361215
361364
361462
361791
361811
362037
362497
362833
363555
363960
364055
364137
364347
364530
364682
365051
365138
365411
365681
366304
366776
367093
367554
367723
367887
368069
369204
369403
369530
369771
370190
370631
370947
372217
372494
372879
373351
374477
375259
375867
376144
376487
376762
377532
377956
377970
378222
378882
379927
381059
381439
382065
382519
383843
384133
384805
385042
385930
386252
387279
387536
388141
388847
389146
389770
389904
390292
390713
390993
391299
391534
391556
391691
391943
392526
392641
393056
393221
393909
394359
394733
395102
395485
395750
396454
396974
397432
397953
398341
399447
400156
400351
401170
401486
402285
402952
403685
404711
404979
405472
405884
406793
406808
407327
408416
409438
409672
410106
410453
410961
411368
411837
411956
412389
412726
413135
413703
414256
414457
414863
415199
415446
415737
416311
416546
416690
417498
417966
418951
420788
421069
421388
421761
422450
423254
423822
424232
425006
426125
426689
427072
427386
427673
427941
428658
429048
429786
429945
430129
430476
431367
431870
432264
433388
433744
434002
434059
434487
435092
435784
436262
436475
436736
437133
437316
437625
437917
438373
438644
438809
438933
439105
439333
439591
439654
439750
439859
439928
440127
440158
440183
440429
441146
441254
441329
442033
442142
442493
442498
442894
442938
443014
443163
443255
443528
443666
443800
444011
444085
444167
444347
444490
444599
444678
444807
444994
445309
445700
445917
446039
446412
446413
446564
446799
446863
446943
447289
447736
448206
448707
448810
449325
449582
450580
450791
451414
452193
453147
453669
454111
454999
456422
457162
458206
458564
458985
459432
460145
460975
461509
461695
462664
463037
463208
464057
464198
464807
465062
465721
466051
466596
466899
467421
467866
468456
469021
469424
469872
470510
470836
471120
471864
472159
472798
473445
473829
474086
474487
474619
474919
475005
475144
475375
475449
476266
476601
476910
477343
477487
478661
479042
479555
480194
480562
480780
481995
482466
483137
483740
484115
484449
484915
485480
485865
486494
486809
487188
487405
488695
489115
489366
490021
490336
491161
491753
492502
493015
493291
493999
494268
494658
495204
496151
496364
497107
497876
498239
498620
499046
499299
499556
500071
500737
501486
501911
502950
503314
504348
504634
504969
505488
505837
506034
506427
506899
508030
508993
509604
509767
509961
510173
510425
510957
511241
511348
511352
511494
511652
511738
511887
512114
512158
512276
512423
512569
512898
513003
513169
513316
513645
513707
513782
513962
514366
514471
514555
514851
515051
515236
515350
515500
515920
516347
516595
516728
516913
517027
517097
517190
517285
517710
517910
518021
518252
518374
518411
518514
518726
518937
519041
519382
519485
519637
519962
520235
520452
520455
520953
521047
521047
521316
521442
521520
521679
521851
522026
522173
522592
522698
522854
522958
523197
523294
523643
523986
524295
524338
524614
524766
525236
525834
525923
526240
526551
526661
527055
527151
527411
527487
528196
528716
529894
530419
530882
532005
533095
533557
534706
535698
536120
536414
536940
537607
537924
537990
538654
539033
539740
540069
540698
541281
542090
542757
543162
543414
544169
544939
545178
545566
546120
546445
547441
547978
548357
548756
549715
550252
550273
550649
550853
551176
551539
552461
553732
554376
554670
555174
555733
556671
