59
113
267
285
333
345
352
366
471
490
627
647
688
812
825
952
1023
1041
1105
1131
1169
1309
1377
1432
1644
1703
1803
1887
1933
1975
2065
2068
2074
2169
2221
2373
2380
2442
2490
2509
2791
2814
3060
3065
3090
3219
3267
3319
3341
3404
3525
3622
3803
3835
3943
3976
4047
4105
4226
4332
4376
4493
4517
4587
4686
4815
4817
4857
4933
5005
5007
5014
5064
5233
5460
5466
5583
5762
5885
5947
5978
6050
6095
6142
6219
6275
6278
6305
6432
6467
6553
6775
6856
6911
6975
7185
7220
7236
7311
7498
7778
7948
8030
8093
8419
8452
8460
8466
8503
8566
8604
8616
8715
8848
8858
8879
8940
8940
9040
9214
9316
9462
9667
9762
9902
10114
10283
10376
10483
10631
10669
10732
10821
10887
10945
11084
11205
11234
11353
11478
11486
11589
11639
11646
11653
11804
11863
11915
11987
12027
12178
12238
12249
12308
12507
12532
12561
12699
12708
12789
12981
13060
13082
13115
13123
13173
13323
13360
13488
13495
13509
13604
13659
13672
13704
13914
14003
14044
14196
14220
14337
14353
14411
14443
14472
14560
14633
14676
14712
14926
14961
15059
15067
15176
15450
15535
15633
15640
15671
15712
15727
15757
15821
15913
16085
16102
16251
16355
16415
16575
16635
16811
16851
16865
16900
17038
17222
17264
17370
17456
17521
17538
17652
17804
17832
17922
17991
18220
18236
18239
18344
18501
18504
18571
18628
18689
18771
18817
18883
18921
18966
18985
19000
19177
19373
19420
19459
19503
19545
19637
19679
19739
19753
19851
19921
20167
20184
20323
20344
20370
20447
20456
20605
20732
20769
20994
20998
21023
21063
21410
21589
21636
21683
21698
21712
21853
21864
21891
22049
22065
22138
22143
22267
22345
22353
22390
22498
22516
22635
22638
22680
22687
22838
22953
23029
23091
23110
23144
23254
23345
23366
23418
23637
23733
23734
23951
24033
24244
24435
24495
24589
24824
24949
24980
25076
25097
25397
25476
25510
25686
26092
26172
26248
26398
26410
26615
26647
26676
26715
26858
26990
26999
27051
27126
27127
27258
27334
27338
27364
27465
27618
27764
27880
27918
28059
28084
28189
28212
28296
28303
28431
28440
28511
28516
28566
28709
28775
28859
29048
29143
29155
29194
29214
29330
29355
29382
29478
29506
29536
29609
29944
29960
30104
30171
30174
30182
30183
30294
30359
30368
30459
30536
30542
30565
30637
30754
30763
30817
30881
30933
31005
31090
31164
31310
31347
31362
31374
31390
31491
31498
31519
31527
31576
31596
31602
31710
31861
31966
31981
32024
32038
32076
32085
32126
32185
32366
32398
32436
32437
32480
32535
32619
32680
32767
32804
32864
32903
32983
33205
33222
33260
33285
33310
33391
33461
33543
33547
33596
33904
33941
33953
33960
33973
34050
34085
34161
34208
34332
34612
34631
34724
34853
34971
35061
35110
35141
35247
35313
35383
35510
35674
35686
35747
35766
35778
35816
35927
35989
36085
36144
36157
36287
36428
36449
36452
36571
36775
36777
36808
36835
36870
37013
37030
37170
37195
37202
37373
37613
37614
37687
37901
38208
38289
38310
38448
38895
38928
38932
38964
39003
39024
39043
39062
39108
39454
39472
39605
39627
39819
39924
40059
40100
40205
40423
40507
40672
40950
40961
41007
41017
41037
41090
41190
41381
41423
41522
41588
41667
41689
41696
41985
41993
42106
42158
42250
42269
42305
42400
42514
42515
42535
42639
42720
42820
42833
42872
42910
42926
42939
42965
43027
43091
43268
43408
43679
43710
43793
43906
43938
44208
44288
44320
44334
44417
44453
44506
44592
44621
44676
44862
44950
44977
45244
45519
45548
45693
45699
45702
45714
45873
46041
46046
46058
46091
46259
46431
46434
46684
46687
46893
46903
47042
47077
47147
47233
47298
47491
47499
47508
47522
47636
47655
47756
47843
47853
47869
47938
47958
48212
48310
48324
48390
48401
48518
48551
48555
48574
48607
48616
48657
48673
48692
48765
48771
48921
49121
49152
49235
49342
49367
49401
49420
49572
49653
49775
49931
50187
50216
50288
50351
50399
50418
50427
50483
50638
50758
50855
50931
50939
50997
51018
51035
51042
51048
51139
51159
51232
51235
51324
51330
51540
51659
51711
51897
52010
52049
52076
52084
52100
52110
52132
52211
52270
52298
52368
52389
52413
52482
52495
52523
52665
52685
52706
52721
52762
52782
52906
52955
53021
53077
53139
53140
53148
53328
53371
53396
53518
53524
53533
53601
53742
54017
54057
54101
54131
54396
54460
54593
54742
54760
54801
54813
54945
55026
55107
55227
55301
55328
55432
55587
55672
55909
55997
56051
56106
56161
56202
56377
56463
56576
56718
56756
56857
56912
57032
57057
57257
57469
57473
57607
57691
57773
57862
57956
57968
58069
58148
58174
58270
58332
58380
58422
58436
58443
58597
58600
58660
58759
58883
58943
59243
59275
59311
59366
59559
59746
59778
59779
60187
60284
60289
60301
60419
60587
60654
60748
60779
60833
60852
60858
60875
60929
60938
61101
61311
61317
61396
61503
61514
61630
61653
61843
61869
61987
62004
62237
62240
62344
62365
62392
62399
62421
62524
62633
62690
62740
62787
62795
62802
62923
63001
63116
63186
63221
63338
63374
63377
63412
63545
63669
63722
63806
63890
64016
64141
64196
64209
64332
64446
64642
64651
64770
64786
64838
64987
65015
65027
65077
65166
65167
65312
65327
65368
65503
65632
65689
65694
65877
65966
66443
66673
66724
66849
66874
66885
67009
67011
67072
67177
67208
67471
67579
67702
67714
67738
67905
68022
68041
68069
68143
68245
68302
68399
68495
68598
68707
68719
68859
68864
68877
69006
69053
69180
69205
69427
69501
69526
69537
69545
69565
69675
69747
69850
69859
70008
70075
70104
70190
70230
70279
70406
70470
70489
70515
70592
70630
70675
70677
70685
70794
70942
71011
71014
71028
71105
71134
71215
71268
71269
71283
71341
71343
71374
71460
71547
71618
71643
71652
71759
71801
71842
71870
71895
71966
72028
72037
72042
72059
72151
72217
72352
72386
72412
72580
72648
72713
72811
72917
72973
72987
73012
73046
73060
73062
73171
73315
73326
73510
73536
73596
73826
73989
74026
74047
74127
74154
74181
74271
74274
74314
74445
74535
74635
74676
74692
74878
74885
74972
75053
75065
75183
75406
75542
75570
75617
75687
75758
75781
75981
76041
76090
76108
76203
76461
76601
76652
76658
76757
76840
76862
77052
77121
77186
77252
77408
77424
77550
77622
77719
77754
77770
77844
77903
77936
77952
77998
78078
78089
78115
78130
78134
78160
78225
78353
78447
78504
78554
78618
78785
78800
78951
78997
79022
79032
79130
79190
79387
79405
79553
79563
79596
79677
79762
79829
79967
79968
79970
80091
80175
80176
80270
80351
80445
80471
80531
80544
80610
80642
80646
80647
80715
80757
80985
81014
81081
81197
81283
81297
81456
81557
81675
81838
81856
81858
81861
81976
82012
82072
82109
82262
82496
82566
82583
82590
82643
82655
82706
82721
82770
82771
82822
83210
83222
83258
83352
83471
83481
83626
83671
83713
83742
83834
83940
83973
84053
84119
84301
84306
84308
84323
84431
84562
84697
84789
84845
84969
84988
85048
85131
85177
85185
85241
85315
85376
85402
85443
85470
85524
85534
85588
85641
85747
85981
85993
86051
86083
86095
86122
86184
86204
86244
86341
86360
86441
86667
86707
86875
86921
86976
87149
87167
87273
87356
87409
87431
87455
87656
87669
87790
87850
87863
87977
88179
88258
88315
88325
88354
88357
88384
88560
88632
88751
88852
88927
89003
89229
89399
89574
89946
90008
90281
90297
90338
90367
90400
90410
90475
90531
90567
90661
90684
90904
90910
91056
91131
91228
91250
91315
91600
91611
91653
91689
91775
91919
91954
92095
92240
92279
92305
92328
92509
92579
92616
92699
93084
93113
93300
93303
93619
93697
93781
93791
93805
93836
93915
93997
94053
94120
94209
94258
94345
94416
94433
94436
94515
94538
94617
94709
94719
94776
94860
94868
94982
95016
95073
95137
95189
95264
95410
95422
95430
95489
95521
95524
95667
95717
95786
95796
96008
96107
96155
96319
96421
96528
96531
96539
96624
96649
96697
96840
96853
96940
96953
97027
97228
97239
97388
97553
97718
97833
97846
97970
98007
98048
98061
98072
98223
98259
98493
98517
98545
98601
98603
98636
98664
98737
98957
99078
99190
99437
99465
99543
99556
99752
99814
99843
99880
99932
100135
100214
100264
100614
100615
100628
100902
101000
101001
101019
101076
101107
101226
101259
101342
101353
101393
101416
101487
101491
101520
101525
101556
101633
101720
101784
101945
102024
102299
102411
102526
102555
102654
102656
102667
102737
102813
102941
102977
103046
103068
103084
103140
103288
103316
103318
103332
103417
103431
103505
103649
103666
104064
104169
104179
104192
104351
104559
104630
104644
104704
104855
104878
104952
105043
105145
105189
105274
105566
105620
105842
105942
106240
106478
106547
106573
106577
106595
106849
107038
107042
107091
107185
107196
107207
107306
107369
107488
107512
107752
107819
107889
107908
107985
108019
108076
108210
108211
108268
108322
108342
108346
108496
108615
108714
108794
108808
108930
108939
108988
109033
109146
109160
109190
109199
109595
109657
109775
109920
109923
109956
109997
110249
110287
110321
110424
110434
110463
110513
110691
110825
110836
110885
110939
110980
111006
111097
111188
111198
111326
111449
111480
111605
111781
111784
111853
111946
111974
112057
112110
112372
112404
112539
112674
112718
112851
112957
113015
113099
113146
113226
113272
113349
113513
113627
113681
113783
113899
114061
114072
114384
114442
114480
114537
114592
114603
114705
114707
114750
114843
114848
114863
114896
115000
115008
115033
115119
115148
115202
115258
115286
115442
115539
115546
115609
115643
115726
115840
115886
115959
115990
115992
116023
116111
116262
116367
116720
116796
117007
117051
117223
117273
117421
117422
117497
117532
117553
117775
117810
117923
118037
118084
118086
118135
118168
118225
118270
118334
118343
118414
118449
118459
118549
118706
118718
118884
118906
118927
118962
118987
119086
119183
119194
119259
119327
119576
119775
120071
120131
120365
120478
120562
120565
120597
120829
120919
121077
121142
121204
121237
121248
121347
121424
121456
121762
121866
121998
122006
122026
122113
122284
122309
122332
122334
122347
122432
122550
122581
122838
122875
122887
122922
122939
122941
123070
123415
123487
123635
123758
123769
123915
124202
124258
124282
124347
124371
124428
124482
124530
124553
124575
124623
124639
124791
124830
124851
124853
124937
124973
125263
125329
125374
125518
125693
125768
125895
125902
125915
125964
126018
126102
126129
126153
126236
126378
126384
126397
126497
126575
126661
126695
126857
127052
127199
127244
127283
127291
127367
127473
127474
127696
127718
127754
127809
127824
128029
128052
128096
128158
128189
128205
128207
128638
128690
128722
128821
128854
129055
129084
129120
129228
129273
129381
129402
129567
129745
129778
129827
129862
129916
129930
129966
130117
130171
130239
130359
130378
130391
130394
130643
130673
130715
131062
131107
131143
131388
131400
131449
131520
131582
131766
131810
132011
132029
132119
132264
132272
132434
132482
132540
132590
132595
132629
132720
132755
132772
132926
132932
133000
133047
133427
133576
133736
133816
133861
133954
134085
134101
134107
134153
134183
134312
134330
134340
134353
134437
134479
134548
134601
134764
134838
134844
134850
134864
135077
135117
135199
135310
135364
135484
135564
135783
135797
135887
135909
135994
136158
136174
136353
136388
136431
136438
136649
136760
136789
136870
136990
137001
137123
137210
137250
137276
137306
137420
137551
137590
137895
137976
138030
138036
138063
138087
138190
138269
138306
138347
138401
138530
138771
138916
138992
139025
139036
139244
139328
139382
139384
139571
139602
139618
139670
139724
139733
139832
140046
140049
140171
140297
140365
140507
140554
140739
141200
141293
141358
141426
141438
141451
141682
141741
141777
141779
141784
141803
141834
141837
141868
141886
141934
141970
141997
142031
142041
142050
142153
142158
142277
142290
142308
142364
142405
142484
142531
142600
142605
142661
142677
142697
142800
142848
142920
142971
143038
143090
143273
143278
143321
143347
143368
143472
143501
143518
143564
143583
143647
143743
143778
143874
143908
143910
143976
144090
144239
144315
144395
144572
144678
144695
144724
144742
144851
144857
144886
144992
145024
145118
145205
145337
145388
145404
145440
145446
145495
145540
145554
145564
145646
145690
145732
145767
145882
145925
145940
146030
146047
146061
146132
146187
146321
146365
146440
146477
146616
146642
146664
146682
146702
146759
146773
146850
146895
146949
146978
146989
147072
147115
147116
147184
147208
147226
147263
147316
147387
147434
147490
147536
147560
147569
147581
147727
147791
147842
147967
148187
148191
148270
148300
148384
148412
148436
148463
148520
148582
148583
148614
148684
148714
148727
148733
148763
148777
148794
148811
148829
148930
148958
149009
149186
149306
149316
149360
149366
149407
149471
149525
149645
149708
149830
149940
149992
150014
150314
150381
150395
150455
150463
150487
150524
150535
150601
150677
150717
150843
150939
150942
151026
151134
151507
151567
151572
151821
151941
152030
152051
152154
152209
152242
152299
152370
152409
152475
152598
152801
152865
152909
152940
153063
153101
153145
153146
153201
153211
153224
153316
153347
153392
153643
153648
153937
153995
154066
154079
154092
154142
154234
154255
154363
154406
154510
154832
154862
154959
155100
155150
155337
155343
155403
155471
155478
155509
155590
155728
155764
155834
156040
156204
156343
156382
156485
156543
156576
156707
156719
156720
156789
156848
156892
156961
157204
157209
157502
157820
157826
158176
158237
158275
158305
158321
158458
158541
158557
158631
158635
158667
158677
158936
159092
159113
159123
159252
159270
159352
159372
159393
159432
159502
159885
159969
160045
160130
160288
160533
160542
160595
160613
160760
160809
160817
160867
160918
160969
161017
161051
161091
161117
161303
161324
161395
161448
161490
161552
161574
161715
161773
161916
161959
161996
162012
162046
162121
162138
162157
162207
162229
162245
162311
162333
162491
162608
162665
162857
162968
163063
163106
163133
163155
163246
163261
163318
163377
163465
163601
163651
163798
163918
164033
164153
164205
164211
164255
164290
164338
164373
164449
164504
164563
164592
164594
165064
165182
165196
165264
165371
165446
165460
165495
165521
165619
165671
165681
165707
165717
165836
165858
166108
166156
166189
166264
166353
166391
166395
166414
166437
166477
166486
166666
166697
166698
166734
166752
166794
166840
166950
166994
167054
167124
167126
167256
167422
167500
167598
167665
167683
167693
167709
167712
167776
167791
167874
167913
167956
168017
168033
168097
168115
168217
168330
168405
168450
168645
168704
168944
169034
169043
169192
169227
169255
169259
169290
169296
169380
169568
169638
169720
169833
169946
170046
170059
170071
170192
170253
170315
170335
170357
170391
170475
170504
170689
170762
170815
170850
170919
170928
170965
171104
171121
171178
171283
171291
171299
171383
171477
171490
171520
171552
171727
171745
171838
172011
172013
172033
172077
172102
172132
172157
172365
172490
172494
172526
172530
172708
172800
172807
172827
172880
172902
172968
173008
173023
173237
173263
173330
173331
173407
173604
173608
173630
173685
173745
173782
173807
173848
173941
173982
174071
174107
174181
174271
174326
174428
174442
174464
174479
174540
174626
174639
174650
174828
174870
174886
174953
175089
175091
175206
175330
175337
175357
175433
175441
175576
175612
175683
175756
175758
175807
175843
175910
175927
175995
176108
176203
176205
176303
176364
176379
176413
176534
176592
176687
176715
176772
176788
176910
177089
177127
177158
177218
177288
177296
177480
177552
177581
177618
177664
177698
177797
177969
178023
178270
178278
178327
178401
178440
178444
178457
178473
178500
178572
178607
178640
178696
178755
178791
178810
178852
178888
178936
178959
179098
179106
179118
179140
179232
179306
179414
179460
179562
179653
179688
179742
179751
179799
179837
179854
179859
179916
179935
180007
180118
180288
180349
180401
180551
180608
180644
180685
180874
180893
180940
181149
181181
181266
181331
181442
181501
181632
181728
181756
181890
181925
181942
182039
182041
182206
182363
182394
182425
182480
182550
182586
182611
182626
182676
182774
182840
182908
183066
183079
183135
183181
183264
183402
183468
183470
183520
183549
183552
183554
183661
183725
183898
183988
184157
184367
184548
184618
184717
184801
184849
184938
184976
185061
185081
185087
185126
185300
185457
185536
185599
185641
185708
185712
185801
185915
185979
186020
186041
186115
186253
186262
186303
186431
186478
186552
186776
186843
186864
186880
186942
186988
186991
187054
187089
187144
187160
187290
187304
187318
187400
187539
187755
187804
187808
187909
187960
188017
188047
188099
188186
188189
188203
188236
188287
188371
188417
188557
188578
188825
188871
188934
188942
189234
189235
189259
189420
189504
189594
189668
189671
189910
190044
190058
190118
190272
190274
190349
190357
190429
190453
190540
190553
190639
190659
190733
190739
190802
190827
190903
190967
191007
191093
191176
191213
191259
191281
191367
191453
191472
191498
191636
191657
191716
191762
191788
191820
191880
191893
191955
192075
192091
192238
192276
192347
192429
192461
192529
192572
192591
192623
192803
192816
192855
192932
192940
192941
192988
193181
193296
193497
193613
193723
193841
193858
193936
193978
194043
194089
194098
194261
194283
194292
194383
194477
194612
194669
194689
194725
194795
194851
194945
194954
195020
195064
195087
195104
195353
195364
195467
195690
195721
195722
195766
195833
195864
196033
196062
196104
196135
196160
196189
196232
196234
196236
196405
196557
196611
196669
196732
196873
196874
196886
196943
196953
196965
197017
197107
197187
197288
197411
197602
197643
197661
197723
197785
197881
198106
198133
198228
198549
198704
198858
198917
199008
199098
199161
199198
199211
199230
199269
199494
199504
199551
199570
199753
199898
199919
199997
200210
200256
200315
200397
200492
200511
200522
200552
200575
200598
200640
200703
200767
200785
200989
201043
201068
201115
201148
201207
201220
201253
201271
201285
201319
201402
201416
201488
201580
201612
201700
201732
201803
201876
201960
202027
202061
202181
202281
202392
202558
202699
202713
202839
202859
202888
202939
202950
202999
203040
203168
203272
203291
203367
203586
203712
203811
203840
204229
204344
204383
204431
204482
204559
204561
204603
204634
204640
204798
204810
204951
205111
205124
205260
205366
205379
205509
205549
205858
205860
205958
205978
206087
206167
206329
206428
206553
206593
206614
206635
206704
206725
206860
206902
206930
207185
207187
207256
207348
207367
207410
207459
207518
207546
207548
207613
207624
207635
207657
207790
207846
207888
208005
208014
208025
208107
208123
208153
208179
208299
208401
208402
208441
208452
208632
208663
208724
208741
208856
208879
209081
209178
209181
209212
209234
209458
209471
209491
209495
209549
209553
209574
209647
209759
209768
209860
209914
210180
210260
210305
210345
210448
210464
210485
210494
210785
210809
210881
210916
211096
211149
211171
211197
211259
211280
211329
211413
211581
211644
211740
211776
211862
211932
211978
212034
212082
212139
212250
212271
212416
212418
212455
212459
212468
212534
212605
212678
212681
212740
212814
212838
212929
212992
213023
213071
213078
213124
213169
213217
213370
213392
213407
213427
213440
213498
213507
213515
213566
213626
213690
213736
213740
213768
213803
213846
213885
213972
214096
214151
214241
214303
214319
214397
214474
214500
214589
214642
214647
214720
214879
215017
215228
215325
215371
215449
215569
215585
215595
215831
215916
215966
216052
216202
216238
216297
216335
216395
216422
216470
216585
216587
216604
216653
216810
216851
216867
216975
216999
217193
217214
217329
217488
217592
217636
217651
217771
217830
217871
217902
217968
218050
218143
218235
218265
218312
218389
218422
218444
218526
218602
218632
218662
218704
218707
218796
219153
219169
219268
219313
219364
219430
219431
219483
219575
219668
219784
219837
219843
219876
219909
219999
220003
220026
220044
220063
220205
220353
220395
220419
220471
220494
220532
220541
220714
220722
220732
220778
220806
220941
221014
221175
221235
221283
221349
221475
221656
221699
221715
221813
221841
221883
221965
222008
222089
222258
222372
222461
222513
222628
222708
222711
222729
222778
222866
222931
222953
223065
223074
223150
223171
223280
223339
223390
223523
223630
223652
223748
223774
223810
223899
223947
224145
224264
224288
224404
224523
224563
224577
224707
224720
224796
224873
224899
224915
224978
224988
225037
225082
225110
225121
225128
225149
225201
225255
225326
225409
225435
225497
225546
225586
225598
225625
225628
225760
225964
226017
226068
226106
226162
226190
226248
226288
226362
226375
226454
226528
226617
226702
226704
226900
226953
226980
226988
227014
227027
227079
227201
227303
227333
227335
227355
227437
227438
227825
227836
227890
227982
228123
228222
228324
228378
228380
228424
228540
228750
228752
228885
228997
228998
229030
229114
229131
229197
229325
229384
229392
229464
229574
229641
229675
229734
229790
229792
229821
229871
229892
229955
230006
230039
230171
230176
230303
230389
230460
230464
230470
230701
230715
230746
230820
230866
230988
231044
231085
231222
231250
231310
231388
231395
231413
231718
231721
231755
231967
232009
232033
232109
232147
232158
232160
232196
232299
232405
232522
232534
232543
232694
232845
233048
233066
233146
233153
233237
233260
233290
233327
233347
233379
233477
233690
233757
233871
233989
234064
234138
234224
234289
234390
234496
234619
234621
234677
234754
234801
234931
235097
235145
235280
235328
235386
235415
235474
235519
235602
235653
235723
235872
235929
235959
235970
235983
236111
236217
236250
236295
236299
236393
236505
236550
236563
236590
236648
236686
236777
236799
236817
236829
236890
236957
236985
237052
237207
237293
237302
237331
237373
237470
237487
237651
237734
237802
237809
237882
237898
237956
238140
238143
238309
238311
238396
238477
238502
238580
238689
238791
238861
238958
238992
239020
239026
239041
239087
239175
239186
239206
239277
239285
239296
239323
239355
239413
239459
239460
239479
239644
239678
239744
239748
239843
239916
239924
240017
240095
240123
240153
240171
240195
240215
240219
240270
240304
240320
240528
240730
240887
240903
240908
240952
241016
241050
241142
241209
241277
241438
241453
241521
241570
241574
241589
241617
241629
241689
241722
241797
241924
241999
242145
242200
242274
242300
242434
242466
242490
242504
242603
242640
242793
242827
242850
243024
243059
243089
243099
243131
243262
243273
243384
243483
243497
243597
243709
243741
243753
243798
243802
243938
244091
244159
244589
244674
244735
244784
244863
244871
245029
245041
245063
245107
245137
245165
245205
245246
245298
245328
245466
245754
245770
245776
246004
246120
246255
246257
246351
246393
246437
246549
246660
246867
246902
247032
247077
247167
247180
247237
247381
247505
247771
247790
247844
247918
247967
248103
248176
248209
248262
248295
248317
248480
248542
248610
248616
248663
248770
248798
248869
248934
248967
249020
249156
249275
249346
249410
249416
249534
249573
249719
249742
249777
249874
249961
250158
250192
250212
250381
250387
250515
250526
250592
250700
250730
250784
250785
250821
250826
250872
250891
250935
250978
251016
251035
251087
251188
251258
251261
251265
251277
251293
251321
251387
251430
251511
251519
251541
251557
251574
251575
251766
251784
251892
251937
251971
251998
252043
252081
252092
252190
252295
252331
252498
252533
252612
252808
252850
252885
253002
253019
253057
253119
253139
253283
253315
253480
253520
253556
253612
253672
253680
253687
253697
253702
253827
253830
253870
254104
254138
254185
254268
254273
254342
254390
254429
254433
254496
254709
254773
254779
254904
255032
255063
255094
255138
255172
255187
255281
255327
255480
255489
255610
255847
255892
255926
256171
256270
256349
256506
256592
256654
256766
256781
256864
257061
257064
257153
257221
257222
257246
257283
257486
257493
257509
257567
257815
257880
258017
258076
258163
258242
258412
258444
258453
258483
258677
258756
259004
259038
259091
259103
259112
259131
259219
259299
259386
259433
259440
259655
259685
259790
259793
259795
259812
259931
259982
260067
260119
260222
260254
260315
260344
260367
260410
260531
260576
260737
260744
260809
260842
260974
261024
261127
261158
261170
261311
261388
261390
261408
261477
261513
261534
261577
261626
261684
261712
261714
261773
261811
261847
261851
261877
261913
262083
262149
262240
262259
262335
262342
262349
262357
262358
262378
262388
262615
262647
262718
262803
262912
262928
263053
263161
263180
263260
263281
263524
263628
263850
263851
263884
263933
263997
264071
264100
264175
264237
264310
264589
264600
264602
264762
264934
264983
265009
265082
265083
265152
265331
265447
265483
265562
265684
265726
265737
265793
265810
265869
265871
266004
266041
266068
266135
266160
266187
266226
266450
266540
266596
266658
266672
266683
266750
266764
266796
266799
266809
266813
266864
266908
266982
267012
267023
267041
267260
267288
267388
267394
267469
267529
267553
267641
267644
267724
267871
267884
267932
267964
268047
268082
268107
268198
268201
268224
268310
268329
268333
268364
268418
268445
268458
268510
268571
268604
268669
268700
268735
268823
268971
268981
269017
269088
269154
269198
269264
269318
269363
269493
269527
269556
269578
269611
269639
269655
269686
269776
269777
269792
269839
269847
269872
269876
269911
269964
269970
269993
270319
270368
270388
270404
270489
270493
270535
270597
270720
270772
270969
271024
271054
271088
271097
271151
271159
271199
271225
271240
271371
271445
271509
271544
271756
271947
271979
272023
272086
272110
272132
272208
272212
272236
272309
272358
272397
272400
272477
272479
272481
272590
272614
272681
272708
272742
272781
272838
272856
272880
272906
272908
272952
272990
273071
273087
273159
273323
273448
273457
273507
273558
273738
273744
273786
273834
273857
273900
274178
274226
274354
274358
274376
274378
274414
274465
274486
274662
274677
274769
274795
274882
274936
274949
275044
275110
275175
275236
275248
275287
275340
275431
275472
275513
275594
275724
275830
275850
275864
275906
275989
276151
276200
276201
276252
276315
276429
276475
276476
276527
276546
276598
276633
276684
276692
276734
276907
276951
277009
277010
277039
277109
277183
277209
277221
277227
277253
277257
277382
277434
277435
277555
277636
277670
277699
277726
277769
277834
277899
277973
278052
278119
278177
278301
278421
278491
278540
278596
278604
278668
278770
278870
278876
279052
279106
279125
279173
279191
279225
279294
279299
279395
279404
279444
279446
279482
279521
279657
279717
279719
279771
279803
279876
279932
279982
280071
280079
280108
280143
280150
280152
280157
280182
280229
280232
280339
280358
280365
280404
280461
280506
280560
280667
280706
280773
280804
280849
280945
281037
281079
281112
281125
281200
281245
281290
281320
281365
281425
281472
281482
281532
281681
281787
281901
281943
281984
282123
282202
282226
282306
282375
282451
282456
282535
282544
282546
282575
282627
282689
282768
282842
282864
282956
282969
282972
282984
282999
283049
283078
283136
283144
283245
283309
283358
283375
283542
283581
283659
283707
283773
283807
283848
283912
283935
283966
283991
284022
284057
284159
284223
284227
284335
284501
284596
284647
284845
284882
284961
285005
285032
285043
285076
285133
285195
285207
285279
285394
285435
285588
285647
285796
285809
285828
285851
285867
285939
285979
286025
286044
286142
286253
286309
286391
286532
286581
286609
286611
286641
286730
286800
286813
286824
286857
286902
286906
287111
287124
287156
287160
287266
287289
287381
287458
287511
287528
287656
287668
287760
287764
287769
287777
287899
288005
288057
288123
288129
288201
288238
288279
288312
288365
288431
288580
288588
288591
288600
288674
288686
288726
288853
288865
288928
288955
289105
289195
289225
289247
289280
289304
289359
289384
289502
289532
289574
289588
289614
289694
289786
289903
289996
290057
290129
290158
290205
290250
290303
290348
290389
290449
290473
290542
290579
290586
290595
290671
290725
290731
290738
290751
290784
290836
290878
290910
290980
291120
291133
291258
291292
291316
291379
291476
291477
291486
291542
291590
291654
291678
291700
291703
291742
291770
291804
291870
291899
292013
292020
292147
292253
292292
292296
292363
292439
292596
292629
292662
292711
292725
292731
292770
292805
292899
292917
292996
293000
293038
293064
293147
293181
293184
293299
293369
293397
293454
293502
293540
293624
293666
293719
293777
293863
293880
294048
294069
294127
294148
294158
294161
294255
294287
294498
294528
294659
294676
294939
294950
295009
295096
295143
295155
295222
295224
295257
295259
295275
295378
295385
295393
295515
295671
295799
295847
295904
295933
295946
295969
296024
296081
296113
296160
296221
296377
296387
296489
296557
296609
296621
296839
296858
296905
296949
296961
297032
297038
297212
297264
297295
297414
297454
297502
297516
297605
297638
297695
297696
297726
297819
297865
298003
298004
298046
298059
298087
298154
298198
298201
298292
298367
298441
298449
298461
298613
298669
298746
298860
298872
298929
298969
299001
299011
299024
299123
299161
299164
299190
299234
299376
299539
299611
299665
299695
299729
299764
299876
299933
300037
300038
300072
300161
300257
300268
300339
300354
300443
300465
300471
300523
300635
300719
300799
300883
300914
300933
301073
301141
301255
301340
301374
301552
301688
301713
301719
301892
302006
302075
302089
302268
302315
302325
302400
302461
302462
302500
302508
302516
302530
302592
302684
302686
302863
302872
302942
302984
303031
303075
303108
303158
303168
303279
303282
303304
303335
303355
303372
303496
303511
303517
303562
303603
303695
303712
303821
303932
303949
304016
304033
304041
304230
304249
304271
304295
304402
304535
304697
304702
304716
304790
304853
304941
304974
305038
305097
305115
305134
305179
305210
305313
305336
305339
305345
305421
305425
305476
305514
305549
305571
305609
305692
305723
305768
305813
305872
305940
306006
306032
306043
306199
306269
306276
306323
306357
306380
306579
306621
306706
306716
306727
306789
306905
306948
307045
307057
307171
307207
307275
307338
307375
307392
307429
307543
307631
307648
307753
307824
307858
307912
307925
308086
308188
308245
308305
308326
308370
308442
308460
308593
308620
308689
308701
308777
308971
309019
309056
309125
309144
309223
309392
309503
309555
309567
309591
309671
309686
309707
309773
309822
309896
309897
309993
310263
310279
310280
310383
310417
310482
310547
310580
310635
310706
310765
310778
310840
310908
310974
311037
311063
311089
311103
311141
311193
311346
311353
311366
311367
311462
311481
311498
311514
311582
311611
311643
311679
311717
311741
311830
311967
312005
312029
312034
312047
312090
312155
312182
312225
312250
312308
312418
312440
312451
312482
312542
312556
312634
312741
312765
312771
312781
312824
312845
312848
313039
313134
313148
313284
313300
313303
313356
313409
313410
313478
313479
313571
313572
313633
313717
313877
313934
313957
313976
314020
314041
314087
314136
314234
314263
314333
314377
314444
314573
314629
314727
314806
314842
314873
314946
315028
315130
315184
315226
315305
315326
315329
315360
315361
315382
315393
315409
315417
315471
315474
315498
315633
315663
315680
315754
315766
315781
315815
315854
315925
315959
316195
316243
316262
316311
316349
316379
316460
316527
316552
316611
316624
316640
316729
316744
316862
316935
316937
317024
317093
317194
317249
317296
317315
317320
317366
317386
317525
317619
317640
317728
317848
317902
317907
317910
318018
318107
318250
318315
318316
318363
318439
318470
318532
318634
318702
318708
318767
318910
318973
319045
319149
319169
319277
319414
319509
319755
319876
319915
319964
319991
320071
320084
320110
320143
320181
320195
320289
320296
320313
320387
320401
320405
320450
320504
320557
320597
320645
320647
320726
320765
320779
320903
320961
321007
321074
321154
321156
321231
321244
321266
321356
321407
321426
321537
321551
321583
321607
321630
321691
321813
321946
322107
322198
322202
322217
322363
322402
322457
322499
322555
322589
322682
322756
323044
323224
323227
323247
323308
323363
323397
323456
323501
323509
323621
323651
323661
323703
323781
323814
323834
323941
323951
323988
324014
324041
324100
324137
324177
324199
324356
324432
324441
324496
324588
324600
324616
324737
324753
324757
324768
324794
324848
324868
324903
324914
324925
325164
325182
325230
325241
325272
325295
325340
325349
325404
325479
325513
325516
325556
325569
325591
325597
325638
325699
325878
325972
326072
326130
326141
326160
326212
326293
326326
326454
326513
326572
326604
326635
326687
326690
326726
326771
326808
326837
326893
326950
326984
327099
327123
327187
327216
327243
327260
327312
327340
327422
327458
327501
327515
327521
327596
327631
327661
327790
327815
327829
327904
327967
328038
328092
328131
328167
328372
328411
328429
328446
328580
328592
328613
328671
328713
328762
328800
328867
328936
329011
329136
329149
329179
329190
329220
329279
329360
329422
329473
329488
329584
329715
329719
329738
330081
330243
330280
330281
330342
330875
330941
330987
331092
331123
331149
331207
331339
331343
331403
331412
331418
331498
331518
331535
331552
331589
331616
331638
331765
331827
331901
331958
331991
332052
332057
332061
332172
332188
332241
332340
332433
332512
332553
332612
332671
332710
332717
332835
332861
332889
333018
333060
333173
333190
333220
333221
333326
333349
333393
333487
333503
333520
333631
333664
333717
333772
333882
334007
334133
334161
334236
334319
334322
334383
334628
334670
334804
335003
335053
335079
335147
335277
335294
335349
335395
335425
335481
335542
335642
335655
335763
335807
335891
335930
335953
335979
336028
336049
336075
336105
336141
336209
336236
336451
336485
336510
336610
336631
336751
336775
336962
337042
337060
337207
337251
337283
337311
337357
337493
337494
337596
337753
337756
337814
337841
337905
337941
337982
338074
338179
338227
338230
338258
338331
338459
338567
338625
338684
338817
338845
338847
338872
338882
338929
338962
338976
339007
339106
339172
339186
339262
339273
339333
339542
339746
339841
339874
339884
339912
340019
340065
340136
340140
340190
340195
340201
340264
340393
340437
340517
340619
340650
340731
340805
340964
341029
341124
341210
341215
341335
341345
341360
341374
341387
341453
341454
341456
341577
341628
341684
341741
341824
341828
341866
341937
342021
342076
342086
342115
342122
342188
342290
342329
342372
342410
342427
342433
342473
342480
342508
342510
342559
342641
342667
342691
342781
342793
342816
342829
342969
342972
343164
343176
343208
343262
343327
343338
343345
343360
343366
343370
343371
343383
343395
343415
343439
343461
343470
343525
343532
343555
343614
343690
343693
343797
343910
343916
344006
344051
344128
344211
344217
344259
344289
344297
344355
344404
344497
344587
344629
344632
344661
344663
344737
344831
344845
344859
344999
345044
345057
345080
345082
345088
345129
345191
345224
345287
345296
345375
345379
345420
345486
345546
345556
345589
345612
345645
345652
345673
345702
345711
345714
345750
345773
345813
345849
345911
345972
346042
346093
346238
346292
346300
346334
346351
346354
346421
346470
346532
346558
346631
346787
346818
346909
346931
346937
347042
347188
347232
347238
347316
347439
347461
347480
347483
347503
347594
347772
347805
347951
347996
348005
348216
348275
348279
348363
348394
348452
348513
348646
348691
348763
348896
348898
348935
348974
349056
349201
349204
349446
349595
349597
349714
349717
349756
349759
349778
349825
349862
349889
349958
350012
350129
350321
350325
350369
350424
350486
350533
350560
350646
350653
350735
350801
350838
350870
350975
351039
351052
351056
351289
351347
351515
351539
351631
351655
351752
351760
351764
351819
351948
351982
352049
352088
352095
352140
352194
352276
352292
352305
352315
352338
352344
352464
352496
352549
352737
352788
352831
352864
352978
353003
353078
353108
353152
353269
353275
353349
353403
353431
353457
353501
353588
353682
353730
353748
353772
353788
353819
353866
353943
353968
354006
354092
354102
354154
354215
354291
354306
354375
354449
354501
354540
354575
354639
354735
354736
354818
354866
355031
355061
355197
355221
355252
355254
355349
355415
355432
355575
355634
355711
355763
355813
355870
355972
356006
356075
356180
356222
356323
356331
356443
356507
356719
356751
356774
356849
356895
356919
356986
356989
357019
357047
357105
357310
357366
357396
357417
357478
357613
357647
357725
357762
357974
358099
358249
358331
358433
358498
358522
358539
358552
358564
358626
358638
358640
358715
358734
358752
358811
358826
358877
358924
358973
359035
359168
359173
359270
359365
359522
359526
359558
359667
359741
359780
359781
359848
359993
360029
360125
360175
360182
360185
360357
360474
360516
360539
360595
360684
360694
360726
360765
360891
360899
360940
360980
361040
361084
361135
361146
361299
361395
361420
361456
361472
361553
361690
361720
361754
361829
361871
361973
361977
362055
362112
362116
362118
362123
362142
362164
362195
362238
362277
362301
362339
362381
362487
362616
362673
362700
362717
362718
362802
362812
362863
362921
362990
363055
363058
363124
363175
363182
363191
363222
363237
363250
363363
363449
363501
363506
363573
363591
363610
363677
363815
363864
363928
363965
364034
364042
364110
364134
364298
364346
364400
364413
364466
364514
364575
364714
364747
364855
364897
364948
365008
365023
365178
365218
365232
365439
365532
365761
365795
365863
365874
365949
366188
366227
366300
366349
366399
366434
366511
366541
366577
366757
366795
366855
367200
367276
367314
367352
367396
367453
367528
367604
367667
367674
367781
367804
367833
367864
367932
368218
368328
368425
368427
368461
368512
368546
368668
368712
368858
369059
369181
369223
369274
369305
369357
369396
369430
369471
369475
369560
369616
369629
369650
369663
369701
369777
369890
369974
370078
370083
370190
370276
370347
370350
370401
370462
370587
370712
370757
370803
370823
370940
370946
371118
371249
371281
371322
371393
371490
371517
371529
371665
371714
371750
371839
371904
371988
372021
372096
372110
372160
372169
372256
372292
372365
372405
372525
372556
372576
372580
372617
372726
372760
372771
372847
372904
372965
372984
373053
373083
373173
373256
373300
373437
373488
373554
373589
373627
373675
373842
373988
374103
374117
374396
374537
374556
374563
374655
374766
374780
374834
374919
374978
375042
375062
375124
375175
375188
375234
375422
375547
375555
375599
375613
375642
375643
375673
375685
375717
375771
375785
375967
376016
376040
376046
376138
376265
376391
376392
376496
376525
376599
376606
376629
376687
376729
376766
376771
376790
376916
376953
376983
377029
377133
377138
377199
377205
377238
377250
377255
377297
377344
377406
377479
377492
377540
377647
377664
377795
377836
377901
378034
378087
378157
378184
378320
378374
378457
378567
378630
378721
378793
378816
378868
378927
379174
379201
379259
379272
379318
379434
379467
379502
379512
379581
379637
379723
379845
379861
379867
380146
380165
380177
380291
380351
380389
380444
380464
380480
380543
380562
380580
380614
380626
380658
380672
380749
380799
380824
380908
380912
380959
380990
381064
381075
381162
381165
381173
381175
381204
381221
381224
381239
381337
381368
381466
381583
381586
381599
381616
381629
381653
381744
381800
381813
381880
381906
381944
382007
382044
382118
382214
382223
382260
382270
382326
382418
382455
382483
382613
382619
382656
382766
382784
382842
382845
382906
382966
383063
383215
383267
383363
383378
383411
383439
383442
383538
383604
383690
383723
383854
383869
383913
383948
383984
384006
384057
384265
384457
384536
384631
384641
384694
384710
384728
384773
384816
384919
384945
384988
385059
385063
385083
385109
385133
385174
385223
385285
385323
385334
385387
385400
385428
385462
385518
385609
385642
385800
385824
385898
385977
386026
386043
386066
386111
386167
386216
386269
386303
386373
386415
386588
386621
386689
386769
386841
386875
386969
387078
387129
387150
387217
387292
387313
387673
387738
387844
387883
387902
387957
387997
387999
388126
388129
388237
388300
388334
388368
388379
388469
388491
388497
388537
388585
388610
388716
388846
388859
388900
389068
389092
389188
389247
389255
389257
389304
389306
389445
389461
389464
389478
389493
389500
389502
389533
389607
389683
389716
389818
389910
389919
389986
390026
390031
390065
390089
390116
390130
390152
390210
390216
390222
390358
390412
390414
390560
390562
390596
390642
390654
390709
390808
391119
391176
391227
391248
391349
391441
391460
391498
391597
391655
391662
391718
391787
391790
391869
391875
391976
392017
392027
392053
392091
392105
392273
392286
392292
392374
392414
392443
392468
392504
392515
392518
392604
392753
392825
392869
392901
392907
392968
393033
393077
393088
393219
393288
393333
393359
393361
393417
393444
393451
393484
393533
393554
393591
393601
393623
393655
393799
393828
393912
393944
393971
393975
393986
393988
394116
394162
394170
394266
394283
394285
394310
394322
394337
394395
394455
394483
394502
394538
394609
394621
394709
394714
394756
394790
394796
394836
394892
394958
395008
395032
395154
395254
395256
395301
395308
395311
395343
395404
395438
395468
395495
395593
395594
395631
395644
395750
395800
395897
396057
396058
396108
396175
396194
396229
396260
396261
396278
396355
396397
396565
396581
396612
396653
396767
396877
396882
396884
396940
397005
397043
397090
397180
397207
397353
397364
397404
397444
397537
397539
397556
397586
397619
397757
397791
397825
397935
398000
398094
398232
398234
398416
398429
398447
398452
398546
398583
398671
398712
398850
398942
398962
398981
399131
399137
399205
399211
399333
399445
399473
399503
399514
399536
399548
399629
399635
399705
399755
399776
399806
399940
399959
399974
400035
400040
400114
400360
400383
400414
400444
400451
400469
400500
400550
400760
400767
400782
400854
400983
401004
401025
401038
401067
401100
401112
401226
401269
401336
401403
401471
401476
401509
401564
401676
401856
401934
401942
402075
402150
402208
402216
402237
402352
402379
402435
402492
402554
402643
402776
402832
402953
403033
403097
403111
403185
403187
403267
403309
403382
403417
403458
403481
403483
403583
403610
403616
403651
403662
403736
403783
403786
403811
403985
404005
404102
404132
404155
404256
404264
404379
404425
404477
404510
404632
404683
404712
404910
404988
405025
405044
405147
405167
405283
405294
405310
405334
405362
405389
405492
405572
405623
405655
405733
405816
405824
405854
405919
405956
406037
406187
406229
406259
406378
406406
406414
406416
406456
406478
406489
406588
406601
406696
406754
406776
406874
406880
406925
407002
407151
407163
407217
407243
407303
407313
407332
407352
407394
407539
407546
407654
407658
407690
407866
407949
407964
407975
407989
408099
408190
408191
408225
408289
408325
408348
408403
408454
408511
408611
408678
408690
408763
408785
408832
408848
408863
408891
408896
408898
409002
409120
409149
409209
409246
409263
409318
409330
409366
409395
409451
409545
409619
409630
409636
409685
409721
409805
409879
409885
409896
409947
410001
410099
410138
410149
410176
410189
410197
410281
410330
410331
410348
410385
410411
410463
410508
410581
