31
571
895
1105
1702
1981
2521
3519
3948
4477
4638
4894
5462
5646
5974
6683
7415
8779
9333
9915
10425
10855
11068
11596
11977
12553
13217
13391
13946
14160
14206
14381
15156
15454
16146
16454
16867
17794
18491
18714
19461
19950
20203
20584
20656
21101
21698
22089
22400
23212
23286
23677
24275
25306
26455
26600
26910
27151
27992
28491
28828
29023
29607
30040
30777
31399
31772
31942
32408
32604
32921
33928
34444
34866
35230
35510
35829
36386
36825
37284
37457
38570
39139
39602
40025
41630
42304
42676
43067
43723
44002
44815
45129
45448
45803
46591
47251
47752
47867
48732
49187
49599
49953
50277
50985
51409
51620
52290
52722
52783
53055
54382
55002
55380
55774
56040
56496
56893
57823
58398
58510
59711
60255
60708
61121
61672
61740
62080
62805
63494
64093
64554
64837
65001
65570
65780
66080
66555
66773
66986
67473
68067
68857
69055
69251
69838
69921
70163
70390
70707
70771
70950
71490
72275
72365
72686
72781
73143
73795
74102
74289
74830
75191
76373
76562
76665
76810
77079
77621
78250
79143
79218
79525
79701
80000
80627
81510
82116
82344
82801
83331
83846
83899
84136
84426
84700
85221
85753
86311
87127
87549
87991
88252
88520
89230
89504
92030
92096
92391
93277
93776
94220
94992
95689
96006
96369
96425
97236
97656
98270
98503
99096
99521
99703
100100
100475
100977
101458
101768
101867
102189
102667
103222
103537
104086
104441
104826
105514
105960
106176
106699
106857
107263
107901
108042
108369
108731
109177
109772
110043
110401
110970
111333
112031
112584
113479
114411
114625
114934
115374
115830
116503
116977
117246
117551
117938
118474
119056
119406
119617
119776
120225
120948
121274
121645
121963
122243
122559
122992
123375
123545
123864
124129
124312
124931
125251
125845
126601
127479
128455
128898
129401
130228
130404
130622
131124
131438
131963
132615
132962
133770
134697
135225
135681
136598
137027
137319
137728
138182
139100
139785
140110
140624
140662
141047
141395
141908
141970
142273
142765
143047
143465
143800
144186
145094
145438
145579
145849
146471
147312
147776
148113
148468
148767
149069
149393
150731
150970
151358
151898
152157
153107
153397
153788
153981
154467
154939
155640
156346
156962
157386
157770
157984
158179
158864
159223
159677
160246
160430
160790
161095
161239
161427
161804
162444
162644
162723
163157
163502
163971
164536
164723
164961
166367
166800
166946
167073
167445
168279
168581
169065
169429
169805
170441
170886
171310
171578
172600
173008
173564
174073
174526
174766
174826
175388
175752
176234
176735
177000
177532
177817
178579
178842
179564
179891
180512
181156
181584
181899
182054
182882
183177
183504
184061
184521
185196
185367
185411
185835
186526
186987
187494
187799
188458
189097
189598
190297
190436
190713
191628
192060
192348
192690
193051
193389
193494
193685
194008
194455
194811
195172
195598
195809
196423
196736
196881
197043
197197
197297
197374
197860
198113
198251
198359
198546
198689
198955
199295
199444
199516
199658
199983
200416
200846
200979
201225
201705
201811
201907
202062
202409
202537
202678
202843
203020
203309
203941
204277
204881
205107
205564
206015
206172
206468
206561
206862
208306
208705
208835
208871
209093
209315
209589
209899
210081
210347
210540
210744
210877
211337
211610
212033
212148
212192
212273
212371
212484
212566
212740
213185
213375
213997
214054
214203
214480
214627
214833
215041
215193
215300
215646
215763
216180
216465
216738
217057
217194
217483
217861
218994
219254
219479
219817
220045
220387
220453
221388
221447
221643
222422
222750
223681
223739
223946
224688
225390
225899
226373
226797
227466
227594
227856
229253
230707
231508
231603
232110
233275
233727
234275
235225
235570
236356
236604
237215
238009
238505
238628
239829
240161
240967
241247
241604
242526
242590
242823
243164
243777
244288
244667
245445
245826
246450
246587
246821
247325
248596
249169
249721
250465
250843
251238
251546
252443
253262
253781
254003
254686
255243
255655
255914
256128
256335
256568
256970
257362
257902
258323
258490
259133
259519
259810
260061
260225
260629
261307
261646
261941
262610
262972
263311
263685
264903
265166
265590
266331
266675
267019
267826
268288
269375
269795
270584
271118
271496
271840
272188
272698
273220
274083
274468
274718
275811
276430
276662
277032
277999
278846
279313
279587
280173
280550
281158
281586
281884
282426
283773
284194
284595
284840
284955
285292
286243
286650
287172
287487
287775
288387
288758
289215
289950
290199
291148
291524
292016
292656
293453
294077
294346
295122
295369
295840
296413
296613
296921
297738
298029
298678
299429
299905
300247
300711
300873
301030
301534
301730
302010
302731
304067
304762
304877
305343
305548
305642
305879
306519
306735
307007
307907
308120
308151
308400
308696
308872
308936
309010
309266
309452
309878
310363
310681
311002
311599
312021
312427
312809
313271
314171
314389
315355
315783
316913
317886
318241
318555
319032
319478
319816
319940
320152
320626
321114
321450
321969
322666
323654
324041
324442
325046
325558
325962
326709
326971
327411
328291
328741
329289
329577
329945
330613
331151
331652
332057
332503
332712
333265
333679
334137
334413
334782
335152
335546
336294
336623
336939
337444
337687
337878
338183
338297
338548
338666
338762
338994
339620
339811
340198
340312
340453
340581
340824
341026
341148
341305
341733
342148
342317
342539
343068
343447
343836
344111
344377
344526
345141
345646
345990
346434
346743
346992
347047
347337
347735
348542
349930
350092
350346
350713
351032
351543
351830
352258
352693
353149
353462
353667
353815
353971
354239
354367
354468
354560
354639
354771
354935
355176
355316
355400
355451
355572
355671
355808
356099
356471
356665
356858
357245
357737
357982
358191
358282
358714
358958
359300
359656
359812
360110
360258
360666
360701
360840
361088
361536
361637
361829
362094
362196
362303
362621
362871
363065
363547
364062
364156
364492
364649
364864
364922
365300
365771
365927
366104
366386
366656
366963
366994
367304
367336
367528
367667
367946
368000
368139
368300
368728
369389
369579
369730
370183
371002
371054
371246
371551
371726
372495
372971
373303
373519
373585
374438
374907
375078
375244
376715
376841
377106
377520
377574
377790
378213
378394
378889
379238
379409
379512
379546
379695
379784
380093
380273
380590
380942
381016
381280
381916
382117
382203
382400
382662
382791
383206
383361
383461
383675
383900
384066
384469
384922
385196
385387
385607
385884
386372
386518
386625
386887
387450
387645
387720
387785
387934
388152
388222
388535
389413
389865
390044
390172
390531
390581
390837
391327
391693
392445
392880
393005
393117
393357
393570
393752
394151
394268
394571
394871
395524
396026
396373
396864
397063
397257
397469
398634
398863
399020
399291
399740
400211
400557
401857
402164
402579
403081
404237
405049
405687
405994
406367
406672
407472
407926
407970
408252
408942
410017
411179
411589
412245
412729
414083
414403
415105
415372
416290
416642
417699
417986
418621
419357
419686
420340
420504
420922
421373
421683
422019
422284
422336
422501
422783
423396
423541
423986
424181
424899
425379
425783
426182
426595
426890
427624
428174
428662
429213
429631
430767
431506
431731
432580
432926
433755
434452
435215
436271
436569
437092
437534
438473
438518
439067
440186
441238
441502
441966
442343
442881
443318
443817
443966
444429
444796
445235
445833
446416
446647
447083
447449
447726
448047
448651
448916
449090
449928
450426
451441
453308
453619
453968
454371
455090
455924
456522
456962
457766
458915
459509
459922
460266
460583
460881
461628
462048
462816
463005
463219
463596
464517
465050
465474
466628
467014
467302
467389
467847
468482
469204
469712
469955
470246
470673
470886
471225
471547
472033
472334
472529
472683
472885
473143
473431
473524
473650
473789
473888
474117
474178
474233
474509
475256
475394
475499
476233
476372
476753
476788
477214
477288
477394
477573
477695
477998
478166
478330
478571
478675
478787
478997
479170
479309
479418
479577
479794
480139
480560
480807
480959
481362
481393
481574
481839
481933
482043
482419
482896
483396
483927
484060
484605
484892
485920
486161
486814
487623
488607
489159
489631
490549
492002
492772
493846
494234
494685
495162
495905
496765
497329
497545
498544
498947
499148
500027
500198
500837
501122
501811
502171
502746
503079
503631
504106
504726
505321
505754
506232
506900
507256
507570
508344
508669
509338
510015
510429
510716
511147
511309
511639
511755
511924
512185
512289
513136
513501
513840
514303
514477
515681
516092
516635
517304
517702
517950
519195
519696
520397
521030
521435
521799
522295
522890
523305
523964
524309
524718
524965
526285
526735
527016
527701
528046
528901
529523
530302
530845
531151
531889
532188
532608
533184
534161
534404
535177
535976
536369
536780
537236
537519
537806
538351
539047
539826
540281
541350
541744
542808
543124
543489
544038
544417
544644
545067
545569
546730
547723
548364
548557
548781
549023
549305
549867
550181
550318
550352
550524
550712
550828
551007
551264
551338
551486
551663
551839
552198
552333
552529
552706
553065
553157
553262
553472
553906
554041
554155
554481
554711
554926
555070
555250
555700
556157
556435
556598
556813
556957
557057
557180
557305
557760
557990
558131
558392
558544
558611
558744
558986
559227
559361
559732
559865
560047
560402
560705
560952
560985
561513
561637
561667
561966
562122
562230
562419
562621
562826
563003
563452
563588
563774
563908
564177
564304
564683
565056
565395
565468
565774
565956
566456
567084
567203
567550
567891
568031
568455
568581
568871
568977
569716
570266
571474
572029
572522
573675
574795
575287
576466
577488
577940
578264
578820
579517
579864
579960
580654
581063
581800
582159
582818
583431
584270
584967
585402
585684
586469
587269
587538
587956
588540
588895
589921
590488
590897
591326
592315
592882
592933
593339
593573
593926
594319
595271
596572
597246
597570
598104
598693
599661
