2190
6334
9478
13392
16836
19472
22837
25552
29616
33050
38012
40249
42276
45700
49993
54895
58270
62423
65449
69163
73715
77639
82341
85277
90149
94961
99095
103038
106772
111395
115758
119851
123975
128168
131243
135826
139719
143613
147417
151241
155963
160416
164749
168144
171908
175921
180734
183509
187373
190947
195710
199344
203737
208669
212623
217115
221349
225173
229406
233270
237093
241417
245530
249963
253777
257411
261285
266277
270330
274194
278946
283130
286684
290648
295899
299963
303483
306412
309128
312223
315578
317275
321029
325921
330803
335725
340138
344821
348824
353707
357610
361564
365627
369921
371808
373994
378377
379355
381931
383279
384547
385805
387073
388171
389399
392335
398085
399883
401839
403077
404266
405793
407291
411863
418093
419701
421967
423115
430813
433119
435895
441925
446588
447966
