1437
2166
4144
6064
8572
9241
10204
12191
14876
20229
24297
26346
30604
34337
48318
54674
55961
62231
63592
64269
65034
66217
67264
68828
69368
71052
71982
72713
74821
88844
95673
97146
99132
107899
108729
125898
129225
158869
164540
169605
172389
173158
176321
177234
177962
180030
181008
182370
183151
184991
185993
187529
188455
189008
190130
191974
195937
224131
228234
232232
236148
252193
252856
255917
282516
283095
283792
284943
300169
318832
336296
336862
337560
343533
346550
347860
348444
349002
351257
351872
353324
355990
357345
358282
382943
399331
420310
424203
428165
432366
449574
451908
453828
457646
459061
460110
461310
482326
486170
490429
518982
521243
522833
523506
524287
524791
525351
527222
528148
528990
529833
530355
531129
532100
533502
534284
535347
535854
536847
538567
543886
544938
548927
549734
550440
552014
552524
553164
554032
556705
558282
559019
562173
562874
567518
571296
574942
591947
592824
596291
600077
604049
607005
611307
624576
628385
630227
631693
632575
637785
646414
659298
663380
682812
698979
699545
719683
722812
726303
730486
732267
734496
754644
766055
782329
783671
784245
785060
785695
786404
787032
787659
788586
789397
790533
792153
793065
794213
795014
795634
796484
797243
797926
798538
799415
800288
800881
801606
802340
804171
806464
807356
808752
809704
811355
812700
813433
814512
815403
816262
817068
817778
819280
819863
820458
821510
822048
823015
823932
824651
825777
826417
827388
828110
829105
830137
830891
832141
833377
833927
834924
836044
837020
837702
838288
838903
839841
842187
843326
845322
846975
848347
849136
849794
850700
851372
852670
853711
854809
855523
857001
857951
861680
862697
863330
863984
865610
866464
867623
871493
872438
875782
878796
884150
885206
886125
887088
887981
889525
890647
891917
892626
894894
895491
897888
898749
899279
900579
901942
903060
904295
905545
906465
907013
908105
908946
910858
912584
923260
925043
925843
927133
930137
933538
934349
935917
936882
937403
939017
941131
942719
946556
949160
950111
953143
954875
955496
957916
958920
960172
961970
971644
973118
974429
975714
976337
977483
978692
979735
980497
981370
982306
982941
984218
984998
986091
986793
987569
988189
989077
989840
990405
991801
992421
992963
994087
994673
995661
997158
998151
999425
1000398
1001117
1002673
1003302
1003898
1004778
1005775
1006814
1007592
1008657
1011388
1012714
1014944
1015634
1016678
1017543
1018325
1019075
1020085
1020861
1021609
1022395
1023126
1023858
1025306
1027017
1028389
1029437
1031069
1031838
1033401
1034397
1035631
1036520
1038325
1039249
1040999
1042993
1043813
1045525
1046544
1047441
1048135
1049013
1050077
1050845
1052975
1053628
1054563
1057068
1058014
1059589
1062316
1063258
1065794
1067074
1068974
1070089
1071729
1073971
1074738
1076071
1077133
1080259
1080841
1097890
1098740
1101424
1102750
1110490
1113622
1119271
1131698
1132208
1139191
1144430
1147140
1164583
1166248
1168444
1189105
1189824
1192014
1196010
1213661
1222403
1225485
1226005
1230585
1242696
1246696
1250110
1255249
1258464
1266559
1267184
1269608
1279774
1300688
1303008
1320877
1322032
1326413
1351286
1378437
1381373
1382497
1384625
1390737
1431974
1433911
1436332
1439373
1442504
1445999
1449583
1450168
1456330
1462251
1463743
1487280
1488079
1488828
1492761
1495792
1497218
1503547
1506688
1507734
1509229
1509879
1511058
1511976
1512612
1513586
1514792
1515911
1517860
1519029
1520683
1521397
1522637
1523780
1524511
1525422
1526216
1526892
1527635
1528279
1528844
1529710
1530490
1531562
1532479
1533369
1534106
1534890
1535643
1536610
1537196
1538144
1538813
1539841
1540650
1541638
1542800
1543493
1544226
1544809
1545811
1546478
1547419
1548250
1548934
1550718
1551223
1552277
1552876
1554903
1555721
1557642
1558630
1560462
1561316
1562049
1562612
1563257
1563901
1564800
1565881
1567075
1567881
1569385
1569920
1571905
1572763
1573476
1574124
1575577
1577049
1577953
1578486
1579145
1579993
1580951
1582439
1583269
1584440
1586060
1586951
1587761
1588887
1590163
1591682
1592564
1593155
1593856
1594580
1595476
1597387
1598875
1600248
1601432
1606638
1607530
1609275
1610200
1614103
1615509
1616326
1617233
1617973
1621717
1623421
1627218
1632035
1632792
1633419
1635206
1636363
1637780
1639773
1641864
1644271
1645449
1647841
1649252
1653033
1655401
1656831
1657785
1658633
1660779
1662687
1663678
1664379
1665578
1666347
1668074
1670044
1670708
1671613
1673864
1675092
1682890
1689161
1692042
1696159
1698879
1700097
1701088
1702478
1702988
1703905
1716383
1718980
1720058
1723364
1724084
1747595
1787026
1799622
1800634
1834162
1854851
1856234
1856858
1858127
1858717
1860275
1861037
1862379
1863361
1863986
1864621
1865839
1866925
1867693
1868309
1869205
1870389
1871048
1872214
1872955
1874538
1875116
1875724
1876416
1877296
1877842
1878951
1879836
1880497
1881382
1882024
1882839
1884402
1885944
1887972
1889327
1890405
1891322
1892942
1894173
1895469
1897129
1898700
1899741
1900728
1902288
1902882
1903426
1904399
1904930
1906006
1906635
1907417
1907993
1908836
1909442
1910399
1911879
1913469
1915250
1916096
1917223
1917878
1919314
1920305
1921331
1922579
1923904
1924746
1926169
1926746
1928941
1929922
1930656
1931175
1932949
1935375
1936713
1937402
1939005
1939921
1940980
1942177
1942806
1943933
1945228
1946887
1949843
1951089
1951769
1953341
1954462
1957157
1958211
1962146
1963063
1965713
1966365
1967354
1970055
1970885
1974028
1975179
1977792
1981910
1983249
1984092
1985108
1987346
1987863
1988765
1990022
1991757
1992492
1993338
1993984
1994770
1996328
1996871
1999463
2000438
2001489
2003182
2004062
2005119
2006063
2006649
2008525
2009476
2010501
2012602
2014147
2016705
2017817
2025434
2027637
2028598
2035705
2041745
2042393
2049374
2050865
2053973
2058973
2062068
2063211
2064249
2064875
2081659
2111675
2114412
2115346
2118784
2127248
2128888
2131094
