4518
10848
15051
18915
22469
26942
30696
34870
38843
42617
46471
50974
64921
66858
71201
74905
78040
83312
91010
95253
100045
106884
109510
113494
117228
122240
125444
129738
132773
136736
141379
144913
149606
153539
157433
165131
168475
172000
175205
178839
181465
184430
191968
206924
210608
211277
220193
224256
228419
232413
236387
248607
249885
251902
260398
270043
274196
277311
281544
285049
289661
294174
298208
302760
306664
311486
314741
319803
324436
328120
331145
335458
342107
345302
348737
353209
357363
360927
366169
370432
378639
386516
391079
395641
402831
408481
412664
416508
420012
427780
433441
441158
445731
455336
465729
473946
477880
482103
487225
490659
494922
498457
501961
506435
511516
519144
523057
526282
532832
535537
541078
546140
550643
554048
559199
563602
567945
571729
575234
580276
584239
592047
598218
603668
610367
616058
620072
624555
628139
634718
642735
646360
650793
654946
659189
663961
672258
675193
679137
686995
691328
695641
699774
703278
707022
711096
715319
727769
730445
735716
739210
742585
747597
750882
754596
758849
762953
766767
774444
778737
781803
783190
787983
791507
796749
799864
805854
808689
815808
819692
825503
830095
837194
842146
846389
850742
855614
864899
868494
871449
876710
881273
888721
890998
894023
897527
902499
906732
910247
914690
922737
927140
931862
937543
943184
946499
950762
958679
967215
972836
979056
980923
982771
985316
989020
995390
1000442
1003887
1008220
1013681
1019532
1023545
1026540
1029106
1032850
1037044
1042545
1046109
1050821
1055264
1059358
1067285
1071848
1078757
1082512
1086934
1095380
1099733
1103038
1107211
1111624
1119471
1123365
1128427
1132670
1140877
1144012
1148305
1153008
1157461
1160825
1166137
1170080
1172866
1176710
1180114
1184617
1189240
1193503
1197127
1200931
1205643
1210046
1214499
1218073
1221827
1227059
1230593
1239150
1242664
1247406
1251610
1255334
1263021
1267344
1271528
1275561
1280144
1284048
1288580
1292245
1297436
1305593
1309267
1314759
1317933
1322067
1327179
1330873
1334607
1342734
1347965
1352318
1356651
1360525
1365367
1368642
1373385
1377568
1381152
1385086
1388860
1392684
1398754
1400960
1405643
1413510
1419131
1427707
1430703
1439229
1443662
1447066
1451150
1454994
1464598
1472775
1481937
1488939
1492833
1497736
1500950
1508638
1517064
1519950
1521687
1526230
1528546
1530792
1533867
1536942
1540367
1545409
1547955
1551589
1554504
1557489
1560005
1563889
1569840
1574053
1578846
1582130
1585425
1590277
1592054
1597875
1601928
1605842
1613759
1622206
1626030
1629364
1636433
1644081
1648534
1652168
1655692
1659196
1662751
1667044
1670458
1674492
1677307
1681690
1685255
1689817
1693102
1698214
1700610
1704783
1708408
1714248
1720728
1728575
1731840
1735175
1739608
1743292
1747585
1751169
1755213
1760196
1763549
1767453
1770977
1775051
1778975
1784006
1787191
1791225
1794939
1798393
1802377
1805422
1810115
1813609
1818517
1822535
1826718
1831241
1835404
1838918
1842543
1858477
1862720
1870398
1874322
1877616
1881291
1889937
1893601
1895777
1897225
1900670
1905392
1907449
1912001
1913629
1917772
1922574
1927087
1928914
1931510
1935324
1937421
1940386
1943441
1947355
1951748
1955941
1959485
1964088
1968181
1971196
1978814
1985214
1988289
1995208
2000739
2003814
2006959
2014128
2021945
2024930
2028405
2036063
2039547
2043810
2047115
2050829
2054263
2057139
2060633
2063289
2074461
2081550
2085134
2089297
2094070
2097334
2100799
2104193
2112001
2115006
2127137
2130931
