1793
9321
13094
17078
21251
24386
29059
32134
37595
40301
44564
49217
60179
66619
69634
72569
76303
81325
85988
92897
97240
101593
108701
111537
114801
120492
124077
127861
130097
135179
139761
142327
146271
151423
154128
162405
165910
169713
173627
176543
180396
182713
185578
199576
208851
211017
218685
222739
226343
230386
234739
242107
249546
250634
259060
262525
271430
274845
280935
283481
288503
291359
295891
299985
305007
308851
312465
317177
321420
325414
328779
334719
336606
343834
346920
351552
354797
358271
362415
368076
375813
381544
390220
394483
396620
405326
411586
413742
417486
421670
431025
436166
443085
452041
460717
471570
475344
481364
484060
488023
493185
495551
499595
504497
509179
517446
521530
523976
531064
534020
537584
543185
548646
553089
556014
560867
565549
569413
573247
576791
581144
585337
595252
602979
606683
614321
618055
622458
626611
629606
635347
644662
649594
653338
657552
661985
664700
672807
677140
681495
688951
693145
697038
702020
705635
708680
713562
717266
730245
732082
737613
741327
744872
749105
753079
756603
760037
764301
767665
777240
779726
782611
785247
790648
792735
798935
801880
807471
811245
819183
822038
827320
834268
839151
844502
848695
853178
861764
867306
869462
874374
878188
885806
890299
892365
895480
901660
903997
909668
911924
916996
925323
929366
933959
940987
945390
949314
953797
960766
971359
978288
980424
981732
983499
987293
991936
997068
1002519
1005414
1010885
1015768
1020750
1024823
1028008
1030204
1035107
1039450
1044412
1048675
1053228
1057531
1061964
1069472
1073096
1080923
1084298
1089420
1097826
1102389
1106153
1109398
1113840
1121199
1126510
1130334
1135236
1142644
1145899
1150641
1154925
1158509
1162622
1168223
1171388
1174084
1178247
1182191
1186963
1191097
1194661
1199703
1202458
1207590
1211085
1216276
1221018
1223694
1228806
1232121
1241186
1245430
1249393
1252808
1261723
1265887
1269371
1273555
1277458
1281362
1286144
1290807
1294860
1302438
1307939
1311753
1316256
1319481
1325252
1329225
1333139
1337242
1346528
1350272
1354954
1359357
1362622
1367105
1370549
1376020
1379095
1383029
1387063
1390467
1395120
1400212
1403336
1411643
1416585
1424533
1428247
1433149
1441675
1445739
1449892
1452927
1458049
1469800
1477598
1486603
1491296
1494770
1499073
1506022
1512591
1518432
1521417
1524173
1526988
1529694
1532270
1534876
1539748
1541116
1546507
1549363
1552727
1556002
1558508
1561583
1566216
1571397
1577667
1580592
1583039
1587471
1591395
1596397
1600041
1604284
1608737
1620369
1623254
1628356
1631960
1643462
1645179
1649482
1654224
1657130
1661403
1665676
1668901
1671477
1676718
1680562
1684496
1687861
1691794
1696177
1699931
1703795
1706451
1711263
1718292
1726219
1729184
1734176
1737521
1742193
1744819
1749562
1754144
1758218
1762241
1764777
1769839
1773314
1777227
1780173
1785764
1789697
1793641
1796696
1799861
1804324
1808687
1812581
1816415
1821037
1825121
1827716
1832499
1837850
1841564
1844899
1859675
1868940
1871956
1875480
1879773
1886772
1892413
1894100
1896736
1897864
1902037
1906281
1911273
1912940
1916933
1918591
1926408
1927676
1930292
1932798
1936392
1938778
1941903
1945048
1949252
1953685
1958697
1961873
1964787
1969300
1974052
1983297
1987071
1989877
2000070
2003055
2005412
2012261
2015975
2023712
2026478
2033786
2039098
2041963
2044709
2049321
2052297
2055262
2059565
2062061
2064647
2079743
2083267
2086641
2090975
2095068
2099721
2103475
2106600
2113868
2121096
2128974
