17535
18083
19171
19800
23691
24451
28462
40318
44471
47916
52587
55559
57302
58800
62315
86616
87491
88588
89372
90035
90979
94655
130252
131001
132230
133322
162271
163017
163830
165462
189705
198153
218450
232857
253868
257612
271480
273364
274099
275089
276036
277309
278154
279178
281533
286751
287600
289135
290509
328735
331660
332328
346885
347936
348506
369825
385549
386356
387073
387843
388722
389468
390334
391088
392904
393769
394495
395289
396080
396910
397765
399551
400125
401175
401963
404284
405456
406341
407591
408575
409492
410554
411500
414058
414910
415937
417318
417819
418512
419044
420295
421631
422156
423385
424672
425399
426134
426766
427900
429452
430923
431680
432631
433608
434399
435753
436818
437433
439045
439931
441058
441716
443407
444263
444870
446319
447550
450353
450991
451956
453376
454558
455142
456522
457798
458887
459431
460130
460845
461463
462368
464575
465799
466382
468821
470610
471215
473696
475074
476485
478846
479394
480632
481615
483368
484222
484904
485734
487387
487893
488496
489461
490321
490880
492155
493875
495125
496416
498129
499462
500771
502888
503593
505634
506356
507408
509219
510090
510646
511191
512749
513525
514241
515395
516993
517561
518087
519349
520018
520854
521668
522344
523165
523866
524723
525658
526296
527111
528098
528947
529466
531719
532465
535770
536685
537568
539274
547578
549335
550132
551111
551865
554576
555352
557077
558065
560016
560916
561623
562643
564500
569692
570645
571269
574115
575949
576657
577292
579382
580112
580871
582199
582942
585815
587463
588122
589532
590439
591230
591922
592586
593461
593982
595689
597778
598423
599288
600789
602105
604047
605848
607656
608870
647837
649454
650216
651114
653688
656222
659129
659904
660894
663867
701736
703089
704835
705451
706604
707644
708853
709699
711996
712516
713053
713762
714296
716515
718022
735597
738599
739196
739978
748118
