13244
14546
15658
16904
19204
19853
20635
21309
21755
22613
23574
23957
24383
25338
27109
28321
29323
30134
31755
33032
34690
35542
36312
36945
37428
37841
38622
39083
39721
40192
40585
41017
41744
42512
43280
44092
45263
46187
47035
47414
48643
49211
50743
51529
52460
54188
55091
56225
56810
57424
57807
58914
59712
60938
61772
62153
62520
63350
64343
65025
65877
67063
67799
69053
70088
70840
71970
72735
73740
74616
74993
75364
76271
77815
78579
79391
80099
81085
81968
82941
83946
85474
86251
87675
89162
90994
91558
92337
92944
93661
94374
95102
95589
95941
96963
97833
98647
99966
100574
103598
104903
106437
106795
108200
109496
111417
113233
113829
115447
117167
118648
119772
120399
120734
122017
123647
124806
125831
