1921
4916
7661
10916
13722
16647
18913
22627
24634
28169
33839
39051
45251
47783
50593
53797
57531
60107
63572
66267
79956
82841
85227
94572
100173
106203
112134
118184
123186
126411
133330
140449
143733
146788
149354
152379
155055
157621
160506
163082
166107
170071
172337
175193
181313
184877
188192
193633
199823
202689
204975
208779
210916
213891
216876
220241
222797
228348
231213
234218
237194
240170
243663
246249
249254
252130
258050
260965
263801
267465
269881
273136
279116
285067
288411
291057
294232
297517
300153
303308
306512
309178
312243
315378
318403
321209
323994
327249
330374
333180
335985
339130
342395
345230
347976
351071
354376
357171
360376
363701
366576
369671
373006
375712
382071
384737
394981
399454
402658
405644
408799
412283
419811
422277
428357
436794
441925
445330
448435
451121
462972
470709
473615
476440
481752
491506
494192
496977
502608
508279
514649
523804
526740
534637
540228
543303
546089
549743
552618
559217
561723
565218
567794
573385
579375
584946
587622
591126
593752
596807
600042
603297
606641
609677
613520
615727
623335
630603
633269
639379
643482
646637
652169
655593
659167
661384
665527
671478
677368
682670
685445
688670
691476
697955
700661
703606
706981
710046
713061
724752
735795
739149
741665
746308
749642
753945
760315
763081
766475
770020
773424
777747
780932
787112
799143
800810
807270
813360
816455
819391
822466
828576
831361
843781
849852
864918
868102
871198
874193
876439
879514
882300
885205
888390
891645
894650
897376
