1411
2570
4656
5635
7701
10796
12014
14011
16537
17496
20451
20570
23216
26202
28254
29187
31913
33061
35357
36166
38212
40269
41248
44233
45471
46140
47338
47897
50223
52599
53069
54566
55105
56014
57232
59069
62094
62563
63113
63781
65019
67705
70241
72438
74215
74584
76022
78009
79137
80105
80984
82072
84918
85766
86585
87733
89021
90708
93684
94762
96928
98236
99514
102230
103468
105165
105535
106034
107282
108180
109209
111345
112573
114989
115489
115958
117116
117995
119941
122847
125952
128817
130005
130584
131433
132112
133020
134348
134838
135407
137334
138202
140109
140928
142875
144352
145171
147937
150323
152909
156373
157202
157787
157961
158929
160047
161345
161894
164560
165518
167156
168365
169532
170480
171439
172238
172887
174524
177859
180185
181782
185247
186505
188282
191786
193044
196359
196838
199294
202889
204276
205275
206073
207262
209228
212383
213212
213721
215209
216267
216706
217116
218304
219831
220091
221309
222247
223975
224943
226800
229696
230474
232641
235626
238751
239550
239659
241706
243773
244692
245610
247866
251551
253258
255943
258739
260307
260497
261624
263182
264779
265758
266447
267525
267964
269841
270161
271269
272347
274194
275283
278398
279096
281413
282571
284787
285506
287074
287952
288991
290360
291057
291706
292355
293344
293873
294631
295520
296818
297157
297567
298106
299004
299853
300842
301650
302719
304296
305684
308599
310356
311494
314070
316576
317125
318743
320071
320869
323176
323545
325782
328457
331263
332601
334308
337223
339889
341536
342944
343753
344212
346269
347327
348861
349334
350632
351251
352339
352698
353357
354136
355564
358729
359807
360616
361774
364849
367185
368024
369591
370999
371798
374054
377059
378257
379575
380294
382371
383389
384517
386464
387772
388601
389120
389729
390777
391546
392005
392914
394402
396329
397257
397746
399334
400682
402409
403827
405434
407011
408629
409358
411344
411844
412802
413611
414280
416137
417175
418233
420150
423371
424214
424713
425052
426241
427459
429236
430074
432091
435196
436474
437243
438601
439689
441606
442864
445030
446209
448275
451051
454186
455404
457471
458928
459657
460715
461444
461724
463641
465128
466626
469721
470899
471149
472636
473974
475651
476660
478547
481382
483858
484677
486065
486933
488581
489459
492015
495310
495899
498475
501240
504325
505434
507252
507550
510965
514200
515637
517454
518772
519162
520909
521598
522287
522876
523944
524753
525342
527349
528597
530264
531672
533299
534717
536953
538541
540288
543083
546069
547496
549503
552368
555693
556592
558788
560985
561943
563181
565368
566785
568692
569567
570010
570899
572107
573005
573564
574313
575102
576590
578137
579485
581262
582470
584197
587322
588600
589459
590527
591945
592923
593782
594611
595320
596618
597586
597951
598395
599792
601480
602718
604205
605120
605533
606622
608748
611853
615318
616216
618313
619241
621438
623385
624742
626919
627798
629934
630803
632242
633439
636803
640018
641615
643393
644621
646567
647526
649403
652188
654505
656292
657720
660835
664010
665258
667394
668383
669437
669660
670409
670839
671567
673544
676559
679385
680254
682530
683778
684317
685565
686793
687212
688780
691955
692783
694970
698055
698864
699692
700092
701350
704125
707091
707899
709287
710096
712682
713380
715487
718512
719587
721697
725221
726120
728247
730314
731471
732909
734457
735555
737272
738400
740337
743362
744157
744451
745579
746338
747466
748444
749393
752548
753207
753786
755323
756252
760415
763660
767374
769201
773434
773824
776469
776859
777484
777887
779704
780153
780872
782400
788101
790337
792134
794121
794910
797456
799682
800241
802188
803037
805782
807150
809646
811014
811823
812881
814508
816545
817823
819820
821118
823204
824283
824662
825581
826689
827947
829055
829984
831242
833238
834303
834726
836353
836784
837432
839049
839808
840077
842034
843492
845199
846707
847585
848394
849782
850061
851559
852847
854534
855752
856661
857470
859516
860834
861942
863719
864469
865187
866525
867473
867713
869786
871317
871697
872745
873983
876180
877847
879434
880832
882390
883168
885315
886753
888650
889868
891765
892863
894790
896108
897995
898883
900760
902278
904035
907050
908028
910085
911173
913090
914418
916175
917344
919101
920429
920748
922176
923514
924053
925291
928186
929604
931151
932010
934007
935055
935435
935934
936653
938060
939748
940986
943202
944590
945858
946367
948394
949652
950960
952857
954095
954444
956441
957230
959396
960065
962242
963559
964308
965267
968012
969171
970575
971287
972206
974642
975570
977717
978595
980662
981551
983458
985085
987222
988510
990416
992124
992323
993891
995099
996966
998470
999961
1001019
1001665
1002797
1004294
1006381
1007180
1007459
1008328
1009346
1010345
1012581
1015037
1015886
1016545
1018232
1019120
1021417
1022186
1023024
1025550
1026389
1027417
1027926
1029484
1030802
1031381
1032449
1033827
1036513
1039468
1040646
1042812
1043911
1046397
1047485
1048014
1049502
1051129
1052747
1053485
1055832
1056650
1056930
1058977
1059845
1062171
1063539
1064098
1065616
1066445
1068681
1069669
1071706
1073114
1073944
1074372
1074851
1075530
1075919
1076299
1077986
1079004
1080832
1083847
1084995
1085824
1086912
1088060
1089927
1092742
1094020
1095838
1096706
1098703
1099861
1101728
1102637
1104853
1105812
1107988
1109186
1110883
1113759
1116355
1117872
1119000
1121357
1125610
1128276
1129074
1131450
1131989
1133467
1134186
1136442
1139408
1141944
1142832
1143731
1144949
1145817
1146073
1148593
1152047
1153535
1156810
1158677
1161742
1162171
1163878
1165735
1167033
1169679
1172525
1175230
1176468
1178635
1179793
1181420
1182549
1184645
1186293
1187950
1189358
1190955
1192283
1193990
1194809
1196466
1197055
1198223
1199741
1200949
1202826
1204004
1204294
1204883
1205761
1207069
1207958
1208737
1210194
1211802
1213080
1214787
1216215
1217503
1218551
1220228
1221077
1222534
1223932
1225220
1226488
1227526
1229264
1230622
1231151
1232119
1233547
1235204
1237940
1241454
1242413
1244120
1245368
1246716
1248732
1249691
1250639
1251438
1252636
1253315
1254024
1255701
1256959
1257928
1258806
1260414
1261991
1264857
1265836
1266514
1267992
1270567
1272634
1275260
1277726
1279952
1281031
1282928
1286123
1287510
1289218
1291105
1292662
1293660
1293990
1295737
1296616
1297504
1298752
1299940
1301877
1303285
1305032
1306640
1307468
1308097
1311222
1312321
1312570
1314158
1315685
1315815
1317293
1318127
1319200
1320018
1321456
1323023
1323672
1324331
1324781
1326049
1327287
1329024
1330292
1330751
1331142
1332329
1334605
1335883
1337700
1340196
1340675
1341534
1344050
1347105
1349691
1350210
1350949
1351428
1352277
1352722
1354812
1355382
1356450
1356610
1357878
1359215
1360364
1362450
1364367
1365266
1368630
1369579
1370118
1371256
1372494
1372913
1375130
1375399
1376428
1377276
1378954
1380252
1380951
1383017
1383976
1385813
1386222
1386901
1388425
1390735
1393590
1394838
1396386
1399611
1400529
1402356
1403145
1405731
1406679
1407698
1409105
1410034
1412250
1413169
1415585
1417712
1418930
1420018
1421725
1423502
1424121
1425060
1426078
1428085
1429383
1432887
1434325
1435074
1437220
1440056
1441743
1443450
1446615
1447574
1448393
1449660
1450499
1452985
1455731
1458776
1459860
1462150
1464127
1464956
1466394
1466813
1468151
1469888
1471356
1472035
1472464
1474321
1477406
1478764
1480301
1481489
1482019
1482148
1483626
1484814
1486551
1488488
1490136
1491214
1493221
1494499
1496076
1496326
1497534
1499670
1500130
1501258
1502466
1505241
1505641
1506250
1506659
1508187
1509604
1511282
1514277
1515335
1517062
1518959
1520247
1521896
1523243
1523802
1524091
1524471
1524690
1525639
1525938
1527596
1527985
1529033
1532009
1532388
1533067
1535054
1535972
1537679
1538029
1538658
1538929
1539756
1540585
1540934
1541553
1543750
1544858
1545776
1547535
1548282
1548802
1552046
1552186
1554712
1555860
1556589
1557478
1558696
1559165
1560643
1561741
1563079
1563917
1565535
1565754
1567372
1569069
1569518
1570816
1572564
1573812
1574180
1575189
1576837
1578664
1578963
1579742
1581200
1583127
1584804
1586152
1587190
1589297
1592012
1593131
1594968
1597783
1600659
1603324
1606270
1607438
1607827
1609235
1612579
1615605
1617811
1618650
1621725
1623182
1624660
1626537
1628214
1629372
1630960
1632098
1632698
1633775
1636651
1637180
1639706
1641503
1643210
1643330
1643580
1645746
1646835
1648771
1650529
1651677
1652475
1655001
1659554
1660539
1662659
1665774
1667531
1669518
1671077
1672953
1674740
1676886
1678134
1680261
1681589
1683655
1685423
1686761
1688328
1689886
1691663
1693120
1694398
1696195
1697853
1699131
1700568
1702196
1703653
1704712
1707298
1710073
1711651
1712160
1713108
1714576
1715544
1716014
1717691
1718701
1718979
1720736
1721984
1725129
1726786
1728074
1729442
1731589
1733166
1734554
1735822
1737849
1739236
1739835
1740624
1741663
1741942
1743719
1745257
1747004
1748092
1750029
1751067
1751337
1752755
1754262
1755730
1757268
1758695
1759913
1761690
1762150
1762369
1762938
1763458
1763727
1764506
1765944
1767571
1768959
1770396
1771894
1773681
1775049
1776666
1778424
1779781
1781459
1783176
1786261
1787509
1790135
1790374
1792301
1793330
1793799
1795137
1796614
1797972
1799130
1800938
1803633
1805540
1805700
1806818
1809933
1810961
1812589
1814206
1815943
1817261
1817491
1819029
1819997
1820726
1822273
1825099
1826527
1828423
1829302
1831399
1832866
1834753
1835852
1836092
1837439
1838987
1840594
1841862
1843649
1845157
1845756
1846804
1848701
1849969
1850858
1851407
1853084
1855959
1857447
1858865
1860392
1862100
1863008
1863607
1865035
1866502
1867870
1868230
1869548
1870796
1871275
1872503
1873671
1874530
1875897
1876307
1877495
1878743
1879751
1880310
1881678
1883465
1884903
1886660
1887888
1889765
1891073
1893150
1894409
1896125
1897103
1897423
1898172
1899170
1900448
1902135
1903843
1905420
1907067
1908595
1911351
1912938
1914026
1917351
1918978
1919817
1920526
1921914
1923262
1924929
1926766
1928493
1930041
1931818
1933375
1934643
1934863
1935342
1936440
1938048
1939296
1940913
1942740
1944018
1944517
1945706
1946864
1948621
1950937
1952185
1953912
1957237
1958685
1960552
1961800
1962289
1962918
1963797
1965594
1966442
1967411
1968858
1970695
1971391
1972103
1973002
1973880
1975558
1975917
1977175
1978193
1978872
1979342
1980140
1981528
1983275
1984513
1985791
1987099
1987998
1988946
1990114
1991702
1993159
1994657
1995636
1997053
1997802
1999989
2000987
2002095
2004202
2005659
2006119
2006488
2007616
2008615
2009483
2010462
2011530
2012848
2013687
2015154
2016372
2018100
2019757
2022093
2022772
2023750
2025927
2027465
2029032
2030450
2031278
2032367
2033675
2035771
2037109
2037379
2038707
2039196
2040084
2041772
2043070
2044817
2045785
2046434
2047852
2049559
2050937
2052005
2053902
2054302
2054950
2056308
2059463
2060292
2060731
2061650
2062568
2064305
2065414
2066772
2067690
2068529
2070565
2071953
2072482
2073800
2074759
2075459
2075767
2076855
2077444
2077550
2079801
2081488
2084603
2086640
2088317
2091043
2093259
2094427
2095645
2097922
2098171
2101107
2102644
2103852
2106997
2108246
2108365
2108545
2108974
2111230
2111590
2111719
2112059
2112908
2114605
2114835
2115024
2115164
2115543
2116721
2117081
2119477
2119896
2121244
2122372
2122702
2123920
2124938
2125467
2126326
2127993
2129152
2130190
2131009
2132356
2133165
2134094
2134583
2135721
2136230
2137009
2137448
2137977
2138407
2138806
2139282
2139595
2140493
2141112
2141372
2143698
2145376
2147742
2150467
2151017
2151196
2151586
2152923
2153293
2155529
2158744
2160851
2162029
2162558
2163966
2164715
2165933
2167171
2168329
2169786
2171194
2172023
2175138
2175827
2179181
2180729
2181418
2181897
2182796
2186939
2187378
2187818
2189814
2190924
2191532
2193618
2195795
2196643
2198790
2199629
2202654
2202983
2205130
2208365
2210351
2212937
2213936
2215443
2215932
2216542
2218109
2219337
2222143
2224938
2225867
2227554
2230140
2232935
2233664
2235960
2238307
2240902
2243159
2245745
2247452
2248341
2249758
2250078
2251216
2252191
2252943
2253672
2255739
2258235
2259023
2261669
2264255
2266242
2266851
2269047
2270615
2271533
2273760
2274469
2276406
2277184
2278922
2279770
2281557
2284083
2286489
2289225
2292150
2294826
2297362
2298310
2300038
2300876
2302723
2303492
2305798
2308724
2309712
2311739
2314135
2315802
2317180
2318578
2320016
2322731
2323231
2324169
2324518
2325697
2327574
2328881
2329232
2330649
2333215
2334532
2336210
2337018
2339135
2339744
2341841
2344956
2345734
2347641
2348600
2349109
2350477
2351316
2352394
2354371
2357006
2357785
2360381
2361699
2362518
2363326
2364235
2366142
2369377
2369966
2370105
2371144
2372302
2373270
2375297
2377124
2377613
2378103
2380339
2381188
2383424
2386509
2389474
2390233
2391511
2391977
2392460
2393638
2395525
2398490
2399658
2401405
2402374
2403941
2404670
2407495
2408274
2408674
2409412
2410670
2411549
2413526
2416022
2417799
2418807
2421603
2424608
2425367
2427364
2430129
2432845
2435171
2437158
2438116
2439404
2441112
2442410
2442640
2444336
2445285
2445674
2447611
2448759
2449638
2450726
2453851
2454600
2455628
2456527
2459662
2462507
2463296
2463985
2464364
2465113
2466251
2468058
2469376
2471143
2472621
2474288
2476565
2479251
2480019
2482136
2483623
2484951
2488006
2488416
2490862
2493997
2497421
2500077
2500357
2502174
2502963
2503841
2504720
2505219
2506058
2506816
2507775
2509033
2511748
2514594
2516071
2517429
2520594
2521203
2523250
2525856
2528911
2530988
2531906
2534941
2536179
2538046
2541031
2543597
2546343
2549059
2552164
2553162
2555179
2556427
2558174
2561339
2564234
2567659
2570335
2573290
2574807
2576095
2576864
2577184
2578991
2581716
2584142
2584961
2585251
2587597
2588456
2589703
2590402
2590932
2591411
2591690
2593158
2593547
2595664
2598749
2601674
2603322
2604360
2605059
2607195
2609592
2616291
2616680
2617319
2618997
2620430
2622092
2623350
2624478
2625177
2625766
2626784
2627603
2630678
2632315
2633493
2636678
2639713
2640802
2641900
2642778
2645025
2645863
2648619
2649883
2651475
2653381
2654400
2656037
2657495
2659092
2660450
2662227
2663485
2664653
2666421
2669006
2671912
2673779
2674627
2677293
2679889
2680638
2682764
2685410
2686159
2688715
2691780
2692968
2694631
2695304
2698389
2699607
2701464
2702662
2704729
2706097
2708144
2709092
2711079
2712087
2714104
2715573
2716081
2717269
2719875
2720184
2721392
2721542
2722900
2723839
2725726
2726854
2728970
2729739
2730198
2731876
2734801
2737956
2738815
2741001
2742319
2743956
2744765
2746692
2747860
2748289
2749797
2752792
2753940
2754489
2755208
2755747
2758383
2761698
2764653
2766830
2767638
2768497
2770823
2773101
2773858
2774757
2775326
2775975
2777123
2778271
2779270
2780058
2782325
2783253
2785430
2786109
2787177
2788212
2789224
2790172
2790512
2790631
2791660
2792269
2793916
2795064
2796372
2797930
2802274
2803651
2804749
2806446
2809102
2810450
2812197
2812916
2815342
2817408
2818347
2819086
2820723
2821522
2822890
2824567
2825506
2827462
2828481
2830478
2831406
2831855
2833253
2834481
2836099
2838894
2841979
2843067
2843527
2844795
2847930
2849148
2850526
2851284
2851540
2853331
2856206
2856436
2857305
2859052
2862077
2862986
2865132
2867868
2868996
2870813
2872001
2873728
2874214
2874607
2876823
2879749
2880697
2882834
2883353
2885799
2886867
2888764
2890212
2891490
2893487
2895673
2896162
2897410
2901344
2903351
2906126
2907065
2908263
2908672
2910100
2912436
2914922
2917308
2919485
2920404
2920533
2921062
2921951
2922061
2923778
2924207
2924547
2926753
2928620
2928910
2930068
2931646
2935390
2937416
2937566
2938475
2941090
2941480
2942718
2944395
2947630
2950735
2953860
2956805
2958183
2959561
2960389
2962017
2964742
2967478
2970164
2972979
2976274
2978111
2978470
2980178
2981126
2981566
2983822
2984570
2986907
2989363
2990272
2992278
2992618
2995923
2996961
2998279
2999217
3003550
3005158
3006066
3007594
3008622
3008962
3010359
3011259
3011587
3012087
3012815
3013125
3013744
3014403
3015152
3015990
3017797
3019804
3020753
3022510
3023179
3023678
3024177
3025006
3028011
3029109
3030277
3030777
3031885
3033642
3034551
3036657
3037795
3038474
3039303
3041519
3043197
3044565
3045293
3045783
3047120
3047929
3050036
3050765
3051913
3053071
3053880
3054598
3055896
3056485
3057005
3058602
3059421
3060799
3064113
3066070
3066909
3068177
3068706
3070154
3071232
3071751
3072879
3073558
3074626
3075505
3080347
3083183
3085259
3086158
3086997
3088804
3091499
3092867
3093466
3094415
3095094
3097240
3099896
3100954
3102861
3105747
3107114
3108722
3109560
3111397
3114373
3115451
3117268
3118366
3119165
3120183
3120493
3121132
3121621
3123278
3124317
3126014
3127072
3128919
3129758
3131795
3132484
3132733
3134401
3137256
3138354
3140371
3140950
3141230
3143187
3144385
3145982
3147320
3148708
3150065
3151693
3152711
3153031
3154658
3155537
3157514
3158272
3158632
3160369
3163214
3164223
3164582
3166679
3167597
3168166
3169005
3169375
3169984
3170203
3171082
3172749
3173927
3175395
3176423
3178250
3178889
3179668
3180357
3180686
3184430
3185479
3186044
3186188
3187116
3187745
3189652
3190800
3193186
3194934
3195912
3197919
3199676
3201922
3202691
3204588
3206106
3207983
3210409
3213045
3214752
3215181
3218456
3218955
3219714
3220303
3222479
3223289
3223687
3227481
3228999
3230487
3231385
3231585
3232344
3233033
3233512
3234880
3236037
3237196
3237555
3237995
3240511
3241928
3243007
3244175
3244794
3247050
3249286
3249576
3251273
3254698
3256485
3257413
3258721
3259280
3259870
3261986
3263454
3264203
3265530
3266299
3267208
3269404
3272459
3273588
3274676
3275784
3276363
3277990
3278929
3281575
3284540
3285335
3286996
3289452
3291509
3292647
3295682
3297349
3298508
3299626
3300484
3301303
3302182
3303530
3304967
3305217
3305736
3308272
3310678
3311447
3312765
3313893
3315051
3315930
3316359
3317547
3319674
3322010
3323058
3324226
3326283
3327621
3329678
3332244
3333182
3334370
3336627
3337904
3340111
3341838
3342417
3344145
3344893
3345223
3346471
3347849
3349097
3350934
3351055
3351583
3352821
3354338
3358132
3358262
3360428
3362835
3366868
3367169
3368076
3370043
3371780
3372769
3374316
3377122
3380087
3383012
3385458
3387415
3388294
3389003
3390101
3390870
3392946
3393805
3395243
3398238
3399166
3401163
3403919
3405866
3406475
3408691
3409879
3411147
3411566
3413833
3415440
3416808
3417786
3418036
3419444
3421850
3423747
3424546
3425474
3426273
3427740
3429328
3433631
3434679
3434949
3436347
3439372
3442577
3445692
3448507
3451522
3454937
3456444
3457802
3458721
3460218
3462984
3463783
3465650
3468266
3468485
3470143
3470542
3471291
3472599
3473697
3474086
3475993
3476702
3477471
3477820
3479757
3480216
3480656
3481424
3481804
3482053
3482363
3483331
3484569
3486107
3486716
3489252
3492956
3493974
3494364
3496051
3498687
3499126
3500314
3500833
3501542
3502532
3502660
3503349
3504557
3506065
3507323
3507632
3508990
3510318
3512485
3515031
3516478
3517656
3517966
3519244
3520142
3522968
3525703
3526961
3528469
3529388
3531195
3532383
3533231
3534000
3534839
3536916
3537614
3538483
3538982
3539781
3541588
3542167
3542646
3543415
3545072
3546590
3546929
3547409
3549875
3550574
3553599
3556404
3559759
3561107
3561576
3562425
3563483
3563679
3565100
3566428
3568135
3570562
3571161
3571530
3573567
3576123
3576372
3576742
3578139
3578868
3579248
3581804
3583171
3584130
3584759
3587095
3587514
3588233
3590230
3592327
3593036
3594513
3595212
3596191
3597478
3599226
3601508
3601662
3604108
3606484
3608321
3608591
3609509
3610098
3611177
3612175
3613273
3613633
3615140
3615939
3617806
3618834
3620202
3620318
3621021
3624076
3624246
3625883
3627041
3628379
3632203
3632642
3635238
3636726
3638293
3639531
3641588
3643505
3644892
3645641
3648307
3650094
3650882
3651442
3653059
3653409
3654547
3656494
3657303
3658620
3659389
3660018
3660687
3661496
3662275
3663153
3664251
3666448
3667646
3667975
3669373
3669733
3671071
3671610
3671989
3676881
3681344
3682762
3683471
3684249
3685547
3686286
3687045
3691757
3692596
3694483
3699646
3699964
3700793
3701222
3701847
3702181
3703319
3703948
3706015
3709010
3709489
3712065
3713772
3714691
3718065
3718425
3720423
3721140
3723855
3724515
3727031
3729567
3730116
3731324
3732362
3733970
3735268
3737075
3737943
3739111
3740230
3740489
3742197
3744034
3744513
3744852
3745571
3747069
3748756
3751861
3752979
3753498
3755565
3756863
3758271
3758580
3760757
3762095
3763622
3764091
3765929
3766867
3767616
3769553
3772548
3772804
3774067
3775423
3777560
3779806
3780625
3781803
3783081
3783950
3785767
3788742
3791857
3794822
3795741
3797448
3797897
3799265
3799884
3801172
3802889
3803478
3803888
3804257
3804956
3806633
3808840
3809449
3810267
3811595
3812294
3812903
3813842
3814601
3815529
3817386
3818025
3818784
3819403
3820591
3823656
3824535
3826791
3828339
3830036
3832841
3834808
3836206
3837464
3839640
3840449
3843454
3844873
3845291
3846689
3848656
3849804
3851981
3853019
3856034
3857362
3858181
3858860
3862024
3862933
3864031
3865050
3865908
3867156
3868105
3869812
3871160
3872208
3873836
3875922
3877080
3877560
3880625
3881923
3882212
3883270
3884908
3886206
3889610
3890928
3892615
3895750
3896899
3897218
3898107
3900812
3902430
3903818
3907262
3908191
3908620
3910197
3911136
3913392
3914271
3917136
3919053
3919642
3920511
3922048
3923326
3923766
3924265
3925603
3926202
3927110
3928059
3928738
3929456
3929896
3930016
3932811
3935287
3936146
3936605
3937014
3938712
3940049
3940760
3940918
3942216
3942346
3943863
3945341
3948326
3949105
3951262
3952969
3953408
3954177
3955535
3956544
3957172
3960327
3962933
3963472
3964201
3967615
3968893
3969343
3969882
3970331
3971639
3973855
3974125
3975812
3976611
3977160
3978069
3978548
3979297
3979706
3980884
3981204
3981313
3982621
3985567
3986635
3988901
3989830
3991737
3993524
3994332
3997398
3998656
4000433
4003228
4006453
4009878
4010297
4013043
4016138
4017975
4021070
4021878
4022398
4023606
4024125
4025423
4027399
4028348
4030594
4032263
4033610
4036665
4039630
4042965
4045860
4047318
4048246
4048566
4049594
4050542
4051281
4052429
4054416
4055564
4057921
4059689
4060806
4063951
4065129
4066716
4067635
4068124
4069772
4071459
4072218
4073347
4073496
4074903
4075862
4077160
4078048
4079356
4080514
4081153
4081992
4083000
4084917
4086275
4088242
4091127
4094133
4094711
4096139
4096425
4097327
4097946
4100093
4103048
4106073
4107862
4108010
4108420
4109548
4110446
4111215
4112423
4115129
4117106
4117865
4119362
4120580
4121519
4122138
4123356
4124224
4125213
4126361
4127399
4127868
4129316
4131353
4132591
4134308
4135297
4136925
4137174
4137962
4138233
4138342
4138711
4139220
4140718
4141736
4141876
4143513
4146588
4149584
4150402
4151231
4152150
4155754
4158609
4159877
4160356
4161315
4162503
4164260
4164600
4165019
4165987
4166387
4167415
4169412
4170570
4172028
4173695
4177150
4178148
4180165
4182780
4183489
4186475
4187952
4188292
4189080
4191896
4193294
4195011
4195670
4198236
4199294
4200963
4202389
4203577
4204755
4206592
4209877
4210766
4211664
4213152
4215867
4216357
4216716
4219072
4220470
4221079
4222038
4225262
4226730
