613
2210
3598
5365
6463
10038
11835
13083
15519
17386
18374
20501
22448
24734
28240
30784
32911
33780
36056
37543
39860
40419
42885
45012
45860
46689
47657
49604
52430
52715
54157
55055
55355
57072
58230
59289
62264
62663
63412
64051
67056
69602
72068
72627
74394
75153
76711
78288
79406
80425
81303
83690
85696
86225
86954
88522
89460
93065
94352
95011
97098
98386
101351
103108
104097
105375
105804
107082
107451
108899
110726
111785
112863
115299
115698
116148
117835
119083
122068
124953
127300
129856
130285
130774
131952
132901
133360
134578
135147
136415
137983
138961
140728
141557
143883
144612
147244
149115
152220
154855
157012
157601
157802
158360
159778
160996
161535
163432
165319
165908
168234
168693
170391
170570
171708
172467
173416
175003
178827
180435
185007
186315
186635
189520
192455
194452
196688
198256
201501
203627
205165
205424
207002
208210
211345
212932
213472
214300
215928
216477
216956
217615
218993
219981
220410
222068
223106
224743
226262
228637
230265
231672
234568
237773
239290
239641
240688
243723
244043
245400
246968
249933
251730
255195
257681
260177
260446
263062
263302
265598
266057
266566
267635
268623
269971
271129
271548
273965
274434
276790
278977
280205
282132
283729
285207
285676
287253
288451
289659
290378
291576
292036
293204
293433
294472
295310
296149
297078
297447
297717
298675
299124
300402
301331
301830
303348
304795
307671
309777
310546
312103
316167
316786
318393
318923
320380
321828
323345
324933
327269
330214
332002
332730
335925
338911
341466
341866
343593
343913
344502
346768
348206
348875
349494
350821
351460
352599
353028
353457
354426
358230
359468
360216
360995
362822
366696
367275
369472
369811
371488
371998
376470
378088
379286
379645
382051
382720
383908
385336
387093
388431
388890
389250
390308
391117
391646
392125
393513
394591
396898
397467
398844
400512
401241
403497
404805
406902
407481
409198
410705
411704
412353
413471
413761
415877
416307
418034
419012
422507
424034
424653
425232
427209
428088
429805
431083
434517
436135
437073
437423
439330
440548
442365
444182
445769
446268
447476
450192
453297
455164
456562
458509
459407
459837
461284
461693
462572
464359
465837
468303
470210
471109
471708
473455
474154
476420
477508
479216
482940
484477
485825
486204
488401
488860
490647
494092
495739
497347
499942
503407
505084
506881
507267
509787
513291
515418
516576
518553
518912
519471
521278
521967
522696
523215
524653
525002
526340
527978
529285
531502
532710
533948
535705
538101
539359
542005
543423
547396
548235
550901
553007
556472
557979
560954
561144
562602
564180
566446
567245
569540
570719
571168
572666
573245
574203
574543
575681
576660
578856
580513
581821
583618
586504
588341
589199
589908
591346
592764
593063
594461
595060
595779
597336
597766
597962
598315
598784
601290
601649
604155
604854
605134
606462
607999
610745
614269
616136
617244
618742
620140
623305
623674
625861
627628
628926
630683
631851
632260
635755
638860
640897
642145
644071
645230
647466
648664
651669
653097
656122
656422
659946
662871
664569
666366
667783
669422
669810
670669
671458
672736
675052
678496
680174
681372
683059
684177
684816
686304
687083
687742
691365
692664
693962
697216
698774
699553
699902
700261
703337
706012
707769
709047
709363
711723
713311
714569
717694
719341
720459
723824
725721
726719
729824
730333
732799
733568
735355
736224
738001
739449
742284
743981
744171
745379
745769
747116
748045
748684
751320
753087
753416
754724
756062
758179
761653
765377
768612
771138
773614
775052
776529
777028
777497
778067
780024
780623
781931
785265
788360
791306
793931
794891
795219
798254
799972
801230
802847
804055
806811
808538
810395
811683
811952
813780
815627
817474
819221
820678
822555
824163
824502
825521
825860
827338
828026
829594
830772
832350
833817
834317
834836
836764
836992
838250
839588
840027
841325
842434
844400
845938
847446
847775
849113
850022
850820
852088
853765
855303
856012
856940
858558
859856
861343
862581
864319
864488
865077
865836
867294
867523
868652
869799
870678
871487
872366
873634
874971
876729
878875
879754
881731
883049
884277
886014
887881
889259
890856
892134
894300
895289
897186
898464
900381
901629
903166
906171
907519
909386
910524
912131
913769
915137
916475
918062
919720
920538
921177
922775
923743
924312
927427
928785
930113
931860
933468
934466
935385
935915
937142
939169
940177
942174
943611
945578
945899
946068
948244
948733
950361
952048
953486
954185
955443
956990
958687
959796
961143
962781
963919
964458
967174
968611
970564
971736
973883
975221
976928
978326
979424
981401
982779
984386
985904
987811
989588
991065
992214
992892
994640
996047
997495
998953
1000371
1001309
1001978
1003685
1004993
1006870
1007289
1008168
1008667
1010225
1011852
1014208
1015466
1016325
1017164
1018771
1020668
1021996
1022874
1023753
1026269
1026838
1027657
1029334
1029584
1030882
1032339
1032759
1035644
1038509
1040376
1041784
1043531
1045119
1046646
1047745
1048773
1050001
1052038
1053317
1054793
1056301
1056916
1057769
1059346
1061283
1062591
1064048
1064598
1066315
1067683
1069260
1071087
1071876
1073912
1074512
1075270
1075780
1076249
1076968
1078306
1080123
1083148
1084825
1085704
1086073
1087501
1089158
1092004
1093401
1095009
1096536
1097315
1099242
1100680
1102427
1103885
1105572
1106790
1108547
1109735
1112441
1115496
1117183
1118451
1120598
1122275
1127497
1128495
1130013
1131880
1132015
1132708
1133707
1135324
1138319
1141035
1142193
1143541
1143960
1145528
1146037
1147345
1150999
1152607
1154603
1157718
1160783
1162071
1162930
1165316
1165935
1168471
1171966
1174382
1175999
1177487
1179184
1180901
1181900
1183986
1185334
1186991
1188329
1190096
1191854
1193341
1194320
1195957
1196526
1198074
1199122
1200460
1202047
1203315
1204124
1204723
1205322
1206390
1207698
1208088
1209406
1211103
1212760
1214188
1215156
1217113
1218042
1219969
1220638
1221925
1223313
1224481
1226219
1227287
1228705
1230032
1230981
1231510
1232878
1234316
1237401
1238908
1241754
1243701
1244729
1246077
1248563
1249002
1250200
1251268
1251708
1253046
1253415
1255082
1256011
1257848
1258078
1259326
1261412
1264387
1265816
1267452
1269379
1271885
1274551
1276678
1279074
1280851
1282149
1285224
1286821
1288179
1290236
1291644
1293211
1293920
1294779
1296536
1296785
1297904
1299551
1301148
1302037
1303435
1306440
1307329
1307718
1308627
1311891
1312410
1312780
1315067
1315711
1316833
1317602
1318850
1319329
1320677
1322255
1323393
1324082
1324461
1325070
1326498
1328165
1329353
1330721
1330851
1331160
1333487
1335663
1336562
1339966
1340465
1341264
1343001
1344779
1347684
1349811
1350749
1351088
1352147
1352466
1352736
1354523
1355162
1355891
1356500
1356829
1358836
1359964
1361332
1363239
1364617
1367263
1368960
1369938
1370807
1371885
1372694
1373123
1375270
1375949
1376628
1378824
1379383
1380920
1382328
1383756
1385304
1386152
1386701
1387440
1389657
1392648
1394229
1395567
1396462
1398652
1400290
1401797
1403131
1404732
1406360
1407648
1408127
1409804
1411611
1412909
1414876
1416274
1418011
1419289
1420477
1422843
1423992
1424381
1425819
1426288
1428744
1432388
1433017
1434964
1436262
1438618
1441633
1442392
1445717
1447294
1448103
1448632
1450399
1451997
1453375
1458087
1459405
1459874
1461132
1463878
1464517
1465865
1466733
1467192
1468880
1470717
1471935
1472284
1473323
1476627
1478085
1479742
1481230
1481639
1482079
1482338
1484445
1484884
1486232
1486578
1487390
1489656
1490934
1492642
1493880
1495397
1496176
1497334
1498991
1499880
1500319
1501547
1504692
1505591
1506360
1506939
1508836
1510154
1512809
1515136
1516483
1518560
1519339
1520477
1521915
1523752
1523971
1524401
1524540
1525249
1525729
1526527
1527915
1528314
1531290
1532238
1532548
1533726
1535613
1537060
1537949
1538075
1538768
1538947
1539896
1540794
1541064
1542771
1544039
1545008
1547324
1547554
1548472
1550080
1552167
1552765
1555211
1556429
1556839
1558656
1558995
1559964
1561451
1562969
1563149
1564467
1565605
1566643
1568061
1569319
1569758
1571395
1573143
1573951
1574820
1576118
1577805
1578843
1579552
1580830
1582617
1583706
1585233
1586960
1588188
1590924
1592841
1593790
1597214
1599530
1602496
1605131
1606928
1607647
1608426
1611112
1614546
1617502
1617921
1621006
1623132
1623921
1625259
1626787
1628654
1630531
1631809
1632647
1636172
1637090
1637230
1640345
1642601
1643270
1643549
1644668
1646046
1647763
1648971
1651507
1651747
1653694
1656709
1660043
1661511
1664866
1667252
1668140
1670157
1671096
1671795
1674370
1675688
1677735
1679442
1681010
1682837
1684734
1686022
1688298
1688598
1690774
1692511
1693889
1695666
1696535
1698532
1700269
1701567
1702695
1703833
1706389
1709364
1710672
1712000
1712779
1713977
1715375
1715754
1717521
1718649
1719718
1721335
1724201
1725688
1727306
1729003
1730490
1732148
1734185
1735622
1737200
1738258
1739626
1740025
1741373
1741712
1743010
1744784
1746461
1747693
1749470
1750758
1751137
1751986
1753294
1754921
1756319
1758056
1759424
1761111
1761960
1762339
1762709
1763258
1763647
1763957
1765385
1766702
1768470
1769688
1771065
1772573
1774370
1776127
1777425
1779113
1780660
1782597
1785472
1786880
1788627
1790295
1791153
1792801
1793689
1794508
1795957
1797533
1798511
1800139
1802904
1804482
1805610
1806399
1807547
1810772
1811910
1813537
1814646
1817072
1817477
1818020
1819668
1820247
1820826
1822773
1825967
1827765
1829182
1830540
1831748
1833895
1835263
1836031
1836910
1838238
1839955
1841213
1842780
1844128
1845536
1846045
1847373
1848951
1850698
1851047
1852006
1855081
1856708
1858405
1859723
1861530
1862908
1863218
1864506
1865774
1867561
1867986
1868839
1870266
1870935
1872293
1873551
1873731
1875268
1875967
1876526
1878293
1879522
1879851
1881189
1882637
1884374
1885921
1887818
1888837
1890414
1892261
1893709
1895067
1897034
1897213
1898112
1898491
1900298
1901546
1903573
1904512
1906588
1908016
1909284
1912818
1913068
1915224
1918230
1919687
1919987
1921375
1922243
1924080
1925668
1927415
1929262
1930899
1932607
1934094
1934803
1935172
1935901
1937169
1939126
1940534
1941732
1943739
1944098
1944967
1946404
1947632
1949849
1951366
1952924
1956259
1958275
1959743
1961081
1962059
1962758
1963407
1964885
1965953
1966632
1968379
1970086
1971335
1972852
1973381
1974499
1975817
1976127
1977984
1978383
1979202
1979551
1980985
1982626
1983894
1985432
1986610
1987778
1988177
1989825
1990763
1992540
1993848
1995446
1996834
1997243
1998662
2000168
2001975
2003673
2004961
2005889
2006259
2006608
2008435
2009364
2009683
2011310
2012578
2013048
2014835
2015584
2017391
2018729
2021834
2022143
2023511
2024959
2026656
2028253
2029691
2031169
2031558
2033056
2034603
2036340
2037289
2037728
2039165
2039435
2040773
2042530
2044108
2045306
2046105
2047303
2048341
2049749
2051835
2053103
2054142
2054631
2055370
2058485
2060052
2060442
2061520
2061790
2064086
2064585
2066592
2067600
2067970
2069477
2071534
2072183
2072752
2074409
2074869
2075478
2076736
2077125
2077524
2081049
2083425
2086310
2086750
2089056
2092750
2094413
2095066
2097203
2098041
2100208
2102015
2103792
2103952
2107037
2108265
2108425
2108934
2109433
2111460
2111640
2111789
2112768
2113506
2114816
2114964
2115094
2115513
2116691
2117062
2119817
2120056
2122223
2122512
2123650
2124759
2125238
2126096
2126626
2128533
2129521
2130929
2131228
2133035
2133744
2134233
2135611
2135951
2136400
2137179
2137688
2138187
2138556
2139006
2139295
2140364
2140973
2141222
2143429
2144627
2147193
2149399
2150567
2151177
2151356
2151705
2153043
2154331
2157945
2159363
2161919
2162318
2163407
2164155
2165673
2166372
2167320
2168469
2169816
2169966
2171863
2173161
2175677
2178223
2179870
2181208
2181747
2182636
2186839
2186979
2187468
2188956
2189865
2191142
2192081
2194986
2196004
2197712
2199269
2201026
2202744
2203612
2206258
2209653
2212208
2213187
2215104
2215513
2216222
2218009
2218239
2221054
2223760
2225677
2226436
2229012
2231777
2233484
2234573
2237698
2239674
2242071
2244676
2246973
2247961
2249668
2249808
2250517
2252180
2252314
2253133
2254930
2257486
2258884
2260132
2262658
2265164
2266661
2267979
2270435
2270765
2272931
2274379
2275607
2276975
2278243
2279610
2280838
2282765
2285162
2287797
2291148
2293758
2296274
2298141
2298890
2300858
2302035
2303243
2305060
2308125
2309333
2310132
2313257
2315693
2316132
2318438
2319047
2321443
2323200
2323360
2324399
2324738
2326535
2328863
2329171
2332096
2333814
2335331
2336799
2338147
2339604
2340772
2343658
2345695
2346463
2348131
2349069
2349828
2351086
2351994
2353622
2355519
2357566
2358814
2361519
2362238
2362717
2364105
2364934
2368288
2369906
2370055
2371004
2371383
2373071
2373979
2376905
2377214
2377733
2379980
2380399
2382176
2385111
2388865
2390203
2391142
2391871
2391990
2393119
2394097
2397482
2399079
2400636
2402124
2403771
2404100
2406178
2408085
2408474
2409273
2409792
2411379
2412757
2415413
2417619
2417939
2420904
2423600
2425177
2426485
2429091
2432156
2433923
2436958
2437248
2439225
2440453
2442090
2442620
2443188
2445075
2445475
2446723
2448600
2449438
2449918
2453092
2454390
2455558
2455858
2457206
2461409
2463216
2463372
2463755
2464145
2464554
2465982
2467431
2469267
2470195
2472481
2472681
2475576
2477364
2479860
2480998
2483474
2483893
2487487
2488236
2489943
2492949
2495944
2498190
2500267
2502014
2502433
2503701
2504051
2504969
2505419
2506687
2507655
2508004
2510876
2513725
2515782
2516201
2518757
2521014
2522571
2525007
2527903
2530339
2531257
2533314
2536030
2536838
2539913
2542459
2544995
2548400
2550626
2552853
2553661
2555998
2557166
2560410
2563186
2566271
2569656
2572271
2574488
2575297
2576764
2577034
2578341
2580498
2581747
2583483
2584582
2585191
2585920
2588336
2588955
2589783
2590562
2591141
2591660
2592110
2593358
2594875
2597301
2600147
2602483
2603631
2604949
2605209
2608394
2615033
2616491
2616850
2617888
2620205
2620844
2622691
2623539
2624727
2625516
2626544
2626984
2629630
2632255
2632385
2635320
2637157
2640442
2641770
2642010
2644935
2645344
2647481
2649348
2650716
2652483
2653611
2655818
2656596
2658833
2659462
2661259
2662647
2664184
2665392
2667888
2671073
2673320
2673919
2676624
2678162
2680448
2682075
2684032
2686109
2687676
2690831
2692389
2694046
2694642
2697451
2699328
2700486
2701894
2703841
2705368
2707006
2708843
2710320
2711728
2713335
2715492
2715981
2716111
2718857
2720171
2720474
2721492
2722081
2723539
2724597
2726424
2727802
2729519
2730039
2730897
2733543
2737287
2738685
2740212
2741510
2743018
2744406
2746153
2747241
2748150
2749098
2751914
2753611
2754040
2755088
2755258
2756876
2760620
2763405
2766460
2767009
2768367
2769575
2772720
2773120
2774587
2775246
2775715
2776085
2777263
2778411
2779409
2780923
2782564
2785260
2785620
2786947
2788185
2790032
2790462
2791641
2791860
2793866
2794216
2795913
2797101
2799607
2802293
2804399
2805837
2808044
2809771
2811468
2812816
2814403
2817099
2817439
2819026
2820254
2820893
2822011
2823898
2825066
2825745
2827972
2829260
2831037
2831576
2832494
2834092
2834631
2838345
2840861
2842808
2843437
2844116
2846672
2848938
2849307
2851155
2851484
2852823
2855378
2856366
2857025
2858343
2860989
2862776
2863605
2866730
2868507
2869755
2871402
2872281
2874203
2874437
2876314
2878051
2879938
2881406
2883013
2884731
2886398
2888265
2889673
2891370
2891650
2893606
2895873
2897211
2900006
2902412
2905657
2906526
2907315
2908473
2909261
2911448
2913914
2916280
2919026
2920294
2920473
2921013
2921932
2923039
2924038
2924337
2925386
2928261
2928730
2929679
2930637
2933213
2937207
2937486
2937816
2939673
2941360
2942438
2942967
2946472
2949407
2952632
2955917
2958033
2958393
2960240
2960909
2963644
2966570
2969255
2972800
2973109
2976544
2978281
2979319
2980777
2981316
2982943
2984531
2985509
2988185
2989912
2990651
2992418
2993836
2996352
2997230
2999067
3001484
3004000
3005916
3006955
3008482
3008742
3009171
3011028
3011278
3011897
3012236
3012955
3013444
3013864
3014523
3015242
3017638
3017947
3019874
3020942
3022740
3023548
3023918
3024427
3027482
3028910
3030098
3030447
3031645
3032574
3034251
3035180
3036907
3038095
3038654
3040631
3042957
3043726
3044864
3045453
3046511
3047670
3049037
3050734
3052073
3053600
3054299
3054998
3056256
3056875
3057664
3058742
3060459
3062166
3065062
3066809
3067947
3068297
3069345
3070982
3071302
3072640
3073299
3073728
3075106
3076414
3082833
3085090
3085349
3086557
3087586
3090551
3091939
3093386
3093746
3094964
3096352
3099367
3100275
3102012
3104978
3106166
3108093
3109547
3110619
3113604
3115371
3116559
3118017
3118706
3119455
3120313
3120882
3121361
3122230
3123598
3125295
3126453
3128191
3129598
3131146
3132274
3132603
3133802
3136357
3137785
3139103
3140780
3141040
3142118
3143756
3145233
3146302
3147709
3149307
3151204
3152382
3152861
3153630
3155167
3156775
3158003
3158422
3159630
3162166
3163813
3164462
3165461
3167398
3167817
3168795
3169035
3169584
3170023
3170533
3172140
3173438
3174796
3176014
3177382
3178470
3179369
3179888
3180467
3182533
3184640
3186008
3186257
3187306
3189442
3190301
3192737
3194554
3195513
3196511
3198668
3201094
3202452
3203610
3204898
3206765
3209420
3211836
3214492
3215071
3216719
3218895
3219414
3219844
3220443
3223274
3225764
3227831
3230307
3231366
3231485
3232134
3232583
3233172
3234650
3235029
3236796
3237425
3237675
3239193
3241209
3242557
3243216
3244634
3246191
3248817
3249446
3250734
3253120
3255487
3256764
3257603
3258911
3259620
3261317
3262945
3263574
3264921
3265720
3266938
3268705
3270842
3273438
3274167
3275524
3276084
3277332
3278270
3280097
3283112
3285308
3286008
3288534
3290900
3291908
3293625
3296970
3297799
3299376
3300315
3300674
3301812
3302671
3304538
3305027
3305446
3305946
3310618
3311107
3312276
3313663
3314033
3315911
3316169
3316619
3318755
3320762
3322948
3323937
3325634
3326363
3329398
3331615
3332573
3334356
3335618
3337515
3338963
3341109
3342058
3343745
3344184
3345013
3346371
3346800
3348937
3349666
3351035
3351862
3353350
3356804
3358222
3359620
3361976
3365191
3367088
3367787
3369933
3370402
3372070
3373258
3376433
3378549
3381724
3384300
3386467
3388124
3388793
3389043
3390670
3391279
3393725
3394204
3397010
3399046
3399805
3402830
3405376
3406225
3407303
3409669
3410019
3411377
3412285
3414911
3415620
3417773
3418655
3421311
3423118
3423917
3425264
3426073
3426443
3428549
3431554
3434470
3434899
3435558
3437844
3440740
3444054
3447549
3448567
3450125
3453300
3456245
3456654
3458521
3459540
3461906
3463573
3463952
3467077
3468375
3469943
3470242
3470752
3472580
3472878
3473976
3474795
3476063
3476902
3477700
3479108
3480077
3480536
3481125
3481674
3482040
3482253
3482533
3484320
3484689
3486267
3488613
3491169
3493675
3494084
3494583
3497648
3498817
3500204
3500394
3501063
3502441
3502551
3503150
3503379
3503629
3505426
3506195
3507383
3508241
3509130
3510937
3513523
3516119
3516977
3517896
3519084
3519563
3521710
3524006
3526912
3527381
3528928
3529469
3532253
3532602
3533870
3534330
3535917
3537265
3537984
3538713
3539392
3540011
3542007
3542377
3543295
3543715
3545282
3546720
3547229
3549475
3550214
3552321
3554977
3557902
3560967
3561416
3562406
3563469
3563693
3565869
3567087
3569553
3571101
3571221
3572269
3575783
3576213
3576532
3577860
3578689
3579008
3579817
3582912
3583301
3584300
3586466
3587245
3588103
3589761
3591518
3592397
3594044
3594723
3595422
3596360
3597698
3599385
3601522
3604008
3605685
3606644
3608391
3608770
3609978
3611037
3611955
3613163
3613493
3613862
3615689
3616268
3618385
3619154
3620303
3623077
3624196
3625753
3626043
3628109
3629467
3632522
3634769
3636486
3636885
3639381
3640619
3643435
3643704
3645352
3647119
3649815
3650513
3650913
3651073
3652430
3653289
3653559
3656324
3656753
3658221
3659160
3659539
3660468
3661047
3662205
3662714
3663642
3664831
3666588
3667945
3668215
3669583
3670811
3671450
3671839
3673836
3680985
3681694
3683051
3683910
3684629
3686126
3686725
3690270
3692516
3693455
3698507
3699934
3700583
3701013
3701492
3701861
3703129
3703698
3704038
3708471
3709409
3710168
3713622
3714102
3716857
3718155
3720012
3720438
3720721
3722348
3723886
3726052
3728499
3730097
3731310
3733910
3734599
3736366
3737883
3738602
3739790
3740471
3740899
3743924
3744153
3744573
3744932
3746779
3747288
3751062
3752879
3753299
3753678
3756633
3757542
3758490
3760198
3761975
3762304
3763972
3765379
3766518
3767346
3768654
3770861
3772789
3773946
3774082
3774255
3776561
3779018
3779896
3781773
3782492
3783931
3784339
3787394
3790529
3792107
3795551
3797178
3797658
3798866
3799754
3800204
3802081
3803079
3803588
3804147
3804298
3804846
3805236
3806753
3808900
3810048
3811446
3811885
3812724
3813632
3814151
3815349
3816707
3817835
3818205
3818993
3819533
3822578
3824325
3826172
3827869
3828378
3830335
3833261
3835817
3836366
3839361
3839770
3841028
3844213
3845142
3845551
3848326
3848826
3851861
3852260
3855046
3857232
3857701
3858380
3861016
3862703
3863632
3864111
3865589
3866667
3867286
3869293
3870112
3872038
3873107
3875124
3876152
3877490
3879067
3881743
3882042
3882392
3884678
3885088
3888153
3890739
3891687
3894532
3896729
3897204
3899854
3902350
3902709
3906004
3908051
3908420
3908750
3910986
3911825
3914051
3915689
3918804
3919628
3920052
3920910
3923047
3923516
3924005
3925323
3926112
3926391
3927629
3928528
3928987
3929586
3929961
3931693
3934229
3935966
3936266
3936996
3937124
3939530
3940740
3941168
3942332
3943254
3944003
3946759
3948935
3950024
3952749
3953208
3953618
3954936
3955974
3956563
3958310
3962204
3963142
3963981
3965359
3967945
3969153
3969522
3970211
3971010
3973126
3973935
3975573
3976012
3977146
3977849
3978248
3978857
3979576
3980694
3981114
3981274
3984478
3986305
3987503
3989799
3990379
3993144
3993574
3996389
3998526
3998995
4001781
4004945
4007971
4010177
4010816
4014211
4017865
4020401
4021689
4022118
4022917
4023725
4024714
4025992
4028208
4029356
4032042
4032281
4032611
4035596
4039027
4040688
4044961
4047018
4047717
4048356
4049454
4050103
4050612
4052230
4053717
4055225
4056203
4059674
4059947
4063212
4064959
4065299
4067096
4067765
4068464
4071229
4071768
4073327
4073715
4075782
4076291
4077809
4079007
4080435
4081044
4081393
4082871
4083470
4086036
4087044
4089340
4092505
4094632
4094742
4096269
4096439
4096579
4097928
4099135
4101770
4104186
4107431
4107881
4108210
4108729
4110167
4110946
4111285
4114031
4116906
4117377
4119113
4119602
4121399
4121858
4122377
4123875
4124284
4125552
4127020
4127709
4128208
4130255
4131712
4133879
4134578
4136505
4136944
4137094
4137223
4138162
4138311
4138601
4138791
4139839
4141656
4141786
4141906
4144142
4147757
4150173
4151031
4151491
4153647
4157321
4159548
4160017
4160456
4162183
4163501
4164390
4164839
4165698
4166217
4166566
4168144
4169562
4171429
4172487
4174494
4177848
4179566
4181992
4182930
4184967
4187733
4188142
4188421
4191207
4192884
4194102
4195570
4196908
4198855
4199633
4201870
4202599
4204376
4205514
4208280
4210077
4210905
4212103
4214629
4216207
4216606
4216866
4219931
4220660
4221219
4222746
4226560
