6153
13931
15877
22058
25732
29725
35027
41786
47267
50202
55075
59357
63082
66886
70470
74613
78517
82441
86105
89839
93283
96768
100592
104387
108060
111764
115608
119561
123235
127169
130773
134757
138880
142435
146149
150222
153617
157321
161394
165228
168732
172297
175512
179445
183099
186794
190518
197746
200502
204106
207870
211584
215527
219092
222886
227349
231292
235146
238940
242674
246618
250242
253886
257640
261454
265507
269441
273145
276809
280743
284367
288051
292185
294960
298075
301899
305903
309876
313670
317684
321588
325312
329016
332590
336583
340238
344151
348005
351799
355873
363930
367374
378247
382031
389758
