3468
6473
9139
12074
14900
18095
21140
24165
26980
29646
35357
43953
46779
49684
52769
55914
58939
62124
65129
68095
82112
84518
89600
97208
102190
108779
116327
119243
123995
131014
138292
141836
145401
148336
151261
153807
156173
159209
162244
165039
168454
171119
174135
180195
183290
186625
192236
195121
201431
203957
206872
209967
212793
215778
218863
221788
226660
230454
232920
235756
239120
242215
245311
247966
250942
256503
259897
262932
265838
268933
271848
275003
281043
286814
290029
292954
296119
299064
302179
305165
308200
311075
314120
317305
320270
322946
325951
328847
332211
334777
337603
340987
343693
346948
349923
353337
356403
358918
362043
365837
368593
371488
374833
380594
383988
388910
398645
401011
404136
407381
411075
417614
421438
424384
432191
440837
444052
446818
450392
453127
466786
472267
475242
478028
486943
493003
496059
498914
504665
510326
516516
525871
531053
538800
541815
544681
548105
551670
557480
560555
563780
566656
572806
575252
583798
586873
589679
592524
595719
599024
602378
605973
608479
611873
614928
621408
627328
632211
638301
641575
644691
651320
654345
657550
660755
663301
669561
676070
678596
684776
687422
690507
693323
699672
702558
705523
708888
711593
716226
728336
737342
740427
743862
747626
751449
757989
761863
765707
768921
772835
776090
778776
784736
788131
799952
803286
812332
815766
818622
821387
827388
830878
836254
846078
864059
866954
869989
873144
875720
878276
881751
884686
887282
890796
893372
896697
899273
