1200
7700
13611
16576
20440
23435
27309
30993
34647
37842
41546
44741
48475
51979
55224
58409
61594
65408
69022
72806
75282
78977
85575
89219
92694
96198
99613
103267
106372
110385
113950
116965
119960
123355
126320
130144
133538
137352
141456
143982
147047
150371
153157
156262
160246
163680
167654
171248
174133
178057
181521
184836
187492
191016
194541
197845
201260
204704
207839
211184
214598
217634
220719
223953
228127
231641
235195
238780
242673
246128
249732
253147
256392
259526
263031
266765
270289
273684
277098
280723
283109
285365
291365
294730
297735
300800
304504
308039
311064
315157
318991
321877
325670
329145
332430
335964
339458
342184
347825
351449
355133
358927
362980
366615
369810
373284
377158
380642
383827
386743
390407
393841
397276
400471
404524
409217
412471
415836
418831
422485
425840
429594
433318
436742
439528
442543
449422
453316
457140
460694
463829
467523
470578
474592
477797
481670
484646
488190
491784
495468
499053
502038
506041
508847
512851
516225
519270
522365
526069
529394
532719
536393
539737
543122
546686
549851
553725
556660
560185
563270
566684
570378
573803
577327
581101
585125
588310
591255
594769
598294
