4046
9388
15139
20121
23725
27610
32211
39460
44122
49244
53028
57660
61694
65628
69232
73196
77029
81053
84877
88471
92295
95650
99194
102469
106932
110386
114190
118313
122147
125552
129755
133759
137503
141386
144881
148605
152498
155973
160126
163701
167784
171498
174543
177768
181712
185556
189080
192245
199363
202518
206442
210436
214180
217994
221907
225791
230104
233998
237792
241476
244591
248965
252798
256472
260356
264209
268033
271867
275491
279345
283538
287053
290687
293542
296638
300332
304545
308179
312083
316156
320170
324034
327828
331282
335286
339289
343113
346567
349862
354764
358898
366595
369351
380773
384187
395220
