5883
9397
14938
18024
21278
25362
29046
32141
35785
39439
42714
46458
49763
53157
56232
59617
62922
66566
70440
73485
76590
83459
86843
90268
93882
97326
100851
104315
108009
111584
114948
118313
121548
124493
127718
131322
135076
138560
141955
145499
148524
151360
154345
157560
161164
165148
168792
172216
175571
179165
182350
185785
188936
192065
195529
199023
202777
205982
209577
212712
216146
219101
222606
225880
229345
232809
236443
240108
243732
247516
250671
254445
257550
260784
264319
267773
271437
274952
278366
281601
284167
289708
292813
295798
299283
302448
305802
309157
312611
316345
319800
323454
326739
330434
333648
336972
340587
345828
349742
352997
356481
360505
364119
367743
371138
374742
378216
381741
384916
388150
391645
395299
398773
403086
406201
409995
413400
416904
420379
423574
427238
430952
434236
437791
441345
443941
451000
454714
458278
461683
466056
468342
471966
475430
479424
482569
485864
489338
493102
496547
499921
503865
507040
510155
513599
517164
520508
523663
527198
530582
534146
537761
541055
544300
547944
551179
555622
558198
561333
564528
568372
571656
575031
578825
582709
586203
589458
592673
595967
599582
