1912
4338
8471
11756
14322
17747
20482
23637
26353
29817
33162
36237
39592
42956
45792
48767
52751
54847
57673
61117
65071
67667
71940
75973
78320
84869
88373
90889
94294
99416
104587
107673
112435
115180
118595
120981
123537
127161
130087
132842
136207
140061
143785
146321
149815
159380
164052
166339
170182
178719
181794
184420
189112
193175
195532
198397
204138
206584
208311
209749
215020
220242
225194
227900
230875
233441
237195
245142
249735
255396
257882
264491
266728
270002
273527
276861
280326
282492
287235
288922
289851
291208
294713
299146
305136
308680
310398
313682
316468
321320
323796
327540
330336
334559
338433
341977
344363
348307
351312
354826
358271
359549
362105
365110
368664
371669
376641
378838
381643
384908
387834
389211
394493
397828
400843
405895
408301
410807
416907
420042
424605
428518
431603
434968
437414
441757
444453
447488
458191
463822
466248
470781
475214
478908
482512
486446
488313
492985
495890
499724
501302
508870
512683
515988
519772
523476
526302
529846
532492
537663
540729
543933
545920
550253
552939
557282
560137
562324
565808
568833
573047
576541
580185
582671
586206
592106
595471
598506
