494
2960
6005
9570
12705
15870
18665
21880
24925
28539
31674
34640
38104
41219
44494
47329
50674
53899
55127
59590
63184
66758
70063
75594
76612
82463
86387
89472
92986
98198
102311
106125
110089
113543
116778
119963
122619
125145
128289
131494
134539
137445
141578
145053
148088
151283
163154
164821
167027
172638
181175
183880
187165
192017
194693
197119
202620
204378
206983
208771
212485
216278
224126
227391
230276
232313
235777
239631
247838
251003
256953
259998
265799
269274
272109
275733
278838
281454
284599
287474
289291
290769
293834
297049
299994
306903
309609
311466
314162
319024
322448
326232
329747
333880
337005
340250
343385
346859
350204
353738
356484
359030
361056
364112
367157
370132
374605
377730
380435
383690
386586
388572
391867
395980
399545
403219
406693
409429
413003
418385
421679
425413
429167
432981
436106
439561
442736
446080
451502
462085
465249
468694
473037
477240
480425
483760
488083
490709
494183
497488
500533
506543
510597
514191
517436
521340
523905
527759
531194
535048
538692
541877
545062
548246
551401
555265
558590
561326
564550
567695
570501
574155
577370
580665
584209
589720
592865
596469
599205
