1751
4457
6264
9419
13302
17156
20501
24435
27030
31094
33710
37873
41038
44752
48556
52190
55964
58630
62703
66078
69852
73616
77460
81184
84987
88212
91437
94762
98356
101172
105005
108280
111964
115319
119093
121679
125982
129476
132971
136804
138921
140789
144662
148336
151301
154706
157761
161645
164660
168504
172078
174284
175992
179895
183839
186754
190379
194202
197018
200353
204346
208170
211125
215029
217166
218593
222297
225133
228847
232731
236575
239719
243773
247247
250882
254646
258779
261205
265528
268923
271009
272737
276411
280284
283419
287343
291107
294781
298385
302129
305015
308949
311994
316826
319871
324074
328058
331482
335915
338521
342704
346139
349693
353447
357371
361195
364120
367545
370989
374034
377519
381572
385246
388301
392125
395590
399394
403118
406991
410146
413331
416945
420080
424423
427808
431243
434937
437193
439050
442345
446298
449833
452708
456482
459268
462642
464130
466097
469152
470839
472666
476480
479335
483129
486394
490298
493912
497167
501151
504964
508659
512323
515298
517684
518752
522746
525521
529285
533179
536644
539809
543573
547077
550711
554275
558209
560625
564679
568393
572087
575761
579046
582630
586364
588760
592674
596358
598964
602808
606751
610705
614110
617804
621548
625192
627338
631412
635286
638151
642195
646178
649413
655383
662422
666496
670349
674692
678916
682690
686733
690287
693952
697606
