3838
4906
7332
11126
14590
18324
21569
25683
29137
32002
35507
38951
42326
45960
49774
53368
57502
60816
63841
67805
71289
75083
78897
82422
86755
90079
92416
96190
99634
103059
106403
109598
113382
116777
120361
123845
127330
130574
134798
138322
139310
142266
146070
150043
152439
155754
159348
163362
166068
169772
173645
174624
177479
182262
185347
188761
191716
195720
198496
203238
205514
209857
213152
216716
217385
220091
223555
226031
230325
234328
238711
242066
244961
248775
252519
256143
260197
263491
266596
270680
271529
274094
277978
281862
284987
288751
292245
296179
299993
303817
306363
310826
314540
318264
321808
325822
329236
333589
337044
340618
343992
347227
350931
354725
358409
362752
365528
368843
372636
375232
378946
382581
386894
389649
393253
396967
400861
404475
408569
411364
414649
418583
421918
425552
428906
432441
436584
437732
440977
443962
447197
451430
454176
457750
460476
463671
464769
466955
470290
471598
474314
478097
480843
484308
487942
491406
495579
498165
502868
506242
510076
514270
516506
518004
520450
524363
526929
530783
534637
537782
541496
545430
548225
552179
556592
559357
562452
565877
570210
573295
577908
580673
584088
587542
590667
594431
597267
600911
604405
609477
612931
615917
620190
623125
626550
629774
633478
636474
640477
644441
648035
652478
660775
664898
668732
672825
676510
680373
684607
687722
691755
695120
699353
