10107
12564
16632
18539
20990
22662
24115
25388
26945
29087
31189
34324
38367
41447
43025
46439
50133
53413
57277
60946
64071
66492
68953
71504
73810
77594
81917
85671
89805
93199
96259
99275
102494
105779
107966
112593
117465
120590
123900
126771
130320
133180
136131
140758
147273
152939
155834
159423
162428
165478
167840
171534
174479
177320
179586
182821
185901
189360
192934
195770
198466
201496
204731
207776
211819
215289
218663
221643
224654
225952
227489
231108
235022
239784
242994
246459
249299
252968
256218
259343
262927
266312
269671
273271
276141
279760
283345
286270
289784
292844
296439
300592
303875
307261
311185
314165
317355
319966
322322
325467
328812
332161
335087
338476
341956
345116
348111
351261
355274
358155
362977
364989
368358
372482
376261
378837
382780
384278
387887
390623
397322
402429
407231
410830
415438
416451
418418
419541
422022
424334
426485
431337
436160
440243
443822
447282
450457
454171
458055
462343
465632
468658
472202
475981
478053
481577
485655
488875
494132
496523
500606
503647
506018
510056
513431
515707
517934
524723
534617
539614
542345
547182
550457
552977
555488
559477
564973
568862
571857
575781
577638
579640
581487
584048
588296
591935
595195
598809
