110
281
467
836
963
1663
1876
2179
2926
2984
3651
3735
3777
3964
4241
4454
4862
5417
5595
5959
6206
6496
6727
6744
7268
7273
7965
8382
8928
8956
9175
11193
11432
12172
12357
12552
12840
13766
13891
14056
14397
14644
15002
15560
15599
15742
16070
17084
17619
18164
18996
19428
19739
19739
20586
20737
21004
21865
21922
22532
22850
23304
23704
23859
24005
24595
24771
25613
26291
26427
26615
26740
27085
27522
27543
27943
28133
28223
29594
31333
31500
31796
32271
32424
33767
33967
34142
34376
35155
35307
35554
35714
35879
36200
36555
36748
36891
37316
37386
37504
37680
37750
38187
38359
38595
39923
39988
40399
41032
41366
42060
42370
42568
42824
43171
43266
43368
43716
44277
44474
44568
44862
44879
45044
45373
45481
45611
45854
46075
46203
46370
46522
46620
46706
46818
47228
47389
47658
47987
48257
48414
48674
48698
49024
49283
49853
50617
50873
51347
51911
52245
52435
52552
52734
53135
53260
53503
53694
53828
54151
54882
55034
55285
55545
55775
55972
56183
56685
56837
57335
57475
57567
57952
58548
58661
58797
59040
59171
59181
59493
59571
59605
59717
59897
60055
60419
62203
62864
62945
63309
63566
63878
64023
64092
64843
64971
65034
65259
65371
65479
65602
66034
66176
66732
66854
66990
67198
67628
67908
67916
68083
68202
68742
69462
69578
69673
69850
69968
70183
70594
71010
71815
72115
72629
72767
72853
73621
74088
74601
74858
74899
75169
75592
75964
76045
76652
77300
77409
77782
77915
78433
78835
78969
79234
79421
79428
79511
80315
80500
80626
80805
80880
80909
81003
81133
81285
81429
81720
81805
82134
82349
82875
83039
83116
83318
83421
83612
83699
83942
84067
84266
84367
84487
84819
84973
85209
85304
85445
85473
85826
86358
86511
86827
86976
87291
87407
87768
87869
88113
88255
88722
88740
88912
89303
89602
89828
90731
90829
90983
91176
91453
91522
91777
91911
92001
92092
92440
92757
93303
93326
93756
93890
94054
94351
94506
94781
95270
95450
95568
95739
95927
96176
96647
96777
97300
97498
97934
98445
98967
99112
99378
99546
99965
100271
100348
100382
100428
100625
100885
100982
101725
101859
101966
102370
102494
103151
103325
103653
103811
103981
104233
104347
104802
105018
105463
105675
105858
106175
106461
106704
106818
107273
107733
107833
108161
108368
108963
109223
109827
110210
110761
110799
110912
111063
111156
111573
111969
112070
112782
113144
113325
113949
114195
114333
114888
115240
115769
115865
115958
116351
116506
116991
117215
117355
117594
117915
118418
118618
118722
119047
119200
119269
119388
119553
119855
120191
120385
120614
120854
121013
121488
121670
121761
122977
123160
123853
124263
124831
124921
127237
127608
127694
127790
127999
128521
129115
129601
130084
130662
131391
131649
131973
132655
132875
133270
133427
133581
133682
133816
134165
134993
135226
135403
135653
135895
136533
136851
137735
138015
138210
138579
139010
139455
139528
140320
140515
140556
140969
141488
142585
142685
143230
143703
144321
144443
144861
145012
145147
145402
145658
146294
146766
147504
147718
147939
148038
148241
149025
149354
149456
149655
150234
150360
150854
151075
151429
151839
152558
152722
153207
153369
153526
154286
154619
154895
155664
156173
156876
157055
157317
157463
157677
158552
158749
158905
159048
159992
160057
160160
160950
161111
161800
161871
162164
162398
162741
163319
163587
163967
164093
164278
164339
164495
164804
165045
165284
165687
165791
165822
166121
166154
166375
166849
166948
166996
167105
167290
167445
167576
167638
167968
168131
168730
169520
169688
170081
170207
170987
171149
171384
171685
171852
171946
172165
172284
172323
172495
172676
172802
172941
174004
175126
175311
175456
175739
175882
176390
176577
176981
177032
177215
177536
177939
178163
178633
179571
179804
179962
180139
180210
180319
181001
181109
181384
181464
181723
181808
182154
182616
182851
183019
183129
183802
183949
184121
184248
184516
185398
185530
186313
186493
186525
186729
186937
187046
187215
187372
188233
188609
188782
189023
189165
189278
189450
189586
189719
189964
190343
190575
190741
190899
191553
191572
192074
192208
192826
192916
193009
193050
193883
194286
194443
194854
195099
195325
195489
195676
195765
195822
195975
196155
196276
196555
196817
196927
197112
198223
199877
200301
200511
200673
201097
201637
202057
203046
203585
204075
204561
205313
205717
205807
205849
206520
206655
207616
207738
207920
208146
208296
208346
208754
209223
209417
209575
209750
210157
210354
210825
211421
211610
211988
212482
212571
212960
213199
213495
213892
214014
214166
214225
214226
214801
215838
215964
216131
216249
217390
217590
217991
218625
219216
219424
219634
220106
220290
220434
220813
221009
221856
222252
222645
223056
223270
223613
223900
224516
224733
224992
225172
225300
226395
226585
226729
226873
227086
227263
227494
227826
228084
228543
228723
229271
229482
229968
230059
230159
230644
230792
230906
231038
232113
232688
233559
233759
233936
234550
235257
235579
235857
236192
236593
236803
236961
237177
237451
237491
237662
238304
238789
238998
239237
239551
239861
240313
240474
240658
240752
240847
241439
241508
241979
242382
242794
243086
243221
243398
243576
243679
244263
244386
244516
244597
244725
245143
245277
245412
245610
245814
245987
246767
247773
247880
248186
248465
248884
249111
249161
249313
249430
249575
249882
250031
250144
250924
251217
251784
252628
252794
253238
253307
253426
253732
254567
254910
255392
255504
255676
255851
255967
256219
256341
256498
256731
257256
257822
258157
258352
258511
258716
259103
259276
259952
260387
260536
260783
261000
261087
261217
261389
262311
262500
262878
263082
263297
263595
263832
264344
264556
265405
265627
265920
266183
266475
266695
267082
267252
267792
268767
269150
269336
269742
269855
270744
270866
271048
272047
272427
272663
272813
273116
273764
274050
274182
274376
274669
274855
275217
275532
276510
277399
277639
278177
278420
278879
279080
279207
279559
279976
280629
280827
281101
281443
281675
281792
281888
282052
282183
282388
282902
283451
283597
283833
283980
284222
284349
285235
285904
286034
286240
286577
287009
287362
287640
288268
288678
288837
289397
289661
289826
289974
290685
290775
290968
291166
291529
291910
292276
292327
292537
292631
292934
293387
293928
294598
294772
295053
295239
295321
295633
295779
296378
296469
296607
297384
298377
298507
298724
298897
299694
299917
301000
301449
301723
302300
302678
302808
303016
303371
303496
304734
304921
305059
305455
305589
305709
305797
306023
306499
306837
307221
307495
307565
307898
308028
308164
308332
308461
309003
309124
309195
309439
309507
309605
309808
309882
309947
310122
310333
310518
310689
310896
311515
311663
312059
312145
312289
312567
312949
313207
313690
314085
314556
314651
314851
315078
315262
315598
315722
315856
316312
317145
317467
317707
317840
318093
318736
319055
319333
319347
319723
320296
320750
321243
321641
321771
321897
322017
323773
324192
324495
325040
325464
325588
326023
326416
326553
326755
327134
327280
327626
327983
328706
328972
329077
329234
329521
329777
330070
330616
330958
331461
332651
332882
333170
333678
333969
334485
335177
335474
335907
336102
336230
336530
336749
336976
337283
338105
338260
338542
338644
339147
339500
339748
339900
339943
340263
340369
340457
340590
340606
340813
340953
341599
342223
342526
342964
343089
343284
343444
343980
344238
344523
344625
344953
345307
345662
346191
346226
346439
347140
347506
347771
347857
348019
348353
348663
349162
349737
351259
351518
351774
351969
352026
352393
352556
353285
353374
353775
354009
354208
355173
355415
356217
356319
356961
357196
357311
357499
357795
358236
358394
358927
359033
359320
359445
360320
360430
360507
360799
360901
360992
361236
361384
361501
361843
362241
362589
363265
363530
364276
364502
364608
364776
365302
365611
365776
366273
366400
366525
366752
366867
366985
367273
367610
367861
368292
368652
368717
369157
369446
369627
369824
370409
370625
370776
370913
371057
371241
371734
371869
372523
372965
373103
373305
373553
374115
374578
374677
374792
375479
375697
376051
376161
376472
376567
376893
377172
377827
377961
378451
378928
379555
379620
379935
379984
380708
380935
381527
381832
382026
382522
382624
384661
384662
385034
386450
386858
387604
387677
388037
388150
388295
388397
388535
388676
389106
389302
389478
389571
390138
390493
390645
390908
391025
391118
391308
391411
391664
392148
392291
392675
392791
393080
393402
393494
393768
394261
394447
394616
394712
394813
395047
395143
395739
395879
396254
396383
396733
397091
397308
397511
397886
398617
398963
399174
399314
399917
400242
400299
400526
400976
401156
401441
402384
402476
402742
402890
403073
403274
403592
403913
404118
404321
404680
405031
405628
405804
406444
406557
406685
406946
407079
407233
407353
407683
407960
408103
408364
408448
408598
408704
408983
409337
409522
410014
410497
410821
410938
411319
411465
411640
411858
412405
412742
412993
413282
413501
413820
414205
414654
415161
415598
415929
416208
416898
417160
417404
418068
418585
419223
420173
420578
420751
421095
421407
421493
421828
421948
422142
422691
422773
422930
423438
423863
424141
424269
424341
424559
424575
424692
425498
426102
426310
427291
427598
427723
427992
428180
428606
428761
428912
429105
429352
429858
429995
430221
430650
430823
430911
431007
431095
431582
431783
432117
434393
435620
435948
436081
436536
436691
436776
437192
437505
437766
437885
438190
438513
439112
439434
440305
440392
441205
441477
441905
442017
442446
442877
443329
443447
443876
444383
445170
446815
447239
447778
448085
448540
449409
449502
449610
449762
449922
450108
450210
450830
451125
452162
452417
453646
453922
454320
454530
454738
455257
455466
455525
455674
455772
456102
456923
457216
457413
457491
457576
457895
458460
458862
459432
459565
460576
460655
461001
461157
461312
461420
461620
461825
462454
462872
462967
463637
463791
464018
464129
464321
464434
464639
464804
465005
465307
465653
465776
465874
466328
466927
467281
467403
467540
467550
467862
468106
468788
469391
469613
469786
469935
470063
470285
470899
471278
471619
471844
472003
472129
472258
472925
473609
473858
474023
474206
474434
474799
475608
476957
477320
477692
478339
478541
479700
479851
480678
480764
480895
481537
481780
482028
482128
482267
482689
482859
483360
483463
483722
483824
484005
484570
485052
485292
485563
485741
486098
486254
486386
486559
486878
487095
487923
488010
488728
488874
489049
489151
489455
489584
489779
490154
490326
490444
491411
491554
491882
491976
492356
492431
492680
493281
493611
493689
493991
494254
494594
494788
495167
495444
495612
495798
496190
497105
497301
497699
497788
498527
498866
499093
499590
499912
500046
500244
500272
500721
501320
501760
501953
502157
502592
502631
502889
503822
504582
504835
505588
505734
506046
506158
506462
506858
507160
507694
507856
508011
508150
508462
508837
509091
509817
510242
510439
510770
511314
511546
512054
512524
512701
513174
513294
513796
514202
514317
514490
514529
514538
514725
514855
514974
515135
515297
515510
515741
515761
516368
516525
516869
517051
517197
517604
517770
518115
518259
518698
518914
519216
519399
519762
519925
520106
520378
520618
520885
521225
521509
522178
522571
522799
523194
523398
524588
524753
524838
525042
525929
527268
527615
527837
528085
528299
528438
528891
529075
529604
530022
530245
530461
530652
531080
531248
531503
532132
532193
533458
534424
534481
534522
535223
535610
536051
536393
536583
536885
537033
537136
537243
537514
537806
538027
538306
538800
539399
539501
539557
539923
540063
540359
540551
541118
541228
541481
541622
541866
541991
542223
542455
543011
543203
543325
543479
543771
544134
544284
545048
545416
546122
546612
546780
547173
547960
548237
548423
