110
311
527
926
1083
1813
2056
2389
3166
3254
3951
4065
4137
4354
4661
4904
5342
5927
6135
6529
6806
7126
7387
7434
7988
8023
8745
9192
9768
9826
10075
12123
12392
13162
13377
13602
13920
14876
15031
15226
15597
15874
16262
16850
16919
17092
17450
18494
19059
19634
20496
20958
21299
21329
22206
22387
22684
23575
23662
24302
24650
25134
25564
25749
25925
26545
26751
27623
28331
28497
28715
28870
29245
29712
29763
30193
30413
30533
31934
33703
33900
34226
34731
34914
36287
36517
36722
36986
37795
37977
38254
38444
38639
38990
39375
39598
39771
40226
40326
40474
40680
40780
41247
41449
41715
43073
43168
43609
44272
44636
45360
45700
45928
46214
46591
46716
46848
47226
47817
48044
48168
48492
48539
48734
49093
49231
49391
49664
49915
50073
50270
50452
50580
50696
50838
51278
51469
51768
52127
52427
52614
52904
52958
53314
53603
54203
54997
55283
55787
56381
56745
56965
57112
57324
57755
57910
58183
58404
58568
58921
59682
59864
60145
60435
60695
60922
61163
61695
61877
62405
62575
62697
63112
63738
63881
64047
64320
64481
64521
64863
64971
65035
65177
65387
65575
65969
67783
68474
68585
68979
69266
69608
69783
69882
70663
70821
70914
71169
71311
71449
71602
72064
72236
72822
72974
73140
73378
73838
74148
74186
74383
74532
75102
75852
75998
76123
76330
76478
76723
77164
77610
78445
78775
79319
79487
79603
80401
80898
81441
81728
81799
82099
82552
82954
83065
83702
84380
84519
84922
85085
85633
86065
86229
86524
86741
86778
86891
87725
87940
88096
88305
88410
88469
88593
88753
88935
89109
89430
89545
89904
90149
90705
90899
91006
91238
91371
91592
91709
91982
92137
92366
92497
92647
93009
93193
93459
93584
93755
93813
94196
94758
94941
95287
95466
95811
95957
96348
96479
96753
96925
97422
97470
97672
98093
98422
98678
99611
99739
99923
100146
100453
100552
100837
101001
101121
101242
101620
101967
102543
102596
103056
103220
103414
103741
103926
104231
104750
104960
105108
105309
105527
105806
106307
106467
107020
107248
107714
108255
108807
108982
109278
109476
109925
110261
110368
110432
110508
110735
111025
111152
111925
112089
112226
112660
112814
113501
113705
114063
114251
114451
114733
114877
115362
115608
116083
116325
116538
116885
117201
117474
117618
118103
118593
118723
119081
119318
119943
120233
120867
121280
121861
121929
122072
122253
122376
122823
123249
123380
124122
124514
124725
125379
125655
125823
126408
126790
127349
127475
127598
128021
128206
128721
128975
129145
129414
129765
130298
130528
130662
131017
131200
131299
131448
131643
131975
132341
132565
132824
133094
133283
133788
134000
134121
135367
135580
136303
136743
137341
137461
139807
140208
140324
140450
140689
141241
141865
142381
142894
143502
144261
144549
144903
145615
145865
146290
146477
146661
146792
146956
147335
148193
148456
148663
148943
149215
149883
150231
151145
151455
151680
152079
152540
153015
153118
153940
154165
154236
154679
155228
156355
156485
157060
157563
158211
158363
158811
158992
159157
159442
159728
160394
160896
161664
161908
162159
162288
162521
163335
163694
163826
164055
164664
164820
165344
165595
165979
166419
167168
167362
167877
168069
168256
169046
169409
169715
170514
171053
171786
171995
172287
172463
172707
173612
173839
174025
174198
175172
175267
175400
176220
176411
177130
177231
177554
177818
178191
178799
179097
179507
179663
179878
179969
180155
180494
180765
181034
181467
181601
181662
181991
182054
182305
182809
182938
183016
183155
183370
183555
183716
183808
184168
184361
184990
185810
186008
186431
186587
187397
187589
187854
188185
188382
188506
188755
188904
188973
189175
189386
189542
189711
190804
191956
192171
192346
192659
192832
193370
193587
194021
194102
194315
194666
195099
195353
195853
196821
197084
197272
197479
197580
197719
198431
198569
198874
198984
199273
199388
199764
200256
200521
200719
200859
201562
201739
201941
202098
202396
203308
203470
204283
204493
204555
204789
205027
205166
205365
205552
206443
206849
207052
207323
207495
207638
207840
208006
208169
208444
208853
209115
209311
209499
210183
210232
210764
210928
211576
211696
211819
211890
212753
213186
213373
213814
214089
214345
214539
214756
214875
214962
215145
215355
215506
215815
216107
216247
216462
217603
219287
219741
219981
220173
220627
221197
221647
222666
223235
223755
224271
225053
225487
225607
225679
226380
226545
227536
227688
227900
228156
228336
228416
228854
229353
229577
229765
229970
230407
230634
231135
231761
231980
232388
232912
233031
233450
233719
234045
234472
234624
234806
234895
234926
235531
236598
236754
236951
237099
238270
238500
238931
239595
240216
240454
240694
241196
241410
241584
241993
242219
243096
243522
243945
244386
244630
245003
245320
245966
246213
246502
246712
246870
247995
248215
248389
248563
248806
249013
249274
249636
249924
250413
250623
251201
251442
251958
252079
252209
252724
252902
253046
253208
254313
254918
255819
256049
256256
256900
257637
257989
258297
258662
259093
259333
259521
259767
260071
260141
260342
261014
261529
261768
262037
262381
262721
263203
263394
263608
263732
263857
264479
264578
265079
265512
265954
266276
266441
266648
266856
266989
267603
267756
267916
268027
268185
268633
268797
268962
269190
269424
269627
270437
271473
271610
271946
272255
272704
272961
273041
273223
273370
273545
273882
274061
274204
275014
275337
275934
276808
277004
277478
277577
277726
278062
278927
279300
279812
279954
280156
280361
280507
280789
280941
281128
281391
281946
282542
282907
283132
283321
283556
283973
284176
284882
285347
285526
285803
286050
286167
286327
286529
287481
287700
288108
288342
288587
288915
289182
289724
289966
290845
291097
291420
291713
292035
292285
292702
292902
293472
294477
294890
295106
295542
295685
296604
296756
296968
297997
298407
298673
298853
299186
299864
300180
300342
300566
300889
301105
301497
301842
302850
303769
304039
304607
304880
305369
305600
305757
306139
306586
307269
307497
307801
308173
308435
308582
308708
308902
309063
309298
309842
310421
310597
310863
311040
311312
311469
312385
313084
313244
313480
313847
314309
314692
315000
315658
316098
316287
316877
317171
317366
317544
318285
318405
318628
318856
319249
319660
320056
320137
320377
320501
320834
321317
321888
322588
322792
323103
323319
323431
323773
323949
324578
324699
324867
325674
326697
326857
327104
327307
328134
328387
329500
329979
330283
330890
331298
331458
331696
332081
332236
333504
333721
333889
334315
334479
334629
334747
335003
335509
335877
336291
336595
336695
337058
337218
337384
337582
337741
338313
338464
338565
338839
338937
339065
339298
339402
339497
339702
339943
340158
340359
340596
341245
341423
341849
341965
342139
342447
342859
343147
343660
344085
344586
344711
344941
345198
345412
345778
345932
346096
346582
347445
347797
348067
348230
348513
349186
349535
349843
349887
350293
350896
351380
351903
352331
352491
352647
352797
354583
355032
355365
355940
356394
356548
357013
357436
357603
357835
358244
358420
358796
359183
359936
360232
360367
360554
360871
361157
361480
362056
362428
362961
364181
364442
364760
365298
365619
366165
366887
367214
367677
367902
368060
368390
368639
368896
369233
370085
370270
370582
370714
371247
371630
371908
372090
372163
372513
372649
372767
372930
372976
373213
373383
374059
374713
375046
375514
375669
375894
376084
376650
376938
377253
377385
377743
378127
378512
379071
379136
379379
380110
380506
380801
380917
381109
381473
381813
382342
382947
384499
384788
385074
385299
385386
385783
385976
386735
386854
387285
387549
387778
388773
389045
389877
390009
390681
390946
391091
391309
391635
392106
392294
392857
392993
393310
393465
394370
394510
394617
394939
395071
395192
395466
395644
395791
396163
396591
396969
397675
397970
398746
399002
399138
399336
399892
400231
400426
400953
401110
401265
401522
401667
401815
402133
402500
402781
403242
403632
403727
404197
404516
404727
404954
405569
405815
405996
406163
406337
406551
407074
407239
407923
408395
408563
408795
409073
409665
410158
410287
410432
411149
411397
411781
411921
412262
412387
412743
413052
413737
413901
414421
414928
415585
415680
416025
416104
416858
417115
417737
418072
418296
418822
418954
421021
421052
421454
422900
423338
424114
424217
424607
424750
424925
425057
425225
425396
425856
426082
426288
426411
427008
427393
427575
427868
428015
428138
428358
428491
428774
429288
429461
429875
430021
430340
430692
430814
431118
431641
431857
432056
432182
432313
432577
432703
433329
433499
433904
434063
434443
434831
435078
435311
435716
436477
436853
437094
437264
437897
438252
438339
438596
439076
439286
439601
440574
440696
440992
441170
441383
441614
441962
442313
442548
442781
443170
443551
444178
444384
445054
445197
445355
445646
445809
445993
446143
446503
446810
446983
447274
447388
447568
447704
448013
448397
448612
449134
449647
450001
450148
450559
450735
450940
451188
451765
452132
452413
452732
452981
453330
453745
454224
454761
455228
455589
455898
456618
456910
457184
457878
458425
459093
460073
460508
460711
461085
461427
461543
461908
462058
462282
462861
462973
463160
463698
464153
464461
464619
464721
464969
465015
465162
465998
466632
466870
467881
468218
468373
468672
468890
469346
469531
469712
469935
470212
470748
470915
471171
471630
471833
471951
472077
472195
472712
472943
473307
475613
476870
477228
477391
477876
478061
478176
478622
478965
479256
479405
479740
480093
480722
481074
481975
482092
482935
483237
483695
483837
484296
484757
485239
485387
485846
486383
487200
488875
489329
489898
490235
490720
491619
491742
491880
492062
492252
492468
492600
493250
493575
494642
494927
496186
496492
496920
497160
497398
497947
498186
498275
498454
498582
498942
499793
500116
500343
500451
500566
500915
501510
501942
502542
502705
503746
503855
504231
504417
504602
504740
504970
505205
505864
506312
506437
507137
507321
507578
507719
507941
508084
508319
508514
508745
509077
509453
509606
509734
510218
510847
511231
511383
511550
511590
511932
512206
512918
513551
513803
514006
514185
514343
514595
515239
515648
516019
516274
516463
516619
516778
517475
518189
518468
518663
518876
519134
519529
520368
521747
522140
522542
523219
523451
524640
524821
525678
525794
525955
526627
526900
527178
527308
527477
527929
528129
528660
528793
529082
529214
529425
530020
530532
530802
531103
531311
531698
531884
532046
532249
532598
532845
533703
533820
534568
534744
534949
535081
535415
535574
535799
536204
536406
536554
537551
537724
538082
538206
538616
538721
539000
539631
539991
540099
540431
540724
541094
541318
541727
542034
542232
542448
542870
543815
544041
544469
544588
545357
545726
545983
546510
546862
547026
547254
547312
547791
548420
548890
549113
549347
549812
549881
550169
551132
551922
552205
552988
553164
553506
553648
553982
554408
554740
555304
555496
555681
555850
556192
556597
556881
557637
558092
558319
558680
559254
559516
560054
560554
560761
561264
561414
561946
562382
562527
562730
562799
562838
563055
563215
563364
563555
563747
563990
564251
564301
564938
565125
565499
565711
565887
566324
566520
566895
567069
567538
567784
568116
568329
568722
568915
569126
569428
569698
569995
570365
570679
571378
571801
572059
572484
572718
573938
574133
574248
574482
575399
576768
577145
577397
577675
577919
578088
578571
578785
579344
579792
580045
580291
580512
580970
581168
581453
582112
582203
583498
584494
584581
584652
585383
585800
586271
586643
586863
587195
587373
587506
587643
587944
588266
588517
588826
589350
589979
590111
590197
590593
590763
591089
591311
591908
592048
592331
592502
592776
592931
593193
593455
594041
594263
594415
594599
594921
595314
595494
596288
596686
597422
597942
598140
598563
599380
599687
599903
