3433
11720
16098
17216
20171
22208
23142
24889
25937
28563
29641
33031
37004
40169
42316
45416
48990
52260
55944
59543
62843
65509
68015
70486
73032
76177
80225
84179
87893
91577
94877
97842
101361
104331
107157
109568
115653
119218
122318
125303
128857
132162
134917
137354
145585
151201
154426
157936
161076
164031
166961
169831
173600
176032
178458
181418
184498
187883
191751
194647
197387
200018
203248
206243
210666
213731
217181
220385
223600
225587
226481
229681
233195
238242
241242
244761
248076
251146
254681
257566
261175
264580
267909
271244
274788
277973
281363
284917
288017
291272
295031
298475
301820
305394
308719
312353
315867
318553
320954
324174
327050
330389
333624
336634
340039
343448
346918
349913
353023
356617
360042
364070
367095
371034
375162
378013
381363
383524
386759
388461
396084
401091
405379
409248
413411
415687
418059
418678
421373
423465
425052
429745
434572
438746
442430
445829
449089
452653
456457
460601
463920
467395
470919
473205
476864
480434
484123
487542
492370
494945
499219
502104
505339
508589
511963
515038
517155
519217
533119
537917
540847
545954
548390
552294
554430
557930
562971
567434
570340
572806
576804
579111
580354
583129
587193
590682
594042
597546
