80
1364
1883
2659
3475
3633
4304
4765
5153
5573
5801
6157
6381
6843
7402
7926
8503
10283
11099
11478
11914
12871
13218
13570
14012
14343
14820
15221
16193
16900
17412
18276
18747
19587
19863
20426
20673
21126
21451
21933
22389
22816
23005
23629
24144
24522
25418
25896
26158
26397
26641
27049
27347
27771
28513
28775
29606
29984
30577
30961
32291
32744
34349
34658
34903
36158
36596
37566
37945
38096
39124
39447
39834
41260
41510
41717
42023
42488
43100
43805
44144
44627
45851
46388
46530
46693
47095
47295
47842
48151
48404
48678
48913
49219
49547
49987
50229
50505
50759
51036
51349
51672
51789
52528
53040
53421
56309
70880
73435
74720
75234
75581
76072
78372
79010
79591
80212
92923
94037
97513
98171
99069
99635
101840
102432
102676
103162
103733
104677
104908
105204
105459
106114
109287
109617
110099
110481
110921
111215
111883
112478
113100
113501
114149
114389
114688
115609
116807
118431
119446
119808
120049
120748
121388
121606
122500
124873
125488
130892
132355
132992
133720
135713
136381
136869
137454
137858
138084
138365
138621
139303
139742
140188
140601
140874
141404
141754
142135
142508
142716
143266
143906
145162
145707
145941
146600
150039
151232
153843
156964
159912
160543
161575
162174
163322
163483
164475
165378
165906
166189
167026
167704
168018
168503
168755
169241
169530
169933
171309
172179
172676
173009
173374
173891
174859
175517
175926
177069
179069
191163
194419
195122
196801
197638
198928
200646
201155
201575
202384
204681
205363
206356
206742
207375
208884
209318
209900
210341
211868
212197
215388
217317
219096
219658
220868
221125
223492
223914
224459
224914
225150
225479
225858
226288
226692
227057
227865
228144
228527
229129
229993
230946
231939
232512
233106
233627
234212
234493
234915
235155
235442
235688
236809
237104
237347
237808
240182
242327
242628
243355
243725
244489
244800
245059
245319
246208
247007
247181
247543
248703
249512
250336
250767
251430
252286
252649
253681
254843
255854
256154
256464
256689
257155
257526
260014
260400
260606
260995
262816
264607
264944
265262
265786
266144
266400
266941
268346
268684
269507
270011
270718
271014
271181
272264
272488
272794
273056
274570
274834
275397
275763
276173
276429
276752
277037
277565
278380
278594
279146
279475
279744
280103
280480
280868
282579
283088
283788
284191
284633
284826
285191
286159
286448
286751
287345
287621
287885
288269
288441
288751
289326
290127
290293
290964
291399
291673
293679
294360
295729
296058
296946
297233
297533
297749
298214
299663
299993
300247
301014
301718
301972
302252
302723
303652
304085
304667
304937
305347
305957
306710
307377
307830
308033
308286
308502
308765
309050
309299
310254
311044
311682
312051
312644
314287
315433
315744
316063
316853
317249
318185
318615
319135
319499
319954
320210
320601
321704
322032
322725
323620
323981
324232
324830
325364
325530
326644
328049
328263
329217
329528
329987
330445
330606
331181
331542
331959
332257
337088
340394
343512
344731
345498
346017
346757
347531
348746
349363
350378
351511
352108
353821
354284
354839
356021
356576
357148
357886
358053
358442
359379
359825
360556
361009
361549
362317
365035
366002
367875
369381
371379
373168
377583
378926
380304
382123
382599
383193
383771
384742
386183
387617
388360
389623
390033
390508
392914
393820
395669
404013
406569
407349
408087
409815
412302
413236
414196
414744
415199
415441
417334
418800
419136
419326
419612
420354
420559
420696
420989
421279
421809
422253
422783
424241
424501
424783
425203
425466
425712
425919
426186
426701
426963
427528
428032
428365
428668
429274
429502
429794
430297
431204
431389
431629
431941
432064
432359
432713
433287
433878
434011
434203
434491
435110
435407
435540
436114
436383
436667
436913
438019
438600
438849
439044
439352
440078
440252
441153
441368
441576
442022
442446
442729
443023
443958
444601
444893
445172
446084
446728
446979
447815
447942
448210
448966
449191
449441
450022
450225
450521
451158
451642
451837
452607
452884
454013
454236
454753
455456
456242
457777
458387
459136
459402
459701
459981
461595
461794
462647
463029
463796
463992
464599
466161
467047
467514
467988
468878
469337
470528
470833
471213
472064
472274
472624
472822
473195
474682
474873
475064
475306
475480
476315
476452
477110
477362
477990
478182
478414
478889
479280
479791
480224
480605
480844
483780
484208
484826
485114
485604
486200
486828
487172
487443
488560
489645
490097
490737
493569
494217
494448
494970
495214
496409
496702
497220
497762
498067
498487
499835
500169
500378
500696
501500
502525
503369
503659
504030
504418
505801
506170
506358
508924
509261
509564
509784
510051
511943
512800
513298
513696
514495
515413
515697
517437
518269
518635
520128
520502
521687
522830
523936
524546
527033
