4157
7212
11395
14500
18594
23157
26671
30575
35247
39131
42735
46359
50293
54337
58101
61894
65309
69053
72647
76521
80385
84928
88053
92246
96030
100523
104526
108460
111904
116487
119882
123476
127479
131004
134448
138232
142495
146289
150403
154117
157621
161207
163757
172947
177060
180994
184079
186944
190968
194712
198905
202948
206583
210586
214420
217914
221788
225632
229845
233639
237892
241596
244632
248505
252419
255834
260087
263861
268523
271788
275622
279885
283559
287633
290768
294901
298645
302629
306293
310217
314080
318234
321818
324783
329076
333000
337513
341476
345370
348046
350772
353747
357561
361764
366168
369651
374064
377229
380414
384727
388501
391007
394432
398954
402219
406512
410965
414939
419022
423076
426969
430913
434737
438681
442894
446768
450921
455044
458808
462822
466606
470540
474663
478357
482730
486574
490727
494531
498155
501869
505244
508499
511933
515827
519401
523615
527608
532051
535535
539489
542854
546428
