1761
5315
8590
11964
16018
20311
24255
28099
32442
36495
40259
43973
47647
51831
55445
59239
63172
66916
70021
73626
78069
82222
85876
89740
93684
97787
101631
105744
109728
113632
117216
120960
124574
128548
132282
135646
139820
144013
147847
151621
155694
158869
162543
170231
174334
178078
182122
185417
188801
192206
196129
200243
204037
207811
211615
215519
219162
223136
227120
231023
235037
238951
242615
245780
249474
253268
257451
261405
265658
269542
273266
277110
280993
285047
288501
292335
296069
299963
303777
307731
311305
315418
319641
322876
326381
330614
334897
338791
342615
346189
349224
352219
355145
359038
363262
367305
371568
375093
378357
381982
386185
389320
392125
396049
399873
403946
408569
412113
415987
420320
424443
428118
432191
435885
440208
444192
448016
452129
456093
460086
463850
468094
472017
475821
479765
483758
487612
491796
495500
499543
502918
506422
509687
513541
517095
520869
525012
528906
532999
536903
540378
543952
548235
