80
1394
1943
2749
3595
3783
4484
4975
5393
5843
6101
6487
6741
7233
7822
8376
8983
10793
11639
12048
12514
13501
13878
14260
14732
15093
15600
16031
17033
17770
18312
19206
19707
20577
20883
21476
21753
22236
22591
23103
23589
24046
24265
24919
25464
25872
26798
27306
27598
27867
28141
28579
28907
29361
30133
30425
31286
31694
32317
32731
34091
34574
36209
36548
36823
38108
38576
39576
39985
40166
41224
41577
41994
43450
43730
43967
44303
44798
45440
46175
46544
47057
48311
48878
49050
49243
49675
49905
50482
50821
51104
51408
51673
52009
52367
52837
53109
53415
53699
54006
54349
54702
54849
55618
56160
56571
59489
74090
76675
77990
78534
78911
79432
81762
82430
83041
83692
96433
97577
101083
101771
102699
103295
105530
106152
106426
106942
107543
108517
108778
109104
109389
110074
113277
113637
114149
114561
115031
115355
116053
116678
117330
117761
118439
118709
119038
119989
121217
122871
123916
124308
124579
125308
125978
126226
127150
129553
130198
135632
137125
137792
138550
140573
141271
141789
142404
142838
143094
143405
143691
144403
144872
145348
145791
146094
146654
147034
147445
147848
148086
148666
149336
150622
151197
151461
152150
155619
156842
159483
162634
165612
166273
167335
167964
169142
169333
170355
171288
171846
172159
173026
173734
174078
174593
174875
175391
175710
176143
177549
178449
178976
179339
179734
180281
181279
181967
182406
183579
185609
197733
201019
201752
203461
204328
205648
207396
207935
208385
209224
211551
212263
213286
213702
214365
215904
216368
216980
217451
219008
219367
222588
224547
226356
226948
228188
228475
230872
231324
231899
232384
232650
233009
233418
233878
234312
234707
235545
235854
236267
236899
237793
238776
239799
240402
241026
241577
242192
242503
242955
243225
243542
243818
244969
245294
245567
246058
248462
250637
250968
251725
252125
252919
253260
253549
253839
254758
255587
255791
256183
257373
258212
259066
259527
260220
261106
261499
262561
263753
264794
265124
265464
265719
266215
266616
269134
269550
269786
270205
272056
273877
274244
274592
275146
275534
275820
276391
277826
278194
279047
279581
280318
280644
280841
281954
282208
282544
282836
284380
284674
285267
285663
286103
286389
286742
287057
287615
288460
288704
289286
289645
289944
290333
290740
291158
292899
293438
294168
294601
295073
295296
295691
296689
297008
297341
297965
298271
298565
298979
299181
299521
300126
300957
301153
301854
302319
302623
304659
305370
306769
307128
308046
308363
308693
308939
309434
310913
311273
311557
312354
313088
313372
313682
314183
315142
315605
316217
316517
316957
317597
318380
319077
319560
319793
320076
320322
320615
320930
321209
322194
323014
323682
324081
324704
326377
327553
327894
328243
329063
329489
330455
330915
331465
331859
332344
332630
333051
334184
334542
335265
336190
336581
336862
337490
338054
338250
339394
340829
341073
342057
342398
342887
343375
343566
344171
344562
345009
345337
350198
353534
356682
357931
358728
359277
360047
360851
362096
362743
363788
364951
365578
367321
367814
368399
369611
370196
370798
371566
371763
372182
373149
373625
374386
374869
375439
376237
378985
379982
381885
383421
385449
387268
391713
393086
394494
396343
396849
397473
398081
399082
400553
402017
402790
404083
404523
405028
407464
408400
410279
418653
421239
422049
422817
424575
427092
428056
429046
429624
430109
430381
432304
433800
434166
434386
434702
435474
435709
435876
436199
436519
437079
437553
438113
439601
439891
440203
440653
440946
441222
441459
441756
442301
442593
443188
443722
444085
444418
445054
445312
445634
446167
447104
447319
447589
447931
448084
448409
448793
449397
450018
450181
450403
450721
451370
451697
451860
452464
452763
453077
453353
454489
455100
455379
455604
455942
456698
456902
457833
458078
458316
458792
459246
459559
459883
460848
461521
461843
462152
463094
463768
464049
464915
465072
465370
466156
466411
466691
467302
467535
467861
468528
469042
469267
470067
470374
471533
471786
472333
473066
473882
475447
476087
476866
477162
477491
477801
479445
479674
480557
480969
481766
481992
482629
484221
485137
485634
486138
487058
487547
488768
489103
489513
490394
490634
491014
491242
491645
493162
493383
493604
493876
494080
494945
495112
495800
496082
496740
496962
497224
497729
498150
498691
499154
499565
499834
502800
503258
503906
504224
504744
505370
506028
506402
506703
507850
508965
509447
510117
512979
513657
513918
514470
514744
515969
516292
516840
517412
517747
518197
519575
519939
520178
520526
521360
522415
523289
523609
524010
524428
525841
526240
526458
529054
529421
529754
530004
530301
532223
533110
533638
534066
534895
535843
536157
537927
538789
539185
540708
541112
542327
543500
544636
545276
547793
