20
1287
1908
2326
2785
3006
3276
4426
4552
4671
5261
5444
5719
5856
6040
6259
6350
6517
6719
6844
7438
7668
7910
8824
8938
9271
9716
10650
11071
11426
11653
12127
12878
14468
14678
15493
16130
17231
17411
18055
18381
18790
19679
21635
24834
25195
25353
25811
27289
27606
28038
28343
29278
30131
30670
32502
32691
33328
33461
34442
34771
35803
36917
37095
37329
37492
38060
38232
40052
40535
41321
41962
43054
43603
43837
44269
44618
45956
46798
47691
49193
49311
49655
49832
50639
52149
52466
52561
52759
53086
53205
53696
54093
54545
54744
56140
56732
57011
57719
58183
59151
60166
60343
61024
61167
62843
63569
64207
64407
64739
65805
66436
66676
67214
67788
68336
69279
70763
70914
71054
71339
71506
72058
72361
73111
73215
73550
73888
74135
74629
74860
75239
76744
77091
77442
77690
77897
79511
80423
80892
81620
82126
83017
83361
83965
84347
84663
84836
85558
85746
85967
86840
87268
87535
87769
89544
89802
90049
90296
90450
92064
92739
93421
93718
94161
94383
94592
95823
97187
97511
97831
98935
99904
100304
100606
100826
101060
101295
101521
101941
102346
102850
103752
104281
104603
104722
105048
105462
105531
106265
106420
107026
107241
107661
107985
108209
109451
110242
111032
111507
112398
113037
113392
114088
114601
115264
115512
115732
116562
117428
118266
119040
119257
119477
120644
120966
121128
121832
121967
122512
122933
123417
124194
124692
125177
125878
126480
126859
127191
127681
127971
129246
129548
129920
130352
130719
130954
131201
131826
132346
132660
132838
133076
133849
133999
134344
134932
135137
135341
135727
136228
136707
136872
137795
138609
139694
139854
140181
140624
141090
141491
141825
142467
142706
142945
143735
144602
144925
145558
145785
145951
146282
146819
148542
148914
149662
149929
150756
152254
152778
152991
153392
154028
154915
155514
156134
156562
156891
157270
157634
158138
158993
159144
159373
159965
160848
161272
162072
162406
162937
163216
163440
165282
165663
166189
167030
167265
167645
169791
170460
170636
171610
172133
172848
173548
175281
175684
177122
178224
179036
179627
180468
180918
181462
181908
182521
182736
183797
184004
184486
185085
185388
186219
186568
187328
188032
188700
189686
190276
190491
191783
192221
193278
193733
194094
194389
194886
195325
195925
196604
196829
197629
197835
198499
198839
199376
199672
200431
202934
203136
203596
205498
205928
206909
207916
209872
210082
210868
211248
211477
212829
213764
214258
214661
215177
215370
216190
216661
217302
217501
217739
218153
218757
219057
219990
220312
220997
221375
221566
221832
221917
223142
224214
224712
225316
225642
225793
226336
226762
227869
228285
228700
229043
229451
229663
229976
230185
230348
230713
231783
231845
235022
235275
235897
236219
236426
236707
237000
237294
237687
238317
239036
239434
241023
241501
241931
242231
242931
243191
243353
243987
244758
246572
246921
247360
247827
250764
251351
251576
251800
252269
252626
253327
254454
254593
255274
255824
256181
256459
257785
257953
258335
259912
261515
262319
262659
263683
264089
264833
265475
265773
267015
267168
267525
267704
268332
268875
269727
270066
270898
271228
272450
273127
273976
275274
275994
276638
277115
277561
277783
278427
278687
280737
281748
282014
282969
283676
285240
285534
285769
286494
287119
287369
287518
288274
288505
288778
289016
290347
290780
291326
291552
291839
292235
292469
293249
293556
293794
293931
294492
294796
295650
295872
296075
296130
296373
297688
298893
299356
300006
300533
300738
302367
302594
303484
303693
304303
304604
305255
306453
307051
307809
307951
309928
310065
310683
310943
311149
312111
312319
312965
313252
314288
315071
315530
316352
316756
317576
318387
318687
318734
318921
319923
320589
320997
321162
321365
321588
322238
323037
323555
323753
324138
324282
324583
324961
325442
326119
326483
326858
327085
327687
328154
328827
328964
329092
330101
330578
331610
332695
333077
333607
334383
334687
335634
337006
338442
338701
339664
339866
340254
340744
341080
342340
343357
345602
346101
346476
347047
347444
347998
348258
348745
351041
351172
351572
351767
352270
352565
353659
354083
356866
357129
358167
358410
358721
359215
359697
360279
361092
361217
361849
362339
364232
364698
366879
368434
369009
370468
371001
371810
372580
373296
374189
374776
375351
375597
376627
376855
377054
377577
377763
379023
379275
379486
379936
380542
381574
381871
