20
1317
1968
2416
2905
3156
3456
4636
4792
4941
5561
5774
6079
6246
6460
6709
6830
7027
7259
7414
8038
8298
8570
9514
9658
10021
10496
11460
11911
12296
12553
13057
13838
15458
15698
16543
17210
18341
18551
19225
19581
20020
20939
22925
26154
26545
26733
27221
28729
29076
29538
29873
30838
31721
32290
34152
34371
35038
35201
36212
36571
37633
38777
38985
39249
39442
40040
40242
42092
42605
43421
44092
45214
45793
46057
46519
46898
48266
49138
50061
51593
51741
52115
52322
53159
54699
55046
55171
55399
55756
55905
56426
56853
57335
57564
58990
59612
59921
60659
61153
62151
63196
63403
64114
64287
65993
66749
67417
67647
68009
69105
69766
70036
70604
71208
71786
72759
74273
74454
74624
74939
75136
75718
76051
76831
76965
77330
77698
77975
78499
78760
79169
80704
81081
81462
81740
81977
83621
84563
85062
85820
86356
87277
87651
88285
88697
89043
89246
89998
90216
90467
91370
91828
92125
92389
94194
94482
94759
95036
95220
96864
97569
98281
98608
99081
99333
99572
100833
102227
102581
102931
104065
105064
105494
105826
106076
106340
106605
106861
107311
107746
108280
109212
109771
110123
110272
110628
111072
111171
111935
112120
112756
113001
113451
113805
114059
115331
116152
116972
117477
118398
119067
119452
120178
120721
121414
121692
121942
122802
123698
124566
125370
125617
125867
127064
127416
127608
128342
128507
129082
129533
130047
130854
131382
131897
132628
133260
133669
134031
134551
134871
136176
136508
136910
137372
137769
138034
138311
138966
139516
139860
140068
140336
141139
141319
141694
142312
142547
142781
143197
143728
144237
144432
145385
146229
147344
147534
147891
148364
148860
149291
149655
150327
150596
150865
151685
152582
152935
153598
153855
154051
154412
154979
156732
157134
157912
158209
159066
160594
161148
161391
161822
162488
163405
164034
164684
165142
165501
165910
166304
166838
167723
167904
168163
168785
169698
170152
170982
171346
171907
172216
172470
174342
174753
175309
176180
176445
176855
179031
179730
179936
180940
181493
182238
182968
184731
185164
186632
187764
188606
189227
190098
190578
191152
191628
192271
192516
193607
193844
194356
194985
195318
196179
196558
197348
198082
198780
199796
200416
200661
201983
202451
203538
204023
204414
204739
205266
205735
206365
207074
207329
208159
208395
209089
209459
210026
210352
211141
213674
213906
214396
216328
216788
217799
218836
220822
221062
221878
222288
222547
223929
224894
225418
225851
226397
226620
227470
227971
228642
228871
229139
229583
230217
230547
231510
231862
232577
232985
233206
233502
233617
234872
235974
236502
237136
237492
237673
238246
238702
239839
240285
240730
241103
241541
241783
242126
242365
242558
242953
244053
244145
247352
247635
248287
248639
248876
249187
249510
249834
250257
250917
251666
252094
253713
254221
254681
255011
255741
256031
256223
256887
257688
259532
259911
260380
260877
263844
264461
264716
264970
265469
265856
266587
267744
267913
268624
269204
269591
269899
271255
271453
271865
273472
275105
275939
276309
277363
277799
278573
279245
279573
280845
281028
281415
281624
282282
282855
283737
284106
284968
285328
286580
287287
288166
289494
290244
290918
291425
291901
292153
292827
293117
295197
296238
296534
297519
298256
299850
300174
300439
301194
301849
302129
302308
303094
303355
303658
303926
305287
305750
306326
306582
306899
307325
307589
308399
308736
309004
309171
309762
310096
310980
311232
311465
311550
311823
313168
314403
314896
315576
316133
316368
318027
318284
319204
319443
320083
320414
321095
322323
322951
323739
323911
325918
326085
326733
327023
327259
328251
328489
329165
329482
330548
331361
331850
332702
333136
333986
334827
335157
335234
335451
336483
337179
337617
337812
338045
338298
338978
339807
340355
340583
340998
341172
341503
341911
342422
343129
343523
343928
344185
344817
345314
346017
346184
346342
347381
347888
348950
350065
350477
351037
351843
352177
353154
354556
356022
356311
357304
357536
357954
358474
358840
360130
361177
363452
363981
364386
364987
365414
365998
366288
366805
369131
369292
369722
369947
370480
370805
371929
372383
375196
375489
376557
376830
377171
377695
378207
378819
379662
379817
380479
380999
382922
383418
385629
387214
387819
389308
389871
390710
391510
392256
393179
393796
394401
394677
395737
395995
396224
396777
396993
398283
398565
398806
399286
399922
400984
401311
