1791
6154
7941
10157
15209
16667
20710
21599
24864
26960
29227
30525
33021
34498
37064
39720
41507
43204
45940
48815
51262
54946
57531
59508
62793
65968
68604
71519
73735
76212
79267
81713
84448
87024
89111
95081
96180
101102
103877
107002
111964
117016
119552
120850
128228
130794
133360
135766
141687
145790
146778
149354
153508
156143
158629
161734
166507
168673
171329
173975
176391
179037
181413
186395
191547
194672
196389
206083
209548
213002
215388
217954
221159
222926
230864
232681
235257
237393
240918
243513
247906
253967
256612
261874
264360
269921
276251
277659
281263
287193
291237
292245
293643
296439
299643
307551
310207
312173
315228
317874
320021
322217
328198
334168
336534
338471
341107
342884
346438
349673
352529
355903
358170
361095
363841
366786
369601
372816
375182
378737
381402
384048
386564
388032
390698
392930
398695
400921
408120
410486
413651
417205
418763
420839
424414
426121
428787
432051
433838
437642
439859
442315
444252
447017
449774
450631
453637
455560
456123
465388
478008
485805
493772
499403
502109
504665
507670
510565
512622
518093
520729
524034
526690
530763
535376
538171
538890
543423
545879
548525
551041
554894
557450
560096
562672
565527
568443
571608
574293
576969
578586
580304
586763
588850
592015
595409
597586
600292
606212
609237
612312
615487
618522
621068
623704
626500
628696
632031
634746
637701
639579
642334
644661
647586
650142
652588
655144
657190
659217
662312
664179
667174
669690
672526
674133
676470
678766
683079
684467
687492
690118
692973
696058
698654
701310
703906
707719
709317
711773
714399
717144
719191
722356
724993
728247
730842
732610
736014
738640
741186
743392
746148
749333
750990
753616
756262
759536
761174
763810
766625
768951
771098
774233
777558
778836
782190
783728
786054
789129
791855
794351
800780
802438
803536
809387
812202
814039
816735
822246
824853
827068
829574
832969
835525
838440
841096
843742
849782
852517
856451
860924
864648
866515
870299
873144
874642
877158
879804
882739
885794
888510
891695
894680
898035
901389
904045
910385
919450
923913
926778
932160
937691
940097
945528
948424
951609
953995
956641
959536
962162
971028
974951
984356
987451
990446
993382
999312
1001928
1007829
1010434
1013589
1016501
1017952
1020688
1023274
1026199
1029190
1032769
1034765
1038889
1040356
1043481
1047495
1051189
1054314
1056940
1062611
1065846
1068292
1070878
1072914
1074721
1078875
1080562
1085544
1088290
1091934
1095129
1097764
1100660
1105502
1107529
1109665
1111582
1114518
1116454
1119639
1123114
1126399
1130133
1133188
1136313
1139777
1142872
1146506
1149531
1151948
1154903
1160105
1162820
1166614
1168281
1170867
1173823
1179873
1183227
1185075
1187790
1191285
1193850
1198403
1201758
1205362
1208128
1211592
1214887
1217093
1219439
1222904
1225749
1231830
1235434
1238319
1239707
1242393
1245168
1250570
1253046
1255542
1257628
1261322
1263788
1265426
1267642
1270917
1273353
1275520
1277826
1280452
1283287
1286093
1289218
1291494
1293970
1297464
1300130
1301857
1306300
1312410
1314677
1316364
1318850
1320218
1321686
1322954
1324511
1326069
1327725
1330432
1332189
1334735
1336841
1339677
1343051
1346116
1348702
1351458
1354992
1359565
1367512
1379373
1383886
1387610
1389447
1391554
1394419
1397195
1399601
1402087
1405451
1408037
1416773
1419309
1421316
1423918
1426288
1433147
1435503
1443540
1446196
1448512
1451468
1453814
1456130
1459345
1461551
1464017
1466543
1469049
1472534
1475090
1477616
1479732
1482737
1484505
1487110
1489946
1492612
1493860
1495128
1497893
1499131
1501767
1503245
1506889
1508546
1515036
1516623
1519109
1532997
1538438
1547943
1560363
1570387
1574011
1576327
1579383
1581599
1584774
1587120
1590645
1593021
1595587
1599021
1601208
1604922
1606629
1609564
1610343
1612979
1614766
1617871
1620407
1623252
1626277
1628364
1633057
1636581
1641473
1643889
1647074
1649840
1652555
1655690
1657597
1659604
1668929
1671924
1674261
1676517
1680996
1682607
1686860
1689316
1693809
1695866
1698202
1701647
1704502
1707497
1710203
1713178
1716413
1719238
1721794
1723861
1726507
1729123
1731738
1734125
1736501
1739147
1741852
1744857
1747942
1750409
1753563
1756619
1759754
1762319
1765015
1767501
1769847
1772713
1776087
1777565
1779422
1781439
1783146
1785772
1788637
1791323
1794318
1797343
1800029
1804152
1808695
1823163
1828384
1840744
1843130
1845886
1848541
1851716
1853933
1856349
1859004
1866962
1872404
1876027
1878713
1880340
1884164
1885712
1889246
1891203
1893729
1897173
1899290
1901367
1908236
1910662
1912609
1914745
1916752
1919557
1922702
1925258
1926616
1932517
1933964
1937469
1940993
1944088
1947393
1950278
1953433
1956099
1958835
1961810
1965424
1967620
1969717
1973002
1975408
1980779
1986420
1989037
1992511
1994417
1997253
2000148
2003064
2006039
2011670
2016991
2019867
2022702
2025468
2030560
2036101
2044777
2047313
2057197
2059673
2061440
2068649
2070046
2075537
2081139
2086799
2099978
2109014
2111540
2115993
2119906
2121823
2125687
2127943
2133604
2136600
2139086
2142330
2145246
2147133
2150098
2153203
2155889
2157985
2161190
2163826
2166891
2169867
2171743
2175118
2177943
2181098
2184253
2187358
2189655
2191871
2194417
2198800
2205399
2207286
2210102
2214245
2216212
2219637
2220505
2223261
2224838
2227075
2229770
2232286
2234513
2237698
2240054
2242849
2246234
2248900
2250138
2255789
2257366
2261300
2267939
2269397
2273710
2276815
2278932
2282845
2284582
2290154
2294107
2298370
2302554
2303412
2317350
2329261
2339514
2346763
2355738
2365103
2368069
2372961
2374329
2376895
2380139
2381717
2383194
2385970
2390173
2400397
2406647
2413975
2417499
2422212
2424938
2428272
2431727
2433973
2436958
2442939
2449868
2459542
2464874
2472002
2473699
2480089
2481078
2482885
2490203
2491880
2496103
2497820
