2270
7202
9588
13921
15888
19223
21250
24025
25942
27999
30125
31813
33829
35816
38342
40459
42725
44792
47148
49914
52749
55884
58899
61036
63881
67066
69742
72577
75153
77390
80375
83011
85606
88432
90718
95790
100792
103168
105555
107392
115159
117815
119931
124374
129905
132092
135207
137483
145081
146459
147627
150392
155325
157551
159758
164979
167585
170091
172847
175363
177649
180634
185177
186724
194352
194881
202649
208240
211904
214300
216756
219372
221898
224314
232202
234368
236744
239031
241906
244761
252229
254915
260167
262892
268194
275822
277349
278338
283110
290528
291736
292854
295989
298835
304615
309138
311844
313961
316457
318702
321379
324344
332920
335456
336924
340658
342395
344621
347996
351031
353817
357231
359657
362573
365658
368823
371848
374474
377159
379426
382141
384897
387393
390039
392545
395100
399933
404905
409987
412652
414999
417924
420290
422287
425322
427419
430214
433239
435506
438441
441167
443563
446239
448844
450062
451400
454216
455703
459927
471668
485376
487672
498675
500751
504086
506432
508549
511863
514339
519871
523375
525961
528527
531342
536724
538640
539749
545330
547546
550452
553067
555803
558339
561025
564030
566676
569711
572736
575292
577458
579914
584816
588021
590577
593562
596667
598894
603357
607710
610995
614000
617185
619880
622256
624573
627728
630144
633498
636194
638570
640966
643393
646058
648415
651180
653676
656182
658508
661344
662821
665807
668013
670938
673424
675232
677268
681661
683588
685815
688860
691745
694670
697672
700681
703376
705803
708438
710964
713450
715956
718812
721048
723724
726340
729325
732011
734686
737312
739958
742544
744740
747576
750191
752638
755203
758009
760425
762801
765527
768043
770499
773065
775521
778306
780353
782779
785295
787601
790567
793402
796188
801759
803187
807809
810355
813001
815507
818192
823534
825950
828805
831751
834756
837392
839528
842853
845718
851220
854684
860285
863120
865596
868222
871367
874093
876389
878905
881621
884287
887182
890077
893222
896767
899668
903376
906351
912232
923394
926030
928935
936723
939039
944550
947286
950221
952507
955822
958418
961313
963839
974572
976079
985464
988430
991155
997425
1000141
1005802
1008378
1011433
1014258
1016930
1020338
1022776
1024692
1027797
1030592
1033627
1036553
1039867
1042942
1045967
1049851
1051529
1055712
1058068
1064727
1067293
1069749
1072096
1074012
1076339
1080123
1083717
1086892
1090017
1093651
1096776
1100211
1102996
1106840
1108897
1110684
1112651
1115696
1118262
1120817
1124741
1128026
1131990
1134785
1138819
1141894
1145388
1148313
1151339
1154374
1156540
1162001
1164807
1167603
1169939
1172774
1178465
1181151
1184346
1186932
1189707
1192642
1198174
1199521
1204583
1206500
1209745
1212760
1216055
1218731
1221386
1224681
1230532
1233846
1236412
1238818
1241834
1244849
1247035
1252596
1254553
1257079
1259106
1262271
1264767
1267173
1269030
1272295
1274481
1276648
1279174
1282139
1284954
1287750
1290176
1291873
1295867
1298213
1301158
1304922
1307139
1313768
1315795
1318481
1319849
1321077
1322384
1323862
1325440
1327197
1328844
1331300
1333157
1336142
1338748
1341274
1344429
1347364
1350689
1352676
1359166
1361622
1373473
1382638
1384565
1388289
1390895
1392802
1395607
1398383
1401308
1403704
1406150
1411052
1417921
1420817
1422664
1425439
1428135
1434824
1440066
1445148
1447943
1450419
1452656
1455431
1457758
1460693
1463428
1465695
1468341
1470437
1473143
1475749
1478624
1481300
1483526
1486531
1488788
1490355
1493162
1494529
1497094
1498692
1499321
1502865
1503544
1507368
1512879
1515964
1518580
1523382
1534904
1541863
1553015
1563538
1570896
1575309
1577805
1580521
1582777
1586292
1588877
1591992
1594958
1597553
1600519
1603244
1605820
1608316
1609904
1610912
1614097
1616613
1619458
1621944
1624620
1626517
1632158
1634983
1640225
1643220
1645986
1648612
1651207
1653654
1656769
1658705
1665664
1670307
1673072
1675259
1678863
1682068
1684444
1687779
1691024
1694987
1697423
1699590
1702725
1705780
1708516
1711561
1714496
1717661
1720467
1723072
1725019
1727785
1730281
1732148
1735772
1737799
1739915
1743320
1746345
1749450
1752675
1755420
1758116
1760962
1763817
1766283
1769278
1771734
1774380
1776447
1778553
1780640
1782407
1784224
1786830
1790135
1793160
1796105
1799130
1802215
1805091
1814007
1826527
1831778
1842351
1845153
1847303
1850199
1853154
1855800
1857936
1860572
1871391
1874151
1877145
1879552
1882024
1884963
1886990
1890165
1892371
1895706
1898062
1900508
1906718
1909424
1911980
1913807
1915734
1917770
1920925
1923761
1926287
1929851
1932966
1936430
1938777
1942431
1945716
1948920
1951796
1955160
1957856
1960642
1963503
1966283
1969477
1971754
1974220
1979661
1982277
1988028
1990763
1993459
1996374
1998731
2001416
2004591
2009583
2013267
2018768
2021784
2024959
2027065
2034953
2037639
2046374
2055090
2058095
2061200
2066312
2069108
2074669
2080360
2086190
2089455
2106747
2109823
2115124
2117710
2120855
2123521
2126606
2129112
2134613
2137538
2140553
2143450
2146174
2148970
2151715
2154890
2157057
2159443
2162678
2165513
2168159
2170985
2173560
2176695
2179960
2182905
2186090
2188526
2190923
2193578
2196504
2199738
2206128
2209183
2212208
2215363
2218309
2219956
2221633
2224309
2226306
2228622
2231178
2234053
2235861
2238896
2241961
2244946
2248301
2249479
2254301
2256877
2259712
2262059
2268548
2271414
2274389
2277913
2280858
2283544
2289285
2292100
2294686
2299898
2302933
2309383
2321583
2334243
2342999
2355079
2356597
2367140
2371843
2373360
2375237
2377843
2380988
2382516
2383893
2386749
2395065
2402643
2413376
2416112
2418458
2423650
2426735
2429950
2432595
2435730
2441850
2445205
2453069
2463865
2469826
2473060
2476066
2480489
2482435
2490033
2491341
2494306
2497112
