49
329
1758
2491
2884
4114
4703
5137
5754
6676
7303
8105
8411
9204
10226
10665
11886
12420
12598
12961
13311
13557
14090
14505
14932
15362
16563
18266
18834
19357
20422
22153
23374
23948
24089
25898
27971
28521
33271
33953
35188
35586
35823
36422
36640
37656
38353
38903
39455
39846
40108
40909
41319
41937
41990
43963
45586
45933
46989
47274
48362
48559
49060
49568
50036
50874
51346
52110
52793
53150
53335
53752
54558
55799
56644
57872
60374
61762
62000
62199
62666
63260
63833
64596
64971
65299
65578
66413
66853
67145
67959
68256
68905
69749
70168
70669
71404
71731
71954
72298
72657
72800
73119
73533
74164
74645
75069
75531
76387
77584
77941
78396
78918
79256
79569
80070
80476
80701
81227
81459
81857
82703
83118
83601
84100
84477
85348
85744
85760
86260
87494
87924
88441
88729
89008
89553
89925
90377
90919
91265
91787
93097
93503
93836
94680
95836
96323
97434
98512
98929
99688
100531
100849
101701
102150
102557
103190
103533
104037
104418
105417
105838
106191
107591
108235
108657
109088
110127
110721
111203
112196
112672
113267
113522
114012
114511
115027
115041
115581
116245
116537
117983
118327
118688
119687
119742
120409
120721
121219
121472
122080
122632
123767
124084
124649
125578
126154
126786
127352
127918
128118
128388
128798
129394
129908
130279
130872
131399
132094
133202
134602
135145
136037
137045
137514
137980
138774
139169
139767
140152
140602
141304
141441
141868
142393
142895
143516
143837
144455
145171
145788
147786
148294
148828
149906
150785
151391
151723
152017
152340
152801
153302
153819
154272
154750
155264
155662
156335
156761
157409
158090
158611
159043
159675
160043
160411
160494
160932
161352
161881
163006
163453
164088
164631
165322
165615
166433
167190
167768
168247
168380
169351
169844
170342
170922
171369
172755
173256
173694
174087
175590
176093
176775
177518
177959
178463
179286
180577
180978
181356
181903
183160
185680
186168
186622
187325
187995
188497
188926
189474
189966
190800
191066
191251
191734
192209
193614
194326
195623
197395
197835
198280
199197
199800
200517
200845
200990
201495
202177
202848
203321
203696
205420
206117
206527
208066
208635
209129
210293
210652
210957
211920
212301
213288
213775
214324
214814
215374
215838
216426
216875
217197
217714
218153
218883
219511
220542
221096
221544
222436
222901
223289
223648
224120
225630
225779
226106
226131
226820
227516
228037
228441
228950
229723
230099
230234
230446
230859
231189
231860
232425
232525
232998
233387
234013
234397
235470
235530
235764
236423
236981
237285
237636
238515
239160
239935
240337
240790
241222
241770
241928
242119
242770
243185
243502
244103
245167
246944
247498
248451
248983
249540
250516
251061
252283
252986
253531
254064
254809
254941
255305
255960
256420
257144
257853
258329
260924
261370
262026
262993
263591
264247
264796
265638
266840
267460
268773
269226
269708
270526
271073
271141
271605
271998
272244
272970
274748
276185
277011
277417
278789
279566
279946
281057
281413
281765
282908
283402
284307
284529
285079
285469
285923
286319
286691
287033
287536
288208
288436
289506
289912
290493
291044
291472
291973
292563
293345
293850
293975
294416
295615
297005
298387
299028
299898
301453
302062
302393
302805
303320
303678
304852
305205
305350
306004
306317
306867
307082
308129
308569
309185
309649
310034
310500
311320
311831
312216
312870
313864
314168
314261
314853
315305
315410
316699
316755
317155
317217
317673
318117
318968
319464
320188
321321
324012
324616
326379
326901
327367
327597
328164
330640
333187
333355
333430
333973
335432
336208
336770
337054
337130
337628
338443
338783
338952
339100
339265
339401
339632
340257
341030
341189
341402
342196
343135
343344
343633
344687
345484
347481
348710
351420
351982
352421
353344
353791
355763
355876
356515
356985
357446
358107
358508
358952
359421
359828
360236
360711
361247
361573
362036
362491
362893
363283
363683
364169
364486
364526
364856
365361
365939
366233
366726
367116
367578
369260
369665
370037
371094
371956
372212
372965
373437
374162
374702
375111
376059
376530
377037
377772
378225
378959
379533
379823
380687
381122
381519
381554
382517
382806
383354
384421
384885
386654
387614
388412
389056
389466
390176
390493
390793
391097
391287
391919
392908
393360
393780
395111
395365
396013
396448
396943
397730
398323
398763
399128
399603
400143
400210
400479
401009
401460
402730
403008
403307
403781
404328
404977
405387
405933
406474
407141
407770
408467
408823
410108
410615
410843
411314
412249
412476
412699
412954
413290
413707
414024
414453
415074
415591
416454
417874
418936
420449
420893
421384
421976
422252
422532
423045
423426
423838
424378
424771
425079
425693
426410
426756
427127
427969
428283
428753
429006
429376
429924
430522
430901
431312
432130
432571
433136
434096
434461
434865
435285
435720
436037
436510
436900
437290
437891
438640
439113
439808
440417
441064
441532
441983
442505
443300
444361
444728
445245
445945
446585
447031
447408
447764
448305
449558
450007
450401
450850
451302
451936
452811
453932
454564
454893
455479
455981
457169
457613
458320
458743
460091
460507
461154
462278
462822
463240
463826
464416
465140
465730
466204
466838
467699
467943
468717
469228
469938
470533
470904
471825
472512
474053
474513
475116
475957
476162
476432
477894
478311
478770
479224
479794
480379
480812
481340
481693
482377
482974
483619
484662
485074
485568
486307
486789
488090
488525
488881
489406
490513
490821
491273
491951
492608
493182
493738
495819
496486
497062
497745
498797
499360
499829
500042
500609
500822
501027
501354
501643
501866
502242
502678
503240
504016
504092
505164
506689
507324
508031
508982
509309
509893
510246
510490
510793
511199
512405
512783
513288
513696
514457
514781
515193
516083
516542
517062
517667
518124
518999
519051
520148
520557
521002
521516
521887
522320
523229
523487
523984
524469
524843
525158
525753
526191
528007
528739
528946
529317
529872
530277
530865
531722
532274
532710
533054
533747
534351
534765
535621
535870
536159
536609
537078
537643
538325
538699
539304
540092
540565
541496
542241
542827
543479
543738
544092
544434
545873
546301
546667
547020
547672
548219
549031
549070
550091
550589
551083
551614
551943
552802
553400
554146
554686
557763
558821
559554
559997
560684
561291
562385
562814
563173
564068
564334
564948
565333
566107
566736
567142
567906
568362
569214
569989
570589
571581
572106
572775
573295
573784
574284
575394
575649
576129
576543
576881
577398
577940
578628
579107
579446
580360
580679
581077
581741
581935
582186
582488
583020
583360
583767
584226
584716
585245
585378
586165
586658
588180
590395
590814
591253
591923
592581
593327
594624
595452
595885
597061
597569
597807
598366
598802
599327
600065
600597
601011
602407
602829
603764
604220
604794
605239
605448
606008
606464
607232
608044
608584
609038
609521
610307
610936
611345
611571
612545
613122
613416
613885
614387
614648
615236
615645
616044
616942
617626
618087
618401
618760
619236
619859
620446
621170
621736
622443
624830
625326
625604
626431
626780
627161
627498
627776
628283
628706
629926
630800
631293
632094
632637
633053
633926
635972
636478
636940
638116
638949
639166
639632
640657
641334
641661
642005
642486
643130
643972
645076
645716
646247
646676
648286
649499
650828
651155
651719
652485
652926
653288
653501
653806
654779
655415
655923
656227
656651
657126
657654
658244
658900
659611
660216
660925
661403
661660
661925
662227
662513
662782
663273
663547
663822
664311
664533
665360
666100
666996
667437
667999
668260
668502
668982
669313
669933
670646
671354
671599
672836
673194
673667
674238
675295
675705
677122
677485
678877
680459
681559
682115
682624
683131
683618
684525
684866
685402
685758
686166
686560
686820
687193
687540
688012
688487
688837
689596
690403
690597
690864
691624
692187
692670
693231
693519
694474
695385
695719
696166
696599
697161
697647
698028
698335
698901
699335
699671
700160
700813
701246
701715
702282
702838
703575
703881
704767
705379
705846
706174
706592
707229
707768
708949
709443
709887
710386
711140
711402
711626
711908
712450
713010
713415
713971
714878
715317
715899
716423
716780
717206
717625
718442
718930
719337
719753
720117
720460
720922
721413
721978
722517
723062
723358
723927
724575
725137
725505
726013
726497
727096
727566
727978
728394
728871
729415
730295
730629
731273
731696
732353
732815
733343
734594
734961
735678
736117
737366
737994
738546
739192
739971
740337
740970
741212
741646
742337
742824
743697
744105
744731
745321
745677
745888
746187
746560
747061
747749
748155
748709
749722
750263
750953
751332
751729
752185
752889
753493
754106
754594
755053
755476
756045
756393
757699
758199
758633
759061
759567
760948
761324
761751
762087
762774
763431
763907
764282
764857
765014
765475
766350
766830
768155
768607
769147
769798
770375
770854
771353
772353
773294
773812
774366
775133
776325
777276
777705
778764
779047
779382
779992
780797
781141
781498
782599
782999
783531
785314
786336
786796
786911
787386
788141
788254
788658
789055
789375
789949
790387
790721
791173
791642
792607
793303
793661
794192
794547
795055
795471
796087
796484
797277
797728
798075
798712
799413
799828
800243
800752
801188
801540
802785
803324
804086
804901
805429
805926
805989
806465
807077
807700
808227
808773
809401
810321
810795
810853
811167
812207
814605
814938
815344
815550
816474
817507
818608
819168
819647
821226
821716
822253
822747
823544
823912
824360
825177
825824
826473
827087
827472
827907
828584
829002
829304
829714
830608
831006
831608
833843
834222
834314
835155
836143
837138
837703
838718
839092
839980
840700
841319
842107
842736
843117
843803
844309
844736
845113
845852
846168
846746
847144
847548
848087
848825
849511
849847
850346
850900
851631
852047
852689
853681
854371
854855
855779
856264
857098
858355
858955
860174
860703
861372
861923
862690
863235
863608
864138
864603
865051
865842
866191
866843
868246
868786
869435
870081
871143
871817
872195
872886
873720
874341
874422
874872
875106
876349
876772
877099
877637
878060
879460
879892
880531
884363
885057
885633
886066
886530
886914
887209
887391
887940
888533
889139
889942
890440
891212
891765
892187
892620
893323
893686
894164
894667
894751
895102
896267
896608
896740
897059
897493
897806
899144
899720
900143
900731
902051
903124
903664
904252
904994
905425
906083
906848
907435
908031
908564
909133
910379
911022
912241
912818
913498
913927
914917
915473
916074
916487
917287
918024
918626
919065
919537
920173
920201
920819
921757
922678
923233
923684
924424
925355
928109
928867
929304
929908
930288
930919
932357
934014
934546
935101
935406
935986
936853
937293
937849
938348
939002
939721
940340
940804
941233
942014
942356
942867
943388
943846
944436
945325
945897
946410
947115
947838
948462
949102
949856
950754
951051
951835
952808
953389
953853
954213
954665
955652
956204
957330
957935
958591
959531
959832
960292
961187
962159
962552
963045
963803
964366
964904
965410
965969
966512
967218
967992
969639
970197
970577
971334
972989
973582
973767
973989
974683
975470
976078
976738
977303
977536
978012
978164
979212
979753
980524
981108
981716
982741
983317
984015
985235
986586
987339
988655
989353
989999
990654
991619
992522
993169
993758
994852
995478
995880
996751
997581
998303
998897
999703
1000585
1001388
1001930
1002797
1003414
1004475
1005095
1006032
1006614
1007071
1007646
1008636
1009267
1009817
1010636
1011868
1012307
1013056
1013870
1014600
1014946
1015246
1016683
1017340
1017895
1019049
1019939
1020534
1020792
1021118
1021371
1021809
1022281
1022817
1023404
1023853
1025274
1026039
1026993
1027593
1028082
1028952
1029388
1031171
1031546
1032065
1032483
1033118
1033877
1034945
1035471
1036056
1036843
1037224
1037855
1038180
1038789
1040197
1040686
1041240
1041635
1042216
1042957
1043254
1043773
1044119
1044868
1045540
1046895
1047390
1048955
1049736
1050395
1051567
1052345
1053608
1054489
1054785
1055071
1055535
1055914
1056178
1056283
1056712
1057571
1058170
1058958
1059284
1059812
1060684
1061961
1062534
1063051
1063465
1064036
1064997
1065573
1065934
1066426
1067036
1067832
1068228
1068584
1069240
1069977
1070571
1071212
1071540
1071837
1072225
1072396
1072851
1073262
1073739
1074191
1074942
1075436
1078313
1080820
1082048
1083443
1083747
1084373
1084828
1085306
1086116
1088028
1089979
1090912
1092418
1093766
1094432
1094925
1096663
1096969
1098069
1098502
1098736
1099139
1099283
1099428
1099713
1099988
1100305
1100795
1101094
1102016
1102804
1103299
1103412
1104111
1104832
1105316
1106338
1106879
1107865
1108575
1109075
1109967
1110074
1110303
1110801
1111789
1112240
1112579
1112756
1112953
1113178
1114156
1114570
1118158
1120557
1122050
1122489
1124456
1124754
1125023
1125457
1126125
1126672
1128175
1128283
1128927
1129796
1130368
1130603
1131039
1131905
1132433
1132983
1133698
1135047
1135419
1136017
1136512
1137064
1137410
1137989
1138502
1138945
1139585
1139941
1140224
1140849
1142306
1142727
1143064
1143963
1144344
1145124
1145622
1146153
1146512
1147074
1147904
1149217
1149717
1151091
1152035
1152562
1152929
1153334
1154035
1154489
1154837
1155225
1155656
1156103
1156489
1156993
1158409
1158914
1159326
1159761
1160428
1161007
1161479
1162217
1162787
1163581
1164034
1164450
1165136
1165352
1165931
1166506
1166918
1167369
1167853
1168734
1169090
1169801
1170710
1171052
1171802
1171972
1172345
1172712
1173268
1174035
1175076
1176122
1177762
1178271
1179068
1179542
1180191
1181079
1181486
1181937
1182409
1182874
1183106
1183823
1184389
1184679
1185443
1185818
1186345
1187196
1187744
1188321
1188681
1189611
1190246
1190945
1192924
1193447
1193722
1194226
1196230
1197256
1197982
1198491
1198881
1199555
1199723
1200283
1201658
1202949
1204436
1205184
1206737
1207553
1208105
1208497
1209002
1209212
1209800
1211739
1212081
1213453
1213950
1214456
1215097
1215597
1216338
1217159
1217855
1218466
1219340
1219777
1220099
1220710
1220965
1221528
1221950
1222399
1222901
1223309
1223834
1224387
1224902
1225106
1225650
1226183
1226696
1227179
1227552
1228173
1228760
1229153
1229602
1230600
1231048
1231548
1232140
1232601
1233108
1233482
1234065
1234812
1235897
1236371
1237201
1238069
1239295
1240094
1240636
1241938
1242247
1242942
1243838
1244494
1244906
1245507
1246549
1247275
1248062
1248639
1249211
1249912
1250520
1251144
1251566
1252561
1252779
1253066
1253802
1254277
1254742
1255119
1255463
1256572
1257061
1257441
1258036
1258524
1259009
1259758
1260143
1260446
1260539
1261256
1262359
1262635
1263044
1263449
1263889
1264439
1264959
1265259
1265633
1265888
1266235
1266574
1267017
1267383
1267710
1267944
1268369
1268654
1269245
1269930
1270206
1270529
1271164
1272076
1272499
1272890
1274131
1274812
1275246
1276526
1276872
1277375
1279892
1280468
1281070
1281489
1282049
1282338
1282750
1283584
1283999
1284807
1285349
1285897
1286316
1286697
1287172
1287546
1287988
1288377
1288852
1289402
1290503
1290831
1291694
1292178
1293246
1293477
1293733
1294326
1295887
1296293
1296994
1297412
1298179
1299064
1299907
1300614
1301176
1301530
1302156
1302472
1302748
1303234
1303826
1304322
1304919
1305510
1306072
1306995
1307627
1307793
1308221
1310155
1310954
1311853
1312512
1312789
1314452
1314729
1315279
1315936
1318929
1322354
1325333
1325546
1326691
1329979
1330588
1333201
1334093
1337989
1339210
1339861
1340756
1340981
1341251
1341614
1342545
1343219
1344662
1345059
1345556
1346183
1346765
1348005
1348413
1348765
1349119
1349499
1350160
1350843
1351213
1351625
1351962
1352374
1352642
1352664
1353125
1353799
1354191
1354516
1354859
1355962
1356356
1356600
1357236
1357503
1357791
1358217
1358782
1359125
1359452
1359768
1360469
1360907
1361453
1361844
1362330
1362715
1363205
1363522
1364045
1364551
1364829
1365244
1365708
1366007
1366544
1366826
1367209
1367662
1368456
1369294
1369714
1370024
1371283
1372038
1372426
1372772
1373671
1374049
1374421
1374887
1375746
1376244
1376915
1377812
1378943
1379221
1379473
1379948
1380610
1381348
1381878
1382293
1383192
1383829
1384824
1385522
1385985
1386344
1387063
1387379
1387899
1388393
1388831
1389278
1389823
1390757
1391063
1391657
1391991
1392273
1392648
1393000
1393305
1393558
1393890
1394341
1395046
1395708
1396108
1396450
1396809
1397154
1398090
1398440
1398840
1399539
1400462
1401033
1401436
1401784
1402476
1403566
1404069
1404435
1404827
1405899
1406394
1406769
1406994
1407411
1407884
1408237
1408870
1409144
1412018
1412597
1412972
1413676
1414025
1414724
1415223
1415506
1415910
1416840
1417439
1418138
1418739
1420342
1420801
1421206
1421464
1421704
1422220
1422853
1423141
1423463
1423850
1425135
1425569
1425915
1426381
1426641
1427020
1427646
1428591
1428923
1429314
1429784
1430279
1430626
1431012
1431641
1432492
1433122
1434708
1435098
1435437
1435932
1436325
1436803
1437262
1437683
1438016
1438407
1438868
1439488
1440129
1440536
1440943
1441207
1441683
1442903
1443264
1444126
1444415
1445104
1446105
1446568
1447000
1447657
1448215
1448473
1449003
1449422
1450854
1451209
1451659
1452005
1452379
1452792
1453128
1453406
1453948
1455446
1455944
1456287
1456797
1457123
1458143
1458681
1459078
1459360
1459751
1460526
1460969
1461414
1461919
1462407
1462863
1463552
1463844
1464203
1464655
1465219
1465815
1466379
1467226
1467533
1468151
1468633
1469066
1469815
1470066
1470639
1471149
1471485
1471753
1473639
1474401
1474843
1475257
1475586
1475988
1476542
1476976
1477441
1477714
1478168
1478425
1478856
1479283
1479818
1480248
1480582
1481470
1481875
1482512
1483939
1484780
1485143
1485675
1486154
1486760
1487675
1488054
1488513
1489112
1489678
1490025
1490884
1491424
1492137
1493091
1493771
1494356
1494899
1495449
1496068
1496665
1497606
1497978
1498637
1499988
1500886
1501345
1502045
1503414
1503875
1504528
1505332
1505974
1506883
1507318
1507763
1507982
1508466
1508839
1509206
1510254
1510856
1511211
1511630
1512135
1512647
1513287
1513873
1514325
1514797
1515493
1516075
1517551
1518058
1518727
1519251
1519755
1520255
1520558
1521069
1521527
1522034
1522446
1522947
1524256
1524619
1525180
1525729
1526363
1526651
1527106
1527806
1528318
1529508
1530139
1530617
1531089
1531584
1532092
1532555
1532975
1533703
1534180
1534498
1535112
1535719
1536866
1537263
1537798
1538140
1539453
1540059
1541441
1542061
1542582
1543060
1543539
1544158
1544754
1545214
1545783
1546344
1546875
1547438
1547798
1548202
1548885
1549392
1550158
1550637
1551547
1552398
1552881
1553442
1554049
1554728
1555329
1556203
1557014
1558281
1559044
1559559
1560067
1561009
1561502
1562202
1562849
1563462
1564176
1564669
1565294
1566344
1567173
1567468
1567802
1567983
1568253
1569434
1570679
1572252
1572841
1573387
1573964
1574280
1574725
1576357
1576863
1577509
1577957
1578414
1579262
1579825
1580356
1581015
1582620
1583098
1583635
1584061
1584828
1585255
1585690
1586224
1586568
1587208
1587888
1588243
1589142
1589617
1590207
1590615
1590898
1592068
1592554
1592921
1593734
1594904
1595223
1595563
1596004
1596896
1597464
1597870
1598208
1598620
1598977
1599442
1600063
1600602
1601205
1601577
1602043
1602727
1603772
1604122
1604758
1605423
1605970
1606510
1606857
1607615
1608432
1608850
1609296
1609840
1610726
1611923
1612408
1612873
1613585
1614303
1614675
1615099
1615677
1616181
1617257
1617784
1618827
1619335
1619661
1620210
1620489
1620727
1621046
1621953
1622256
1622595
1623110
1623419
1623816
1625104
1625724
1626746
1627214
1627533
1627758
1627786
1628843
1629274
1630104
1630398
1630627
1630950
1631377
1631797
1632677
1633027
1633572
1634795
1635358
1635852
1636190
1636544
1637071
1637509
1638024
1638455
1639513
1639920
1641075
1641442
1641917
1642118
1642345
1643135
1643681
1644623
1644882
1645017
1645412
1646005
1646324
1647116
1647571
1647905
1648660
1648974
1649356
1649619
1650559
1652305
1652811
1653663
1654250
1655338
1656024
1656672
1656965
1657577
1658064
1659134
1660068
1661034
1662016
1662468
1662853
1663319
1663611
1664455
1664866
1665993
1667353
1667965
1671264
1671730
1672487
1673282
1673591
1674078
1674343
1674968
1675411
1675735
1676084
1676361
1676632
1676907
1677319
1677545
1677745
1678998
1679337
1679980
1680417
1684386
1685614
1686721
1687762
1688264
1688810
1689045
1692393
1693327
1693979
1694539
1695101
1695274
1695745
1696022
1696608
1697299
1697780
1698303
1698322
1699040
1699387
1700352
1700860
1701538
1702046
1702164
1703104
1704184
1704719
1705526
1706750
1707428
1708026
1708473
1708876
1709480
1710082
1710861
1711346
1711672
1712154
1712488
1713014
1713469
1713803
1714491
1714741
1715102
1715465
1716102
1716565
1716918
1717386
1717619
1718094
1718370
1718791
1719293
1719811
1720332
1721180
1721606
1722038
1722443
1723534
1724102
1724561
1725807
1726048
1726368
1726862
1727434
1727927
1728759
1729095
1729450
1730360
1730536
1731493
1732413
1733313
1733882
1734469
1734654
1736067
1736466
1737015
1739132
1739802
1740159
1740623
1741051
1741457
1742019
1742626
1743065
1743407
1743704
1744159
1744714
1746687
1747097
1748219
1748574
1749274
1749651
1750020
1750511
1750891
1751369
1751746
1752742
1753211
1753612
1754065
1754402
1754980
1755841
1756318
1756638
1757162
1757657
1758295
1759096
1759645
1760030
1760654
1760994
1761286
1761609
1761903
1762374
1762861
1763478
1763999
1764414
1764907
1765253
1765873
1766612
1767046
1767471
1767713
1768151
1768561
1769042
1770018
1770478
1771067
1772326
1773309
1773750
1775100
1775362
1775711
1776389
1776889
1777591
1778225
1778926
1779463
1780719
1780823
1781854
1782455
1782951
1783473
1784604
1784974
1785331
1785621
1786659
1787083
1787275
1787713
1788080
1788557
1789054
1789489
1789803
1790297
1790655
1791132
1791538
1791889
1792467
1792978
1793267
1793700
1794078
1794590
1795030
1795497
1796052
1796307
1796797
1797385
1798125
1799097
1799463
1800007
1800431
1800923
1801660
1802811
1803217
1803792
1804247
1804636
1805440
1806535
1806865
1807607
1808160
1808715
1809288
1809956
1810454
1810770
1811301
1811828
1812411
1812993
1813613
1813995
1814589
1815228
1815802
1816224
1817362
1817703
1818207
1818623
1819127
1819564
1819978
1820610
1821347
1821668
1822173
1822780
1823489
1824200
1824619
1825307
1825656
1825972
1826311
1826847
1828028
1828604
1829029
1829556
1830010
1830514
1830903
1831280
1831803
1832302
1832746
1833171
1833874
1834196
1834676
1835306
1835649
1835886
1836373
1836840
1837529
1838458
1839393
1840047
1840338
1840816
1841092
1841369
1841716
1842159
1842529
1843083
1843603
1843976
1845199
1845966
1846374
1847047
1847507
1848035
1848414
1848956
1849617
1851618
1852688
1853264
1853574
1853892
1854361
1855003
1855794
1856560
1856973
1857915
1858993
1859965
1860661
1861226
1861779
1862221
1862577
1863364
1863647
1864066
1864549
1864997
1865853
1866172
1866669
1867092
1867519
1868195
1868950
1869211
1870115
1870839
1870884
1871406
1871903
1872461
1872967
1873565
1874133
1874803
1875323
1875733
1876598
1878269
1878728
1879589
1880233
1880799
1881253
1883059
1883637
1884435
1885805
1886118
1886263
1886651
1886975
1887522
1888276
1888589
1890229
1890571
1891043
1891469
1892332
1893117
1893679
1894184
1894798
1895743
1896024
1896633
1897044
1897356
1897605
1897867
1898558
1898916
1899307
1899715
1900249
1900879
1901230
1901577
1901907
1902459
1903504
1903842
1904053
1904398
1905065
1905997
1906602
1907547
1908070
1908738
1909397
1910133
1910585
1911237
1911946
1912939
1914348
1914707
1914948
1915624
1916046
1916717
1918307
1918976
1922481
1923173
1923635
1924291
1924539
1925394
1926325
1927925
1928234
1929397
1929645
1930284
1930713
1931120
1931587
1931933
1932684
1933031
1933574
1933879
1934186
1934907
1935687
1936410
1937120
1937963
1938500
1938973
1939659
1940516
1941001
1941502
1941677
1942059
1942656
1943135
1944099
1944887
1945220
1945760
1946169
1946938
1947340
1948310
1949025
1949391
1949824
1950246
1950652
1951222
1951742
1952193
1952642
1953917
1954412
1954881
1955415
1955947
1956318
1957005
1957403
1958084
1958599
1958952
1959771
1960479
1961198
1961700
1962189
1962629
1963293
1963866
1964472
1964721
1965369
1966152
1966619
1967247
1968047
1968860
1969338
1969918
1970442
1971090
1972234
1972510
1973122
1973457
1973775
1974237
1974714
1975088
1975691
1976125
1976657
1977344
1977609
1978153
1978582
1979255
1979654
1980313
1980664
1981130
1981876
1982566
1982971
1983530
1985144
1985576
1985959
1986714
1987110
1987781
1988256
1988732
1989104
1989704
1990142
1990271
1991000
1993503
1993917
1996035
1996507
1997375
1999048
1999924
2003368
2003948
2004581
2005283
2005788
2006284
2007285
2007663
2008136
2008863
2009958
2010885
2011377
2011791
2012337
2012679
2013066
2014224
2014665
2015081
2015720
2015788
2016169
2016565
2016875
2017302
2017776
2018378
2018984
2019417
2020003
2020611
2020920
2021358
2022035
2022583
2022950
2023431
2024773
2025369
2025868
2026494
2027045
2027675
2028061
2028365
2028769
2029079
2029651
2030379
2030737
2031226
2031603
2032118
2033048
2033348
2033695
2034723
2035379
2035899
2036330
2036907
2037396
2038301
2038603
2039538
2039828
2040507
2041243
2041595
2043927
2045983
2046591
2046958
2047542
2047944
2048666
2049446
2049741
2050357
2051342
2051760
2052411
2053018
2053483
2053939
2054554
2055146
2055665
2055958
2056471
2057978
2058579
2059183
2060731
2061416
2061933
2062630
2063211
2063637
2064007
2064263
2064646
2065211
2065312
2065723
2066474
2066884
2067403
2067457
2068452
2069213
2069586
2070319
2070709
2071117
2071634
2072225
2072735
2073255
2073909
2074770
2075415
2075986
2076677
2076939
2077349
2078033
2078466
2079152
2079881
2080607
2081302
2081854
2082405
2083533
2084160
2084638
2085371
2086250
2086841
2087563
2088231
2089299
2090090
2090600
2092644
2093319
2095090
2095731
2096481
2097181
2098135
2098268
2099454
2100873
2101540
2102360
2103041
2104259
2105364
2106864
2107422
2108193
2108654
2109486
2110646
2111275
2112745
2113673
2115065
2115771
2116276
2116806
2117219
2118000
2118595
2119284
2119884
2121409
2121934
2122564
2123239
2124216
2124686
2125136
2125787
2126898
2127551
2127881
2128783
2129434
2130279
2130697
2132103
2132693
2133280
2134083
2134759
2136054
2136730
2137009
2137700
2138297
2138777
2139304
2140433
2140605
2141304
2141728
2142111
2142691
2143442
2143917
2144268
2144991
2145606
2146313
2146878
2147557
2147978
2148850
2149339
2149844
2150601
2151341
2152078
2152671
2153297
2153688
2154248
2155257
2155965
2156279
2156782
2157073
2157374
2158521
2159276
2159873
2161354
2162301
2162809
2163680
2164404
2165512
2166663
2167047
2167795
2168241
2168941
2170575
2172085
2172433
2172787
2173121
2173760
2174242
2174896
2175501
2175893
2176479
2176914
2177225
2177965
2178264
2178720
2179107
2179649
2180105
2180507
2180966
2181098
2181571
2182006
2182997
2183809
2185203
2185640
2185814
2186074
2186239
2186586
2187122
2187585
2188188
2188984
2189339
2189834
2190392
2190563
2190936
2191458
2191961
2192745
2193543
2194035
2195146
2196501
2196778
2197277
2197662
2198261
2198971
2199716
2200140
2200609
2201132
2201622
2203380
2204413
2204927
2205542
2206545
2206928
2207395
2207782
2209059
2209601
2210002
2210418
2210916
2211677
2212518
2212985
2214118
2214841
2215755
2216623
2217324
2217921
2218865
2219338
2219994
2220760
2221519
2222414
2222781
2223186
2223657
2224052
2224257
2224499
2224805
2226065
2226379
2226810
2227354
2227572
2228722
2229068
2229457
2229997
2230569
2231421
2231892
2232509
2232897
2234808
2235251
2235801
2237007
2237549
2238040
2238790
2239412
2240090
2240575
2241125
2241913
2242956
2243336
2243772
2244299
2244932
2245945
2246346
2246851
2247435
2248056
2248432
2249168
2249832
2251082
2251604
2252213
2252748
2254007
2255233
2255780
2256315
2256411
2256974
2257664
2259128
2260112
2260582
2261056
2261525
2262947
2263520
2264162
2265099
2265795
2266311
2267108
2267847
2268508
2269842
2270399
2270920
2271342
2272667
2273734
2274288
2274361
2275152
2276349
2276993
2278286
2279670
2281076
2282091
2282864
2283817
2284907
2285695
2287058
2288171
2288613
2289015
2289310
2290592
2291660
2292332
2292677
2293163
2293614
2294294
2295042
2295771
2296252
2296570
2297056
2297382
2298528
2298845
2299322
2299621
2300094
2300740
2301022
2301516
2302001
2302462
2303105
2303402
2303769
2304171
2304647
2305192
2305947
2306067
2306714
2307215
2307675
2308649
2309544
2310025
2310345
2311022
2311816
2312577
2313115
2313706
2314123
2314658
2315532
2316900
2317889
2319313
2319864
2320842
2321772
2322295
2323156
2324097
2325185
2326001
2327687
2328528
2329286
2329340
2329834
2331342
2332107
2332764
2333631
2334796
2335501
2335923
2336304
2336615
2336871
2337157
2337371
2337792
2338242
2338874
2339461
2339883
2340886
2342242
2342590
2343103
2343783
2344576
2345165
2345657
2346197
2346844
2348696
2349287
2350393
2351014
2351464
2351972
2352728
2353341
2354397
2355908
2356824
2357095
2357976
2359826
2361206
2361594
2362687
2363532
2364328
2365551
2366494
2368487
2369572
2369679
2370423
2370981
2372060
2372830
2373888
2375386
2376574
2376616
2377207
2378265
2379052
2379998
2380499
2381199
2381831
2382573
2383172
2383451
2384353
2385143
2388399
2390012
2390983
2391810
2392606
2394239
2395854
2396730
2397432
2398845
2399548
2400316
2401606
2402263
2403002
2403968
2404586
2406055
2406864
2408303
2409152
2410074
2410726
2411064
2413047
2413345
2413609
2413826
2414193
2414649
2415167
2415590
2416060
2416410
2416916
2418097
2418666
2419204
2419657
2420295
2421090
2421834
2422316
2422658
2423307
2423732
2424235
2424799
2425160
2426859
2427408
2427880
2428412
2429205
2430043
2430699
2431693
2432227
2432931
2433644
2434060
2434588
2435316
2435824
2436377
2436970
2437691
2438052
2438526
2439297
2439775
2440383
2440972
2441737
2442340
2443351
2443943
2444571
2445623
2446254
2447030
2447880
2448425
2448966
2449314
2450227
2451153
2452141
2452902
2453433
2454372
2455011
2456193
2457066
2458256
2458839
2459474
2460655
2461117
2461853
2462475
2463153
2464144
2464763
2465401
2467327
2468173
2468860
2469325
2470402
2471075
2471446
2472101
2472881
2473302
2474217
2475056
2475813
2476715
2478236
2479107
2479776
2481101
2482306
2483776
2484293
2485291
2486973
2487151
2488739
2489701
2490602
2491668
2492431
2493077
2493628
2494146
2494884
2495149
2495685
2497738
2498404
2499025
