49
299
1698
2401
2764
3964
4523
4927
5514
6406
7003
7775
8051
8814
9806
10215
11406
11910
12058
12391
12711
12927
13430
13815
14212
14612
15783
17456
17994
18487
19522
21223
22414
22958
23069
24848
26891
27411
32131
32783
33988
34356
34563
35132
35320
36306
36973
37493
38015
38376
38608
39379
39759
40347
40370
42313
43906
44223
45249
45504
46562
46729
47200
47678
48116
48924
49366
50100
50753
51080
51235
51622
52398
53609
54424
55622
58094
59452
59660
59829
60266
60830
61373
62106
62451
62749
62998
63803
64213
64475
65259
65526
66145
66959
67348
67819
68524
68821
69014
69328
69657
69770
70059
70443
71044
71495
71889
72321
73147
74314
74641
75066
75558
75866
76149
76620
76996
77191
77687
77889
78257
79073
79458
79911
80380
80727
81568
81934
82420
83624
84024
84511
84769
85018
85533
85875
86297
86809
87125
87617
88897
89273
89576
90390
91516
91973
93054
94102
94489
95218
96031
96319
97141
97560
97937
98540
98853
99327
99678
100647
101038
101361
102731
103345
103737
104138
105147
105711
106163
107126
107572
108137
108362
108822
109291
109777
110301
110935
111197
112613
112927
113258
114227
114252
114889
115171
115639
115862
116440
116962
118067
118354
118889
119788
120334
120936
121472
122008
122178
122418
122798
123364
123848
124189
124752
125249
125914
126992
128362
128875
129737
130715
131154
131590
132354
132719
133287
133642
134062
134734
134841
135238
135733
136205
136796
137087
137675
138361
138948
140916
141394
141898
142946
143795
144371
144673
144937
145230
145661
146132
146619
147042
147490
147974
148342
148985
149381
149999
150650
151141
151543
152145
152483
152821
152874
153282
153672
154171
155266
155683
156288
156801
157462
157725
158513
159240
159788
160237
160340
161281
161744
162212
162762
163179
164535
165006
165414
165777
167250
167723
168375
169088
169499
169973
170766
172027
172398
172746
173263
174490
176980
177438
177862
178535
179175
179647
180046
180564
181026
181830
182066
182221
182674
183119
184494
185176
186443
188185
188595
189010
189897
190470
191157
191455
191570
192045
192697
193338
193781
194126
195820
196487
196867
198376
198915
199379
200513
200842
201117
202050
202401
203358
203815
204334
204794
205324
205758
206316
206735
207027
207514
207923
208623
209221
210222
210746
211164
212026
212461
212819
213148
213590
215070
215189
215486
216170
216836
217327
217701
218180
218923
219269
219374
219556
219939
220239
220880
221415
221485
221928
222287
222883
223237
224280
224310
224514
225143
225671
225945
226266
227115
227730
228475
228847
229270
229672
230190
230318
230479
231100
231485
231772
232343
233377
235124
235648
236571
237073
237600
238546
239061
240253
240926
241441
241944
242659
242761
243095
243720
244150
244844
245523
245969
248534
248950
249576
250513
251081
251707
252226
253038
254210
254800
256083
256506
256958
257746
258263
258301
258735
259098
259314
260010
261758
263165
263961
264337
265679
266426
266776
267857
268183
268505
269618
270082
270957
271149
271669
272029
272453
272819
273161
273473
273946
274588
274786
275826
276202
276753
277274
277672
278143
278703
279455
279930
280025
280436
281605
282965
284317
284928
285768
287293
287872
288173
288555
289040
289368
290512
290835
290950
291574
291857
292377
292562
293579
293989
294575
295009
295364
295800
296590
297071
297426
298050
299014
299288
299351
299913
300335
300410
301669
301695
302065
302097
302523
302937
303758
304224
304918
306021
308682
309256
310989
311481
311917
312117
312654
315100
317617
317755
317800
318313
319742
320488
321020
321274
321320
321788
322573
322883
323022
323140
323275
323381
323582
324177
324920
325049
325232
325996
326905
327084
327343
328367
329134
331101
332300
334980
335512
335921
336814
337231
339173
339256
339865
340305
340736
341367
341738
342152
342591
342968
343346
343791
344297
344593
345026
345451
345823
346183
346553
347009
347296
347306
347606
348081
348629
348893
349356
349716
350148
351800
352175
352517
353544
354376
354602
355325
355767
356462
356972
357351
358269
358710
359187
359892
360315
361019
361563
361823
362657
363062
363429
363434
364367
364626
365144
366181
366615
368354
369284
370052
370666
371046
371726
372013
372283
372557
372717
373319
374278
374700
375090
376391
376615
377233
377638
378103
378860
379423
379833
380168
380613
381123
381160
381399
381899
382320
383560
383808
384077
384521
385038
385657
386037
386553
387064
387701
388300
388967
389293
390548
391025
391223
391664
392569
392766
392959
393184
393490
393877
394164
394563
395154
395641
396474
397864
398896
400379
400793
401254
401816
402062
402312
402795
403146
403528
404038
404401
404679
405263
405950
406266
406607
407419
407703
408143
408366
408706
409224
409792
410141
410522
411310
411721
412256
413186
413521
413895
414285
414690
414977
415420
415780
416140
416711
417430
417873
418538
419117
419734
420172
420593
421085
421850
422881
423218
423705
424375
424985
425401
425748
426074
426585
427808
428227
428591
429010
429432
430036
430881
431972
432574
432873
433429
433901
435059
435473
436150
436543
437861
438247
438864
439958
440472
440860
441416
441976
442670
443230
443674
444278
445109
445323
446067
446548
447228
447793
448134
449025
449682
451193
451623
452196
453007
453182
453422
454854
455241
455670
456094
456634
457189
457592
458090
458413
459067
459634
460249
461262
461644
462108
462817
463269
464540
464945
465271
465766
466843
467121
467543
468191
468818
469362
469888
471939
472576
473122
473775
474797
475330
475769
475952
476489
476672
476847
477144
477403
477596
477942
478348
478880
479626
479672
480714
482209
482814
483491
484412
484709
485263
485586
485800
486073
486449
487625
487973
488448
488826
489557
489851
490233
491093
491522
492012
492587
493014
493859
493881
494948
495327
495742
496226
496567
496970
497849
498077
498544
498999
499343
499628
500193
500601
502387
503089
503266
503607
504132
504507
505065
505892
506414
506820
507134
507797
508371
508755
509581
509800
510059
510479
510918
511453
512105
512449
513024
513782
514225
515126
515841
516397
517019
517248
517572
517884
519293
519691
520027
520350
520972
521489
522271
522280
523271
523739
524203
524704
525003
525832
526400
527116
527626
530673
531701
532404
532817
533474
534051
535115
535514
535843
536708
536944
537528
537883
538627
539226
539602
540336
540762
541584
542329
542899
543861
544356
544995
545485
545944
546414
547494
547719
548169
548553
548861
549348
549860
550518
550967
551276
552160
552449
552817
553451
553615
553836
554108
554610
554920
555297
555726
556186
556685
556788
557545
558008
559500
561685
562074
562483
563123
563751
564467
565734
566532
566935
568081
568559
568767
569296
569702
570197
570905
571407
571791
573157
573549
574454
574880
575424
575839
576018
576548
576974
577712
578494
579004
579428
579881
580637
581236
581615
581811
582755
583302
583566
584005
584477
584708
585266
585645
586014
586882
587536
587967
588251
588580
589026
589619
590176
590870
591406
592083
594440
594906
595154
595951
596270
596621
596928
597176
597653
598046
599236
600080
600543
601314
601827
602213
603056
605072
605548
605980
607126
607929
608116
608552
609547
610194
610491
610805
611256
611870
612682
613756
614366
614867
615266
616846
618029
619328
619625
620159
620895
621306
621638
621821
622096
623039
623645
624123
624397
624791
625236
625734
626294
626920
627601
628176
628855
629303
629530
629765
630037
630293
630532
630993
631237
631482
631941
632133
632930
633640
634506
634917
635449
635680
635892
636342
636643
637233
637916
638594
638809
640016
640344
640787
641328
642355
642735
644122
644455
645817
647369
648439
648965
649444
649921
650378
651255
651566
652072
652398
652776
653140
653370
653713
654030
654472
654917
655237
655966
656743
656907
657144
657874
658407
658860
659391
659649
660574
661455
661759
662176
662579
663111
663567
663918
664195
664731
665135
665441
665900
666523
666926
667365
667902
668428
669135
669411
670267
670849
671286
671584
671972
672579
673088
674239
674703
675117
675586
676310
676542
676736
676988
677500
678030
678405
678931
679808
680217
680769
681263
681590
681986
682375
683162
683620
683997
684383
684717
685030
685462
685923
686458
686967
687482
687748
688287
688905
689437
689775
690253
690707
691276
691716
692098
692484
692931
693445
694295
694599
695213
695606
696233
696665
697163
698384
698721
699408
699817
701036
701634
702156
702772
703521
703857
704460
704672
705076
705737
706194
707037
707415
708011
708571
708897
709078
709347
709690
710161
710819
711195
711719
712702
713213
713873
714222
714589
715015
715689
716263
716846
717304
717733
718126
718665
718983
720259
720729
721133
721531
722007
723358
723704
724101
724407
725064
725691
726137
726482
727027
727154
727585
728430
728880
730175
730597
731107
731728
732275
732724
733193
734163
735074
735562
736086
736823
737985
738906
739305
740334
740587
740892
741472
742247
742561
742888
743959
744329
744831
746584
747576
748006
748091
748536
749261
749344
749718
750085
750375
750919
751327
751631
752053
752492
753427
754093
754421
754922
755247
755725
756111
756697
757064
757827
758248
758565
759172
759843
760228
760613
761092
761498
761820
763035
763544
764276
765061
765559
766026
766059
766505
767087
767680
768177
768693
769291
770181
770625
770653
770937
771947
774315
774618
774994
775170
776064
777067
778138
778668
779117
780666
781126
781633
782097
782864
783202
783620
784407
785024
785643
786227
786582
786987
787634
788022
788294
788674
789538
789906
790478
792683
793032
793094
793905
794863
795828
796363
797348
797692
798550
799240
799829
800587
801186
801537
802193
802669
803066
803413
804122
804408
804956
805324
805698
806207
806915
807571
807877
808346
808870
809571
809957
810569
811531
812191
812645
813539
813994
814798
816025
816595
817784
818283
818922
819443
820180
820695
821038
821538
821973
822391
823152
823471
824093
825466
825976
826595
827211
828243
828887
829235
829896
830700
831291
831342
831762
831966
833179
833572
833869
834377
834770
836140
836542
837151
840953
841617
842163
842566
843000
843354
843619
843771
844290
844853
845429
846202
846670
847412
847935
848327
848730
849403
849736
850184
850657
850711
851032
852167
852478
852580
852869
853273
853556
854864
855410
855803
856361
857651
858694
859204
859762
860474
860875
861503
862238
862795
863361
863864
864403
865619
866232
867421
867968
868618
869017
869977
870503
871074
871457
872227
872934
873506
873915
874357
874963
875579
876487
877378
877903
878324
879034
879935
882659
883387
883794
884368
884718
885319
886727
888354
888856
889381
889656
890206
891043
891453
891979
892448
893072
893761
894350
894784
895183
895934
896246
896727
897218
897646
898206
899065
899607
900090
900765
901458
902052
902662
903386
904254
904521
905275
906218
906769
907203
907533
907955
908912
909434
910530
911105
911731
912641
912912
913342
914207
915149
915512
915975
916703
917236
917744
918220
918749
919262
919938
920682
922299
922827
923177
923904
925529
926092
926247
926439
927103
927860
928438
929068
929603
929806
930252
930374
931392
931903
932644
933198
933776
934771
935317
935985
937175
938496
939219
940505
941173
941789
942414
943349
944222
944839
945398
946462
947058
947430
948271
949071
949763
950327
951103
951955
952728
953240
954077
954664
955695
956285
957192
957744
958171
958716
959676
960277
960797
961586
962788
963197
963916
964700
965400
965716
965986
967393
968020
968545
969669
970529
971094
971322
971618
971841
972249
972691
973197
973754
974173
975564
976299
977223
977793
978252
979092
979498
981251
981596
982085
982473
983078
983807
984845
985341
985896
986653
987004
987605
987900
988479
989857
990316
990840
991205
991756
992467
992734
993223
993539
994258
994900
996225
996690
998225
998976
999605
1000747
1001495
1002728
1003579
1003845
1004101
1004535
1004884
1005118
1005193
1005592
1006421
1006990
1007748
1008044
1008542
1009384
1010631
1011174
1011661
1012045
1012586
1013517
1014063
1014394
1014856
1015436
1016202
1016568
1016894
1017520
1018227
1018791
1019402
1019700
1019967
1020325
1020466
1020891
1021272
1021719
1022141
1022862
1023326
1026173
1028650
1029848
1031213
1031487
1032083
1032508
1032956
1033736
1035618
1037539
1038442
1039918
1041236
1041872
1042335
1044043
1044319
1045389
1045792
1045996
1046369
1046483
1046598
1046853
1047098
1047385
1047845
1048114
1049006
1049764
1050229
1050312
1050981
1051672
1052126
1053118
1053629
1054585
1055265
1055735
1056597
1056674
1056873
1057341
1058299
1058720
1059029
1059176
1059343
1059538
1060486
1060870
1064428
1066797
1068260
1068669
1070606
1070874
1071113
1071517
1072155
1072672
1074145
1074223
1074837
1075676
1076218
1076423
1076829
1077665
1078163
1078683
1079368
1080687
1081029
1081597
1082062
1082584
1082900
1083449
1083932
1084345
1084955
1085281
1085534
1086129
1087556
1087947
1088254
1089123
1089474
1090224
1090692
1091193
1091522
1092054
1092854
1094137
1094607
1095951
1096865
1097362
1097699
1098074
1098745
1099169
1099487
1099845
1100246
1100663
1101019
1101493
1102879
1103354
1103736
1104141
1104778
1105327
1105769
1106477
1107017
1107781
1108204
1108590
1109246
1109432
1109981
1110526
1110908
1111329
1111783
1112634
1112960
1113641
1114520
1114832
1115552
1115692
1116035
1116372
1116898
1117635
1118646
1119662
1121272
1121751
1122518
1122962
1123581
1124439
1124816
1125237
1125679
1126114
1126316
1127003
1127539
1127799
1128533
1128878
1129375
1130196
1130714
1131261
1131591
1132491
1133096
1133765
1135714
1136207
1136452
1136926
1138900
1139896
1140592
1141071
1141431
1142075
1142213
1142743
1144088
1145349
1146806
1147524
1149047
1149833
1150355
1150717
1151192
1151372
1151930
1153839
1154151
1155493
1155960
1156436
1157047
1157517
1158228
1159019
1159685
1160266
1161110
1161517
1161809
1162390
1162615
1163148
1163540
1163959
1164431
1164809
1165304
1165827
1166312
1166486
1167000
1167503
1167986
1168439
1168782
1169373
1169930
1170293
1170712
1171680
1172098
1172568
1173130
1173561
1174038
1174382
1174935
1175652
1176707
1177151
1177951
1178789
1179985
1180754
1181266
1182538
1182817
1183482
1184348
1184974
1185356
1185927
1186939
1187635
1188392
1188939
1189481
1190152
1190730
1191324
1191716
1192681
1192869
1193126
1193832
1194277
1194712
1195059
1195373
1196452
1196911
1197261
1197826
1198284
1198739
1199458
1199813
1200086
1200149
1200836
1201909
1202155
1202534
1202909
1203319
1203839
1204329
1204599
1204943
1205168
1205485
1205794
1206207
1206543
1206840
1207044
1207439
1207694
1208255
1208910
1209156
1209449
1210054
1210936
1211329
1211690
1212901
1213552
1213956
1215206
1215522
1215995
1218482
1219028
1219600
1219989
1220519
1220778
1221160
1221964
1222349
1223127
1223639
1224157
1224546
1224897
1225342
1225686
1226098
1226457
1226902
1227422
1228493
1228791
1229624
1230078
1231116
1231317
1231543
1232106
1233637
1234013
1234684
1235072
1235809
1236664
1237477
1238154
1238686
1239010
1239606
1239892
1240138
1240594
1241156
1241622
1242189
1242750
1243282
1244175
1244777
1244913
1245311
1247215
1247984
1248853
1249482
1249729
1251362
1251609
1252129
1252756
1255719
1259114
1262063
1262246
1263361
1266619
1267198
1269781
1270643
1274509
1275700
1276321
1277186
1277381
1277621
1277954
1278855
1279499
1280912
1281279
1281746
1282343
1282895
1284105
1284483
1284805
1285129
1285479
1286110
1286763
1287103
1287485
1287792
1288174
1288412
1288865
1289509
1289871
1290166
1290479
1291552
1291916
1292130
1292736
1292973
1293231
1293627
1294162
1294475
1294772
1295058
1295729
1296137
1296653
1297014
1297470
1297825
1298285
1298572
1299065
1299541
1299789
1300174
1300608
1300877
1301384
1301636
1301989
1302412
1303176
1303984
1304374
1304654
1305883
1306608
1306966
1307282
1308151
1308499
1308841
1309277
1310106
1310574
1311215
1312082
1313183
1313431
1313653
1314098
1314730
1315438
1315938
1316323
1317192
1317799
1318764
1319432
1319865
1320194
1320883
1321169
1321659
1322123
1322531
1322948
1323463
1324367
1324643
1325207
1325511
1325763
1326108
1326430
1326705
1326928
1327230
1327651
1328326
1328958
1329328
1329640
1329969
1330284
1331190
1331510
1331880
1332549
1333442
1333983
1334356
1334674
1335336
1336396
1336869
1337205
1337567
1338609
1339074
1339419
1339614
1340001
1340444
1340767
1341370
1341614
1344458
1345007
1345352
1346026
1346345
1347014
1347483
1347736
1348110
1349010
1349579
1350248
1350819
1352392
1352821
1353196
1353424
1353634
1354120
1354723
1354981
1355273
1355630
1356885
1357289
1357605
1358041
1358271
1358620
1359216
1360131
1360433
1360794
1361234
1361699
1362016
1362372
1362971
1363792
1364392
1365948
1366308
1366617
1367082
1367445
1367893
1368322
1368713
1369016
1369377
1369808
1370398
1371009
1371386
1371763
1371997
1372443
1373633
1373964
1374796
1375055
1375714
1376685
1377118
1377520
1378147
1378675
1378903
1379403
1379792
1381194
1381519
1381939
1382255
1382599
1382982
1383288
1383536
1384048
1385516
1385984
1386297
1386777
1387073
1388063
1388571
1388938
1389190
1389551
1390296
1390709
1391124
1391599
1392057
1392483
1393142
1393404
1393733
1394155
1394689
1395255
1395789
1396606
1396883
1397471
1397923
1398326
1399045
1399266
1399809
1400289
1400595
1400833
1402689
1403421
1403833
1404217
1404516
1404888
1405412
1405816
1406251
1406494
1406918
1407145
1407546
1407943
1408448
1408848
1409152
1410010
1410385
1410992
1412389
1413200
1413533
1414035
1414484
1415060
1415945
1416294
1416723
1417292
1417828
1418145
1418974
1419484
1420167
1421091
1421741
1422296
1422809
1423329
1423918
1424485
1425396
1425738
1426367
1427688
1428556
1428985
1429655
1430994
1431425
1432048
1432822
1433434
1434313
1434718
1435133
1435322
1435776
1436119
1436456
1437474
1438046
1438371
1438760
1439235
1439717
1440327
1440883
1441305
1441747
1442413
1442965
1444411
1444888
1445527
1446021
1446495
1446965
1447238
1447719
1448147
1448624
1449006
1449477
1450756
1451089
1451620
1452139
1452743
1453001
1453426
1454096
1454578
1455738
1456339
1456787
1457229
1457694
1458172
1458605
1458995
1459693
1460140
1460428
1461012
1461589
1462706
1463073
1463578
1463890
1465173
1465749
1467101
1467691
1468182
1468630
1469079
1469668
1470234
1470664
1471203
1471734
1472235
1472768
1473098
1473472
1474125
1474602
1475338
1475787
1476667
1477488
1477941
1478472
1479049
1479698
1480269
1481113
1481894
1483131
1483864
1484349
1484827
1485739
1486202
1486872
1487489
1488072
1488756
1489219
1489814
1490834
1491633
1491898
1492202
1492353
1492593
1493744
1494959
1496502
1497061
1497577
1498124
1498410
1498825
1500427
1500903
1501519
1501937
1502364
1503182
1503715
1504216
1504845
1506420
1506868
1507375
1507771
1508508
1508905
1509310
1509814
1510128
1510738
1511388
1511713
1512582
1513027
1513587
1513965
1514218
1515358
1515814
1516151
1516934
1518074
1518363
1518673
1519084
1519946
1520484
1520860
1521168
1521550
1521877
1522312
1522903
1523412
1523985
1524327
1524763
1525417
1526432
1526752
1527358
1527993
1528510
1529020
1529337
1530065
1530852
1531240
1531656
1532170
1533026
1534193
1534648
1535083
1535765
1536453
1536795
1537189
1537737
1538211
1539257
1539754
1540767
1541245
1541541
1542060
1542309
1542517
1542806
1543683
1543956
1544265
1544750
1545029
1545396
1546654
1547244
1548236
1548674
1548963
1549158
1550213
1550614
1551414
1551678
1551877
1552170
1552567
1552957
1553807
1554127
1554642
1555835
1556368
1556832
1557140
1557464
1557961
1558369
1558854
1559255
1560283
1560660
1561785
1562122
1562567
1562738
1562935
1563695
1564211
1565123
1565352
1565457
1565822
1566385
1566674
1567436
1567861
1568165
1568890
1569174
1569526
1569759
1570669
1572385
1572861
1573683
1574240
1575298
1575954
1576572
1576835
1577417
1577874
1578914
1579818
1580754
1581706
1582128
1582483
1582919
1583181
1583995
1584376
1585473
1586803
1587385
1590654
1591090
1591817
1592582
1592861
1593318
1593553
1594148
1594561
1594855
1595174
1595421
1595662
1595907
1596289
1596485
1596655
1597878
1598187
1598800
1599207
1603146
1604344
1605421
1606432
1606904
1607420
1607625
1610943
1611847
1612469
1612999
1613531
1613674
1614115
1614362
1614918
1615579
1616030
1616523
1617230
1617547
1618482
1618960
1619608
1620086
1620174
1621084
1622134
1622639
1623416
1624610
1625258
1625826
1626243
1626616
1627190
1627762
1628511
1628966
1629262
1629714
1630018
1630514
1630939
1631243
1631901
1632121
1632452
1632785
1633392
1633825
1634148
1634586
1634789
1635234
1635480
1635871
1636343
1636831
1637322
1638140
1638536
1638938
1639313
1640374
1640912
1641341
1642557
1642768
1643058
1643522
1644064
1644527
1645329
1645635
1645960
1646840
1646986
1647913
1648803
1649673
1650212
1650769
1650924
1652307
1652676
1653195
1655282
1655922
1656249
1656683
1657081
1657457
1657989
1658566
1658975
1659287
1659554
1659979
1660504
1662447
1662827
1663919
1664244
1664914
1665261
1665600
1666061
1666411
1666859
1667206
1668172
1668611
1668982
1669405
1669712
1670260
1671091
1671538
1671828
1672322
1672787
1673395
1674166
1674685
1675040
1675634
1675944
1676206
1676499
1676763
1677204
1677661
1678248
1678739
1679124
1679587
1679903
1680493
1681202
1681606
1682001
1682213
1682621
1683001
1683452
1684398
1684828
1685387
1686616
1687569
1687980
1689300
1689532
1689851
1690499
1690969
1691641
1692245
1692916
1693423
1694649
1694723
1695724
1696295
1696761
1697253
1698354
1698694
1699021
1699281
1700289
1700683
1700845
1701253
1701590
1702037
1702504
1702909
1703193
1703657
1703985
1704432
1704808
1705129
1705677
1706158
1706417
1706820
1707168
1707650
1708060
1708497
1709022
1709247
1709707
1710265
1710975
1711917
1712253
1712767
1713161
1713623
1714330
1715451
1715827
1716372
1716797
1717156
1717930
1718995
1719295
1720007
1720530
1721055
1721598
1722236
1722704
1722990
1723491
1723988
1724541
1725093
1725683
1726035
1726599
1727208
1727752
1728144
1729252
1729563
1730037
1730423
1730897
1731304
1731688
1732290
1732997
1733288
1733763
1734340
1735019
1735700
1736089
1736747
1737066
1737352
1737661
1738167
1739318
1739864
1740259
1740756
1741180
1741654
1742013
1742360
1742853
1743322
1743736
1744131
1744804
1745096
1745546
1746146
1746459
1746666
1747123
1747560
1748219
1749118
1750023
1750647
1750908
1751356
1751602
1751849
1752166
1752579
1752919
1753443
1753933
1754276
1755469
1756206
1756584
1757227
1757657
1758155
1758504
1759016
1759647
1761618
1762658
1763204
1763484
1763772
1764211
1764823
1765584
1766320
1766703
1767615
1768663
1769605
1770271
1770806
1771329
1771741
1772067
1772824
1773077
1773466
1773919
1774337
1775163
1775452
1775919
1776312
1776709
1777355
1778080
1778311
1779185
1779879
1779894
1780386
1780853
1781381
1781857
1782425
1782963
1783603
1784093
1784473
1785308
1786949
1787378
1788209
1788823
1789359
1789783
1791559
1792107
1792875
1794215
1794498
1794613
1794971
1795265
1795782
1796506
1796789
1798399
1798711
1799153
1799549
1800382
1801137
1801669
1802144
1802728
1803643
1803894
1804473
1804854
1805136
1805355
1805587
1806248
1806576
1806937
1807315
1807819
1808419
1808740
1809057
1809357
1809879
1810894
1811202
1811383
1811698
1812335
1813237
1813812
1814727
1815220
1815858
1816487
1817193
1817615
1818237
1818916
1819879
1821258
1821587
1821798
1822444
1822836
1823477
1825037
1825676
1829151
1829813
1830245
1830871
1831089
1831914
1832815
1834385
1834664
1835797
1836015
1836624
1837023
1837400
1837837
1838153
1838874
1839191
1839704
1839979
1840256
1840947
1841697
1842390
1843070
1843883
1844390
1844833
1845489
1846316
1846771
1847242
1847387
1847739
1848306
1848755
1849689
1850447
1850750
1851260
1851639
1852378
1852750
1853690
1854375
1854711
1855114
1855506
1855882
1856422
1856912
1857333
1857752
1858997
1859462
1859901
1860405
1860907
1861248
1861905
1862273
1862924
1863409
1863732
1864521
1865199
1865888
1866360
1866819
1867229
1867863
1868406
1868982
1869201
1869819
1870572
1871009
1871607
1872377
1873160
1873608
1874158
1874652
1875270
1876384
1876630
1877212
1877517
1877805
1878237
1878684
1879028
1879601
1880005
1880507
1881164
1881399
1881913
1882312
1882955
1883324
1883953
1884274
1884710
1885426
1886086
1886461
1886990
1888574
1888976
1889329
1890054
1890420
1891061
1891506
1891952
1892294
1892864
1893272
1893371
1894070
1896543
1896927
1899015
1899457
1900295
1901938
1902784
1906198
1906748
1907351
1908023
1908498
1908964
1909935
1910283
1910726
1911423
1912488
1913385
1913847
1914231
1914747
1915059
1915416
1916544
1916955
1917341
1917950
1917988
1918339
1918705
1918985
1919382
1919826
1920398
1920974
1921377
1921933
1922511
1922790
1923198
1923845
1924363
1924700
1925151
1926463
1927029
1927498
1928094
1928615
1929215
1929571
1929845
1930219
1930499
1931041
1931739
1932067
1932526
1932873
1933358
1934258
1934528
1934845
1935843
1936469
1936959
1937360
1937907
1938366
1939241
1939513
1940418
1940678
1941327
1942033
1942355
1944657
1946683
1947261
1947598
1948152
1948524
1949216
1949966
1950231
1950817
1951772
1952160
1952781
1953358
1953793
1954219
1954804
1955366
1955855
1956118
1956601
1958078
1958649
1959223
1960741
1961396
1961883
1962550
1963101
1963497
1963837
1964063
1964416
1964951
1965022
1965403
1966124
1966504
1966993
1967017
1967982
1968713
1969056
1969759
1970119
1970497
1970984
1971545
1972025
1972515
1973139
1973970
1974585
1975126
1975787
1976019
1976399
1977053
1977456
1978112
1978811
1979507
1980172
1980694
1981215
1982313
1982910
1983358
1984061
1984910
1985471
1986163
1986801
1987839
1988600
1989080
1991094
1991739
1993480
1994091
1994811
1995481
1996405
1996508
1997664
1999053
1999690
2000480
2001131
2002319
2003394
2004864
2005392
2006133
2006564
2007366
2008496
2009095
2010535
2011433
2012795
2013471
2013946
2014446
2014829
2015580
2016145
2016804
2017374
2018869
2019364
2019964
2020609
2021556
2021996
2022416
2023037
2024118
2024741
2025041
2025913
2026534
2027349
2027737
2029113
2029673
2030230
2031003
2031649
2032914
2033560
2033809
2034470
2035037
2035487
2035984
2037083
2037225
2037894
2038288
2038641
2039191
2039912
2040357
2040678
2041371
2041956
2042633
2043168
2043817
2044208
2045050
2045509
2045984
2046711
2047421
2048128
2048691
2049287
2049648
2050178
2051157
2051835
2052119
2052592
2052853
2053124
2054241
2054966
2055533
2056984
2057901
2058379
2059220
2059914
2060992
2062113
2062467
2063185
2063601
2064271
2065875
2067355
2067673
2067997
2068301
2068910
2069362
2069986
2070561
2070923
2071479
2071884
2072165
2072875
2073144
2073570
2073927
2074439
2074865
2075237
2075666
2075768
2076211
2076616
2077577
2078359
2079723
2080130
2080274
2080504
2080639
2080956
2081462
2081895
2082468
2083234
2083559
2084024
2084552
2084693
2085036
2085528
2086001
2086755
2087523
2087985
2089066
2090391
2090638
2091107
2091462
2092031
2092711
2093426
2093820
2094259
2094752
2095212
2096940
2097943
2098427
2099012
2099985
2100338
2100775
2101132
2102379
2102891
2103262
2103648
2104116
2104847
2105658
2106095
2107198
2107891
2108775
2109613
2110284
2110851
2111765
2112208
2112834
2113570
2114299
2115164
2115501
2115876
2116317
2116682
2116857
2117069
2117345
2118575
2118859
2119260
2119774
2119962
2121082
2121398
2121757
2122267
2122809
2123631
2124072
2124659
2125017
2126898
2127311
2127831
2129007
2129519
2129980
2130700
2131292
2131940
2132395
2132915
2133673
2134686
2135036
2135442
2135939
2136542
2137525
2137896
2138371
2138925
2139516
2139862
2140568
2141202
2142422
2142914
2143493
2143998
2145227
2146423
2146940
2147445
2147511
2148044
2148704
2150138
2151092
2151532
2151976
2152415
2153807
2154350
2154962
2155869
2156535
2157021
2157788
2158497
2159128
2160432
2160959
2161450
2161842
2163137
2164174
2164698
2164741
2165502
2166669
2167283
2168546
2169900
2171276
2172261
2173004
2173927
2174987
2175745
2177078
2178161
2178573
2178945
2179210
2180462
2181500
2182142
2182457
2182913
2183334
2183984
2184702
2185401
2185852
2186140
2186596
2186892
2188008
2188295
2188742
2189011
2189454
2190070
2190322
2190786
2191241
2191672
2192285
2192552
2192889
2193261
2193707
2194222
2194947
2195037
2195654
2196125
2196555
2197499
2198364
2198815
2199105
2199752
2200516
2201247
2201755
2202316
2202703
2203208
2204052
2205390
2206349
2207743
2208264
2209212
2210112
2210605
2211436
2212347
2213405
2214191
2215847
2216658
2217386
2217410
2217874
2219352
2220087
2220714
2221551
2222686
2223361
2223753
2224104
2224385
2224611
2224867
2225051
2225442
2225862
2226464
2227021
2227413
2228386
2229712
2230030
2230513
2231163
2231926
2232485
2232947
2233457
2234074
2235896
2236457
2237533
2238124
2238544
2239022
2239748
2240331
2241357
2242838
2243724
2243965
2244816
2246636
2247986
2248344
2249407
2250222
2250988
2252181
2253094
2255057
2256112
2256189
2256903
2257431
2258480
2259220
2260248
2261716
2262874
2262886
2263447
2264475
2265232
2266148
2266619
2267289
2267891
2268603
2269172
2269421
2270293
2271053
2274279
2275862
2276803
2277600
2278366
2279969
2281554
2282400
2283072
2284455
2285128
2285866
2287126
2287753
2288462
2289398
2289986
2291425
2292204
2293613
2294432
2295324
2295946
2296254
2298207
2298475
2298709
2298896
2299233
2299659
2300147
2300540
2300980
2301300
2301776
2302927
2303466
2303974
2304397
2305005
2305770
2306484
2306936
2307248
2307867
2308262
2308735
2309269
2309600
2311269
2311788
2312230
2312732
2313495
2314303
2314929
2315893
2316397
2317071
2317754
2318140
2318638
2319336
2319814
2320337
2320900
2321591
2321922
2322366
2323107
2323555
2324133
2324692
2325427
2326000
2326981
2327543
2328141
2329163
2329764
2330510
2331330
2331845
2332356
2332674
2333557
2334453
2335411
2336142
2336643
2337552
2338161
2339313
2340156
2341316
2341869
2342474
2343625
2344057
2344763
2345355
2346003
2346964
2347553
2348161
2350057
2350873
2351530
2351965
2353012
2353655
2353996
2354621
2355371
2355762
2356647
2357456
2358183
2359055
2360546
2361387
2362026
2363321
2364496
2365936
2366423
2367391
2369043
2369191
2370749
2371681
2372552
2373588
2374321
2374937
2375458
2375946
2376654
2376889
2377395
2379418
2380054
2380645
