5265
6461
7258
7768
9618
11104
12342
12857
13996
15745
17333
18992
19497
20426
21490
22326
23209
23711
25615
26544
27757
29344
30391
30951
31807
33361
34119
35525
38449
39803
40594
42356
42871
44130
45009
46093
46624
47436
48452
49484
50386
51462
52613
53375
53958
54671
55512
56159
56666
58078
58715
59678
60509
61224
62415
63188
64293
65296
67096
68159
68896
69662
71248
72889
73732
75143
75757
76400
77496
78568
81305
127984
129285
135879
165253
165842
166534
167336
168614
169432
170391
170917
171714
172300
173565
174374
176064
210712
211223
211739
212856
213814
214885
216666
230520
232145
237412
250853
251600
299618
302870
305517
307110
307687
308376
309159
311589
312260
313420
314510
315077
315846
316593
318651
319157
320277
321494
322362
322886
323522
326752
327684
328526
329384
331305
332001
332536
333361
334076
334590
335102
335906
337232
338318
339341
340416
346093
347687
348539
349129
349905
352484
354951
355465
356825
412632
413371
413911
414635
415192
415980
417302
418581
500513
501137
504056
505992
506880
507659
508262
509155
587645
595799
596350
597282
598129
600972
602057
603226
610983
611987
614108
615534
616472
617169
620241
620978
622295
624123
625182
633382
634044
634607
635180
635741
636971
637522
655058
656750
658219
662581
667382
669564
670794
672881
675880
677279
677988
679164
690527
711678
712669
713629
714384
714904
715567
717694
766426
779587
780145
780815
781908
782734
783621
785226
785730
786872
789036
789956
814332
815929
816604
820358
822634
823422
825286
826001
827150
835487
839024
840793
875155
876256
877335
878245
879139
881059
881777
882409
882989
883818
884637
885482
887002
887826
888469
889160
891239
951346
951873
952745
953368
954680
955554
961800
965595
966418
967060
1023578
1024111
1024759
1025302
1025862
1027180
1027921
1028457
1030083
1032994
1035479
1054740
1055664
1056439
1057206
1060120
1062153
1076786
1077826
1078708
1079546
1082458
1083065
1083876
1084569
1085370
1086455
1087052
1087747
1089020
1090094
1090907
1092071
1092630
1093219
1096739
1097269
1098936
1099891
1101041
1102266
1104694
1105222
1106304
1107709
1108763
1109403
1110536
1111454
1112550
1113710
1114810
1115510
1116092
1117421
1118467
1119973
1121133
1122945
1123474
1124256
1132796
1134900
1135973
1172131
1172715
1173719
1175360
1176202
1178504
1179413
1180929
1182317
1183186
1184310
1185169
1186703
1192303
1193036
1194626
1196605
1199496
1201308
1201834
1202896
1203400
1204757
1205328
1206258
1206900
1207644
1208379
1209592
1210689
1211321
1219037
1228898
1229581
1252525
1253440
1279817
1293333
1303193
1304540
1305327
1306229
1307403
1308342
1309058
1309648
1310424
1312151
1318237
1319611
1320878
1321398
1322363
1323555
1324590
1325675
1326327
1328484
1330334
1330916
1332469
1333442
1334250
1335531
1336318
1337116
1338272
1339074
1340000
1388918
1390558
1394826
1420728
1426256
1430978
1431516
1432644
1433890
1434885
1457151
1457755
1569678
1570837
1572140
1573839
1575017
1575849
1576507
1619540
1620189
1620759
1622220
1624858
1625483
1645613
1646650
1647845
1648437
1648957
1650050
1650804
1651455
1654459
1656511
1657193
1660503
1661444
1662793
1663310
1664095
1665740
1666569
1667787
1668423
1669064
1669565
1670390
1671307
1672416
1673117
1674510
1675230
1680132
1680698
1681872
1682424
1683211
1686165
1686781
1688218
1688739
1690094
1690995
1692160
1693204
1695491
1696111
1697145
1701886
1705869
1707496
1708899
1709742
1711308
1713659
1714451
1715032
1720947
1721538
1723198
1723802
1724519
1725266
1726292
1727089
1728133
1729069
1730425
1731268
1732012
1733601
1734869
1737014
1743885
1751388
1753632
1756431
1777023
1777683
1778364
1779222
1780223
1780947
1781471
1782016
1782565
1783857
1787473
1840976
1843172
1844728
1845347
1847283
1848375
1849899
1850553
1856507
1858884
1860164
1885988
1886693
1890581
1892249
1897653
1898690
1906677
1909866
1910430
1926037
1926596
1927482
1927990
1929465
1933109
1934626
1936287
1941928
1944477
1945593
1946575
1972615
1973153
1974024
1974724
1977771
1982928
1984695
1990380
1990931
1998310
1998869
1999664
2000173
2000698
2001520
2003275
2003789
2004962
2005557
2006740
2007919
2009094
2010411
2033478
2035187
2036287
2140914
2142278
2156632
2157811
2158352
2186180
2187073
2189227
2225596
2226246
2227358
2236226
2237320
2288835
2421766
2422421
2423350
2424130
2424747
2426192
2426718
2427269
2427822
