13088
14460
15221
23153
25919
38912
41264
60561
66393
81102
86416
94406
116923
118597
137148
153118
164528
167293
169656
171780
177901
188794
195294
207965
209534
236893
238211
252754
256533
272263
280176
281481
289032
301074
305974
321302
322088
327870
328765
333070
339903
346053
355194
356308
365453
368016
370111
388543
412550
418351
418879
423120
428753
441690
470973
474060
476966
499979
504165
505573
514676
530357
541682
545888
560347
566207
573079
585283
589064
589986
594651
610918
612081
615984
617695
621283
628657
653802
655763
669214
670165
670994
672235
676825
682316
688882
711609
714020
714426
726714
729453
737560
742378
747681
751090
757811
762015
763716
780042
785029
790261
792769
814024
824403
833878
836853
843547
854013
855288
859834
883978
886373
886998
893788
913702
923889
929519
932708
951131
952300
962006
982738
995238
1020868
1021896
1023156
1024956
1038204
1044046
1045179
1056398
1074907
1078640
1084680
1085106
1087532
1091350
1093206
1096521
1108691
1109321
1117691
1120874
1128942
1139687
1142588
1143659
1152413
1162809
1165830
1172077
1183054
1200815
1209015
1218394
1247483
1252957
1265111
1267116
1269845
1283600
1289754
1307565
1310721
1325352
1337311
1342484
1344664
1346015
1372607
1378944
1385371
1403789
1415121
1419791
1424022
1430661
1433409
1506381
1507826
1509011
1522368
1530217
1548851
1568280
1568847
1570154
1570924
1573572
1578458
1592232
1598486
1601290
1611061
1619521
1623549
1632852
1636784
1650852
1666548
1667895
1673013
1694389
1697010
1703183
1713093
1718111
1720648
1727639
1731941
1737374
1743284
1747819
1772642
1775844
1800316
1811579
1817320
1841462
1842435
1847455
1866238
1891160
1902228
1904269
1922373
1923051
1931183
1940023
1949134
1972591
1984202
1994600
2004095
2006057
2013801
2016779
2028611
2032656
2042119
2070445
2097382
2100206
2113425
2115907
2132474
2139636
2140513
2146765
2152693
2155977
2163870
2185505
2185906
2222267
2232755
2234368
2234856
2239763
2267462
2299426
2303912
2317249
2349021
2363603
2368599
2406889
2417710
2419825
2421123
2426102
2438804
2447834
2456688
2465832
2486830
2494929
