  40100   5265
  40100   6461
  40100   7258
  40100   7768
  40100   9618
  40100   11104
  40100   12342
  40100   12857
  40100   13996
  40100   15745
  40100   17333
  40100   18992
  40100   19497
  40100   20426
  40100   21490
  40100   22326
  40100   23209
  40100   23711
  40100   25615
  40100   26544
  40100   27757
  40100   29344
  40100   30391
  40100   30951
  40100   31807
  40100   33361
  40100   34119
  40100   35525
  40100   38449
  40100   39803
  40100   40594
  40100   42356
  40100   42871
  40100   44130
  40100   45009
  40100   46093
  40100   46624
  40100   47436
  40100   48452
  40100   49484
  40100   50386
  40100   51462
  40100   52613
  40100   53375
  40100   53958
  40100   54671
  40100   55512
  40100   56159
  40100   56666
  40100   58078
  40100   58715
  40100   59678
  40100   60509
  40100   61224
  40100   62415
  40100   63188
  40100   64293
  40100   65296
  40100   67096
  40100   68159
  40100   68896
  40100   69662
  40100   71248
  40100   72889
  40100   73732
  40100   75143
  40100   75757
  40100   76400
  40100   77496
  40100   78568
  40100   81305
  40100   127984
  40100   129285
  40100   135879
  40100   165253
  40100   165842
  40100   166534
  40100   167336
  40100   168614
  40100   169432
  40100   170391
  40100   170917
  40100   171714
  40100   172300
  40100   173565
  40100   174374
  40100   176064
  40100   210712
  40100   211223
  40100   211739
  40100   212856
  40100   213814
  40100   214885
  40100   216666
  40100   230520
  40100   232145
  40100   237412
  40100   250853
  40100   251600
  40100   299618
  40100   302870
  40100   305517
  40100   307110
  40100   307687
  40100   308376
  40100   309159
  40100   311589
  40100   312260
  40100   313420
  40100   314510
  40100   315077
  40100   315846
  40100   316593
  40100   318651
  40100   319157
  40100   320277
  40100   321494
  40100   322362
  40100   322886
  40100   323522
  40100   326752
  40100   327684
  40100   328526
  40100   329384
  40100   331305
  40100   332001
  40100   332536
  40100   333361
  40100   334076
  40100   334590
  40100   335102
  40100   335906
  40100   337232
  40100   338318
  40100   339341
  40100   340416
  40100   346093
  40100   347687
  40100   348539
  40100   349129
  40100   349905
  40100   352484
  40100   354951
  40100   355465
  40100   356825
  40100   412632
  40100   413371
  40100   413911
  40100   414635
  40100   415192
  40100   415980
  40100   417302
  40100   418581
  40100   500513
  40100   501137
  40100   504056
  40100   505992
  40100   506880
  40100   507659
  40100   508262
  40100   509155
  40100   587645
  40100   595799
  40100   596350
  40100   597282
  40100   598129
  40100   600972
  40100   602057
  40100   603226
  40100   610983
  40100   611987
  40100   614108
  40100   615534
  40100   616472
  40100   617169
  40100   620241
  40100   620978
  40100   622295
  40100   624123
  40100   625182
  40100   633382
  40100   634044
  40100   634607
  40100   635180
  40100   635741
  40100   636971
  40100   637522
  40100   655058
  40100   656750
  40100   658219
  40100   662581
  40100   667382
  40100   669564
  40100   670794
  40100   672881
  40100   675880
  40100   677279
  40100   677988
  40100   679164
  40100   690527
  40100   711678
  40100   712669
  40100   713629
  40100   714384
  40100   714904
  40100   715567
  40100   717694
  40100   766426
  40100   779587
  40100   780145
  40100   780815
  40100   781908
  40100   782734
  40100   783621
  40100   785226
  40100   785730
  40100   786872
  40100   789036
  40100   789956
  40100   814332
  40100   815929
  40100   816604
  40100   820358
  40100   822634
  40100   823422
  40100   825286
  40100   826001
  40100   827150
  40100   835487
  40100   839024
  40100   840793
  40100   875155
  40100   876256
  40100   877335
  40100   878245
  40100   879139
  40100   881059
  40100   881777
  40100   882409
  40100   882989
  40100   883818
  40100   884637
  40100   885482
  40100   887002
  40100   887826
  40100   888469
  40100   889160
  40100   891239
  40100   951346
  40100   951873
  40100   952745
  40100   953368
  40100   954680
  40100   955554
  40100   961800
  40100   965595
  40100   966418
  40100   967060
  40100   1023578
  40100   1024111
  40100   1024759
  40100   1025302
  40100   1025862
  40100   1027180
  40100   1027921
  40100   1028457
  40100   1030083
  40100   1032994
  40100   1035479
  40100   1054740
  40100   1055664
  40100   1056439
  40100   1057206
  40100   1060120
  40100   1062153
  40100   1076786
  40100   1077826
  40100   1078708
  40100   1079546
  40100   1082458
  40100   1083065
  40100   1083876
  40100   1084569
  40100   1085370
  40100   1086455
  40100   1087052
  40100   1087747
  40100   1089020
  40100   1090094
  40100   1090907
  40100   1092071
  40100   1092630
  40100   1093219
  40100   1096739
  40100   1097269
  40100   1098936
  40100   1099891
  40100   1101041
  40100   1102266
  40100   1104694
  40100   1105222
  40100   1106304
  40100   1107709
  40100   1108763
  40100   1109403
  40100   1110536
  40100   1111454
  40100   1112550
  40100   1113710
  40100   1114810
  40100   1115510
  40100   1116092
  40100   1117421
  40100   1118467
  40100   1119973
  40100   1121133
  40100   1122945
  40100   1123474
  40100   1124256
  40100   1132796
  40100   1134900
  40100   1135973
  40100   1172131
  40100   1172715
  40100   1173719
  40100   1175360
  40100   1176202
  40100   1178504
  40100   1179413
  40100   1180929
  40100   1182317
  40100   1183186
  40100   1184310
  40100   1185169
  40100   1186703
  40100   1192303
  40100   1193036
  40100   1194626
  40100   1196605
  40100   1199496
  40100   1201308
  40100   1201834
  40100   1202896
  40100   1203400
  40100   1204757
  40100   1205328
  40100   1206258
  40100   1206900
  40100   1207644
  40100   1208379
  40100   1209592
  40100   1210689
  40100   1211321
  40100   1219037
  40100   1228898
  40100   1229581
  40100   1252525
  40100   1253440
  40100   1279817
  40100   1293333
  40100   1303193
  40100   1304540
  40100   1305327
  40100   1306229
  40100   1307403
  40100   1308342
  40100   1309058
  40100   1309648
  40100   1310424
  40100   1312151
  40100   1318237
  40100   1319611
  40100   1320878
  40100   1321398
  40100   1322363
  40100   1323555
  40100   1324590
  40100   1325675
  40100   1326327
  40100   1328484
  40100   1330334
  40100   1330916
  40100   1332469
  40100   1333442
  40100   1334250
  40100   1335531
  40100   1336318
  40100   1337116
  40100   1338272
  40100   1339074
  40100   1340000
  40100   1388918
  40100   1390558
  40100   1394826
  40100   1420728
  40100   1426256
  40100   1430978
  40100   1431516
  40100   1432644
  40100   1433890
  40100   1434885
  40100   1457151
  40100   1457755
  40100   1569678
  40100   1570837
  40100   1572140
  40100   1573839
  40100   1575017
  40100   1575849
  40100   1576507
  40100   1619540
  40100   1620189
  40100   1620759
  40100   1622220
  40100   1624858
  40100   1625483
  40100   1645613
  40100   1646650
  40100   1647845
  40100   1648437
  40100   1648957
  40100   1650050
  40100   1650804
  40100   1651455
  40100   1654459
  40100   1656511
  40100   1657193
  40100   1660503
  40100   1661444
  40100   1662793
  40100   1663310
  40100   1664095
  40100   1665740
  40100   1666569
  40100   1667787
  40100   1668423
  40100   1669064
  40100   1669565
  40100   1670390
  40100   1671307
  40100   1672416
  40100   1673117
  40100   1674510
  40100   1675230
  40100   1680132
  40100   1680698
  40100   1681872
  40100   1682424
  40100   1683211
  40100   1686165
  40100   1686781
  40100   1688218
  40100   1688739
  40100   1690094
  40100   1690995
  40100   1692160
  40100   1693204
  40100   1695491
  40100   1696111
  40100   1697145
  40100   1701886
  40100   1705869
  40100   1707496
  40100   1708899
  40100   1709742
  40100   1711308
  40100   1713659
  40100   1714451
  40100   1715032
  40100   1720947
  40100   1721538
  40100   1723198
  40100   1723802
  40100   1724519
  40100   1725266
  40100   1726292
  40100   1727089
  40100   1728133
  40100   1729069
  40100   1730425
  40100   1731268
  40100   1732012
  40100   1733601
  40100   1734869
  40100   1737014
  40100   1743885
  40100   1751388
  40100   1753632
  40100   1756431
  40100   1777023
  40100   1777683
  40100   1778364
  40100   1779222
  40100   1780223
  40100   1780947
  40100   1781471
  40100   1782016
  40100   1782565
  40100   1783857
  40100   1787473
  40100   1840976
  40100   1843172
  40100   1844728
  40100   1845347
  40100   1847283
  40100   1848375
  40100   1849899
  40100   1850553
  40100   1856507
  40100   1858884
  40100   1860164
  40100   1885988
  40100   1886693
  40100   1890581
  40100   1892249
  40100   1897653
  40100   1898690
  40100   1906677
  40100   1909866
  40100   1910430
  40100   1926037
  40100   1926596
  40100   1927482
  40100   1927990
  40100   1929465
  40100   1933109
  40100   1934626
  40100   1936287
  40100   1941928
  40100   1944477
  40100   1945593
  40100   1946575
  40100   1972615
  40100   1973153
  40100   1974024
  40100   1974724
  40100   1977771
  40100   1982928
  40100   1984695
  40100   1990380
  40100   1990931
  40100   1998310
  40100   1998869
  40100   1999664
  40100   2000173
  40100   2000698
  40100   2001520
  40100   2003275
  40100   2003789
  40100   2004962
  40100   2005557
  40100   2006740
  40100   2007919
  40100   2009094
  40100   2010411
  40100   2033478
  40100   2035187
  40100   2036287
  40100   2140914
  40100   2142278
  40100   2156632
  40100   2157811
  40100   2158352
  40100   2186180
  40100   2187073
  40100   2189227
  40100   2225596
  40100   2226246
  40100   2227358
  40100   2236226
  40100   2237320
  40100   2288835
  40100   2421766
  40100   2422421
  40100   2423350
  40100   2424130
  40100   2424747
  40100   2426192
  40100   2426718
  40100   2427269
  40100   2427822
