0.96668
0.96752
0.97307
0.96802
0.9771
0.97559
0.98349
0.98904
0.97811
0.97306
0.96919
0.9665
0.97205
0.97642
0.9702
0.97255
0.9702
0.97255
0.97255
0.98197
0.98668
0.98668
0.97608
0.9702
0.97608
0.98668
0.98315
0.99139
0.99257
0.98668
0.99492
0.9961
0.99728
0.98432
0.9855
0.9702
0.96431
0.96431
0.97608
0.98786
0.99139
0.98903
0.98903
1.0032
0.99845
0.99728
0.98786
0.98315
0.99257
0.98432
0.97961
0.98315
0.97726
0.97961
0.97255
0.96313
0.97137
0.97137
0.97726
0.96784
0.96195
0.96902
0.97726
0.96549
0.96784
0.9702
0.97491
0.97255
0.95253
0.949
0.93841
0.92781
0.91603
0.93134
0.9337
0.94547
0.95724
0.93958
0.94665
0.94782
0.949
0.95371
0.95018
0.95607
0.9702
0.9702
0.96902
0.96549
0.96784
0.97137
0.96078
0.95253
0.95724
0.96313
0.9596
0.96784
0.96078
0.97137
0.96902
0.97961
0.99492
1.0067
0.99257
0.99845
0.99963
0.99257
1.0032
1.0032
1.0043
1.0008
1.0043
1.0091
1.0173
1.0161
1.0149
1.0232
1.0244
1.0279
1.0326
1.0255
1.0291
1.0373
1.0408
1.0408
1.0444
1.0467
1.0444
1.0456
1.0467
1.0373
1.0267
1.0397
1.0338
1.0314
1.0314
1.0244
1.0208
1.0196
1.022
1.0185
1.0255
1.0255
1.0255
1.0314
1.022
1.0114
1.0043
0.99021
1.0055
1.0138
1.0208
1.0326
1.0302
1.0255
1.022
1.0255
1.035
1.0255
1.0196
1.0326
1.0173
1.0161
1.0091
1.0079
1.0161
1.0255
1.0244
1.035
1.0373
1.0196
1.0208
1.0267
1.0314
1.0291
1.0397
1.035
1.0361
1.0302
1.0361
1.0385
1.0373
1.0361
1.0397
1.0444
1.0444
1.0456
1.0526
1.0561
1.0397
1.0408
1.0609
1.0597
1.0585
1.0479
1.0573
1.0644
1.0467
1.0503
1.0809
1.0773
1.075
1.0632
1.062
1.0679
1.0703
1.0703
1.0691
1.0432
1.0373
1.0244
1.035
1.022
1.0255
1.035
1.0208
1.0385
1.0444
1.0479
1.0491
1.0244
1.0314
1.0291
1.0244
1.0055
1.0008
1.0244
1.0244
1.0008
1.002
0.99728
0.99257
0.99257
0.98315
0.99021
0.99963
1.002
1.0114
1.0043
1.0079
1.0043
1.0079
0.9961
0.99374
1.0055
0.97726
0.97255
0.98315
0.9961
0.99492
0.99845
0.9961
1.0008
0.99728
0.99139
0.98432
0.97961
0.98197
0.97373
0.97961
0.98668
0.99963
0.99728
0.99257
0.99257
1.0102
1.0032
1.0032
1.002
0.9961
1.002
1.0161
1.0043
1.0008
1.0032
0.99492
0.9961
0.97726
0.98668
0.99021
0.99257
0.9855
0.9961
0.99963
0.99257
0.99021
0.98668
0.98315
0.97844
0.97608
0.9702
0.97255
0.98197
0.98079
0.96549
0.97844
0.97726
0.9702
0.97608
0.97255
0.95607
0.96431
0.95018
0.95842
0.96313
0.94547
0.96078
0.96431
0.96195
0.96784
0.98432
0.9702
0.96313
0.95253
0.95724
0.96313
0.96902
0.96195
0.96549
0.98079
0.98668
0.98432
0.97844
0.98079
0.97255
0.98079
0.97844
0.98197
0.97726
0.98432
0.97844
0.98668
0.98315
0.99963
1.0032
0.99845
0.99021
0.98786
0.98197
0.97137
0.99021
0.98315
0.99257
1.0008
0.98903
1.002
1.0161
1.0102
0.98197
0.99021
0.98903
0.99021
0.98315
0.98432
0.96666
0.96666
0.95724
0.97255
0.96902
0.97844
0.98079
0.98197
0.97373
0.97844
0.97961
0.97961
0.97726
0.96431
0.97373
0.96431
0.98315
0.98079
0.97137
1.0032
0.99139
0.99021
0.98786
0.99257
0.98786
0.99139
0.9855
0.98315
0.98903
0.99963
1.0055
1.0173
1.0114
1.0126
1.0173
1.022
1.0208
1.0138
1.0067
1.0032
1.0067
1.0091
1.0279
1.0291
1.0314
1.0208
1.0314
1.0361
1.0079
1.0008
0.99845
0.99374
1.0067
1.0091
1.0032
1.0067
1.0149
1.0173
1.0185
1.022
1.0138
1.0173
1.0173
1.0043
1.0126
1.0091
1.0267
1.0255
1.0232
1.0279
1.035
1.042
1.0361
1.0385
1.0479
1.042
1.0397
1.0467
1.0432
1.0456
1.055
1.0514
1.0338
1.0318
1.0345
1.0348
1.0304
1.0319
1.0276
1.0279
1.0223
1.0274
1.0289
1.0187
1.0237
1.0099
1.0185
