   1.0000000e+00   6.5072928e+01   3.0852574e-01   6.3000285e-01   2.0651791e-01   2.0376220e-01   5.1375383e-01
   2.0000000e+00   6.4214913e+01   3.2009736e-01   6.2460445e-01   2.1284712e-01   2.0242581e-01   5.2905938e-01
   3.0000000e+00   6.4233051e+01   3.1440478e-01   6.3118727e-01   2.1851859e-01   2.0500438e-01   5.2082107e-01
   4.0000000e+00   6.5118859e+01   3.1235866e-01   6.1689059e-01   2.0592756e-01   2.0549155e-01   5.2535900e-01
   5.0000000e+00   6.3916298e+01   3.2745995e-01   6.2369839e-01   2.1120991e-01   1.9783187e-01   5.3995658e-01
   6.0000000e+00   6.4373583e+01   3.1028051e-01   6.2372923e-01   2.1659352e-01   1.9961418e-01   5.1033269e-01
   7.0000000e+00   6.4481360e+01   3.1687349e-01   6.2039165e-01   2.1187654e-01   2.0605503e-01   5.2846397e-01
   8.0000000e+00   6.4199969e+01   3.1417027e-01   6.2621481e-01   2.1425047e-01   2.0025228e-01   5.2078386e-01
   9.0000000e+00   6.4609009e+01   3.2032044e-01   6.2662797e-01   2.0749449e-01   2.0766897e-01   5.3221531e-01
   1.0000000e+01   6.4078893e+01   3.2423572e-01   6.4719020e-01   2.2375945e-01   2.1198183e-01   5.3741891e-01
   1.1000000e+01   6.4273489e+01   3.2013137e-01   6.3909992e-01   2.1070971e-01   2.0393362e-01   5.2954229e-01
   1.2000000e+01   6.4534192e+01   3.1090376e-01   6.1822918e-01   2.0557541e-01   2.0433466e-01   5.1407014e-01
   1.3000000e+01   6.4401281e+01   3.1783771e-01   6.3101164e-01   2.1408060e-01   2.0539458e-01   5.3040185e-01
   1.4000000e+01   6.3920437e+01   3.1477305e-01   6.2327779e-01   2.1464972e-01   2.0775545e-01   5.2188838e-01
   1.5000000e+01   6.3878297e+01   3.2023601e-01   6.2392298e-01   2.1084789e-01   2.1009314e-01   5.3124979e-01
   1.6000000e+01   6.3884555e+01   3.1822194e-01   6.1224681e-01   2.0581135e-01   2.0389498e-01   5.2866810e-01
   1.7000000e+01   6.4549072e+01   3.1781999e-01   6.2189064e-01   2.1226805e-01   2.0719625e-01   5.2928453e-01
   1.8000000e+01   6.4276062e+01   3.1550409e-01   6.2044764e-01   2.1096048e-01   2.0357695e-01   5.2209257e-01
   1.9000000e+01   6.4751616e+01   3.1039795e-01   6.2759851e-01   2.1743443e-01   2.0130057e-01   5.1741648e-01
   2.0000000e+01   6.4815474e+01   3.1546227e-01   6.2417836e-01   2.0888829e-01   2.0245390e-01   5.2795451e-01
   2.1000000e+01   6.4436148e+01   3.1052953e-01   6.3131599e-01   2.1036153e-01   2.1148310e-01   5.1619543e-01
   2.2000000e+01   6.4685716e+01   3.1985773e-01   6.3945703e-01   2.1856224e-01   2.0352985e-01   5.2941576e-01
   2.3000000e+01   6.4173442e+01   3.2233308e-01   6.2672866e-01   2.1301082e-01   2.0357100e-01   5.3358314e-01
   2.4000000e+01   6.4295589e+01   3.1644504e-01   6.3554976e-01   2.1477139e-01   2.0588491e-01   5.2500151e-01
   2.5000000e+01   6.4365972e+01   3.1787301e-01   6.2914516e-01   2.1548107e-01   2.0395591e-01   5.2775582e-01
   2.6000000e+01   6.4531988e+01   3.1611164e-01   6.2736214e-01   2.1507711e-01   2.0372543e-01   5.2790967e-01
   2.7000000e+01   6.3730535e+01   3.1674522e-01   6.3451165e-01   2.1395249e-01   2.0663063e-01   5.2263671e-01
   2.8000000e+01   6.4497540e+01   3.2130158e-01   6.4270582e-01   2.1688453e-01   2.0614258e-01   5.3093176e-01
   2.9000000e+01   6.4252106e+01   3.1808553e-01   6.4002710e-01   2.1797864e-01   2.0971787e-01   5.2992294e-01
   3.0000000e+01   6.3952078e+01   3.1684480e-01   6.2240057e-01   2.1061256e-01   2.0790696e-01   5.2347403e-01
   3.1000000e+01   6.4383422e+01   3.1793225e-01   6.2216333e-01   2.1288274e-01   2.0126663e-01   5.2439755e-01
   3.2000000e+01   6.4467085e+01   3.1780596e-01   6.3471164e-01   2.2177311e-01   2.0574721e-01   5.3273578e-01
   3.3000000e+01   6.4426529e+01   3.1520732e-01   6.2973467e-01   2.1080211e-01   2.0358653e-01   5.2207606e-01
   3.4000000e+01   6.4475935e+01   3.2198347e-01   6.2218969e-01   2.1715782e-01   2.0538509e-01   5.3944396e-01
   3.5000000e+01   6.4822538e+01   3.1051291e-01   6.2294507e-01   2.1831806e-01   2.0247021e-01   5.1773964e-01
   3.6000000e+01   6.4357998e+01   3.0597021e-01   6.2884541e-01   2.2199006e-01   2.0853618e-01   5.1141178e-01
   3.7000000e+01   6.4287182e+01   3.1532067e-01   6.2073166e-01   2.1852586e-01   2.0134906e-01   5.2426517e-01
   3.8000000e+01   6.3974022e+01   3.2568627e-01   6.5125120e-01   2.2565486e-01   2.0875471e-01   5.4109883e-01
   3.9000000e+01   6.4785492e+01   3.2215421e-01   6.3500080e-01   2.1651997e-01   2.0447421e-01   5.3498124e-01
   4.0000000e+01   6.3961338e+01   3.0423010e-01   6.3135858e-01   2.2281476e-01   2.0737027e-01   5.0897388e-01
   4.1000000e+01   6.3765724e+01   3.1426988e-01   6.2080049e-01   2.1135398e-01   2.0361220e-01   5.1834660e-01
   4.2000000e+01   6.5068092e+01   3.1521747e-01   6.1966496e-01   2.0815794e-01   2.0293808e-01   5.2474160e-01
   4.3000000e+01   6.4005858e+01   3.2281044e-01   6.1729404e-01   2.0761335e-01   2.0023884e-01   5.3477788e-01
   4.4000000e+01   6.4111811e+01   3.1505438e-01   6.4114071e-01   2.2671355e-01   1.9958470e-01   5.1764066e-01
   4.5000000e+01   6.4077078e+01   3.1604272e-01   6.3165464e-01   2.1595444e-01   2.0914303e-01   5.2622150e-01
   4.6000000e+01   6.4344968e+01   3.1419403e-01   6.2516020e-01   2.1150660e-01   2.0544448e-01   5.2274200e-01
   4.7000000e+01   6.4118937e+01   3.2075463e-01   6.3166782e-01   2.2238567e-01   2.0838096e-01   5.3420035e-01
   4.8000000e+01   6.4655747e+01   3.1061147e-01   6.1578273e-01   2.1721241e-01   1.9956645e-01   5.1866341e-01
   4.9000000e+01   6.4532458e+01   3.1292341e-01   6.2555926e-01   2.1404474e-01   2.0730684e-01   5.2351395e-01
   5.0000000e+01   6.4791245e+01   3.1839953e-01   6.2981826e-01   2.2008452e-01   2.0298793e-01   5.2940774e-01
