0.97743
0.97828
0.97324
0.97291
0.98554
0.99346
0.979
0.9822
0.97481
0.9733
0.96002
0.96794
0.95583
0.94962
0.95753
0.96578
0.95989
0.95047
0.94576
0.954
0.96107
0.96931
0.96578
0.9752
0.97049
0.95282
0.96342
0.96342
0.9646
0.9752
0.97167
0.98109
0.97402
0.9646
0.94222
0.96578
0.95165
0.9646
0.97167
0.97873
0.95989
0.97638
0.98698
0.97873
0.97638
0.99405
0.99169
0.9964
0.99993
0.99287
0.98462
0.97991
0.97285
0.96342
0.96813
0.95871
0.96578
0.96696
0.94929
0.95282
0.94693
0.9646
0.96225
0.9752
0.96578
0.97991
0.97049
0.96931
0.96578
0.96696
0.96342
0.96342
0.94693
0.95165
0.94222
0.95753
0.9646
0.95871
0.97402
0.96813
0.96107
0.97402
0.97049
0.96931
0.9752
0.98462
0.99405
0.99876
0.9964
0.99522
0.98345
0.98345
0.9858
0.98462
0.98816
0.98933
0.99758
1.0211
1.027
1.0258
1.0258
1.04
1.0317
1.0447
1.0388
1.0329
1.0412
1.0317
1.0423
1.0565
1.0412
1.0494
1.0682
1.0529
1.0518
1.0388
1.0341
1.0341
1.0388
1.0447
1.0529
1.0506
1.0494
1.0423
1.0447
1.0282
1.0105
1.02
1.007
1.0105
1.02
1.0247
1.007
1.0046
0.99876
0.99405
1.0058
1.007
1.0164
1.0211
1.0223
1.0046
1.02
1.0188
1.0247
1.0329
1.0353
1.0329
1.0235
1.0082
1.0011
1.0082
1.0023
1.007
1.02
1.0258
1.0258
1.0482
1.0529
1.0388
1.0459
1.0529
1.0553
1.0576
1.0541
1.0376
1.0459
1.04
1.0482
1.0553
1.0459
1.0388
1.0294
1.04
1.0412
1.0494
1.047
1.0529
1.0635
1.0671
1.0565
1.0718
1.0824
1.073
1.0635
1.0506
1.0364
1.0317
1.0353
1.0376
1.0423
1.0364
1.0412
1.04
1.0553
1.0459
1.0412
1.0306
1.0188
1.0223
1.0223
1.0317
1.0258
1.0235
1.0188
1.0164
1.0094
1.0105
1.0211
1.0247
1.0094
0.99522
1.0023
1.0058
1.0094
1.0152
0.99993
1.0058
1.0011
0.99051
0.98698
1.0035
1.0094
0.99522
0.99522
0.99993
1.0058
0.99993
0.99876
1.0023
0.98698
0.98109
0.98816
0.98698
0.9858
0.99169
0.97991
0.9752
0.98933
0.98698
0.99405
0.98462
0.98462
0.98227
0.99169
0.99169
0.99405
0.99051
1.0082
1.0152
0.9858
0.97873
0.97991
0.97402
0.98109
0.9858
0.99758
1.0176
1.0058
1.0105
1.0117
1.0011
0.9964
0.99287
0.98698
0.98698
0.98816
0.97873
0.99287
0.98109
0.98345
0.98933
0.99169
0.98227
0.98698
0.97873
0.97756
0.96107
0.95871
0.96342
0.98227
0.9858
0.99522
0.98227
0.9646
0.96107
0.94693
0.95165
0.95518
0.954
0.95047
0.94458
0.96813
0.97167
0.97991
0.98345
0.96813
0.95753
0.94458
0.94693
0.9434
0.94693
0.95047
0.96342
0.96342
0.95753
0.95871
0.96342
0.96225
0.94693
0.94576
0.94693
0.95282
0.95989
0.95165
0.95165
0.95753
0.95753
0.96813
0.97167
0.97873
0.96342
0.97049
0.97285
0.9646
0.97402
0.97756
0.99405
0.97991
0.98227
0.99287
0.9964
0.98227
0.97991
1.0023
0.99876
0.99993
1.0105
1.0082
1.0129
1.0023
0.99522
0.99051
0.98345
0.98227
0.98816
0.99876
0.99287
0.99169
0.99522
0.98698
0.9858
0.97991
0.99169
1.0011
0.99876
0.99522
1.0117
1.0082
1.0035
1.0035
1.0141
1.0188
0.99993
1.0035
1.007
1.0011
0.99993
1.0046
1.0235
1.0247
1.0235
1.0506
1.0494
1.0423
1.0341
1.0329
1.0329
1.0329
1.04
1.0329
1.0294
1.0188
1.0223
1.0211
1.0306
1.0376
1.0364
1.0294
1.0235
1.0317
1.0412
1.0353
1.0341
1.0223
1.0235
1.04
1.0223
1.0117
1.0211
1.02
1.0082
1.0129
1.027
1.0341
1.0258
1.0294
1.0117
1.0129
1.0164
1.0223
1.0282
1.02
1.0235
1.02
1.0117
1.0141
1.0152
1.02
1.0046
0.99405
1.0094
1.0046
1.0117
1.0211
1.0188
1.0317
1.0235
1.0129
1.0141
1.0117
1.007
0.99522
0.99287
1.0011
1.0023
1.0168
1.0183
1.0186
1.0177
1.0133
1.0125
1.014
1.012
1.0088
1.0103
1.0106
1.0039
1.0042
1.0069
