1.0341
1.0238
1.0277
1.0335
1.0307
1.0345
1.0431
1.0455
1.042
1.0378
1.0463
1.0522
1.0506
1.0538
1.053
1.0435
1.0442
1.0556
1.0509
1.0449
1.0435
1.0469
1.0482
1.057
1.059
1.057
1.0496
1.0543
1.0536
1.0368
1.055
1.0536
1.0489
1.0503
1.0429
1.0415
1.0415
1.0429
1.0489
1.0408
1.0335
1.0456
1.0516
1.0476
1.0516
1.053
1.0489
1.0476
1.0496
1.0496
1.0435
1.0456
1.0368
1.0388
1.0435
1.0462
1.0375
1.0361
1.0415
1.0361
1.0422
1.0361
1.0361
1.0415
1.0368
1.0422
1.0361
1.0294
1.0348
1.0469
1.0408
1.022
1.0287
1.024
1.0287
1.0328
1.0341
1.0321
1.0361
1.0328
1.0227
1.0213
1.02
1.0113
1.0173
1.0227
1.0314
1.0261
1.0166
1.0126
1.0153
1.0146
1.0173
1.0207
1.0126
1.0166
1.022
1.0119
0.99714
0.99042
1.0018
1.0072
1.0092
1.0005
0.98168
0.98302
0.97899
0.97226
0.9689
0.97159
0.97428
0.96823
0.97495
0.96016
0.95277
0.94604
0.93865
0.93999
0.9373
0.9373
0.93596
0.92318
0.90772
0.90099
0.90503
0.90301
0.90234
0.89561
0.8936
0.88351
0.8741
0.87275
0.87208
0.87342
0.87006
0.86737
0.86267
0.86468
0.85662
0.85191
0.85393
0.84653
0.85191
0.84586
0.8351
0.83308
0.83308
0.82636
0.81963
0.81627
0.82367
0.82031
0.82434
0.81896
0.81089
0.80282
0.81157
0.81493
0.81224
0.80014
0.79543
0.7961
0.80014
0.79207
0.79274
0.79274
0.78669
0.78803
0.7887
0.77727
0.76921
0.76181
0.76383
0.76786
0.76853
0.76652
0.75643
0.75643
0.75038
0.74702
0.76315
0.75777
0.75374
0.75845
0.75979
0.75979
0.75172
0.7571
0.76719
0.77055
0.76584
0.76517
0.76921
0.76517
0.77122
0.78736
0.79005
0.78669
0.79341
0.80619
0.823
0.82905
0.83644
0.8425
0.86132
0.88486
0.88486
0.89494
0.90099
0.89763
0.90906
0.91713
0.92654
0.93999
0.93932
0.95008
0.95747
0.95949
0.97294
0.98302
0.99042
1.0045
1.0113
1.0166
1.014
1.0234
1.0301
1.0382
1.0469
1.0449
1.0543
1.0503
1.061
1.0509
1.0496
1.0583
1.063
1.0677
1.0677
1.0724
1.0832
1.0758
1.0819
1.0973
1.0953
1.0926
1.1027
1.0926
1.1034
1.1061
1.1061
1.1141
1.1121
1.1114
1.1222
1.1283
1.1316
1.1249
1.1229
1.1296
1.135
1.1309
1.1336
1.1229
1.1316
1.1283
1.1242
1.1242
1.1202
1.1148
1.1283
1.1215
1.1128
1.1074
1.1081
1.1041
1.1148
1.1088
1.1034
1.1
1.102
1.1081
1.1007
1.0919
1.094
1.0933
1.0926
1.1034
1.0879
1.0792
1.0839
1.0852
1.0913
1.0846
1.094
1.0987
1.0953
1.0926
1.0973
1.0993
1.1007
1.0987
1.0946
1.1047
1.1054
1.1041
1.1027
1.1067
1.1007
1.0987
1.096
1.1014
1.098
1.0933
1.0987
1.0973
1.0859
1.0899
1.102
1.1034
1.1067
1.1014
1.0953
1.0946
1.0987
1.0993
1.0993
1.0993
1.0866
1.0886
1.0886
1.1027
1.0933
1.0913
1.0832
1.0839
1.0859
1.0953
1.0825
1.0778
1.0792
1.0846
1.0886
1.0664
1.0738
1.0792
1.0839
1.0718
1.059
1.0382
1.0456
1.0677
1.0677
1.055
1.0523
1.0469
1.0402
1.0408
1.0402
1.0388
1.0314
1.0355
1.0361
1.0382
1.022
1.02
1.0193
1.0375
1.0395
1.0314
1.0254
1.0287
1.0281
1.0247
1.0294
1.0193
1.0254
1.0328
1.0489
1.0375
1.0207
1.0187
1.0213
1.0368
1.0388
1.0355
1.0382
1.0348
1.0355
1.0429
1.0335
1.0328
1.0375
1.0462
1.0395
1.0382
1.024
1.024
1.0328
1.0348
1.0187
1.0301
1.024
1.018
1.0247
1.0207
1.0166
1.0187
1.0207
1.0193
1.016
1.014
1.0012
1.0005
1.0032
1.0059
1.0012
0.99782
0.98773
0.99714
0.99849
0.99445
0.99378
0.99378
0.98504
0.99782
0.99378
0.99176
0.98907
0.98975
0.99176
0.99647
0.99109
0.98639
0.98706
0.99109
0.98523
0.99013
0.99032
0.98849
0.98936
0.99224
0.99512
0.99397
0.98811
0.99233
0.99454
1.0001
0.9956
0.99175
