654
3969
7294
11482
15176
17902
21576
25185
29054
32778
36297
39957
43456
46875
49366
54159
57299
60783
66165
68396
71776
74716
79019
82019
86552
89228
91818
94215
97694
101897
107054
111202
114707
118516
121161
124651
128210
132997
136112
140081
143845
148627
153175
155691
159185
163104
167891
170817
175504
179977
183626
187570
191748
195747
200255
204548
207583
210967
215016
218955
222619
226403
230496
233851
238548
243346
248557
252102
256589
260738
264192
268405
272689
276802
280351
284719
288658
292082
296246
300125
303295
306894
308881
312585
315415
323312
328814
332158
336696
340380
344723
351253
356967
362115
366997
371226
374485
377605
380690
383776
387984
391009
393500
397259
401587
406444
411112
413313
415864
418066
421894
424805
427046
433271
440425
445152
449091
452720
456858
461566
465430
469952
473262
477970
480655
484609
488483
491628
495397
497748
500778
505366
509239
511651
515784
519503
523646
526452
530480
534933
539306
543714
546385
550978
553758
557737
561810
565639
571140
575743
579931
583451
586805
591098
595197
598551
602051
605670
608346
611600
615125
618494
621340
625009
627849
630885
633206
637354
643849
647583
650912
653304
658950
662085
665878
671380
675014
679037
683390
688697
693329
696130
700233
703119
705934
708400
712868
718309
722972
726441
729197
736071
743025
748266
753109
756923
759234
763028
766647
770056
773466
776461
778768
782861
786091
790658
795446
799844
803553
807781
810367
813093
816372
820760
824699
828513
832626
836974
840289
843838
848476
851606
856987
861210
863821
867965
874958
879636
882616
886974
891167
893419
896888
900797
905090
907801
912274
916327
920411
923131
928013
932182
936450
941013
945311
948431
951241
954736
958949
961490
965948
976271
983729
988676
991352
994492
