1688
5212
8891
12720
16918
18950
23498
26548
30621
34021
37900
41494
44909
48553
51837
56061
59465
62995
67053
70712
72704
76872
80242
83866
87905
90206
93011
96586
98877
103774
108741
113459
115451
119898
122100
126253
130197
135064
137076
141549
145602
150744
154663
156949
160628
164552
169734
171920
177451
181385
185349
189083
192931
197244
202042
206315
209006
212510
216419
220397
224106
227800
231814
235368
240206
245233
250249
253335
258411
262250
265465
269898
274001
278175
281834
286147
290056
293475
297913
301467
304368
308296
310094
313922
317462
324970
330131
333716
338453
341987
348627
355556
358326
363842
368365
372968
375928
378828
382303
385518
389476
392007
395013
398747
402880
407957
412400
413977
416887
419538
423122
425928
431389
435717
442906
447359
449895
453778
458431
463093
466787
471545
474680
479452
481828
486366
490125
493080
496749
498876
502201
506968
510687
512789
517272
521056
525344
527745
532288
536221
541078
545067
547673
552535
555081
559504
563208
567346
572773
577320
581559
584778
588218
592366
596639
600039
603483
607267
609599
613008
616742
619742
622777
626287
629407
632202
634364
640040
645222
648841
652425
654387
660697
662953
667496
672518
676407
680775
685612
690324
694892
697238
701796
704282
706858
710781
713991
719832
724325
727734
732761
739875
745646
749994
755070
758171
760307
765189
768150
771404
774749
777889
779971
784448
787718
792421
797882
801301
805105
809219
811630
814710
817765
822477
826246
830155
834034
838482
841532
845321
850028
852994
858445
862603
865264
870016
876696
881133
884079
889091
892505
894797
898266
902245
906573
908834
914071
918034
921903
924584
929546
933889
938172
942600
947083
949679
952829
956113
960202
962857
969697
979441
985866
989864
992270
997252
