174
861
1057
1391
1451
1583
1781
2084
2203
2323
2541
2944
3082
3527
3788
3835
4256
4633
4682
4893
5100
5303
5822
5984
6239
6444
6579
6746
7184
7215
7445
7682
7970
8084
8187
8407
8570
8693
8859
9061
9201
9333
9638
9995
10136
10476
10834
10973
11190
11372
11499
11603
11783
11943
12197
12312
12638
12808
12909
13245
13424
13788
13883
14105
14368
14540
14871
14972
15729
16428
16654
16746
17099
17185
17306
17554
17863
18163
18596
18752
19016
19277
19397
19628
19966
20127
20318
20472
20808
20957
21388
21563
21818
22025
22128
22418
22742
22956
23133
23353
23492
23608
23767
24022
24145
24246
24587
24833
25097
25295
25497
25765
26073
26331
26526
26723
26890
27064
27172
27440
27554
27696
27883
28003
28219
28625
28733
28984
29118
29455
29595
29805
30019
30336
30672
30778
31065
31224
31464
31616
31775
31981
32147
32386
32536
32724
33000
33129
33416
33636
33775
34136
34255
34406
34628
34852
35143
35380
35582
35738
35833
36214
36366
36638
36977
37284
37477
37844
37927
38113
38365
38703
38839
39106
39431
39731
39784
39953
40148
40573
40703
40882
41060
41422
41525
41849
42072
42257
42366
43197
43868
44428
44717
44870
45459
45605
45688
45924
46194
46367
46459
46540
46706
46967
47048
47447
47563
47763
47913
48033
48344
48557
48760
48988
49141
49410
49749
49862
49988
50081
50285
50458
50647
51068
51240
51527
51767
51936
52203
52418
52548
52764
52899
53006
53228
53549
53653
53908
54097
54314
54472
54808
55256
55420
55638
55740
55885
56028
56223
56381
56487
56580
56752
56937
57166
57334
57457
57854
57991
58247
58541
58590
58964
59076
59269
59449
59742
59887
60153
60507
60715
60876
61151
61282
61444
61832
61957
62088
62246
62547
62813
63202
64118
64529
64629
65040
65233
65318
65524
65638
65960
66178
66378
66582
66785
66938
67278
67416
67603
67734
67884
67974
68167
68230
68580
68718
68923
69181
69362
69734
69868
70129
70268
70547
70682
70935
71112
71358
71481
71652
71790
72028
72151
72556
72654
72819
73142
73315
73464
73726
73803
73936
74162
74197
74337
74535
74702
74834
75033
75159
75370
75473
75634
75803
76014
76297
76592
76731
76814
76983
77175
77227
77630
77879
78884
78973
79108
79322
79835
80285
80630
80760
81037
81125
81348
81466
81553
81796
81852
82218
82388
82557
82701
82997
83199
83359
83464
83575
83772
84243
84369
84769
85168
85223
85405
85553
85900
86118
86387
86535
86674
86774
86947
87116
87303
87497
87699
87855
88108
88188
88364
88602
88793
89021
89132
89438
89566
89760
89986
90080
90425
90578
90651
90876
91071
91178
91307
91501
91723
91870
92028
92130
92314
92758
92919
93103
93313
93547
93800
93909
94051
94125
94262
94563
94895
95036
95153
95417
95571
95870
96010
96283
96418
96636
96882
97078
97226
97370
97580
97920
98142
98587
98834
99010
99165
99304
99457
99640
99789
100083
100232
100597
100794
101073
101207
101468
101628
101800
101915
102135
102279
102598
102885
103008
103351
103515
103589
103890
104112
104397
104525
104892
105096
105238
105321
105555
105836
107349
107354
107644
108067
108724
108819
108997
109341
109740
109994
110296
110556
110847
111037
111305
111546
111728
111906
112085
112648
112804
112937
113400
113763
114336
114495
114718
114875
115331
115641
116030
116368
116597
116828
116921
117153
117450
117632
117722
118063
118266
118411
118564
118794
119002
119269
120122
121351
121666
121869
122029
122346
122511
122828
122930
123270
123404
123733
123929
124214
124390
124464
124651
124777
124961
125291
125485
125586
125783
126166
126420
126649
126970
127067
127222
127457
127559
127646
127759
128158
128275
128394
128426
128719
128918
129099
129268
129625
129775
130080
130219
130320
130655
130931
131077
131439
131749
131899
132090
132230
132474
132676
132739
132979
133151
133254
133451
133594
133820
133864
133981
134299
134866
135046
135267
135423
135745
135878
136128
136317
137097
137257
137422
137722
137861
138185
138264
138355
138579
138840
139033
139212
139513
139550
140275
140572
140677
140957
141192
141373
141573
141771
141831
142095
142410
142545
142803
143125
143489
143880
144370
144638
144745
145112
145341
145560
145652
145874
146085
146648
146778
147209
147396
147525
148231
148533
148749
149080
149401
149560
149655
149799
150038
150183
150379
151117
151295
151966
152217
152331
152431
152728
152866
152973
153256
153669
154005
154360
154437
154576
154847
155123
155561
155810
156053
156161
156483
156883
156978
157168
157577
157735
157968
158252
158732
158946
159088
159473
159731
159929
160258
160296
160490
160822
161077
161245
161632
161769
162115
162241
162329
162556
162734
162993
163275
163463
163606
164176
164408
164758
164977
165217
165552
165850
166025
166280
166485
166725
166889
167042
167066
167571
167592
167795
168120
168242
168516
168776
169008
169301
169362
169647
169960
170274
170445
170572
170744
171038
171121
171350
171536
171920
172111
172393
172627
172802
172945
173707
173935
174007
174143
174391
174663
174783
174890
175041
175302
175460
175720
175892
176215
176372
176678
176936
177360
177629
178052
178173
178336
178592
178943
179054
179140
179545
179703
180043
180256
180474
180954
181339
181694
181841
182101
182364
182676
182998
183326
183558
183980
184312
184462
184740
184902
185051
185343
185634
185874
186075
186604
186942
187201
187318
187675
187819
187966
188266
188514
188637
188827
188999
189219
189386
189561
189848
189978
190346
190818
190973
191172
191319
191420
191564
191905
191985
192607
192741
193103
193252
193397
193709
193855
194027
194313
194473
194802
194972
195184
195463
195585
195781
196018
196206
196482
196680
197030
197351
197631
197938
198060
198404
198514
198727
198850
199200
199328
199492
199783
200050
200339
200558
200774
200987
201239
201438
201543
201813
201981
202040
202343
202644
202848
203074
203380
203604
203733
204138
204333
204491
204592
204820
205005
205147
205470
205760
206033
206388
206512
206663
207138
207259
207449
207722
208112
208185
208282
208511
208701
208712
208964
209301
209675
210050
210221
210335
210795
211158
211300
211549
211784
212008
212308
212497
212634
212787
212994
213179
213447
213755
213909
214325
214536
214728
214955
215347
215601
215779
216019
216240
216384
216440
216890
217020
217465
217665
217772
218020
218278
218588
218717
218880
219140
219411
219547
219760
220094
220273
220478
220655
220770
220980
221131
221341
221608
222058
222256
222303
222650
223035
223366
223523
223967
224009
224140
224289
224600
224807
224870
225356
225708
225805
226394
226697
227025
227207
227467
227813
228144
228344
228561
228880
229170
229313
229625
230001
230276
230530
230854
231085
231266
231457
231673
231944
232234
232387
232497
232687
232820
233101
233542
233931
234053
234194
234476
234593
234841
235063
235229
235473
235752
235854
236329
236386
236626
236960
237108
237409
237738
237829
237970
238276
238426
238613
238806
239067
239291
239464
239775
239915
240393
240578
240945
241097
241309
241431
241767
241936
241979
242199
242509
242788
243145
243335
243465
243760
244026
244341
244621
244839
244955
245158
245445
245683
245787
245953
246301
246409
246853
247093
247240
247447
247673
247883
247978
248272
248568
248649
248917
249066
249237
249459
249832
250014
250271
250446
250683
250921
251336
251625
251900
252160
252369
252607
252820
252894
252989
253124
253472
253671
253856
254085
254377
254675
255117
255252
255483
255621
256023
256229
256431
256686
256793
257125
257392
257589
257873
257996
258343
258464
258689
258906
258915
259157
259325
259416
259553
259845
260149
260480
260590
260793
260958
261129
261584
261732
261891
262333
262628
262830
263155
263307
263522
263579
263808
264149
264423
264573
264831
264942
265049
265177
265599
265811
266054
266190
266470
266579
266703
267083
267231
267804
267997
268146
268264
268459
268580
268721
268781
268886
269104
269257
269595
269895
270083
270351
270468
270633
270777
270907
271239
271523
271598
271835
272110
272368
272772
272823
273378
273557
273754
273862
274875
275053
275567
275628
275816
276048
276178
276593
276831
276945
277231
277360
277616
277771
278246
278604
278958
279167
279317
279441
279612
279796
279876
280008
280123
280295
280984
281263
281325
281446
281855
282388
282514
283209
283360
283799
284567
284796
285087
285519
285757
285937
286248
286561
286770
286932
287122
287554
287864
288080
288267
288519
289081
289259
289558
289772
289937
290134
290255
290740
291011
291183
291474
291838
292317
292397
292635
292957
293306
293412
293749
293955
294075
294446
295317
295728
296634
296767
296888
297086
297345
297611
298066
298236
298529
299244
299337
299580
299847
300023
300643
300760
301014
301428
301860
302249
302550
302778
303049
303199
303559
303815
303988
304558
304749
305070
305242
305432
305745
306258
306462
306917
306951
307086
307186
307367
308018
308052
308218
308374
308530
308905
309133
309414
309613
310019
310433
311167
311383
311602
311732
311931
312071
312262
312489
312561
312975
313131
313396
313634
313929
314145
314391
314750
315103
315222
315572
315937
316254
316729
317047
317286
318002
318226
318363
318670
318827
319278
319381
319651
319814
319910
320254
320558
320734
321015
321062
321483
321710
322045
322265
322517
322822
322970
322988
323244
323368
323627
323822
323872
324187
324410
324559
324710
324906
325172
325334
325634
325905
326138
326404
326594
326705
326834
327230
327422
327477
327664
327973
328293
328326
328515
328738
328953
329310
329568
329938
330164
330272
330476
330599
330864
330956
331065
331256
331430
331502
331827
332028
332224
332361
332683
332950
333177
333396
333649
333825
334330
334774
335115
335282
335400
335543
335762
336034
336618
336956
337229
337318
337606
337775
338019
338261
338582
338651
338864
339001
339344
339493
339610
339829
339959
340120
340308
340469
340630
340813
340952
341030
341217
341301
341397
341531
341685
341882
342084
342261
342369
342646
342789
343024
343216
343454
343609
343738
344040
344346
344574
344775
345253
345610
345780
345997
346299
346456
346607
347160
347330
347715
348280
348854
349134
349366
349574
349725
349878
350095
350332
350459
350686
350799
350973
351179
351349
351479
351646
351908
352045
352371
352640
352789
352959
353158
353271
353544
353590
353752
353984
354183
354352
354520
354759
354865
355046
355162
355504
355755
355940
356126
356476
356618
356812
357027
357119
357311
357551
357760
357882
358022
358230
358388
358678
358840
359111
359385
359492
359738
360195
360325
360932
361235
361304
361444
361549
361843
361939
362089
362354
362531
362731
363088
363223
363404
363537
363861
364045
364213
364380
364488
364590
364829
364883
364962
365099
365573
365844
366084
366240
366396
366569
366677
366813
366985
367086
367403
367480
367619
367725
367826
368056
368248
368432
368566
368781
368895
369040
369120
369497
369775
370066
370182
370364
370456
370738
370889
371048
371246
371297
371538
371734
371807
372020
372172
372310
372639
372766
373028
373218
373371
373619
373749
374015
374158
374355
374603
374770
374994
375106
375321
375445
375802
375855
376178
376470
376582
376689
376877
377276
377858
378388
378522
378738
379020
381642
381852
381949
382295
382481
382782
382952
383160
383890
384062
384376
384698
384933
385125
385586
385750
386021
386237
386610
386783
386948
387161
387277
387614
387740
387946
388271
388510
388573
388711
388914
389996
390270
390956
391906
392258
392617
392878
393410
393589
394312
394507
394800
394962
395422
395712
395931
396141
396713
397120
398138
398321
398912
399866
400093
400494
401046
401907
402426
402510
402809
403026
403515
403742
403955
404269
404464
404623
404925
405140
405577
406020
406198
406465
406662
406865
407195
407442
407714
407842
408047
408295
408543
408914
409032
409405
409446
409752
409949
410163
410558
410814
411056
411245
411698
411892
412137
412309
412899
413452
413569
413781
414176
414608
414741
414932
415185
415197
415486
415856
416152
416424
416655
417022
417214
417771
417994
418259
418573
418696
419129
419304
419345
419574
419818
420089
420292
420471
420723
420995
421241
421454
422076
422407
422685
422883
423228
423541
424052
424359
424733
425087
425345
425580
425796
425994
426133
426326
426438
427527
427897
428145
428286
428751
428922
429365
429558
429688
430052
430618
430995
431275
431491
431649
431863
431967
432437
432677
433052
433306
433451
433797
434062
434360
434647
434946
435344
435590
435901
436390
436548
436708
437056
437333
437477
437648
437839
438042
438267
438380
438696
438892
439201
439538
439805
440160
440620
441026
441241
441380
441755
441785
442957
443078
443202
443383
443454
443898
444277
444804
445173
445407
445529
445843
446108
446150
446423
446746
446810
447095
447338
447535
447793
448075
448321
448585
448662
448989
449224
449354
449662
449965
450080
450281
450530
450699
451054
451238
451514
451704
451948
452226
452344
452719
453115
453279
453417
453544
453875
454156
454281
454927
455205
455391
455700
455845
456046
456297
456411
456735
457050
457136
457246
457512
457729
458011
458237
458468
458771
459090
459307
459529
459974
460174
460446
460665
460855
461129
461332
461627
462034
462294
462654
463189
463210
463585
463828
463921
464144
464462
464711
464832
464985
465299
465645
465816
465986
466339
466586
466806
466868
467035
467323
467894
468810
469177
469386
469471
469687
469873
469999
470195
470406
470632
470815
470980
471135
471247
471581
471783
471926
472030
472340
472612
472724
472825
473050
473315
473364
473524
473849
473924
474248
474412
474563
474776
474837
475013
475369
475490
476787
476931
477012
477460
477514
477724
477941
478276
478456
478714
479050
479320
479829
480145
480455
480606
480774
480990
481264
481418
481578
481731
482021
482423
483026
483277
483498
484079
484296
484613
484801
484963
485069
485299
486213
486444
486677
486820
486956
487017
487253
487499
487732
487846
488009
488154
488377
488463
488723
488834
489132
489259
489590
489656
489799
489994
490145
490399
490625
490748
490939
490993
491059
491321
491342
492022
492196
492509
492699
493333
493435
493795
493965
494168
494335
494726
494848
494889
495058
495269
495420
495528
495794
496239
496368
496643
496885
497082
497385
497585
497782
497996
498179
498368
498719
499017
499306
499403
499726
500122
500325
500434
500903
501170
501324
501355
501813
502004
502153
502374
502572
502714
503082
503458
503610
503754
504031
504680
505064
505262
505477
505592
505713
506030
506226
506413
506887
506972
507209
507636
507727
507919
508407
508556
508748
508995
509224
509387
509850
510193
510485
510639
510796
511355
511476
511823
512331
512790
513120
513239
513536
514030
514201
514378
514520
514807
515044
515245
515444
515644
515945
516213
516501
516961
517080
517308
517419
517609
517794
518158
518370
518530
518829
518989
519443
519712
520015
520216
520424
521123
521146
521282
521366
521589
521840
522026
522331
522400
522562
522655
522836
522923
523087
523197
523324
523510
523777
524019
524252
524473
524580
524759
524958
525144
525365
525532
525644
525816
526212
526353
526645
526769
527044
527292
527482
527618
527759
527893
527977
528275
528532
528602
528694
528797
528923
529074
529217
529397
529539
529650
529762
529822
529970
530078
530194
530363
530428
530567
530732
530826
531042
531198
531450
531566
531755
531974
532275
532439
532572
532855
532999
533225
533324
533435
533658
533785
533927
533999
534235
534383
534574
534850
534977
535113
535438
535595
535746
535807
536040
536131
536488
536640
536814
536977
537151
537287
537500
537707
537761
537981
538104
538329
538501
538671
538860
538918
539119
539227
539481
539970
540270
540498
540681
540857
540999
541036
541270
541591
541773
542010
542220
542338
542526
542802
543202
543309
543537
543663
544010
544170
544275
544500
544602
544821
544998
545435
545739
545913
546268
546501
546673
547014
547106
547286
547389
547522
547651
547777
547988
548302
548338
548645
548831
549136
549289
549410
549760
549886
550032
550192
550246
550398
550672
550804
551035
551391
551616
551795
551996
552267
552336
552558
552740
553214
553329
553544
553765
553930
554128
554521
554852
554891
555182
555264
555486
555634
555882
556163
556320
556525
556835
557108
557387
557539
557876
558011
558146
558338
558508
558577
558703
558851
558969
559212
559386
559866
560177
560355
560405
560663
560722
560878
561037
561305
561949
562432
562740
562889
563084
563151
563553
563810
564382
564626
564982
565235
565689
565965
566103
566241
566506
566626
566696
567030
567189
567420
567611
567762
567890
568005
568228
568472
568629
568781
568904
569063
569362
569560
569807
569951
570052
570249
570430
570589
570905
571279
571389
571512
571847
572050
572275
572831
572902
573557
573690
573811
574143
574253
574507
574932
575091
575270
575542
575679
575869
576047
576243
576421
576600
576748
576937
577087
577294
577451
577752
577863
578180
578350
578417
579106
579572
579618
580660
580777
580901
581297
581488
581618
581735
582192
582330
582706
583017
583281
583526
583682
583846
584214
584288
584670
584872
585097
585475
585653
585901
585991
586177
586521
586719
586984
587201
587496
587934
588319
588557
588809
588962
589084
589371
589643
589915
589949
590253
590487
590835
591014
591209
591500
591722
591936
592170
592353
592465
592727
593039
593213
593356
593779
593966
594097
594272
594473
594651
594738
594851
595118
595330
595470
595723
596120
596527
596995
597156
597473
597719
597980
598190
598444
598780
599156
599429
599603
599761
599994
600167
600484
600759
601150
601394
601656
601997
602448
602961
603133
603404
603504
603822
603975
604060
604461
604718
604996
605261
605445
605536
605728
605868
606205
606517
607043
607378
607513
607717
607797
608056
608276
608584
608866
609086
609387
609526
609805
609914
610023
610241
610326
610589
610881
611086
611299
611494
611652
611860
612095
612251
612588
612952
613040
613217
613416
613638
613794
614132
614209
614587
614848
615052
615278
615371
615639
615847
615972
616147
616479
616512
616768
617152
617381
617753
618149
618348
618478
618726
619100
619232
619640
619761
620034
620265
620457
620625
620831
621097
621302
621509
621774
621940
622138
622674
622721
623088
623581
623831
624259
624488
624695
624981
624998
625389
625744
626127
626271
626398
626518
626925
627100
627195
627374
627629
627782
628034
628298
628610
629029
629191
629393
629646
630071
630241
630447
630893
631000
631305
631394
631617
631813
632122
632671
633142
633204
633562
633812
633916
634211
634477
634682
634798
634869
635210
635483
635700
635881
636027
636202
636648
637032
637166
637489
637723
637833
638005
638282
638459
638612
638829
639008
639192
639225
639370
639460
639592
639939
640029
640316
640407
640564
640755
641001
641107
641438
641919
641974
642197
642335
642364
642477
642950
643026
643219
643402
643552
643660
643875
643998
644169
644574
644891
644951
645144
645395
645536
645795
645818
646003
646082
646321
646470
646549
646724
647048
647226
647532
647636
647817
648243
648525
648887
649288
649444
649641
649841
650015
650173
650492
650827
651298
651441
651697
651894
652089
652261
652443
652645
652935
653105
653379
653493
653716
654000
654243
654308
654650
654912
655005
655420
655698
655890
656004
656094
656219
656305
656537
656626
657002
657349
657578
657640
657856
658004
658290
658633
658864
659191
659695
659918
660049
660472
660748
660910
661183
661380
661634
661935
662060
662429
662830
663025
663081
663373
663607
663847
663985
664448
664597
664754
665009
665189
665210
665489
665682
665826
666057
666207
666413
666495
666790
666886
667049
667348
667474
667621
667989
668069
668258
668489
668739
669130
669358
669453
669618
669873
670047
670309
670505
670676
670815
670986
671077
671280
671574
671670
671803
671937
672225
672471
672626
672797
673622
673926
674106
674206
674425
674584
674813
675121
675347
675558
675732
675854
676040
676103
676510
676627
676878
677059
677246
677546
677705
677845
678001
678160
678199
678582
678741
679077
679389
679747
679957
680108
680367
680535
680774
680888
681104
681320
681507
681735
681904
682086
682385
682594
682866
683150
683306
683659
684010
684125
684294
684531
684568
684874
685016
685173
685411
685734
685906
686265
686419
686547
686716
686985
687101
687373
687568
687841
688036
688316
688392
688600
688858
688958
689060
689185
689302
689566
689851
689993
690162
690701
691063
691471
691919
692082
692180
692446
692728
692880
692905
693275
693459
693640
693771
694080
694250
694548
694718
694919
695028
695423
695701
695881
695962
696189
696343
696451
696703
697055
697261
697645
697668
697769
697844
698112
698254
698491
698611
698677
698986
699181
699343
699444
699649
699762
700069
700195
700317
700705
700854
701048
701082
701411
701610
701760
702038
702081
702342
702464
702653
702829
702853
703052
703198
703439
703593
703880
704078
704300
704453
704663
704744
704930
705214
705434
705521
705762
705846
705944
706128
706239
706382
706479
706670
706978
707151
707300
707631
707704
707844
708086
708383
708715
708895
709145
709228
709602
709744
709937
710129
710289
710516
710737
710993
711093
711239
711480
711557
711849
712010
712266
712481
712569
712713
712930
713086
713275
713413
713632
713829
714000
714125
714306
714578
714701
715102
715322
715623
715802
715954
716167
716322
716528
717121
717525
717629
718104
718217
718683
718827
718968
719081
720336
720482
720885
720945
721105
721302
721472
721758
721927
722084
722270
722418
722616
722890
723044
723178
723384
723694
723828
724086
724775
725555
725732
725887
726052
726614
726868
727034
727164
727491
727954
728171
728401
728661
728994
729188
729259
729506
729755
730172
730344
730637
730845
730993
731495
731753
731937
732149
732460
732626
732882
733247
733321
733612
733847
734088
734320
734382
734771
735193
735739
735857
736139
736354
736536
736807
736959
737256
737446
737773
737955
738220
738449
738734
738948
739154
739341
739719
739734
740094
740421
740646
740751
741182
741502
741761
741965
742066
742505
742620
742846
743089
743481
743855
744172
744376
744788
745204
745288
745466
745617
746216
746391
746570
746864
747108
747274
747432
747553
747689
748048
748229
748501
748708
748822
749074
749254
749439
749600
749907
750191
750277
750635
750768
751138
751254
751421
751701
751855
752229
752448
752786
752972
753333
753621
753901
754315
754649
754946
755196
755532
755765
755982
756159
756350
756529
756719
756930
757084
757182
757335
757482
757593
757734
757919
758110
758255
758407
758482
758931
759062
759325
759611
760480
760728
761026
761178
761433
761891
762056
762366
762448
762863
763137
763290
763708
763748
763987
764264
764442
764649
764892
765034
765657
765784
766294
766334
766613
766825
767209
767436
767641
767858
767916
768324
768459
768754
768922
769266
769463
769794
769928
770096
770339
770705
770855
771138
771332
771460
771691
771889
772194
772353
772470
772665
772988
773206
773426
773613
773893
774051
774167
774412
774523
774795
774965
775206
775670
776093
776518
776752
776967
777346
777506
777734
777986
778213
778389
778562
778767
779144
779306
779579
779697
779922
780103
780238
780563
780860
781416
781676
781750
782187
782352
782543
782733
782869
783067
783142
783400
783871
783972
784264
784364
784648
784801
785100
785323
785560
785682
785796
786082
786407
786636
786821
787066
787231
787352
787441
787709
787955
788238
788333
788469
788742
788978
789240
789331
789658
789844
790144
790444
790551
790835
791173
791330
791548
792290
792429
792669
792876
793232
793456
793522
793916
794103
794310
794482
794759
795034
795225
795354
795742
795991
796350
796487
796755
796992
797390
797526
798015
798266
798542
798810
799050
799315
799499
799863
800022
800452
800644
800772
800992
801291
801537
801755
801902
801998
802311
802396
802595
802717
803029
803445
803642
803811
804233
804845
805321
805375
805529
805784
805981
806438
806651
806757
807031
807237
807310
807617
807845
807964
808284
808341
808734
808947
809621
809837
810012
810149
810355
810556
810804
811063
811221
811518
811700
811919
812349
812698
812883
813239
813487
813542
813822
813975
814292
814553
814850
815071
815483
816018
816124
816261
816750
816802
817168
817374
817678
818186
818352
818548
818887
819033
819352
819619
819856
820045
820116
820471
820602
820822
821009
821333
821790
822145
822392
822704
822971
823376
823609
823924
824188
824444
824590
824951
825412
825582
825905
826208
826419
826892
827104
827264
827523
827720
827830
828128
828248
828589
828800
829133
829563
829722
830014
830218
830413
830560
830789
830939
831412
831529
831936
832316
832555
832911
833373
833480
833600
833722
833982
834244
834390
834766
834886
835283
835551
835801
835986
836342
836595
836884
837006
837644
837769
837984
838559
839235
839386
839554
839691
839751
839990
840268
840352
840536
840973
841320
841676
841876
842058
842233
842503
842712
843071
843209
843370
843645
844024
844318
844574
844609
844868
845293
845362
845588
845862
846097
846239
846389
846684
846911
847021
847274
847448
847617
847754
848037
848349
848615
848825
849001
849279
849568
849705
849978
850141
850245
850493
850767
851188
851373
851746
852056
852309
852740
853014
853483
853688
853797
853908
854344
854443
854648
854804
855053
855310
855459
855701
856415
856608
856749
857103
857325
857533
857697
857960
858123
858383
858691
858757
858950
859329
859435
859505
860516
860668
860970
862454
862596
862768
862929
863276
863469
863714
863880
864147
864419
864790
865120
865225
865491
865636
865821
866100
868069
869514
869906
870389
870812
871482
872374
872843
873200
873349
873945
874380
874547
874785
875289
875569
875882
876100
876261
876865
877138
877308
877913
878123
878303
878752
878828
879112
879325
879721
880400
880846
881297
881588
882300
882595
882941
883194
883477
883768
883987
884147
884738
885000
885341
885422
885691
886017
886314
886698
886829
887025
887500
887826
888088
888269
