174
891
1117
1481
1571
1733
1961
2294
2443
2593
2841
3274
3442
3917
4208
4285
4736
5143
5222
5463
5700
5933
6482
6674
6959
7194
7359
7556
8024
8085
8345
8612
8930
9074
9207
9457
9650
9803
9999
10231
10401
10563
10898
11285
11456
11826
12214
12383
12630
12842
12999
13133
13343
13533
13817
13962
14318
14518
14649
15015
15224
15618
15743
15995
16288
16490
16851
16982
17769
18498
18754
18876
19259
19375
19526
19804
20143
20473
20936
21122
21416
21707
21857
22118
22486
22677
22898
23082
23448
23627
24088
24293
24578
24815
24948
25268
25622
25866
26073
26323
26492
26638
26827
27112
27265
27396
27767
28043
28337
28565
28797
29095
29433
29721
29946
30173
30370
30574
30712
31010
31154
31326
31543
31693
31939
32375
32513
32794
32958
33325
33495
33735
33979
34326
34692
34828
35145
35334
35604
35786
35975
36211
36407
36676
36856
37074
37380
37539
37856
38106
38275
38666
38815
38996
39248
39502
39823
40090
40322
40508
40633
41044
41226
41528
41897
42234
42457
42854
42967
43183
43465
43833
43999
44296
44651
44981
45064
45263
45488
45943
46103
46312
46520
46912
47045
47399
47652
47867
48006
48867
49568
50158
50477
50660
51279
51455
51568
51834
52134
52337
52459
52570
52766
53057
53168
53597
53743
53973
54153
54303
54644
54887
55120
55378
55561
55860
56229
56372
56528
56651
56885
57088
57307
57758
57960
58277
58547
58746
59043
59288
59448
59694
59859
59996
60248
60599
60733
61018
61237
61484
61672
62038
62516
62710
62958
63090
63265
63438
63663
63851
63987
64110
64312
64527
64786
64984
65137
65564
65731
66017
66341
66420
66824
66966
67189
67399
67722
67897
68193
68577
68815
69006
69311
69472
69664
70082
70237
70398
70586
70917
71213
71632
72578
73019
73149
73590
73813
73928
74164
74308
74660
74908
75138
75372
75605
75788
76158
76326
76543
76704
76884
77004
77227
77320
77700
77868
78103
78391
78602
79004
79168
79459
79628
79937
80102
80385
80592
80868
81021
81222
81390
81658
81811
82246
82374
82569
82922
83125
83304
83596
83703
83866
84122
84187
84357
84585
84782
84944
85173
85329
85570
85703
85894
86093
86334
86647
86972
87141
87254
87453
87675
87757
88190
88469
89504
89623
89788
90032
90575
91055
91430
91590
91897
92015
92268
92416
92533
92806
92892
93288
93488
93687
93861
94187
94419
94609
94744
94885
95112
95613
95769
96199
96628
96713
96925
97103
97480
97728
98027
98205
98374
98504
98707
98906
99123
99347
99579
99765
100048
100158
100364
100632
100853
101111
101252
101588
101746
101970
102226
102350
102725
102908
103011
103266
103491
103628
103787
104011
104263
104440
104628
104760
104974
105448
105639
105853
106093
106357
106640
106779
106951
107055
107222
107553
107915
108086
108233
108527
108711
109040
109210
109513
109678
109926
110202
110428
110606
110780
111020
111390
111642
112117
112394
112600
112785
112954
113137
113350
113529
113853
114032
114427
114654
114963
115127
115418
115608
115810
115955
116205
116379
116728
117045
117198
117571
117765
117869
118200
118452
118767
118925
119322
119556
119728
119841
120105
120416
121959
121994
122314
122767
123454
123579
123787
124161
124590
124874
125206
125496
125817
126037
126335
126606
126818
127026
127235
127828
128014
128177
128670
129063
129666
129855
130108
130295
130781
131121
131540
131908
132167
132428
132551
132813
133140
133352
133472
133843
134076
134251
134434
134694
134932
135229
136112
137371
137716
137949
138139
138486
138681
139028
139160
139530
139694
140053
140279
140594
140800
140904
141121
141277
141491
141851
142075
142206
142433
142846
143130
143389
143740
143867
144052
144317
144449
144566
144709
145138
145285
145434
145496
145819
146048
146259
146458
146845
147025
147360
147529
147660
148025
148331
148507
148899
149239
149419
149640
149810
150084
150316
150409
150679
150881
151014
151241
151414
151670
151744
151891
152239
152836
153046
153297
153483
153835
153998
154278
154497
155307
155497
155692
156022
156191
156545
156654
156775
157029
157320
157543
157752
158083
158150
158905
159232
159367
159677
159942
160153
160383
160611
160701
160995
161340
161505
161793
162145
162539
162960
163480
163778
163915
164312
164571
164820
164942
165194
165435
166028
166188
166649
166866
167025
167761
168093
168339
168700
169051
169240
169365
169539
169808
169983
170209
170977
171185
171886
172167
172311
172441
172768
172936
173073
173386
173829
174195
174580
174687
174856
175157
175463
175931
176210
176483
176621
176973
177403
177528
177748
178187
178375
178638
178952
179462
179706
179878
180293
180581
180809
181168
181236
181460
181822
182107
182305
182722
182889
183265
183421
183539
183796
184004
184293
184605
184823
184996
185596
185858
186238
186487
186757
187122
187450
187655
187940
188175
188445
188639
188822
188876
189411
189462
189695
190050
190202
190506
190796
191058
191381
191472
191787
192130
192474
192675
192832
193034
193358
193471
193730
193946
194360
194581
194893
195157
195362
195535
196327
196585
196687
196853
197131
197433
197583
197720
197901
198192
198380
198670
198872
199225
199412
199748
200036
200490
200789
201242
201393
201586
201872
202253
202394
202510
202945
203133
203503
203746
203994
204504
204919
205304
205481
205771
206064
206406
206758
207116
207378
207830
208192
208372
208680
208872
209051
209373
209694
209964
210195
210754
211122
211411
211558
211945
212119
212296
212626
212904
213057
213277
213479
213729
213926
214131
214448
214608
215006
215508
215693
215922
216099
216230
216404
216775
216885
217537
217701
218093
218272
218447
218789
218965
219167
219483
219673
220032
220232
220474
220783
220935
221161
221428
221646
221952
222180
222560
222911
223221
223558
223710
224084
224224
224467
224620
225000
225158
225352
225673
225970
226289
226538
226784
227027
227309
227538
227673
227973
228171
228260
228593
228924
229158
229414
229750
230004
230163
230598
230823
231011
231142
231400
231615
231787
232140
232460
232763
233148
233302
233483
233988
234139
234359
234662
235082
235185
235312
235571
235791
235832
236114
236481
236885
237290
237491
237635
238125
238518
238690
238969
239234
239488
239818
240037
240204
240387
240624
240839
241137
241475
241659
242105
242346
242568
242825
243247
243531
243739
244009
244260
244434
244520
245000
245160
245635
245865
246002
246280
246568
246908
247067
247260
247550
247851
248017
248260
248624
248833
249068
249275
249420
249660
249841
250081
250378
250858
251086
251163
251540
251955
252316
252503
252977
253049
253210
253389
253730
253967
254060
254576
254958
255085
255704
256037
256395
256607
256897
257273
257634
257864
258111
258460
258780
258953
259295
259701
260006
260290
260644
260905
261116
261337
261583
261884
262204
262387
262527
262747
262910
263221
263692
264111
264263
264434
264746
264893
265171
265423
265619
265893
266202
266334
266839
266926
267196
267560
267738
268069
268428
268549
268720
269056
269236
269453
269676
269967
270221
270424
270765
270935
271443
271658
272055
272237
272479
272631
272997
273196
273269
273519
273859
274168
274555
274775
274935
275260
275556
275901
276211
276459
276605
276838
277155
277423
277557
277753
278131
278269
278743
279013
279190
279427
279683
279923
280048
280372
280698
280809
281107
281286
281487
281739
282142
282354
282641
282846
283113
283381
283826
284145
284450
284740
284979
285247
285490
285594
285719
285884
286262
286491
286706
286965
287287
287615
288087
288252
288513
288681
289113
289349
289581
289866
290003
290365
290662
290889
291203
291356
291733
291884
292139
292386
292425
292697
292895
293016
293183
293505
293839
294200
294340
294573
294768
294969
295454
295632
295821
296293
296618
296850
297205
297387
297632
297719
297978
298349
298653
298833
299121
299262
299399
299557
300009
300251
300524
300690
301000
301139
301293
301703
301881
302484
302707
302886
303034
303259
303410
303581
303671
303806
304054
304237
304605
304935
305153
305451
305598
305793
305967
306127
306489
306803
306908
307175
307480
307768
308202
308283
308868
309077
309304
309442
310485
310693
311237
311328
311546
311808
311968
312413
312681
312825
313141
313300
313586
313771
314276
314664
315048
315287
315467
315621
315822
316036
316146
316308
316453
316655
317374
317683
317775
317926
318365
318928
319084
319809
319990
320459
321257
321516
321837
322299
322567
322777
323118
323461
323700
323892
324112
324574
324914
325160
325377
325659
326251
326459
326788
327032
327227
327454
327605
328120
328421
328623
328944
329338
329847
329957
330225
330577
330956
331092
331459
331695
331845
332246
333147
333588
334524
334687
334838
335066
335355
335651
336136
336336
336659
337404
337527
337800
338097
338303
338953
339100
339384
339828
340290
340709
341040
341298
341599
341779
342169
342455
342658
343258
343479
343830
344032
344252
344595
345138
345372
345857
345921
346086
346216
346427
347108
347172
347368
347554
347740
348145
348403
348714
348943
349379
349823
350587
350833
351082
351242
351471
351641
351862
352119
352221
352665
352851
353146
353414
353739
353985
354261
354650
355033
355182
355562
355957
356304
356809
357157
357426
358172
358426
358593
358930
359117
359598
359731
360031
360224
360350
360724
361058
361264
361575
361652
362103
362360
362725
362975
363257
363592
363770
363818
364104
364258
364547
364772
364852
365197
365450
365629
365810
366036
366332
366524
366854
367155
367418
367714
367934
368075
368234
368660
368882
368967
369184
369523
369873
369936
370155
370408
370653
371040
371328
371728
371984
372122
372356
372509
372804
372926
373065
373286
373490
373592
373947
374178
374404
374571
374923
375220
375477
375726
376009
376215
376750
377224
377595
377792
377940
378113
378362
378664
379278
379646
379949
380068
380386
380585
380859
381131
381482
381581
381824
381991
382364
382543
382690
382939
383099
383290
383508
383699
383890
384103
384272
384380
384597
384711
384837
385001
385185
385412
385644
385851
385989
386296
386469
386734
386956
387224
387409
387568
387900
388236
388494
388725
389233
389620
389820
390067
390399
390586
390767
391350
391550
391965
392560
393164
393474
393736
393974
394155
394338
394585
394852
395009
395266
395409
395613
395849
396049
396209
396406
396698
396865
397221
397520
397699
397899
398128
398271
398574
398650
398842
399104
399333
399532
399730
399999
400135
400346
400492
400864
401145
401360
401576
401956
402128
402352
402597
402719
402941
403211
403450
403602
403772
404010
404198
404518
404710
405011
405315
405452
405728
406215
406375
407012
407345
407444
407614
407749
408073
408199
408379
408674
408881
409111
409498
409663
409874
410037
410391
410605
410803
411000
411138
411270
411539
411623
411732
411899
412403
412704
412974
413160
413346
413549
413687
413853
414055
414186
414533
414640
414809
414945
415076
415336
415558
415772
415936
416181
416325
416500
416610
417017
417325
417646
417792
418004
418126
418438
418619
418808
419036
419117
419388
419614
419717
419960
420142
420310
420669
420826
421118
421338
421521
421799
421959
422255
422428
422655
422933
423130
423384
423526
423771
423925
424312
424395
424748
425070
425212
425349
425567
425996
426608
427168
427332
427578
427890
430542
430782
430909
431285
431501
431832
432032
432270
433030
433232
433576
433928
434193
434415
434906
435100
435401
435647
436050
436253
436448
436691
436837
437204
437360
437596
437951
438220
438313
438481
438714
439826
440130
440846
441826
442208
442597
442888
443450
443659
444412
444637
444960
445152
445642
445962
446211
446451
447053
447490
448538
448751
449372
450356
450613
451044
451626
452517
453066
453180
453509
453756
454275
454532
454775
455119
455344
455533
455865
456110
456577
457050
457258
457555
457782
458015
458375
458652
458954
459112
459347
459625
459903
460304
460452
460855
460926
461262
461489
461733
462158
462444
462716
462935
463418
463642
463917
464119
464739
465322
465469
465711
466136
466598
466761
466982
467265
467307
467626
468026
468352
468654
468915
469312
469534
470121
470374
470669
471013
471166
471629
471834
471905
472164
472438
472739
472972
473181
473463
473765
474041
474284
474936
475297
475605
475833
476208
476551
477092
477429
477833
478217
478505
478770
479016
479244
479413
479636
479778
480897
481297
481575
481746
482241
482442
482915
483138
483298
483692
484288
484695
485005
485251
485439
485683
485817
486317
486587
486992
487276
487451
487827
488122
488450
488767
489096
489524
489800
490141
490660
490848
491038
491416
491723
491897
492098
492319
492552
492807
492950
493296
493522
493861
494228
494525
494910
495400
495836
496081
496250
496655
496715
497917
498068
498222
498433
498534
499008
499417
499974
500373
500637
500789
501133
501428
501500
501803
502156
502250
502565
502838
503065
503353
503665
503941
504235
504342
504699
504964
505124
505462
505795
505940
506171
506450
506649
507034
507248
507554
507774
508048
508356
508504
508909
509335
509529
509697
509854
510215
510526
510681
511357
511665
511881
512220
512395
512626
512907
513051
513405
513750
513866
514006
514302
514549
514861
515117
515378
515711
516060
516307
516559
517034
517264
517566
517815
518035
518339
518572
518897
519334
519624
520014
520579
520630
521035
521308
521431
521684
522032
522311
522462
522645
522989
523365
523566
523766
524149
524426
524676
524768
524965
525283
525884
526830
527227
527466
527581
527827
528043
528199
528425
528666
528922
529135
529330
529515
529657
530021
530253
530426
530560
530900
531202
531344
531475
531730
532025
532104
532294
532649
532754
533108
533302
533483
533726
533817
534023
534409
534560
535887
536061
536172
536650
536734
536974
537221
537586
537796
538084
538450
538750
539289
539635
539975
540156
540354
540600
540904
541088
541278
541461
541781
542213
542846
543127
543378
543989
544236
544583
544801
544993
545129
545389
546333
546594
546857
547030
547196
547287
547553
547829
548092
548236
548429
548604
548857
548973
549263
549404
549732
549889
550250
550346
550519
550744
550925
551209
551465
551618
551839
551923
552019
552311
552362
553072
553276
553619
553839
554503
554635
555025
555225
555458
555655
556076
556228
556299
556498
556739
556920
557058
557354
557829
557988
558293
558565
558792
559125
559355
559582
559826
560039
560258
560639
560967
561286
561413
561766
562192
562425
562564
563063
563360
563544
563605
564093
564314
564493
564744
564972
565144
565542
565948
566130
566304
566611
567290
567704
567932
568177
568322
568473
568820
569046
569263
569767
569882
570149
570606
570727
570949
571467
571646
571868
572145
572404
572597
573090
573463
573785
573969
574156
574745
574896
575273
575811
576300
576660
576809
577136
577660
577861
578068
578240
578557
578824
579055
579284
579514
579845
580143
580461
580951
581100
581358
581499
581719
581934
582328
582570
582760
583089
583279
583763
584062
584395
584626
584864
585593
585646
585812
585926
586179
586460
586676
587011
587110
587302
587425
587636
587753
587947
588087
588244
588460
588757
589029
589292
589543
589680
589889
590118
590334
590585
590782
590924
591126
591552
591723
592045
592199
592504
592782
593002
593168
593339
593503
593617
593945
594232
594332
594454
594587
594743
594924
595097
595307
595479
595620
595762
595852
596030
596168
596314
596513
596608
596777
596972
597096
597342
597528
597810
597956
598175
598424
598755
598949
599112
599425
599599
599855
599984
600125
600378
600535
600707
600809
601075
601253
601474
601780
601937
602103
602458
602645
602826
602917
603180
603301
603688
603870
604074
604267
604471
604637
604880
605117
605201
605451
605604
605859
606061
606261
606480
606568
606799
606937
607221
607740
608070
608328
608541
608747
608919
608986
609250
609601
609813
610080
610320
610468
610686
610992
611422
611559
611817
611973
612350
612540
612675
612930
613062
613311
613518
613985
614319
614523
614908
615171
615373
615744
615866
616076
616209
616372
616531
616687
616928
617272
617338
617675
617891
618226
618409
618560
618940
619096
619272
619462
619546
619728
620032
620194
620455
620841
621096
621305
621536
621837
621936
622188
622400
622904
623049
623294
623545
623740
623968
624391
624752
624821
625142
625254
625506
625684
625962
626273
626460
626695
627035
627338
627647
627829
628196
628361
628526
628748
628948
629047
629203
629381
629529
629802
630006
630516
630857
631065
631145
631433
631522
631708
631897
632195
632869
633382
633720
633899
634124
634221
634653
634940
635542
635816
636202
636485
636969
637275
637443
637611
637906
638056
638156
638520
638709
638970
639191
639372
639530
639675
639928
640202
640389
640571
640724
640913
641242
641470
641747
641921
642052
642279
642490
642679
643025
643429
643569
643722
644087
644320
644575
645161
645262
645947
646110
646261
646623
646763
647047
647502
647691
647900
648202
648369
648589
648797
649023
649231
649440
649618
649837
650017
650254
650441
650772
650913
651260
651460
651557
652276
652772
652848
653920
654067
654221
654647
654868
655028
655175
655662
655830
656236
656577
656871
657146
657332
657526
657924
658028
658440
658672
658927
659335
659543
659821
659941
660157
660531
660759
661054
661301
661626
662094
662509
662777
663059
663242
663394
663711
664013
664315
664379
664713
664977
665355
665564
665789
666110
666362
666606
666870
667083
667225
667517
667859
668063
668236
668689
668906
669067
669272
669503
669711
669828
669971
670268
670510
670680
670963
671390
671827
672325
672516
672863
673139
673430
673670
673954
674320
674726
675029
675233
675421
675684
675887
676234
676539
676960
677234
677526
677897
678378
678921
679123
679424
679554
679902
680085
680200
680631
680918
681226
681521
681735
681856
682078
682248
682615
682957
683513
683878
684043
684277
684387
684676
684926
685264
685576
685826
686157
686326
686635
686774
686913
687161
687276
687569
687891
688126
688369
688594
688782
689020
689285
689471
689838
690232
690350
690557
690786
691038
691224
691592
691699
692107
692398
692632
692888
693011
693309
693547
693702
693907
694269
694332
694618
695032
695291
695693
696119
696348
696508
696786
697190
697352
697790
697941
698244
698505
698727
698925
699161
699457
699692
699929
700224
700420
700648
701214
701291
701688
702211
702491
702949
703208
703445
703761
703808
704229
704614
705027
705201
705358
705508
705945
706150
706275
706484
706769
706952
707234
707528
707870
708319
708511
708743
709026
709481
709681
709917
710393
710530
710865
710984
711237
711463
711802
712381
712882
712974
713362
713642
713776
714101
714397
714632
714778
714879
715250
715553
715800
716011
716187
716392
716868
717282
717446
717799
718063
718203
718405
718712
718919
719102
719349
719558
719772
719835
720010
720130
720292
720669
720789
721106
721227
721414
721635
721911
722047
722408
722919
723004
723257
723425
723484
723627
724130
724236
724459
724672
724852
724990
725235
725388
725589
726024
726371
726461
726684
726965
727136
727425
727478
727693
727802
728071
728250
728359
728564
728918
729126
729462
729596
729807
730263
730575
730967
731398
731584
731811
732041
732245
732433
732782
733147
733648
733821
734107
734334
734559
734761
734973
735205
735525
735725
736029
736173
736426
736740
737013
737108
737480
737772
737895
738340
738648
738870
739014
739134
739289
739405
739667
739786
740192
740569
740828
740920
741166
741344
741660
742033
742294
742651
743185
743438
743599
744052
744358
744550
744853
745080
745364
745695
745850
746249
746680
746905
746991
747313
747577
747847
748015
748508
748687
748874
749159
749369
749420
749729
749952
750126
750387
750567
750803
750915
751240
751366
751559
751888
752044
752221
752619
752729
752948
753209
753489
753910
754168
754293
754488
754773
754977
755269
755495
755696
755865
756066
756187
756420
756744
756870
757033
757197
757515
757791
757976
758177
759032
759366
759576
759706
759955
760144
760403
760741
760997
761238
761442
761594
761810
761903
762340
762487
762768
762979
763196
763526
763715
763885
764071
764260
764329
764742
764931
765297
765639
766027
766267
766448
766737
766935
767204
767348
767594
767840
768057
768315
768514
768726
769055
769294
769596
769910
770096
770479
770860
771005
771204
771471
771538
771874
772046
772233
772501
772854
773056
773445
773629
773787
773986
774285
774431
774733
774958
775261
775486
775796
775902
776140
776428
776558
776690
776845
776992
777286
777601
777773
777972
778541
778933
779371
779849
780042
780170
780466
780778
780960
781015
781415
781629
781840
782001
782340
782540
782868
783068
783299
783438
783863
784171
784381
784492
784749
784933
785071
785353
785735
785971
786385
786438
786569
786674
786972
787144
787411
787561
787657
787996
788221
788413
788544
788779
788922
789259
789415
789567
789985
790164
790388
790452
790811
791040
791220
791528
791601
791892
792044
792263
792469
792523
792752
792928
793199
793383
793700
793928
794180
794363
794603
794714
794930
795244
795494
795611
795882
795996
796124
796338
796479
796652
796779
797000
797338
797541
797720
798081
798184
798354
798626
798953
799315
799525
799805
799918
800322
800494
800717
800939
801129
801386
801637
801923
802053
802229
802500
802607
802929
803120
803406
803651
803769
803943
804190
804376
804595
804763
805012
805239
805440
805595
805806
806108
806261
806692
806942
807273
807482
807664
807907
808092
808328
808951
809385
809519
810024
810167
810663
810837
811008
811151
812436
812612
813045
813135
813325
813552
813752
814068
814267
814454
814670
814848
815076
815380
815564
815728
815964
816304
816468
816756
817475
818285
818492
818677
818872
819464
819748
819944
820104
820461
820954
821201
821461
821751
822114
822338
822439
822716
822995
823442
823644
823967
824205
824383
824915
825203
825417
825659
826000
826196
826482
826877
826981
827302
827567
827838
828100
828192
828611
829063
829639
829787
830099
830344
830556
830857
831039
831366
831586
831943
832155
832450
832709
833024
833268
833504
833721
834129
834174
834564
834921
835176
835311
835772
836122
836411
836645
836776
837245
837390
837646
837919
838341
838745
839092
839326
839768
840214
840328
840536
840717
841346
841551
841760
842084
842358
842554
842742
842893
843059
843448
843659
843961
844198
844342
844624
844834
845049
845240
845577
845891
846007
846395
846558
846958
847104
847301
847611
847795
848199
848448
848816
849032
849423
849741
850051
850495
850859
851186
851466
851832
852095
852342
852549
852770
852979
853199
853440
853624
853752
853935
854112
854253
854424
854639
854860
855035
855217
855322
855801
855962
856255
856571
857470
857748
858076
858258
858543
859031
859226
859566
859678
860123
860427
860610
861058
861128
861397
861704
861912
862149
862422
862594
863247
863404
863944
864014
864323
864565
864979
865236
865471
865718
865806
866244
866409
866734
866932
867306
867533
867894
868058
868256
868529
868925
869105
869418
869642
869800
870061
870289
870624
870813
870960
871185
871538
871786
872036
872253
872563
872751
872897
873172
873313
873615
873815
874086
874580
875033
875488
875752
875997
876406
876596
876854
877136
877393
877599
877802
878037
878444
878636
878939
879087
879342
879553
879718
880073
880400
880986
881276
881380
881847
882042
882263
882483
882649
882877
882982
883270
883771
883902
884224
884354
884668
884851
885180
885433
885700
885852
885996
886312
886667
886926
887141
887416
887611
887762
887881
888179
888455
888768
888893
889059
889362
889628
889920
890041
890398
890614
890944
891274
891411
891725
892093
892280
892528
893300
893469
893739
893976
894362
894616
894712
895136
895353
895590
895792
896099
896404
896625
896784
897202
897481
897870
898037
898335
898602
899030
899196
899715
899996
900302
900600
900870
901165
901379
901773
901962
902422
902644
902802
903052
903381
903657
903905
904082
904208
904551
904666
904895
905047
905389
905835
906062
906261
906713
907355
907861
907945
908129
908414
908641
909128
909371
909507
909811
910047
910150
910487
910745
910894
911244
911331
911754
911997
912701
912947
913152
913319
913555
913786
914064
914353
914541
914868
915080
915329
915789
916168
916383
916769
917047
917132
917442
917625
917972
918263
918590
918841
919283
919848
919984
920151
920670
920752
921148
921384
921718
922256
922452
922678
923047
923223
923572
923869
924136
924355
924456
924841
925002
925252
925469
925823
926310
926695
926972
927314
927611
928046
928309
928654
928948
929234
929410
929801
930292
930492
930845
931178
931419
931922
932164
932354
932643
932870
933010
933338
933488
933859
934100
934463
934923
935112
935434
935668
935893
936070
936329
936509
937012
937159
937596
938006
938275
938661
939153
939290
939440
939592
939882
940174
940350
940756
940906
941333
941631
941911
942126
942512
942795
943114
943266
943934
944089
944334
944939
945645
945826
946024
946191
946281
946550
946858
946972
947186
947653
948030
948416
948646
948858
949063
949363
949602
949991
950159
950350
950655
951064
951388
951674
951739
952028
952483
952582
952838
953142
953407
953579
953759
954084
954341
954481
954764
954968
955167
955334
955647
955989
956285
956525
956731
957039
957358
957525
957828
958021
958155
958433
958737
959188
959403
959806
960146
960429
960890
961194
961693
961928
962067
962208
962674
962803
963038
963224
963503
963790
963969
964241
964985
965208
965379
965763
966015
966253
966447
966740
966933
967223
967561
967657
967880
968289
968425
968525
969566
969748
970080
971594
971766
971968
972159
972536
972759
973034
973230
973527
973829
974230
974590
974725
975021
975196
975411
975720
977719
979194
979616
980129
980582
981282
982204
982703
983090
983269
983895
984360
984557
984825
985359
985669
986012
986260
986451
987085
987388
987588
988223
988463
988673
989152
989258
989572
989815
990241
990950
991426
991907
992228
992970
993295
993671
993954
994267
994588
994837
995027
995648
995940
996311
996422
996721
997077
997404
997818
997979
998205
998710
999066
999358
999569
