260
1124
2180
3141
3796
5654
7484
11494
15520
16734
17573
18681
19669
21645
23583
25287
27104
30965
31725
32809
34678
35290
38181
40304
48639
54838
56343
58183
60031
69658
72043
72802
73972
75667
77441
80918
87916
89009
89740
90376
91241
91881
94082
95320
95865
96748
97402
99429
114142
115129
118683
119356
120526
124695
135117
136016
137821
138694
139363
139979
154509
155131
155694
157113
157672
159006
159873
160852
163273
164050
170007
170680
172084
172856
175503
201309
202112
204689
206725
234086
234985
235672
236184
236960
238523
239983
240586
241555
250588
264435
264967
301075
303475
304044
308509
309037
311261
312309
314423
314938
315741
317970
329615
331082
332698
336166
336770
340273
346581
347802
348363
349193
350310
355945
356845
357473
358496
389571
390399
391448
392336
393375
394112
394628
396410
397205
399189
401485
411235
413374
414187
415550
416058
416755
418398
422129
424890
426970
434385
436684
439034
439645
447751
448748
453125
453953
454976
457013
458802
464080
465485
466114
467328
468194
468849
469819
470404
472410
474305
480774
481788
482730
483771
484750
485490
486294
487151
495355
497107
497993
498893
499408
500684
501592
502552
505120
511813
512822
513400
515464
525953
535749
536369
537164
538274
539697
546347
550845
552889
553779
554650
555257
556033
557720
558516
563224
566263
567356
568334
569059
584469
586260
586898
588432
591047
591808
592556
593158
595058
601907
605689
607576
608233
609979
611490
615106
620541
628167
629836
631356
632515
633536
635030
635738
636519
637471
638825
639691
640319
641373
642249
643207
645186
646067
647010
647768
650059
652874
653466
654253
654918
655485
659145
661147
661863
663575
664413
665314
666323
671272
671997
672520
673875
675105
676014
676844
689843
691215
693233
695975
701690
702528
703359
704686
705489
706343
707088
707638
708465
709325
711902
712597
713161
714453
715484
716313
720325
721511
723548
724350
725486
726394
728334
729470
730872
731497
732162
736065
738438
739517
740063
740800
742041
742984
756857
758333
758928
759619
760386
762815
777952
778715
779353
780112
782970
786209
803673
809558
810487
810995
811953
812602
813265
813817
814724
816119
820726
822657
826640
831428
839002
842506
843815
845655
846472
848236
850853
851555
857156
857720
858282
863503
864158
865302
867622
868529
870172
871001
881930
882926
883473
884413
891024
893297
897088
908891
912218
914375
922319
923112
924029
927953
948298
950796
954858
955548
958659
961342
962188
965665
967566
973117
974078
975703
981093
984499
988537
990099
990876
991646
992786
994005
994560
995884
997551
998058
