796
2739
4133
4840
5172
8539
8732
9592
9895
10993
12178
12874
13886
14416
15945
17209
17421
17805
18584
19532
19714
22608
23303
23696
24790
25031
25210
25736
26287
26673
29007
29237
29572
29731
30248
30340
30440
30732
31005
31233
31336
32101
32512
32802
33603
33912
34001
34415
35779
36154
36421
38062
38457
39538
39998
40141
41102
43229
48630
48856
49043
50282
50535
53614
54749
56801
57586
59617
59990
60138
61491
62991
63545
65725
67662
69586
70152
71463
71561
71709
71879
72186
72245
72558
72743
73018
73258
73388
73686
74112
74233
74511
74852
75017
75486
76202
76617
77254
78418
79474
80614
81878
82292
82860
82979
83541
83645
83717
83887
83931
84129
84623
84689
85178
85713
86379
86676
86819
86941
86981
87272
87377
87440
87526
87605
87670
87704
87828
87898
88000
88634
88783
89740
90093
90710
90761
91708
92236
92582
92736
93290
94200
94385
94697
95373
95858
96125
100773
106333
109431
109494
111368
115938
116403
117643
120134
120394
125332
127697
128007
130132
130974
131997
132686
135572
145312
146667
147071
148069
148520
148572
148621
149210
149809
150366
150694
151090
151168
151589
151674
152379
152569
152750
152932
153686
153921
154063
154593
155041
155168
155242
155866
156339
156701
157260
157624
157942
158257
159407
160952
162092
162915
163126
163808
164776
165599
166727
172155
173720
175207
176297
176936
179762
181609
185284
187049
190133
191303
193206
193849
196051
198194
198591
199476
203947
206181
206915
208059
208614
210359
211762
212011
212496
214355
215311
215412
217729
217876
218850
221472
223788
224336
224677
225709
227391
227478
227701
228736
228931
229201
229317
229635
230452
230492
230862
230970
231442
231686
232389
233069
233609
234226
235020
236383
236781
236925
239705
239868
240492
242134
242269
242846
243056
243165
244276
244338
244458
247410
251315
251497
252288
256065
257382
259690
262978
263694
264667
265311
266255
266638
266851
267597
269556
273295
274049
274307
278284
281474
282004
283943
284427
284556
284783
285289
288563
291558
291641
294078
294211
294392
294781
295412
295896
296821
299584
301564
304491
305473
305788
306381
306550
306867
308523
308820
308968
311114
311295
313484
317304
317934
318522
318730
320674
321019
324326
326876
326971
327291
327542
327735
327912
327999
328038
328342
329013
329305
329615
329720
329893
330539
331275
331406
331613
332179
332458
333157
333453
333995
335522
335674
336079
336221
337688
337894
338296
338549
338778
338922
339303
339496
339629
339760
339825
340045
340908
341327
341722
341971
342219
342350
342590
343035
343228
343302
343538
343617
344344
344430
344680
344922
345042
345233
345434
346035
346476
346518
346688
347040
347151
347506
347701
348169
348447
348909
349420
349803
350114
350508
351335
351396
352099
352939
353058
354017
355109
355491
355580
355632
355752
355950
356344
356547
356908
357104
357465
357698
358028
358186
358497
358661
358883
358941
359285
359344
359449
359664
359873
360013
360050
360336
360438
360578
360911
360980
361087
361559
361969
362093
362130
362254
362682
362939
362996
363092
363123
363408
363526
364084
364185
364424
364822
364970
365025
365347
365416
365512
366004
367096
367615
367718
367786
368215
368415
368659
369173
369502
369605
369690
370537
371049
371279
371423
371848
372642
373298
374090
374462
374693
374794
375313
375894
376321
376457
376581
376704
377052
377629
378006
378448
381451
386781
389779
390212
393283
393386
394079
396683
399066
399860
401019
403216
403938
404468
404717
406108
407587
407987
409067
410820
410988
411308
413133
413269
413504
413826
414327
416647
417995
419358
421815
426195
426855
428426
429332
429608
429734
430830
431279
432109
434632
436029
436420
436671
445243
449122
449685
450442
450664
453908
455248
456092
456993
457209
457649
458005
458396
458538
459964
460136
460658
460848
461789
462458
462671
462839
463644
463888
464013
464218
464444
464765
465150
465271
465740
466122
466452
466555
466621
466686
466895
467209
467820
468086
468457
468767
468856
470060
470215
470315
470431
470747
471582
472246
472814
473258
473349
473541
474735
475745
476077
477120
478297
479312
479714
479866
480400
480798
481123
481621
481718
482346
483372
483567
483938
485516
491704
492545
493195
495158
495384
496679
496889
497407
498000
498092
499093
499526
499746
500320
500510
500752
501441
501522
501721
501791
501913
502593
502723
503422
504147
504343
504649
504915
505351
506640
507268
507313
507734
507794
507835
507902
507958
508087
509416
509582
510504
510659
511238
512425
514445
516001
516037
516538
516811
517293
517379
517781
518360
518686
518763
518883
518936
519034
519351
519470
519916
520254
520317
520431
520557
520706
520821
520894
521341
521433
521515
522591
523125
523191
524808
525525
526380
528466
536210
536796
537439
539255
540771
541942
542414
542907
543992
544218
544430
544767
545897
547269
547931
549332
549403
550142
551232
552587
553718
555927
557684
558720
558797
558875
560217
560391
560823
561716
561884
564904
565302
566145
566864
567391
567872
570305
570442
571675
572057
573185
573262
573672
573933
575360
576298
578876
579276
579677
580100
581460
581536
582219
582273
583866
584069
584134
585713
586635
586762
587508
588442
589646
590099
590440
590900
591589
593385
593584
593691
593795
593855
594846
594974
595513
596469
598969
599609
600075
600741
602976
603314
605274
606175
606725
607146
607585
607762
607845
608067
608205
609588
610049
610584
610809
611907
612070
612644
613326
613379
613764
614147
614625
614890
615468
616524
617459
618817
618922
619806
621793
622803
622945
623196
623652
624822
626275
626845
628132
628531
629653
629843
630771
630921
631988
632094
634187
634408
636228
637760
638269
638515
639350
640498
640682
640782
640967
641780
642304
643190
643480
643562
643859
644242
644358
645636
645951
646287
646434
646576
646776
648526
649674
649856
650661
650995
651865
653074
654784
656313
656703
658640
659468
660472
660880
661378
663582
664829
665282
665409
665811
666253
666293
666671
667152
667717
668118
668654
670029
671291
672365
673229
673624
674722
676644
676957
677272
678022
678785
679160
679710
679859
681301
681400
682053
682793
682972
683575
684679
685198
685752
686233
687075
688212
688950
690393
692385
693769
693997
694936
696305
696630
696790
697215
697376
698905
699104
700779
701173
701847
702432
703066
703368
704121
704707
706682
708039
708121
709303
709617
709819
710919
712122
712411
712549
712708
715241
715408
715753
716643
716739
717011
717329
717515
718010
718536
719132
719280
719979
720404
721520
721997
722930
723178
725445
726005
726910
727165
727522
727664
727871
728282
728588
729974
730057
734951
735203
735465
736022
736201
736253
736632
736746
737226
737361
737807
738178
738533
738855
738989
739828
740555
740859
741411
741693
742100
742643
742825
743052
743217
743632
745060
745207
745321
745367
747239
747359
747424
747618
747793
747936
748558
749231
749480
749587
750291
750774
750842
751012
751240
751881
752943
753148
753196
753668
753770
755345
755854
756166
756344
757170
758306
758486
758600
758828
759034
759206
759819
760874
761739
762758
763597
763760
763962
764323
764730
765040
765644
766288
766749
767034
767207
767334
767502
768665
770038
770657
771322
772130
772229
772453
772640
773492
774551
774748
774839
774931
775006
776643
777259
777405
777498
777555
777814
778287
778428
778504
778692
779821
779917
780337
780822
781094
781916
782563
782659
783252
783380
783726
783957
784619
785740
785866
786685
787336
788582
790629
790944
791058
791243
791596
793475
794202
794566
795481
795586
796129
796825
797385
797841
799416
800162
800959
801523
801724
801978
802157
802441
802536
802690
803023
803174
804004
804275
804427
805203
806138
806200
806549
806765
807045
807532
808875
809066
809146
809781
813247
813937
814197
814240
814542
814700
815118
815348
815575
815998
816256
816561
816992
817092
817140
817455
817516
817676
818198
818562
818696
818795
819435
819589
819633
819820
820002
820449
821021
821362
821534
821867
822004
822264
822520
822561
822999
823199
823349
823587
823696
823749
823921
824103
825115
825285
825443
825589
825918
826157
826356
826604
827694
828490
828627
828737
828961
829222
830515
830871
831207
831349
831676
831782
831934
833166
833859
834015
834572
834828
837375
837425
837890
838009
838843
838912
838973
839025
839109
839225
839510
839672
839920
840000
840074
840163
840235
840326
840861
840978
841490
841955
842449
843296
844122
844647
845337
848902
849060
852352
852750
852866
853655
854418
854491
854762
854954
855105
855243
855336
855479
855519
855605
855709
856009
856115
856543
856614
857151
857330
857498
857655
857726
858003
858431
858465
858629
859014
859552
860039
860303
860378
860525
860833
860903
861499
861640
861779
861952
862928
863366
863644
863874
864136
864212
865794
865943
866338
866754
867466
868286
868868
869347
869625
869862
870799
871650
872136
872759
873275
874341
875646
877410
878389
878729
879357
879863
880355
881324
881614
882605
883291
883841
883935
884395
884616
885167
886600
887757
887816
888408
889484
890205
890694
891614
893129
893873
895416
895566
896144
896477
896811
897230
898131
898407
898699
898826
899284
901118
901315
901748
903701
904221
905488
907687
908219
908454
909007
909854
910028
911281
912195
913377
914523
914677
915318
915935
916038
916603
917048
918092
918247
918322
919085
919550
919869
920209
920324
920536
920816
921230
921363
921806
922187
923956
924033
924072
924213
924748
924839
925149
925237
925429
925596
926163
926588
926760
927021
927180
927283
927335
927537
927675
927781
928277
928568
928664
929507
929668
929719
929959
930068
930202
930885
930926
931504
932615
933001
933601
933870
934996
935053
935621
936292
936598
937016
937111
937363
938172
938635
939125
939929
940003
940100
940164
940296
940409
940468
941133
942771
943296
943571
943815
943898
944739
944817
945646
945705
945957
946955
947747
948061
948209
948521
948759
949080
949161
949497
949726
