2669
5824
8370
11036
14451
17176
20521
23855
26262
28668
31543
33011
36425
39101
41976
45351
48466
51631
55245
58250
61106
64091
67126
70251
72647
75253
77879
80555
82611
84938
87533
90848
94372
96160
97677
99634
104197
107531
111515
114320
117795
121236
123905
126621
129057
131583
134638
137773
140738
143653
145760
147987
149225
151651
154207
156842
160327
163827
166367
170081
173615
176391
179905
182940
185197
188551
191676
194712
197228
199384
202759
205624
208340
211095
215269
219592
222936
226021
228787
232491
235706
238601
241187
243354
244192
247537
249763
250542
253487
256093
259658
261974
264460
267185
269951
272337
280135
283569
286804
289889
292854
296179
299234
302429
305444
308050
310855
313062
316217
318923
321648
323535
325961
328417
331403
334058
337593
340129
343563
346099
348924
351670
354715
357131
359268
361474
364080
367015
369941
372956
376690
379436
382471
385586
388821
391876
394791
397836
400961
403377
406522
409148
411804
414719
417764
421219
423775
426910
429495
430773
435516
439210
440967
444162
448016
450891
454336
457151
460116
462942
465617
468533
471907
474583
477299
479535
481961
484976
488052
490987
493653
496278
498794
501560
504276
506772
508359
511644
513801
515388
516686
518253
519920
522616
525432
526550
531382
534946
538301
541406
543873
546039
548814
551710
554974
557051
560057
563121
566116
569002
571787
574852
577758
580044
583299
585406
588820
591915
595461
597905
600921
603856
606512
609387
611933
614699
617454
620200
622746
625282
627298
628676
630403
632250
635655
638480
644691
648035
651799
654954
658279
661563
664848
667863
669920
671807
675851
678017
681412
684287
687871
690827
693562
696358
699642
702418
705453
708329
711164
714159
717045
719700
722256
725801
728636
731631
734656
737322
740307
743273
746098
748824
752138
754564
757350
759826
762392
765187
768292
770924
773424
775820
778696
781831
784457
787042
790107
792953
795619
798554
800750
803376
805882
807180
808598
810435
813430
815926
818432
822126
824772
827308
830413
832779
835535
838490
840127
841944
844670
851439
854135
856671
859496
862072
865157
868232
871447
874422
877268
879924
882809
885455
888709
892044
894690
897435
900151
902757
905802
908278
911064
913959
916185
919500
922186
924502
926129
929933
932639
935914
938500
941175
944460
947306
