121
199
286
412
473
671
751
824
886
1213
1321
1363
1473
1670
1755
1833
1887
1985
2242
2473
2563
2660
2844
2902
3043
3078
3201
3272
3294
3336
3495
3604
3645
3799
4199
4329
4505
4584
4664
4790
5021
5165
5318
5438
5495
5561
5626
5731
5907
6082
6129
6198
6413
6692
6757
6782
6876
7006
7166
7357
7441
7621
7777
7927
8026
8085
8117
8214
8344
8390
8424
8491
8727
8801
8898
9058
9133
9241
9341
9685
9786
9925
9981
10135
10231
10391
10509
10745
10938
10953
11018
11562
11619
11793
12067
12417
12670
12795
12893
13000
13279
13439
13536
13624
13721
13812
13885
14080
14185
14343
14415
14536
14708
15492
15674
15733
15810
15847
16110
16320
16419
16497
16761
16872
16988
17097
17439
17552
17640
17830
18203
18267
18392
18550
18665
18797
19012
19074
19188
19303
19474
19621
19753
19922
20031
20324
20407
20505
20611
20673
20844
21165
21345
21545
21720
21762
22359
22475
22612
22821
22826
22913
23375
23471
23584
23974
24141
24410
24503
24643
24873
24940
25039
25227
25387
25474
25573
25679
25852
25961
26111
26226
26263
26636
26760
26981
27064
27142
27223
27292
27380
27880
28292
28686
28771
28997
29150
29334
29429
29649
29771
29796
29911
30147
30219
30318
30476
30621
30966
31236
31740
31899
31941
32021
32119
32257
32379
32458
32852
32944
33200
33395
33455
33643
33675
33752
34005
34091
34145
34321
34408
34481
34587
34709
34967
35121
35510
35797
36048
36096
36229
36285
36386
36464
36919
37496
37545
37799
37896
38415
38641
38763
38937
38979
39042
39216
39299
39361
39569
39618
39740
39777
39982
40081
40307
40360
40542
40710
40762
40895
40988
41141
41188
41307
41715
41770
42429
42882
42981
43193
43493
43638
43802
43884
44084
44157
44260
44429
45133
45296
45400
45717
45854
46116
46147
46190
46368
46482
46756
47050
47187
47258
47384
47476
47591
47642
47751
47918
48036
48266
48374
48434
48495
48636
48709
48824
49284
49366
49436
49527
49621
49721
49832
50039
50124
50314
50375
50468
50761
50849
51406
51536
51597
51736
52176
52297
52523
52652
52694
52769
52807
52873
53065
53296
53436
53496
53825
54068
54127
54136
54830
55062
55241
55385
55502
55565
55634
55699
55815
56032
56192
56276
56487
56595
56758
57129
57384
57500
57713
57881
57969
58109
58347
58543
58804
58892
59316
59559
59774
60939
61174
61298
61348
61646
61698
61771
62183
62286
62453
62572
62767
62941
63310
63397
63618
64241
64566
64874
64920
65163
65470
65667
65741
65904
66054
66389
66462
66558
66682
66999
67077
67148
67279
67367
67412
67494
67828
67989
68067
68610
68666
68710
69059
69429
69707
70115
70957
71205
71345
71389
71583
71680
71688
71869
72044
72190
72359
72436
72727
72793
72925
73047
73191
73329
73405
73705
73717
74177
74446
74520
74573
74648
75013
75099
75211
75319
75722
75923
76215
76309
76397
76637
76750
76864
77004
77290
77459
77512
77893
78017
78078
78188
78270
78303
78417
78465
78667
78710
78866
78964
79021
79229
79476
79653
79809
80031
80093
80354
80415
80616
80733
80784
80937
81078
81228
81453
81731
81848
82168
82299
82445
82766
83616
83819
84292
84399
84828
85069
85187
85275
85372
85567
85666
85781
86002
86234
86462
86735
87739
87820
87951
88050
88619
88736
88857
88950
89238
89368
89582
89702
89833
89886
90211
90432
90541
90876
91062
91405
91677
91785
91885
92244
92328
92349
92410
92495
92602
92737
92840
93212
93270
93437
93543
93702
93879
93945
94033
94280
94500
94626
94749
95429
95575
95648
95788
95960
96063
96576
96790
97148
97332
97490
97584
97694
97789
97805
98078
98209
98566
98657
98777
98852
99154
99284
99502
99682
99708
100401
100457
100628
100763
100924
101058
101175
101473
101545
101941
101987
102133
102240
102398
102428
102471
102668
102827
103148
103269
103425
103584
103675
103763
103959
104062
104207
104284
104386
104499
104756
104994
105105
105230
105700
105966
106016
106426
106524
106766
106991
107071
107415
107581
107679
107773
108059
108252
108402
108554
108651
108765
108955
109036
109197
109409
109511
109670
109946
110090
110298
110444
110559
110718
110966
111015
111196
111259
111456
111771
112001
112410
112535
112851
113346
113423
113593
113903
114031
114150
114261
114388
114885
115013
115358
115424
115592
115714
115878
116349
116566
116723
116870
117024
117265
117634
117750
118529
118640
118987
119332
119475
120303
121059
121282
121302
121469
121628
121728
121777
121825
121940
122101
122242
122402
122526
122761
122951
123115
123224
123389
123595
124095
124393
125235
125294
125575
125658
126930
127166
127263
127947
128154
128653
128707
129369
129684
130012
130471
130619
130715
130785
131047
131419
131586
131761
132029
132095
132593
132825
133050
133154
133181
133384
133840
134083
134507
134612
134827
135021
135192
135479
135631
135830
136288
136480
136817
136964
137094
137917
138140
138601
138782
138900
139156
139223
139356
139503
139667
139827
139892
140555
140653
140968
141159
141285
141668
142079
142160
142236
142454
142837
143663
144274
144342
144346
144570
144894
144998
145624
145925
146399
146586
146890
147005
147330
147502
147566
147718
147935
148168
148260
148337
148593
148927
148974
148980
149083
149365
149702
149847
150053
150217
150458
150580
150638
150990
151106
151464
151767
151889
151974
152057
152268
152347
152481
152632
152762
153122
153238
153510
153604
153665
153858
154009
154148
154633
154696
154983
155199
155309
155428
155590
155856
155950
156176
156360
156493
156659
156941
157060
157233
157780
157885
158077
158150
158232
158379
158524
158692
158828
159018
159159
159330
159455
159488
159583
159739
160257
160368
160815
160971
161082
161195
161399
161592
161781
162145
162990
163179
163336
164125
164253
164339
164586
164708
165454
165646
165942
166147
166376
166532
166705
166881
167184
167280
167515
167702
167900
168049
168146
168518
168621
168786
169125
169155
169220
169499
169593
169721
170051
170145
170271
170354
170502
170679
171298
171353
171422
171653
171688
171984
172116
172235
172482
172676
173663
173809
174277
174904
175012
175133
175380
175493
175900
175963
176086
176250
176978
177206
177703
178241
178374
178600
178788
179220
179252
179368
179680
179801
180167
180521
180615
180770
181139
181237
181430
181770
181771
182206
182360
182524
182602
182851
182994
183184
183293
183402
183507
183586
183614
183792
183943
184490
184932
185307
185414
185569
185871
186082
186251
186421
186818
187004
187146
187313
187401
187743
187935
188233
188340
188489
188647
188813
189058
189180
189555
189714
189937
190022
190194
190395
190574
190654
190782
190985
191184
191316
191467
191590
191884
192136
192308
192522
192764
193256
193409
193495
193552
193601
193620
193894
194155
194265
194595
194722
194861
194945
195341
195496
195565
195681
196010
196176
196179
196303
197129
197322
197580
197874
198146
198370
198529
198914
199047
199260
199360
199454
199728
199990
200084
200234
200291
200465
200927
201064
201191
201491
201966
202124
202389
202475
202577
202632
202789
202854
202984
203926
204021
204405
204542
204911
205078
205259
205337
205532
205947
205996
206025
206207
206340
206583
206691
206794
207101
207227
207364
207453
207521
207639
207757
208085
208669
208934
209396
209558
209765
210134
210733
210735
210939
210953
211437
211944
212183
212779
212910
213136
213515
213997
214310
214635
214989
215322
215535
217135
217376
217886
218246
218421
219021
219202
219569
219872
220102
220370
220437
220719
220964
221106
221338
221695
221766
223009
223279
223385
223529
223630
223878
224093
225283
225447
225770
225896
226101
226423
226486
226650
226826
227102
227400
228023
228112
228303
228406
228624
228946
229235
230049
230154
230264
230437
230559
230643
230937
231739
232274
232709
232923
233077
233170
233176
233267
233979
234239
234504
234542
235444
235557
235764
236223
237422
237896
238484
238575
238861
238908
239329
239572
240428
241201
241588
241702
242133
242847
243299
244046
245344
246488
246924
247185
247626
247968
248181
248780
249141
249279
249360
249607
249928
251051
251302
252189
253110
253935
254264
254533
254680
254767
255491
256043
257028
257368
258399
258604
259123
259417
259704
260050
260161
260453
260667
260794
261028
261226
261322
261911
262690
263077
263217
263482
263567
264544
265011
265179
265385
265547
265743
266278
266528
266600
266804
266876
267296
267448
268012
268142
268199
268365
269183
269438
270301
270981
271104
271231
272324
272817
273237
273698
274019
274100
274847
275160
275541
275780
275993
276207
276477
276695
276946
277320
277642
277747
277940
278187
278938
279460
280418
280848
281561
281807
282003
282157
282201
283387
283597
284138
284326
284592
284990
285602
285997
286107
286215
286365
287286
287477
287768
287925
287973
288351
288812
288880
289355
290016
290091
290345
290430
290550
290851
290974
291166
291318
291485
291939
292214
292348
292514
292654
292830
292932
293046
293151
293511
294019
294101
294329
294382
294558
295017
295122
295482
295754
295821
295840
295924
296130
296288
296442
296619
296840
297200
297322
297504
297624
297930
297970
298374
298842
299009
299654
299891
300099
300282
300557
300884
301023
301128
301534
302305
302484
303093
303395
303556
303674
303714
303834
303970
304096
304330
304484
304725
304883
305131
305309
305704
305840
306162
306304
306569
306648
306892
307170
307511
307682
307852
307920
308180
308516
308668
308739
308836
309003
309207
309337
309682
309818
310188
310305
310419
310564
311147
311212
311311
311414
311524
311680
311825
312068
312125
312373
312570
312750
312839
313083
313186
313223
313358
313479
313878
313993
314323
314517
314958
315085
315298
315451
315557
315695
315727
315933
316038
316246
316251
316367
316487
316624
316705
317122
317197
317310
317459
317595
317690
317724
317811
318010
318123
318230
318283
318718
318754
318821
318952
319121
319289
319386
319512
319676
319761
319886
319926
320068
320180
320257
320452
320704
320952
321098
321261
321346
321413
321669
321757
321922
322033
322136
322250
322409
322594
322665
322780
322898
323031
323221
323311
323561
323776
323874
323943
324025
324129
324217
324389
324468
324573
324705
324852
324988
325208
325278
325442
325764
325847
325983
326182
326284
326386
326473
326556
326767
326911
326980
327884
328057
328177
328588
328760
328830
329012
329045
329250
329920
330035
330104
330314
330440
330604
330809
330917
331318
331626
331764
331872
331948
331985
332146
332272
332462
332506
332600
332661
332761
332923
333005
333099
333324
333452
333517
333696
333778
333937
333971
334055
334129
334274
334336
334395
334858
335042
335175
335303
335594
335676
335864
336092
336252
336366
336579
336748
336839
336954
337160
337232
337273
337435
337722
337854
337942
338255
338699
338891
339016
339160
339550
340068
340242
340346
340691
340836
340864
340956
341008
341129
341570
341707
342051
342096
342302
342445
342552
342702
343037
343158
343312
343429
343589
343705
343915
344184
344302
344400
344531
344647
344923
345217
345269
345336
345409
345803
345850
345958
346075
346591
346823
346935
347024
347202
347322
347390
347530
347715
347889
348022
348092
348213
348433
348719
349088
349247
349395
349593
349743
349879
349998
350047
350330
350560
350681
350808
350988
351079
351088
351307
351462
351679
351915
352071
352154
352225
352360
352460
352698
352942
353445
353507
353636
353889
353949
354532
354596
354714
354904
355029
355095
355200
355282
355432
355532
355730
355848
355908
356107
356214
356318
356438
356865
357194
357349
357441
357642
357731
357913
357924
358026
358135
358207
358287
358372
358443
358579
358633
358717
358943
358999
359012
359108
359180
359449
359518
359608
359725
359928
360005
360261
360438
360592
361013
361263
361368
361789
361931
362191
362291
362365
362461
362555
362678
363103
363317
363513
363598
363721
363730
363874
363944
364173
364266
364634
364681
364976
365085
365278
365446
365571
365790
365957
366193
366494
366683
366793
366886
366923
366985
367033
367134
367267
367366
367730
367816
367919
368071
368168
368431
368587
368780
369052
369236
369356
369449
369647
369694
369771
369815
369951
370039
370134
370227
370431
370496
370578
370798
370994
371089
371164
371421
371490
371718
371868
371999
372057
372163
372277
372361
372637
373037
373110
373296
373559
373700
373804
373953
374171
374280
374368
374431
374532
374711
375023
375191
375416
375460
375658
375713
375847
375937
376018
376143
376295
376604
376718
376901
376991
377398
377507
377940
378053
378097
378359
378423
378534
378619
378700
378832
378926
379073
379459
379762
379842
380046
380107
380170
380294
380400
380677
380780
380979
381063
381154
381223
381391
381478
381617
381967
382497
382789
382957
383160
383294
383447
383626
383689
383837
384071
384213
384522
384634
384683
384755
384913
385004
385447
385464
385780
386050
386127
386266
386413
386482
386692
387128
387431
387539
387719
387855
388117
388280
388374
388515
388720
388890
388976
389377
389416
389552
389666
389792
389876
389950
390070
390182
390443
390531
390623
390705
390825
390950
391090
391434
391560
391619
391708
391931
392066
392154
392524
392666
392747
393018
393157
393302
393420
393505
393635
393703
393904
394231
394314
394380
394701
394781
395059
395145
395304
395425
395590
395595
395622
395709
395815
395992
396154
396388
396429
396552
396634
396798
396915
396954
397064
397154
397255
397355
397547
397635
397692
397740
397841
397925
398044
398291
398471
398940
398987
399155
399415
399630
400086
400328
400903
401214
401355
401462
401524
401650
401712
401919
402247
402356
402599
403090
403249
403697
403737
403910
404197
404376
404404
404457
404542
404713
404828
405036
405184
405295
405385
405431
405736
405849
406145
406333
406652
406755
406784
406839
406958
407194
407430
407965
408164
408215
408398
408616
408917
409025
409132
409297
409364
409518
409849
409901
410056
410273
410332
410543
410767
410841
410937
411270
411335
411616
411874
411947
411998
412123
412305
412551
413200
413295
413412
413588
413718
413825
413944
414136
414397
414492
414504
414563
414639
414813
414859
414933
414997
415092
415193
415244
415429
415548
415754
415918
415948
416110
416202
416261
416343
416476
416566
416642
416946
417066
417140
417278
417422
417480
417765
417873
417879
417978
418073
418150
418236
418337
418384
418426
418500
418564
418643
418754
418813
418878
418950
419140
419190
419304
419380
419877
420038
420133
420176
420317
420408
420543
420906
421023
421084
421208
421398
421579
421884
421998
422194
422306
422548
423077
423189
423262
423274
423343
423502
423592
423670
423913
423991
424084
424142
424200
424275
424358
424505
424608
424690
424856
424972
425077
425460
425582
425666
425724
425826
425898
426121
426290
426411
426518
426891
426961
427062
427128
427195
427346
427463
427536
427605
427644
427946
428014
428131
428257
428332
428384
428522
428660
428892
428941
429098
429216
429374
429472
429550
429779
430016
430095
430150
430184
430295
430402
430460
430670
430855
431049
431115
431503
431619
431718
431948
432022
432086
432169
432192
432283
432406
432750
432914
433286
433469
433649
433728
433796
433889
434091
434237
434359
434552
434931
435067
435215
435296
435496
435640
435943
436019
436077
436246
436349
436425
436472
436539
436652
436712
437003
437082
437136
437149
437341
437417
437562
437673
437922
438036
438137
438233
438308
438594
438711
438828
438838
439230
439328
439501
439616
439684
439741
439871
439942
440097
440791
440811
440924
441033
441351
441587
441642
441724
441996
442247
442372
442507
442568
442673
442817
442891
442960
443067
443250
443360
443408
443628
443787
443969
444102
444124
444206
444354
444449
444693
444859
445276
445602
445846
445999
446044
446206
446397
446460
446956
447118
447303
447456
447592
447750
448075
448301
448369
448636
448738
448832
448930
449019
449315
449521
449657
449825
450095
450159
450389
450602
450671
450749
450908
451029
451109
451178
451241
451269
451352
451458
451589
451661
452142
452179
452390
452428
452588
452902
453029
453104
453257
453345
453461
453614
453655
453779
453818
453992
454013
454071
454197
454378
454520
454564
454686
454749
454834
454914
454994
455066
455499
455557
455780
456275
456337
456425
456468
456511
456526
456684
456764
456956
457057
457397
457579
457609
457798
457840
457999
458353
458490
458790
458968
459055
459190
459269
459526
459631
459735
459819
459965
460068
460155
460232
460285
460491
460901
460989
461213
461318
461396
461650
461796
462071
462419
462528
462598
462750
462825
462867
463056
463134
463338
463673
463728
463832
463850
464131
464236
464316
464334
464436
464538
464740
464842
464933
465012
465235
465401
465648
465887
465992
466034
466096
466160
466196
466365
466443
466502
466564
466637
466715
466942
467140
467243
467338
467421
467552
467633
467744
467872
467940
468026
468212
468474
468688
468765
468912
468958
469009
469048
469128
469309
469431
469709
469771
469875
470041
470324
470391
470549
470586
470785
470888
470973
471086
471452
471560
472007
472072
472294
472373
472651
472757
472889
472990
473029
473147
473244
473338
473622
473749
473848
474078
474217
474474
474574
474778
474899
475036
475181
475265
475362
475430
475516
475649
475761
475910
476102
476231
476458
476772
476901
477017
477099
477324
477563
477647
477762
477853
478142
478593
478691
478794
478858
478864
478970
478997
479127
479222
479668
479729
479942
480022
480292
480375
480416
480695
480785
480985
481124
481313
481477
481557
481665
481778
481790
481999
482075
482326
482439
482506
482590
482956
483212
483557
483660
483765
484051
484135
484202
484408
484697
484741
484814
484896
485081
485239
485278
485410
485489
485576
485622
485729
485875
486146
486197
486343
486590
487268
487355
487450
487498
487718
487784
488002
488114
488244
488314
488354
488473
488606
489041
489154
489358
489422
489696
489773
489828
490259
490323
490377
490482
490941
491222
491358
491620
491754
491814
491828
491911
491999
492296
492464
492838
493101
493179
493427
493531
493721
493887
494258
494473
494758
495223
495337
495409
495615
495779
495957
496026
496116
496228
496346
496391
496492
496498
496517
496574
497036
497126
497258
497305
497349
497436
497683
497742
498134
498207
498286
498378
498449
498647
498972
499037
499323
499421
499547
499582
499682
499847
500250
500501
500694
500819
500927
501069
501272
501418
501554
501702
501806
502014
502132
502264
502342
502552
502684
502700
502789
502832
503187
503653
503756
503898
503952
503998
504031
504169
504302
504673
504827
504935
505397
505536
505596
505686
506115
506219
506309
506412
506484
506589
507509
507614
507952
508057
508379
508464
508594
508708
508826
508878
509195
509380
509421
509500
509541
509652
509764
509940
510127
510238
510417
510872
511162
511730
511813
511938
512015
512065
512122
512294
512438
512674
512751
513018
513252
513377
513469
513541
513751
513841
514057
514135
514161
514186
514291
514490
514602
514805
515095
515253
515974
516093
516183
516289
516385
516509
516740
516890
516952
517467
517799
518033
518165
518354
518478
518630
518839
518856
519110
519335
519437
519510
519734
519806
520235
520415
520484
520532
520836
521003
521160
521249
521538
521585
521666
522088
522175
522256
522316
522448
522526
522667
522820
522886
523038
523431
523623
523982
524089
524185
524326
524551
524660
524736
524892
524969
525195
525332
525447
525614
525766
525865
525962
526252
526324
526386
526436
526519
526629
526750
526761
526842
527048
527194
527295
527399
527641
527688
527957
528129
528200
528317
528496
528824
528923
528949
528993
529095
529167
529225
529345
529685
529826
529924
530083
530208
530325
530443
530563
530816
530889
530993
531026
531108
531199
531307
531562
531716
531753
531971
532118
532361
532723
532809
532905
533062
533425
533746
533850
534290
534347
534448
534526
534921
535042
535322
535555
535608
535768
536078
536192
536438
536914
536981
537078
537208
537326
537410
537417
537557
537633
537685
537988
538465
538545
538611
538832
539247
539379
539459
539761
540084
540335
540564
540695
540813
540919
541143
541224
541293
541395
541685
541826
542131
542265
542442
542567
542783
542822
543195
543455
543565
543771
543814
543937
544134
544316
544455
544548
544639
544811
544867
544942
545069
545163
545227
545495
545614
545675
545843
546036
546169
546413
546579
546863
546979
547345
547857
547947
548005
548268
548294
548594
548736
548973
549231
549332
549530
549744
549844
550090
550364
550608
550718
551086
551313
551551
551642
551812
551849
552005
552060
552349
552434
552634
552689
552839
552974
553130
553540
553692
553889
553978
554107
554335
554428
554515
554633
554879
554957
555163
555338
555449
555572
555702
555776
556153
556329
556593
556710
556856
556942
557226
557388
557528
557627
558028
558100
558177
558281
558388
558642
558649
558892
559014
559199
559544
559699
559717
559824
560044
560211
560318
560447
560849
560971
561366
561477
561693
561848
562070
562134
562260
562549
562552
562588
562661
562790
563040
563145
563359
563452
563616
563754
564081
564259
564491
564672
564716
564814
565043
565144
565230
565280
565431
565566
565770
566073
566177
566260
566577
566643
566724
566849
567137
567343
567447
567543
567626
568017
568170
568272
568609
568687
568792
568898
568994
569153
569343
569422
569520
569532
569647
569720
569897
570443
570539
570828
571241
571303
571450
571543
571728
571816
572141
572468
572790
572882
572931
573204
573415
573556
573788
573997
574043
574163
574164
574204
574565
574905
575228
575380
575511
575596
576096
576536
576666
576785
576860
577094
577215
577340
577538
577665
578016
578108
578530
578672
578737
578800
579286
579359
579450
579686
579774
579936
580484
580770
580904
581047
581216
581568
581678
582035
582182
582359
582448
582699
582819
582938
583091
583158
583288
583377
583503
583562
584098
584152
584348
584397
584492
584579
584695
585076
585395
585661
585765
585859
586180
586227
586427
586682
586771
586836
587097
587102
587189
587321
587458
587754
588202
588348
588463
588649
588717
588943
589048
589143
589345
589561
589825
589941
590089
590698
590832
591496
591531
591703
591980
592387
592706
592764
592886
592986
593126
593321
594030
594230
594385
594475
594576
594671
594925
595027
595200
595778
595853
595910
596199
596306
596376
596406
596474
596736
596849
596887
597203
597343
597445
597506
597581
598035
598337
598478
598623
598877
599104
599450
599625
599629
599940
600031
600201
600300
600497
600570
600665
600817
600898
601170
601295
601411
601589
601974
602082
602239
602259
602366
602632
602785
603144
603380
603757
603794
604027
604207
604450
604575
604660
604750
604861
604934
605503
605596
605642
605779
605944
605967
606209
606328
606434
606479
606702
606991
607232
607553
608075
608180
608370
608653
608758
609238
609491
609569
609629
609697
609860
610128
610345
610599
610831
610955
611039
611123
611194
611315
611483
611655
611706
612140
612317
612497
612575
612771
612995
613070
613102
613461
613516
613588
613709
613976
614095
614221
614491
614580
614606
614740
614872
615004
615129
615729
615818
616081
616171
616327
616407
616480
617279
617446
617555
617762
618039
618270
618338
618420
618544
618663
618792
618921
619165
619243
619551
619666
619863
619997
620068
620284
620359
620496
620775
620822
620918
621241
621328
621366
621723
621802
621896
622072
622181
622371
622761
622867
623048
623129
623646
623773
623877
624143
624355
624419
624626
624938
625088
625732
625780
626000
626037
626227
626334
626474
626737
626965
627106
627245
627561
627633
628074
628270
628277
628389
628614
628952
629258
629375
629667
629771
630199
630517
630632
630895
630957
631433
631543
631681
631820
631886
631964
632128
632219
632317
632572
632899
633311
633463
633535
633629
633745
633838
633927
634223
634481
634875
635024
635158
635249
635394
635439
635569
635665
636059
636156
636231
636329
636397
636512
636845
636949
637094
637243
637478
637608
637721
637829
637900
637955
638237
638367
638590
638659
638766
638825
638929
639197
639396
639489
639808
639862
640115
640223
640297
640412
640511
640709
640769
641014
641194
641312
641983
642350
642382
642495
642613
643223
643354
643480
643601
643683
643752
643965
644042
644217
644325
644447
644558
644689
644783
644952
645034
645118
645328
645459
645586
645677
645740
645889
645933
645986
646084
646511
646595
646722
646889
646967
647067
647182
647258
647358
647434
647613
647790
647856
647889
647988
648218
648319
648392
648590
648718
648893
649111
649450
649801
650086
650149
650319
650380
650456
650556
650650
650723
650854
650959
651033
651279
651519
651620
651938
652025
652180
652404
652593
652647
652709
652874
653103
653168
653177
653411
653481
653615
653900
654121
654303
654459
654553
655542
655936
656029
656214
656805
656902
656974
657082
657472
657683
657788
657925
657993
658226
658268
658416
658614
658918
659024
659214
659306
659360
660273
660365
660420
660571
660781
660962
661007
661106
661191
661250
661360
661806
662253
662354
662639
662676
662739
662948
663258
663346
663561
663727
664087
664185
664247
664404
664517
664611
664993
665152
665241
665285
665831
665969
666048
666140
666247
666413
666500
666664
666836
666925
667005
667133
667615
667876
667974
668078
668362
668397
668540
668608
668788
668965
669061
669196
669360
669546
669622
669720
669890
670156
670242
670305
670413
670584
670657
671069
671156
671409
671491
671730
671820
672091
672304
672379
672467
672591
672794
672908
673007
673085
673203
673550
673619
673870
674040
674118
674209
674318
674437
674883
675156
675263
675551
675760
675889
675988
676078
676196
676281
676669
676766
676924
677439
677472
677755
677865
677957
678017
678167
678210
678579
678694
678758
678907
678977
679101
679451
679590
679687
680206
680508
680695
680840
680983
681219
681312
681397
681615
681695
681817
682002
682197
682357
682544
682672
682732
682812
682906
682971
683128
683339
683633
684339
684566
684662
684762
684955
685105
685190
685245
685413
685463
685651
685768
685907
686052
686416
686550
686646
686931
687139
687217
687238
687376
687434
687519
687833
687919
688284
688794
689422
689594
689661
689730
689837
689935
690013
690440
690509
690621
690784
690943
691218
691257
691633
691760
692098
692340
692503
693094
693237
693433
693663
694238
694637
694673
694764
694893
694997
695148
695251
695345
695448
695537
695725
696020
696094
696276
696714
696914
697175
697236
697348
697411
697505
697698
697729
697802
697868
697946
698043
698222
698464
698570
698626
698852
698914
699178
699335
699416
699507
700096
700241
700269
700392
700892
701219
701349
701414
701483
701573
701753
701850
702540
702647
703163
703405
703546
703937
704053
704124
704213
704401
704646
704899
705047
705446
705507
705535
705704
705865
706100
706277
706336
706697
706880
706990
707207
707396
707617
708074
708304
708429
708516
708589
708686
708812
708911
708977
709253
709488
709679
709813
710050
710156
710393
710726
710767
711038
711116
711314
711466
711557
711645
711788
712103
712205
712275
712379
712600
712640
712833
712899
713161
713313
713691
713852
714338
714423
714974
715333
715445
715595
715891
716095
716185
716353
716476
716680
716743
717463
717495
717776
718184
718503
718646
718964
719106
719195
719445
719559
719701
719750
719921
720010
720262
720388
721066
721176
721407
721414
721568
721793
721892
722047
722419
722561
722733
722798
722895
723024
723633
723696
723833
724022
724180
724270
724512
724944
725044
725179
725422
725541
725704
725969
726145
726228
726357
726394
726699
726736
726908
727009
727245
727458
727647
727817
728148
728283
728390
728829
728924
729103
729194
729588
729697
730060
730197
730296
730546
730964
731329
731425
731591
731731
732272
732436
732525
732705
732729
732961
733239
733400
733523
733580
733770
733941
734049
734163
734440
735017
735073
735204
735306
735518
735567
735712
735941
736062
736154
736257
736647
736766
737305
737642
737762
737887
737939
738018
738244
738292
738352
738514
738730
738826
738950
739196
739469
739644
739729
739992
740151
740175
740517
740603
740692
740739
740853
740942
741228
741675
741755
741839
741960
742147
742702
743108
743299
743630
743861
743915
744060
744078
744361
744554
744654
744892
744938
745118
745170
745246
745361
745609
745736
746017
746109
746342
746615
746745
746817
746871
747096
747203
747277
747344
747706
747777
748235
748437
748477
748650
748798
748940
749054
749370
749446
749636
750142
750241
750532
750669
751249
751328
751464
751496
751636
751767
751855
752253
752360
752696
752750
752803
752973
753412
753586
753664
753936
754026
754126
754222
754280
754477
754654
754961
755115
755611
755699
755770
755877
755991
756272
756685
756757
756894
757009
757137
757445
757728
757778
757888
758215
758475
758715
758779
759125
759254
759516
759740
759835
760137
760342
760406
760509
760512
760715
760852
761074
761075
761134
761198
761550
761843
762025
762135
762354
762430
762492
762633
762831
762898
763014
763349
763468
763572
763629
763943
764040
764090
764159
764487
764546
764764
764940
765304
765349
765376
765507
765581
765975
766217
766575
766713
766899
767086
767615
767842
768022
768089
768195
768239
768313
768584
768743
769018
769135
769924
770018
770032
770431
770507
770848
770948
771366
771646
771840
772198
772400
772545
773130
773167
773381
773659
773916
774001
774336
774482
774586
774762
774837
775104
775423
775493
776020
776090
776355
776691
776762
776853
776959
777244
777344
777560
777645
777695
777953
778281
778514
778679
778828
778840
778963
779407
779521
779618
779679
779841
779931
779988
780073
780133
780224
780354
780758
781318
781489
781601
781893
781979
782047
782237
782766
782876
782988
783125
784043
784372
784410
784476
784525
784661
784744
784856
784951
784994
785204
785612
785766
786523
786864
787114
787233
787570
787834
787960
788203
788486
788586
789000
789536
789724
789769
790150
790221
790308
790557
790696
790785
791057
791188
791494
791581
791620
791729
791817
792082
792238
792402
792475
792565
792707
792753
792951
793202
793498
793689
793961
794128
794257
794972
795089
795366
795635
795756
795883
795904
795964
796020
796203
796275
796461
796537
796923
797018
797504
797828
797929
798025
798283
798586
798674
799356
799457
799609
799876
800070
800114
800266
800331
800425
800525
800671
800922
801016
801158
801261
801666
801827
802257
802655
803017
803189
803308
803885
804077
804143
804680
804700
804850
805068
805757
805870
805987
806280
806342
806692
806781
807067
807170
807398
807605
807684
808653
808719
808767
809237
809367
809654
809864
810248
810447
810664
811066
811245
811497
811561
811777
811841
811991
812033
812250
812710
812828
812965
813373
813478
813591
813673
813766
813880
813951
814029
814089
814402
814548
814634
814902
815053
815348
815525
815813
816111
816412
816655
816727
816896
816950
817047
