796
2709
4073
4750
5052
8389
8552
9382
9655
10723
11878
12544
13526
14026
15525
16759
16941
17295
18044
18962
19114
21978
22643
23006
24070
24281
24430
24926
25447
25803
28107
28307
28612
28741
29228
29290
29360
29622
29865
30063
30136
30871
31252
31512
32283
32562
32621
33005
34339
34684
34921
36532
36897
37948
38378
38491
39422
41519
46890
47086
47243
48452
48675
51724
52829
54851
55606
57607
57950
58068
59391
60861
61385
63535
65442
67336
67872
69153
69221
69339
69479
69756
69785
70068
70223
70468
70678
70778
71046
71442
71533
71781
72092
72227
72666
73352
73737
74344
75478
76504
77614
78848
79232
79770
79859
80391
80465
80507
80647
80661
80829
81293
81329
81788
82293
82929
83196
83309
83401
83411
83672
83747
83780
83836
83885
83920
83924
84018
84058
84130
84734
84853
85780
86103
86690
86711
87628
88126
88442
88566
89090
89970
90125
90407
91053
91508
91745
96363
101893
104961
104994
106838
111378
111813
113023
115484
115714
120622
122957
123237
125332
126144
127137
127796
130652
140362
141687
142061
143029
143450
143472
143491
144050
144619
145146
145444
145810
145858
146249
146304
146979
147139
147290
147442
148166
148371
148483
148983
149401
149498
149542
150136
150579
150911
151440
151774
152062
152347
153467
154982
156092
156885
157066
157718
158656
159449
160547
165945
167480
168937
169997
170606
173402
175219
178864
180599
183653
184793
186666
187279
189451
191564
191931
192786
197227
199431
200135
201249
201774
203489
204862
205081
205536
207365
208291
208362
210649
210766
211710
214302
216588
217106
217417
218419
220071
220128
220321
221326
221491
221731
221817
222105
222892
222902
223242
223320
223762
223976
224649
225299
225809
226396
227160
228493
228861
228975
231725
231858
232452
234064
234169
234716
234896
234975
236056
236088
236178
239100
242975
243127
243888
247635
248922
251200
254458
255144
256087
256701
257615
257968
258151
258867
260796
264505
265229
265457
269404
272564
273064
274973
275427
275526
275723
276199
279443
282408
282461
284868
284971
285122
285481
286082
286536
287431
290164
292114
295011
295963
296248
296811
296950
297237
298863
299130
299248
301364
301515
303674
307464
308064
308622
308800
310714
311029
314306
316826
316891
317181
317402
317565
317712
317769
317778
318052
318693
318955
319235
319310
319453
320069
320775
320876
321053
321589
321838
322507
322773
323285
324782
324904
325279
325391
326828
327004
327376
327599
327798
327912
328263
328426
328529
328630
328665
328855
329688
330077
330442
330661
330879
330980
331190
331605
331768
331812
332018
332067
332764
332820
333040
333252
333342
333503
333674
334245
334656
334668
334808
335130
335211
335536
335701
336139
336387
336819
337300
337653
337934
338298
339095
339126
339799
340609
340698
341627
342689
343041
343100
343122
343212
343380
343744
343917
344248
344414
344745
344948
345248
345376
345657
345791
345983
346011
346325
346354
346429
346614
346793
346903
346910
347166
347238
347348
347651
347690
347767
348209
348589
348683
348690
348784
349182
349409
349436
349502
349503
349758
349846
350374
350445
350654
351022
351140
351165
351457
351496
351562
352024
353086
353575
353648
353686
354085
354255
354469
354953
355252
355325
355380
356197
356679
356879
356993
357388
358152
358778
359540
359882
360083
360154
360643
361194
361591
361697
361791
361884
362202
362749
363096
363508
366481
371781
374749
375152
378193
378266
378929
381503
383856
384620
385749
387916
388608
389108
389327
390688
392137
392507
393557
395280
395418
395708
397503
397609
397814
398106
398577
400867
402185
403518
405945
410295
410925
412466
413342
413588
413684
414750
415169
415969
418462
419829
420190
420411
428953
432802
433335
434062
434254
437468
438778
439592
440463
440649
441059
441385
441746
441858
443254
443396
443888
444048
444959
445598
445781
445919
446694
446908
447003
447178
447374
447665
448020
448111
448550
448902
449202
449275
449311
449346
449525
449809
450390
450626
450967
451247
451306
452480
452605
452675
452761
453047
453852
454486
455024
455438
455499
455661
456825
457805
458107
459120
460267
461252
461624
461746
462250
462618
462913
463381
463448
464046
465042
465207
465548
467096
473254
474065
474685
476618
476814
478079
478259
478747
479310
479372
480343
480746
480936
481480
481640
481852
482511
482562
482731
482771
482863
483513
483613
484282
484977
485143
485419
485655
486061
487320
487918
487933
488324
488354
488365
488402
488428
488527
489826
489962
490854
490979
491528
492685
494675
496201
496207
496678
496921
497373
497429
497801
498350
498646
498693
498783
498806
498874
499161
499250
499666
499974
500007
500091
500187
500306
500391
500434
500851
500913
500965
502011
502515
502551
504138
504825
505650
507706
515420
515976
516589
518375
519861
521002
521444
521907
522962
523158
523340
523647
524747
526089
526721
528092
528133
528842
529902
531227
532328
534507
536234
537240
537287
537335
538647
538791
539193
540056
540194
543184
543552
544365
545054
545551
546002
548405
548512
549715
550067
551165
551212
551592
551823
553220
554128
556676
557046
557417
557810
559140
559186
559839
559863
561426
561599
561634
563183
564075
564172
564888
565792
566966
567389
567700
568130
568789
570555
570724
570801
570875
570905
571866
571964
572473
573399
575869
576479
576915
577551
579756
580064
581994
582865
583385
583776
584185
584332
584385
584577
584685
586038
586469
586974
587169
588237
588370
588914
589566
589589
589944
590297
590745
590980
591528
592554
593459
594787
594862
595716
597673
598653
598765
598986
599412
600552
601975
602515
603772
604141
605233
605393
606291
606411
607448
607524
609587
609778
611568
613070
613549
613765
614570
615688
615842
615912
616067
616850
617344
618200
618460
618512
618779
619132
619218
620466
620751
621057
621174
621286
621456
623176
624294
624446
625221
625525
626365
627544
629224
630723
631083
632990
633788
634762
635140
635608
637782
638999
639422
639519
639891
640303
640313
640661
641112
641647
642018
642524
643869
645101
646145
646979
647344
648412
650304
650587
650872
651592
652325
652670
653190
653309
654721
654790
655413
656123
656272
656845
657919
658408
658932
659383
660195
661302
662010
663423
665385
666739
666937
667846
669185
669480
669610
670005
670136
671635
671804
673449
673813
674457
675012
675616
675888
676611
677167
679112
680439
680491
681643
681927
682099
683169
684342
684601
684709
684838
687341
687478
687793
688653
688719
688961
689249
689405
689870
690366
690932
691050
691719
692114
693200
693647
694550
694768
697005
697535
698410
698635
698962
699074
699251
699632
699908
701264
701317
706181
706403
706635
707162
707311
707333
707682
707766
708216
708321
708737
709078
709403
709695
709799
710608
711305
711579
712101
712353
712730
713243
713395
713592
713727
714112
715510
715627
715711
715727
717569
717659
717694
717858
718003
718116
718708
719351
719570
719647
720321
720774
720812
720952
721150
721761
722793
722968
722986
723428
723500
725045
725524
725806
725954
726750
727856
728006
728090
728288
728464
728606
729189
730214
731049
732038
732847
732980
733152
733483
733860
734140
734714
735328
735759
736014
736157
736254
736392
737525
738868
739457
740092
740870
740939
741133
741290
742112
743141
743308
743369
743431
743476
745083
745669
745785
745848
745875
746104
746547
746658
746704
746862
747961
748027
748417
748872
749114
749906
750523
750589
751152
751250
751566
751767
752399
753490
753586
754375
754996
756212
758229
758514
758598
758753
759076
760925
761622
761956
762841
762916
763429
764095
764625
765051
766596
767312
768079
768613
768784
769008
769157
769411
769476
769600
769903
770024
770824
771065
771187
771933
772838
772870
773189
773375
773625
774082
775395
775556
775606
776211
779647
780307
780537
780550
780822
780950
781338
781538
781735
782128
782356
782631
783032
783102
783120
783405
783436
783566
784058
784392
784496
784565
785175
785299
785313
785470
785622
786039
786581
786892
787034
787337
787444
787674
787900
787911
788319
788489
788609
788817
788896
788919
789061
789213
790195
790335
790463
790579
790878
791087
791256
791474
792534
793300
793407
793487
793681
793912
795175
795501
795807
795919
796216
796292
796414
797616
798279
798405
798932
799158
801675
801695
802130
802219
803023
803062
803093
803115
803169
803255
803510
803642
803860
803910
803954
804013
804055
804116
804621
804708
805190
805625
806089
806906
807702
808197
808857
812392
812520
815782
816150
816236
816995
817728
817771
818012
818174
818295
818403
818466
818579
818589
818645
818719
818989
819065
819463
819504
820011
820160
820298
820425
820466
820713
821111
821115
821249
821604
822112
822569
822803
822848
822965
823243
823283
823849
823960
824069
824212
825158
825566
825814
826014
826246
826292
827844
827963
828328
828714
829396
830186
830738
831187
831435
831642
832549
833370
833826
834419
834905
835941
837216
838950
839899
840209
840807
841283
841745
842684
842944
843905
844561
845081
845145
845575
845766
846287
847690
848817
848846
849408
850454
851145
851604
852494
853979
854693
856206
856326
856874
857177
857481
857870
858741
858987
859249
859346
859774
861578
861745
862148
864071
864561
865798
867967
868469
868674
869197
870014
870158
871381
872265
873417
874533
874657
875268
875855
875928
876463
876878
877892
878017
878062
878795
879230
879519
879829
879914
880096
880346
880730
880833
881246
881597
883336
883383
883392
883503
884008
884069
884349
884407
884569
884706
885243
885638
885780
886011
886140
886213
886235
886407
886515
886591
887057
887318
887384
888197
888328
888349
888559
888638
888742
889395
889406
889954
891035
891391
891961
892200
893296
893323
893861
894502
894778
895166
895231
895453
896232
896665
897125
897899
897943
898010
898044
898146
898229
898258
898893
900501
900996
901241
901455
901508
902319
902367
903166
903195
903417
904385
905147
905431
905549
905831
906039
906330
906381
906687
906886
