563
3698
6733
9179
12514
15998
18724
22008
24454
27799
29996
32192
33889
37643
40349
43444
46839
49834
53278
56084
59179
62324
65619
68674
71130
73366
76222
78847
81243
83510
85726
88392
91966
95031
96868
98376
100862
105185
108979
112663
115828
118973
122248
125053
127519
129995
132991
135736
138941
142006
144722
146459
148846
150053
152200
155544
158070
161375
164830
167805
171369
175123
177689
181093
184149
186605
189829
193034
195420
198635
199744
203857
207202
209538
212124
217475
221029
224244
227150
230065
233370
236475
239440
242435
244029
244841
248525
250073
251790
254466
257541
260836
262693
265598
267974
271029
273685
281812
284318
287779
290748
293603
297197
300033
303517
306393
308799
311465
314240
317195
319801
322407
324783
326970
329637
332151
335726
338441
341207
344542
347167
350232
352988
355774
357720
360256
362263
364979
368014
371089
374295
377489
380973
383659
386764
390009
393094
395849
398844
401720
404655
407211
410426
413211
416047
418932
422197
424803
427718
429985
431372
436674
439759
442285
445220
449084
452189
455833
458599
461045
463691
466576
469861
472906
475512
477948
480534
483199
486145
489300
491815
494791
497606
499673
502458
505084
508049
509427
512233
514579
515897
517345
518453
520460
523724
525991
528057
532510
536105
538980
542035
544441
546957
549323
552898
555683
558559
561454
564429
567344
570220
573704
576210
578866
581003
583918
587173
590308
593153
596318
599363
602099
604715
607830
610535
613161
615887
618992
621548
623744
625921
628217
629505
631352
633049
637302
640298
646278
649772
652867
656162
659487
662941
665407
668612
671597
672825
676649
679275
682200
685944
688940
691725
694620
697576
700561
703726
706651
709327
712172
715138
717743
720719
723434
727158
730024
732829
735834
738380
741366
744281
747076
750271
753067
755852
758378
761054
763660
766735
769221
771787
774552
777048
779854
782649
785465
788670
791176
794091
796817
799462
802408
804474
806361
807420
809237
811753
814289
816895
819391
822975
825860
828586
831431
833668
836563
839199
840956
843013
848524
852268
855243
857899
860405
863540
866615
869610
872386
875900
878556
881201
884007
887072
890027
893172
895888
898284
901339
903785
906511
909446
912072
914738
917663
920449
923693
925331
927867
930562
933657
936772
939977
942859
945538
948534
