121
229
346
502
593
821
931
1034
1126
1483
1621
1693
1833
2060
2175
2283
2367
2495
2782
3043
3163
3290
3504
3592
3763
3828
3981
4082
4134
4206
4395
4534
4605
4789
5219
5379
5585
5694
5804
5960
6221
6395
6578
6728
6815
6911
7006
7141
7347
7552
7629
7728
7973
8282
8377
8432
8556
8716
8906
9127
9241
9451
9637
9817
9946
10035
10097
10224
10384
10460
10524
10621
10887
10991
11118
11308
11413
11551
11681
12055
12186
12355
12441
12625
12751
12941
13089
13355
13578
13623
13718
14292
14379
14583
14887
15267
15550
15705
15833
15970
16279
16469
16596
16714
16841
16962
17065
17290
17425
17613
17715
17866
18068
18882
19094
19183
19290
19357
19650
19890
20019
20127
20421
20562
20708
20847
21219
21362
21480
21700
22103
22197
22352
22540
22685
22847
23092
23184
23328
23473
23674
23851
24013
24212
24351
24674
24787
24915
25051
25143
25344
25695
25905
26135
26340
26412
27039
27185
27352
27591
27626
27743
28235
28361
28504
28924
29121
29420
29543
29713
29973
30070
30199
30417
30607
30724
30853
30989
31192
31331
31511
31656
31723
32126
32280
32531
32644
32752
32863
32962
33080
33610
34052
34476
34591
34847
35030
35244
35369
35619
35771
35826
35971
36237
36339
36468
36656
36831
37206
37506
38040
38229
38301
38411
38539
38707
38859
38968
39392
39514
39800
40025
40115
40333
40395
40502
40785
40901
40985
41191
41308
41411
41547
41699
41987
42171
42590
42907
43188
43266
43429
43515
43646
43754
44239
44846
44925
45209
45336
45885
46141
46293
46497
46569
46662
46866
46979
47071
47309
47388
47540
47607
47842
47971
48227
48310
48522
48720
48802
48965
49088
49271
49348
49497
49935
50020
50709
51192
51321
51563
51893
52068
52262
52374
52604
52707
52840
53039
53773
53966
54100
54447
54614
54906
54967
55040
55248
55392
55696
56020
56187
56288
56444
56566
56711
56792
56931
57128
57276
57536
57674
57764
57855
58026
58129
58274
58764
58876
58976
59097
59221
59351
59492
59729
59844
60064
60155
60278
60601
60719
61306
61466
61557
61726
62196
62347
62603
62762
62834
62939
63007
63103
63325
63586
63756
63846
64205
64478
64567
64606
65330
65592
65801
65975
66122
66215
66314
66409
66555
66802
66992
67106
67347
67485
67678
68079
68364
68510
68753
68951
69069
69239
69507
69733
70024
70142
70596
70869
71114
72309
72574
72728
72808
73136
73218
73321
73763
73896
74093
74242
74467
74671
75070
75187
75438
76091
76446
76784
76860
77133
77470
77697
77801
77994
78174
78539
78642
78768
78922
79269
79377
79478
79639
79757
79832
79944
80308
80499
80607
81180
81266
81340
81719
82119
82427
82865
83737
84015
84185
84259
84483
84610
84648
84859
85064
85240
85439
85546
85867
85963
86125
86277
86451
86619
86725
87055
87097
87587
87886
87990
88073
88178
88573
88689
88831
88969
89402
89633
89955
90079
90197
90467
90610
90754
90924
91240
91439
91522
91933
92087
92178
92318
92430
92493
92637
92715
92947
93020
93206
93334
93421
93659
93936
94143
94329
94581
94673
94964
95055
95286
95433
95514
95697
95868
96048
96303
96611
96758
97108
97269
97445
97796
98676
98909
99412
99549
100008
100279
100427
100545
100672
100897
101026
101171
101422
101684
101942
102245
103279
103390
103551
103680
104279
104426
104577
104700
105018
105178
105422
105572
105733
105816
106171
106422
106561
106926
107142
107515
107817
107955
108085
108474
108588
108639
108730
108845
108982
109147
109280
109682
109770
109967
110103
110292
110499
110595
110713
110990
111240
111396
111549
112259
112435
112538
112708
112910
113043
113586
113830
114218
114432
114620
114744
114884
115009
115055
115358
115519
115906
116027
116177
116282
116614
116774
117022
117232
117288
118011
118097
118298
118463
118654
118818
118965
119293
119395
119821
119897
120073
120210
120398
120458
120531
120758
120947
121298
121449
121635
121824
121945
122063
122289
122422
122597
122704
122836
122979
123266
123534
123675
123830
124330
124626
124706
125146
125274
125546
125801
125911
126285
126481
126609
126733
127049
127272
127452
127634
127761
127905
128125
128236
128427
128669
128801
128990
129296
129470
129708
129884
130029
130218
130496
130575
130786
130879
131106
131451
131711
132150
132305
132651
133176
133283
133483
133823
133981
134130
134271
134428
134955
135113
135488
135584
135782
135934
136128
136629
136876
137063
137240
137424
137695
138094
138240
139049
139190
139567
139942
140115
140973
141759
142012
142062
142259
142448
142578
142657
142735
142880
143071
143242
143432
143586
143851
144071
144265
144404
144599
144835
145365
145693
146565
146654
146965
147078
148380
148646
148773
149487
149724
150253
150337
151029
151374
151732
152221
152399
152525
152625
152917
153319
153516
153721
154019
154115
154643
154905
155160
155294
155351
155584
156070
156343
156797
156932
157177
157401
157602
157919
158101
158330
158818
159040
159407
159584
159744
160597
160850
161341
161552
161700
161986
162083
162246
162423
162617
162807
162902
163595
163723
164068
164289
164445
164858
165299
165410
165516
165764
166177
167033
167674
167772
167806
168060
168414
168548
169204
169535
170039
170256
170590
170735
171090
171292
171386
171568
171815
172078
172200
172307
172593
172957
173034
173070
173203
173515
173882
174057
174293
174487
174758
174910
174998
175380
175526
175914
176247
176399
176514
176627
176868
176977
177141
177322
177482
177872
178018
178320
178444
178535
178758
178939
179108
179623
179716
180033
180279
180419
180568
180760
181056
181180
181436
181650
181813
182009
182321
182470
182673
183250
183385
183607
183710
183822
183999
184174
184372
184538
184758
184929
185130
185285
185348
185473
185659
186207
186348
186825
187011
187152
187295
187529
187752
187971
188365
189240
189459
189646
190465
190623
190739
191016
191168
191944
192166
192492
192727
192986
193172
193375
193581
193914
194040
194305
194522
194750
194929
195056
195458
195591
195786
196155
196215
196310
196619
196743
196901
197261
197385
197541
197654
197832
198039
198688
198773
198872
199133
199198
199524
199686
199835
200112
200336
201353
201529
202027
202684
202822
202973
203250
203393
203830
203923
204076
204270
205028
205286
205813
206381
206544
206800
207018
207480
207542
207688
208030
208181
208577
208961
209085
209270
209669
209797
210020
210390
210421
210886
211070
211264
211372
211651
211824
212044
212183
212322
212457
212566
212624
212832
213013
213590
214062
214467
214604
214789
215121
215362
215561
215761
216188
216404
216576
216773
216891
217263
217485
217813
217950
218129
218317
218513
218788
218940
219345
219534
219787
219902
220104
220335
220544
220654
220812
221045
221274
221436
221617
221770
222094
222376
222578
222822
223094
223616
223799
223915
224002
224081
224130
224434
224725
224865
225225
225382
225551
225665
226091
226276
226375
226521
226880
227076
227109
227263
228119
228342
228630
228954
229256
229510
229699
230114
230277
230520
230650
230774
231078
231370
231494
231674
231761
231965
232457
232624
232781
233111
233616
233804
234099
234215
234347
234432
234619
234714
234874
235846
235971
236385
236552
236951
237148
237359
237467
237692
238137
238216
238275
238487
238650
238923
239061
239194
239531
239687
239854
239973
240071
240219
240367
240725
241339
241634
242126
242318
242555
242954
243583
243615
243849
243893
244407
244944
245213
245839
246000
246256
246665
247177
247520
247875
248259
248622
248865
250495
250766
251306
251696
251901
252531
252742
253139
253472
253732
254030
254127
254439
254714
254886
255148
255535
255636
256909
257209
257345
257519
257650
257928
258173
259393
259587
259940
260096
260331
260683
260776
260970
261176
261482
261810
262463
262582
262803
262936
263184
263536
263855
264699
264834
264974
265177
265329
265443
265767
266599
267164
267629
267873
268057
268180
268216
268337
269079
269369
269664
269732
270664
270807
271044
271533
272762
273266
273884
274005
274321
274398
274849
275122
276008
276811
277228
277372
277833
278577
279059
279836
281164
282338
282804
283095
283566
283938
284181
284810
285201
285369
285480
285757
286108
287261
287542
288459
289410
290265
290624
290923
291100
291217
291971
292553
293568
293938
294999
295234
295783
296107
296424
296800
296941
297263
297507
297664
297928
298156
298282
298901
299710
300127
300297
300592
300707
301714
302211
302409
302645
302837
303063
303628
303908
304010
304244
304346
304796
304978
305572
305732
305819
306015
306863
307148
308041
308751
308904
309061
310184
310707
311157
311648
311999
312110
312887
313230
313641
313910
314153
314397
314697
314945
315226
315630
315982
316117
316340
316617
317398
317950
318938
319398
320141
320417
320643
320827
320901
322117
322357
322928
323146
323442
323870
324512
324937
325077
325215
325395
326346
326567
326888
327075
327153
327561
328052
328150
328655
329346
329451
329735
329850
330000
330331
330484
330706
330888
331085
331569
331874
332038
332234
332404
332610
332742
332886
333021
333411
333949
334061
334319
334402
334608
335097
335232
335622
335924
336021
336070
336184
336420
336608
336792
336999
337250
337640
337792
338004
338154
338490
338560
338994
339492
339689
340364
340631
340869
341082
341387
341744
341913
342048
342484
343285
343494
344133
344465
344656
344804
344874
345024
345190
345346
345610
345794
346065
346253
346531
346739
347164
347330
347682
347854
348149
348258
348532
348840
349211
349412
349612
349710
350000
350366
350548
350649
350776
350973
351207
351367
351742
351908
352308
352455
352599
352774
353387
353482
353611
353744
353884
354070
354245
354518
354605
354883
355110
355320
355439
355713
355846
355913
356078
356229
356658
356803
357163
357387
357858
358015
358258
358441
358577
358745
358807
359043
359178
359416
359451
359597
359747
359914
360025
360472
360577
360720
360899
361065
361190
361254
361371
361600
361743
361880
361963
362428
362494
362591
362752
362951
363149
363276
363432
363626
363741
363896
363966
364138
364280
364387
364612
364894
365172
365348
365541
365656
365753
366039
366157
366352
366493
366626
366770
366959
367174
367275
367420
367568
367731
367951
368071
368351
368596
368724
368823
368935
369069
369187
369389
369498
369633
369795
369972
370138
370388
370488
370682
371034
371147
371313
371542
371674
371806
371923
372036
372277
372451
372550
373484
373687
373837
374278
374480
374580
374792
374855
375090
375790
375935
376034
376274
376430
376624
376859
376997
377428
377766
377934
378072
378178
378245
378436
378592
378812
378886
379010
379101
379231
379423
379535
379659
379914
380072
380167
380376
380488
380677
380741
380855
380959
381134
381226
381315
381808
382022
382185
382343
382664
382776
382994
383252
383442
383586
383829
384028
384149
384294
384530
384632
384703
384895
385212
385374
385492
385835
386309
386531
386686
386860
387280
387828
388032
388166
388541
388716
388774
388896
388978
389129
389600
389767
390141
390216
390452
390625
390762
390942
391307
391458
391642
391789
391979
392125
392365
392664
392812
392940
393101
393247
393553
393877
393959
394056
394159
394583
394660
394798
394945
395491
395753
395895
396014
396222
396372
396470
396640
396855
397059
397222
397322
397473
397723
398039
398438
398627
398805
399033
399213
399379
399528
399607
399920
400180
400331
400488
400698
400819
400858
401107
401292
401539
401805
401991
402104
402205
402370
402500
402768
403042
403575
403667
403826
404109
404199
404812
404906
405054
405274
405429
405525
405660
405772
405952
406082
406310
406458
406548
406777
406914
407048
407198
407655
408014
408199
408321
408552
408671
408883
408924
409056
409195
409297
409407
409522
409623
409789
409873
409987
410243
410329
410372
410498
410600
410899
410998
411118
411265
411498
411605
411891
412098
412282
412733
413013
413148
413599
413771
414061
414191
414295
414421
414545
414698
415153
415397
415623
415738
415891
415930
416104
416204
416463
416586
416984
417061
417386
417525
417748
417946
418101
418350
418547
418813
419144
419363
419503
419626
419693
419785
419863
419994
420157
420286
420680
420796
420929
421111
421238
421531
421717
421940
422242
422456
422606
422729
422957
423034
423141
423215
423381
423499
423624
423747
423981
424076
424188
424438
424664
424789
424894
425181
425280
425538
425718
425879
425967
426103
426247
426361
426667
427097
427200
427416
427709
427880
428014
428193
428441
428580
428698
428791
428922
429131
429473
429671
429926
430000
430228
430313
430477
430597
430708
430863
431045
431384
431528
431741
431861
432298
432437
432900
433043
433117
433409
433503
433644
433759
433870
434032
434156
434333
434749
435082
435192
435426
435517
435610
435764
435900
436207
436340
436569
436683
436804
436903
437101
437218
437387
437767
438327
438649
438847
439080
439244
439427
439636
439729
439907
440171
440343
440682
440824
440903
441005
441193
441314
441787
441834
442180
442480
442587
442756
442933
443032
443272
443738
444071
444209
444419
444585
444877
445070
445194
445365
445600
445800
445916
446347
446416
446582
446726
446882
446996
447100
447250
447392
447683
447801
447923
448035
448185
448340
448510
448884
449040
449129
449248
449501
449666
449784
450184
450356
450467
450768
450937
451112
451260
451375
451535
451633
451864
452221
452334
452430
452781
452891
453199
453315
453504
453655
453850
453885
453942
454059
454195
454402
454594
454858
454929
455082
455194
455388
455535
455604
455744
455864
455995
456125
456347
456465
456552
456630
456761
456875
457024
457301
457511
458010
458087
458285
458575
458820
459306
459578
460183
460524
460695
460832
460924
461080
461172
461409
461767
461906
462179
462700
462889
463367
463437
463640
463957
464166
464224
464307
464422
464623
464768
465006
465184
465325
465445
465521
465856
465999
466325
466543
466892
467025
467084
467169
467318
467584
467850
468415
468644
468725
468938
469186
469517
469655
469792
469987
470084
470268
470629
470711
470896
471143
471232
471473
471727
471831
471957
472320
472415
472726
473014
473117
473198
473353
473565
473841
474520
474645
474792
474998
475158
475295
475444
475666
475957
476082
476124
476213
476319
476523
476599
476703
476797
476922
477053
477134
477349
477498
477734
477928
477988
478180
478302
478391
478503
478666
478786
478892
479226
479376
479480
479648
479822
479910
480225
480363
480399
480528
480653
480760
480876
481007
481084
481156
481260
481354
481463
481604
481693
481788
481890
482110
482190
482334
482440
482967
483158
483283
483356
483527
483648
483813
484206
484353
484444
484598
484818
485029
485364
485508
485734
485876
486148
486707
486849
486952
486994
487093
487282
487402
487510
487783
487891
488014
488102
488190
488295
488408
488585
488718
488830
489026
489172
489307
489720
489872
489986
490074
490206
490308
490561
490760
490911
491048
491451
491551
491682
491778
491875
492056
492203
492306
492405
492474
492806
492904
493051
493207
493312
493394
493562
493730
493992
494071
494258
494406
494594
494722
494830
495089
495356
495465
495550
495614
495755
495892
495980
496220
496435
496659
496755
497173
497319
497448
497708
497812
497906
498019
498072
498193
498346
498720
498914
499316
499529
499739
499848
499946
500069
500301
500477
500629
500852
501261
501427
501605
501716
501946
502120
502453
502559
502647
502846
502979
503085
503162
503259
503402
503492
503813
503922
504006
504049
504271
504377
504552
504693
504972
505116
505247
505373
505478
505794
505941
506088
506128
506550
506678
506881
507026
507124
507211
507371
507472
507657
508381
508431
508574
508713
509061
509327
509412
509524
509826
510107
510262
510427
510518
510653
510827
510931
511030
511167
511380
511520
511598
511848
512037
512249
512412
512464
512576
512754
512879
513153
513349
513796
514152
514426
514609
514684
514876
515097
515190
515716
515908
516123
516306
516472
516660
517015
517271
517369
517666
517798
517922
518050
518169
518495
518731
518897
519095
519395
519489
519749
519992
520091
520199
520388
520539
520649
520748
520841
520899
521012
521148
521309
521411
521922
521989
522230
522298
522488
522832
522989
523094
523277
523395
523541
523724
523795
523949
524018
524222
524273
524361
524517
524728
524900
524974
525126
525219
525334
525444
525554
525656
526119
526207
526460
526985
527077
527195
527268
527341
527386
527574
527684
527906
528037
528407
528619
528679
528898
528970
529159
529543
529710
530040
530248
530365
530530
530639
530926
531061
531195
531309
531485
531618
531735
531842
531925
532161
532601
532719
532973
533108
533216
533500
533676
533981
534359
534498
534598
534780
534885
534957
535176
535284
535518
535883
535968
536102
536150
536461
536596
536706
536754
536886
537018
537250
537382
537503
537612
537865
538061
538338
538607
538742
538814
538906
539000
539066
539265
539373
539462
539554
539657
539765
540022
540250
540383
540508
540621
540782
540893
541034
541192
541290
541406
541622
541914
542158
542265
542442
542518
542599
542668
542778
542989
543141
543449
543541
543675
543871
544184
544281
544469
544536
544765
544898
545013
545156
545552
545690
546167
546262
546514
546623
546931
547067
547229
547360
547429
547577
547704
547828
548142
548299
548428
548688
548857
549144
549274
549508
549659
549826
550001
550115
550242
550340
550456
550619
550761
550940
551162
551321
551578
551922
552081
552227
552339
552594
552863
552977
553122
553243
553562
554043
554171
554304
554398
554434
554570
554627
554787
554912
555388
555479
555722
555832
556132
556245
556316
556625
556745
556975
557144
557363
557557
557667
557805
557948
557990
558229
558335
558616
558759
558856
558970
559366
559652
560027
560160
560295
560611
560725
560822
561058
561377
561451
561554
561666
561881
562069
562138
562300
562409
562526
562602
562739
562915
563216
563297
563473
563750
564458
564575
564700
564778
565028
565124
565372
565514
565674
565774
565844
565993
566156
566621
566764
566998
567092
567396
567503
567588
568049
568143
568227
568362
568851
569162
569328
569620
569784
569874
569918
570031
570149
570476
570674
571078
571371
571479
571757
571891
572111
572307
572708
572953
573268
573763
573907
574009
574245
574439
574647
574746
574866
575008
575156
575231
575362
575398
575447
575534
576026
576146
576308
576385
576459
576576
576853
576942
577364
577467
577576
577698
577799
578027
578382
578477
578793
578921
579077
579142
579272
579467
579900
580181
580404
580559
580697
580869
581102
581278
581444
581622
581756
581994
582142
582304
582412
582652
582814
582860
582979
583052
583437
583933
584066
584238
584322
584398
584461
584629
584792
585193
585377
585515
586007
586176
586266
586386
586845
586979
587099
587232
587334
587469
588419
588554
588922
589057
589409
589524
589684
589828
589976
590058
590405
590620
590691
590800
590871
591012
591154
591360
591577
591718
591927
592412
592732
593330
593443
593598
593705
593785
593872
594074
594248
594514
594621
594918
595182
595337
595459
595561
595801
595921
596167
596275
596331
596386
596521
596750
596892
597125
597445
597633
598384
598533
598653
598789
598915
599069
599330
599510
599602
600147
600509
600773
600935
601154
601308
601490
601729
601776
602060
602315
602447
602550
602804
602906
603365
603575
603674
603752
604086
604283
604470
604589
604908
604985
605096
605548
605665
605776
605866
606028
606136
606307
606490
606586
606768
607191
607413
607802
607939
608065
608236
608491
608630
608736
608922
609029
609285
609452
609597
609794
609976
610105
610232
610552
610654
610746
610826
610939
611079
611230
611271
611382
611618
611794
611925
612059
612331
612408
612707
612909
613010
613157
613366
613724
613853
613909
613983
614115
614217
614305
614455
614825
614996
615124
615313
615468
615615
615763
615913
616196
616299
616433
616496
616608
616729
616867
617152
617336
617403
617651
617828
618101
618493
618609
618735
618922
619315
619666
619800
620270
620357
620488
620596
621021
621172
621482
621745
621828
622018
622358
622502
622778
623284
623381
623508
623668
623816
623930
623967
624137
624243
624325
624658
625165
625275
625371
625622
626067
626229
626339
626671
627024
627305
627564
627725
627873
628009
628263
628374
628473
628605
628925
629096
629431
629595
629802
629957
630203
630272
630675
630965
631105
631341
631414
631567
631794
632006
632175
632298
632419
632621
632707
632812
632969
633093
633187
633485
633634
633725
633923
634146
634309
634583
634779
635093
635239
635635
636177
636297
636385
636678
636734
637064
637236
637503
637791
637922
638150
638394
638524
638800
639104
639378
639518
639916
640173
640441
640562
640762
640829
641015
641100
641419
641534
641764
641849
642029
642194
642380
642820
643002
643229
643348
643507
643765
643888
644005
644153
644429
644537
644773
644978
645119
645272
645432
645536
645943
646149
646443
646590
646766
646882
647196
647388
647558
647687
648118
648220
648327
648461
648598
648882
648919
649192
649344
649559
649934
650119
650167
650304
650554
650751
650888
651047
651479
651631
652056
652197
652443
652628
652880
652974
653130
653449
653482
653548
653651
653810
654090
654225
654469
654592
654786
654954
655311
655519
655781
655992
656066
656194
656453
656584
656700
656780
656961
657126
657360
657693
657827
657940
658287
658383
658494
658649
658967
659203
659337
659463
659576
659997
660180
660312
660679
660787
660922
661058
661184
661373
661593
661702
661830
661872
662017
662120
662327
662903
663029
663348
663791
663883
664060
664183
664398
664516
664871
665228
665580
665702
665781
666084
666325
666496
666758
666997
667073
667223
667254
667324
667715
668085
668438
668620
668781
668896
669426
669896
670056
670205
670310
670574
670725
670880
671108
671265
671646
671768
672220
672392
672487
672580
673096
673199
673320
673586
673704
673896
674474
674790
674954
675127
675326
675708
675848
676235
676412
676619
676738
677019
677169
677318
677501
677598
677758
677877
678033
678122
678688
678772
678998
679077
679202
679319
679465
679876
680225
680521
680655
680779
681130
681207
681437
681722
681841
681936
682227
682262
682379
682541
682708
683034
683512
683688
683833
684049
684147
684403
684538
684663
684895
685141
685435
685581
685759
686398
686562
687256
687321
687523
687830
688267
688616
688704
688856
688986
689156
689381
690120
690350
690535
690655
690786
690911
691195
691327
691530
692138
692243
692330
692649
692786
692886
692946
693044
693336
693479
693547
693893
694063
694195
694286
694391
694875
695207
695378
695553
695837
696094
696470
696675
696709
697050
697171
697371
697500
697727
697830
697955
698137
698248
698550
698705
698851
699059
699474
699612
699799
699849
699986
700282
700465
700854
701120
701527
701594
701857
702067
702340
702495
702610
702730
702871
702974
703573
703696
703772
703939
704134
704187
704459
704608
704744
704819
705072
705391
705662
706013
706565
706700
706920
707233
707368
707878
708161
708269
708359
708457
708650
708948
709195
709479
709741
709895
710009
710123
710224
710375
710573
710775
710856
711320
711527
711737
711845
712071
712325
712430
712492
712881
712966
713068
713219
713516
713665
713821
714121
714240
714296
714460
714622
714784
714939
715569
715688
715981
716101
716287
716397
716500
717329
717526
717665
717902
718209
718470
718568
718680
718834
718983
719142
719301
719575
719683
720021
720166
720393
720557
720658
720904
721009
721176
721485
721562
721688
722041
722158
722226
722613
722722
722846
723052
723191
723411
723831
723967
724178
724289
724836
724993
725127
725423
725665
725759
725996
726338
726518
727192
727270
727520
727587
727807
727944
728114
728407
728665
728836
729005
729351
729453
729924
730150
730187
730329
730584
730952
731288
731435
731757
731891
732349
732697
732842
733135
733227
733733
733873
734041
734210
734306
734414
734608
734729
734857
735142
735499
735941
736123
736225
736349
736495
736618
736737
737063
737351
737775
737954
738118
738239
738414
738489
738649
738775
739199
739326
739431
739559
739657
739802
740165
740299
740474
740653
740918
741078
741221
741359
741460
741545
741857
742017
742270
742369
742506
742595
742729
743027
743256
743379
743728
743812
744095
744233
744337
744482
744611
744839
744929
745204
745414
745562
746263
746660
746722
746865
747013
747653
747814
747970
748121
748233
748332
748575
748682
748887
749025
749177
749318
749479
749603
749802
749914
750028
750268
750429
750586
750707
750800
750979
751053
751136
751264
751721
751835
751992
752189
752297
752427
752572
752678
752808
752914
753123
753330
753426
753489
753618
753878
754009
754112
754340
754498
754703
754951
755320
755701
756016
756109
756309
756400
756506
756636
756760
756863
757024
757159
757263
757539
757809
757940
758288
758405
758590
758844
759063
759147
759239
759434
759693
759788
759827
760091
760191
760355
760670
760921
761133
761319
761443
762462
762886
763009
763224
763845
763972
764074
764212
764632
764873
765008
765175
765273
765536
765608
765786
766014
766348
766484
766704
766826
766910
767853
767975
768060
768241
768481
768692
768767
768896
769011
769100
769240
769716
770193
770324
770639
770706
770799
771038
771378
771496
771741
771937
772327
772455
772547
772734
772877
773001
773413
773602
773721
773795
774371
774539
774648
774770
774907
775103
775220
775414
775616
775735
775845
776003
776515
776806
776934
777068
777382
777447
777620
777718
777928
778135
778261
778426
778620
778836
778942
779070
779270
779566
779682
779775
779913
780114
780217
780659
780776
781059
781171
781440
781560
781861
782104
782209
782327
782481
782714
782858
782987
783095
783243
783620
783719
784000
784200
784308
784429
784568
784717
785193
785496
785633
785951
786190
786349
786478
786598
786746
786861
787279
787406
787594
788139
788202
788515
788655
788777
788867
789047
789120
789519
789664
789758
789937
790037
790191
790571
790740
790867
791416
791748
791965
792140
792313
792579
792702
792817
793065
793175
793327
793542
793767
793957
794174
794332
794422
794532
794656
794751
794938
795179
795503
796239
796496
796622
796752
796975
797155
797270
797355
797553
797633
797851
797998
798167
798342
798736
798900
799026
799341
799579
799687
799738
799906
799994
800109
800453
800569
800964
801504
802162
802364
802461
802560
802697
802825
802933
803390
803489
803631
803824
804013
804318
804387
804793
804950
805318
805590
805783
806404
806577
806803
807063
807668
808097
808163
808284
808443
808577
808758
808891
809015
809148
809267
809485
809810
809914
810126
810594
810824
811115
811206
811348
811441
811565
811788
811849
811952
812048
812156
812283
812492
812764
812900
812986
813242
813334
813628
813815
813926
814047
814666
814841
814899
815052
815582
815939
816099
816194
816293
816413
816623
816750
817470
817607
818153
818425
818596
819017
819163
819264
819383
819601
819876
820159
820337
820766
820857
820915
821114
821305
821570
821777
821866
822257
822470
822610
822857
823076
823327
823814
824074
824229
824346
824449
824576
824732
824861
824957
825263
825528
825749
825913
826180
826316
826583
826946
827017
827318
827426
827654
827836
827957
828075
828248
828593
828725
828825
828959
829210
829280
829503
829599
829891
830073
830481
830672
831188
831303
831884
832273
832415
832595
832921
833155
833275
833473
833626
833860
833953
834703
834765
835076
835514
835863
836036
836384
836556
836675
836955
837099
837271
837350
837551
837670
837952
838108
838816
838956
839217
839254
839438
839693
839822
840007
840409
840581
840783
840878
841005
841164
841803
841896
842063
842282
842470
842590
842862
843324
843454
843619
843892
844041
844234
844529
844735
844848
845007
845074
845409
845476
845678
845809
846075
846318
846537
846737
847098
847263
847400
847869
847994
848203
848324
848748
848887
849280
849447
849576
849856
850304
850699
850825
851021
851191
851762
851956
852075
852285
852339
852601
852909
853100
853253
853340
853560
853761
853899
854043
854350
854957
855043
855204
855336
855578
855657
855832
856091
856242
856364
856497
856917
857066
857635
858002
858152
858307
858389
858498
858754
858832
858922
859114
859360
859486
859640
859916
860219
860424
860539
860832
861021
861075
861447
861563
861682
861759
861903
862022
862338
862815
862925
863039
863190
863407
863992
864428
864649
865010
865271
865355
865530
865578
865891
866114
866244
866512
866588
866798
866880
866986
867131
867409
867566
867877
867999
868262
868565
868725
868827
868911
869166
869303
869407
869504
869896
869997
870485
870717
870787
870990
871168
871340
871484
871830
871936
872156
872692
872821
873142
873309
873919
874028
874194
874256
874426
874587
874705
875133
875270
875636
875720
875803
876003
876472
876676
876784
877086
877206
877336
877462
877550
877777
877984
878321
878505
879031
879149
879250
879387
879531
879842
880285
880387
880554
880699
880857
881195
881508
881588
881728
882085
882375
882645
882739
883115
883274
883566
883820
883945
884277
884512
884606
884739
884772
885005
885172
885424
885455
885544
885638
886020
886343
886555
886695
886944
887050
887142
887313
887541
887638
887784
888149
888298
888432
888519
888863
888990
889070
889169
889527
889616
889864
890070
890464
890539
890596
890757
890861
891285
891557
891945
892113
892329
892546
893105
893362
893572
893669
893805
893879
893983
894284
894473
894778
894925
895744
895868
895912
896341
896447
896818
896948
897396
897706
897930
898318
898550
898725
899340
899407
899651
899959
900246
900361
900726
900902
901036
901242
901347
901644
901993
902093
902650
902750
903045
903411
903512
903633
903769
904084
904214
904460
904575
904655
904943
905301
905564
905759
905938
905980
906133
906607
906751
906878
906969
907161
907281
907368
907483
907573
907694
907854
908288
908878
909079
909221
909543
909659
909757
909977
910536
910676
910818
910985
911933
912292
912360
912456
912535
912701
912814
912956
913081
913154
913394
913832
914016
914803
915174
915454
915603
915970
916264
916420
916693
917006
917136
917580
918146
918364
918439
918850
918951
919068
919347
919516
919635
919937
920098
920434
920551
920620
920759
920877
921172
921358
921552
921655
921775
921947
922023
922251
922532
922858
923079
923381
923578
923737
924482
924629
924936
925235
925386
925543
925594
925684
925770
925983
926085
926301
926407
926823
926948
927464
927818
927949
928075
928363
928696
928814
929526
929657
929839
930136
930360
930434
930616
930711
930835
930965
931141
931422
931546
931718
931851
932286
932477
932937
933365
933757
933959
934108
934715
934937
935033
935600
935650
935830
936078
936797
936940
937087
937410
937502
937882
938001
938317
938450
938708
938945
939054
940053
940149
940227
940727
940887
941204
941444
941858
942087
942334
942766
942975
943257
943351
943597
943691
943871
943943
944190
944680
944828
944995
945433
945568
945711
945823
945946
946090
946191
946299
946389
946732
946908
947024
947322
947503
947828
948035
948353
948681
949012
949285
949387
949586
949670
949797
