17188
18320
19154
20695
21814
24675
25547
26093
26830
27708
28471
29952
31757
32287
32842
34026
34995
35615
36217
36805
37536
38626
39163
40005
41260
48149
56756
59432
64010
64702
65810
67312
67887
69584
71217
73088
73975
74586
76018
77895
79815
81122
81931
83084
85499
86016
86664
89534
91092
92765
93403
93949
95642
96302
97325
98677
99597
100297
101527
102091
103662
106885
108299
109733
110428
111631
112180
112690
113482
114889
118964
120434
122310
123618
124490
125762
127089
127761
129359
132773
134028
135080
135892
136865
141166
142305
142911
144275
144994
145911
146614
148528
150175
151111
152960
154605
155825
157129
158100
159390
160543
161123
161747
162489
163602
170249
172815
175215
176962
177738
179013
179723
180836
181428
183998
185123
185743
186325
186920
188172
188975
189512
209509
210097
211750
212967
221503
234170
234907
235598
239069
241131
242317
243240
243768
244618
245729
247446
249678
251109
252712
253819
255249
256830
257338
258391
259051
260436
261471
264023
264819
265439
266410
267141
267924
268791
269951
270608
271277
272572
273246
273775
274367
275051
277608
278178
278936
279654
280811
281461
282182
282972
283877
284484
285093
285900
286985
295580
297018
298247
298771
299376
300045
301607
302106
302908
303523
305434
306456
307589
308812
309639
311042
312402
313103
314703
315879
316648
317905
318550
320376
321298
322009
325891
326849
328277
328818
329484
330309
330844
331546
334062
334895
335481
336857
338797
340057
341275
343185
344098
345113
348914
354043
357218
358069
359283
360024
361078
361886
362760
363501
364048
365143
366076
366651
367169
367734
369223
369941
371045
372124
372672
374543
375324
376153
376928
377579
379690
381484
383396
383930
394622
398367
400745
401357
403400
407150
412643
414628
415523
416376
416876
417900
418903
420600
422003
422666
423799
424984
425764
426319
427632
429618
431811
432660
433207
434126
436016
438091
438851
439489
440261
441616
443480
444141
445754
446459
448135
449510
450054
451498
454360
455545
456217
456871
457439
458272
458942
459665
460995
462191
462773
464496
466956
468721
469508
470872
472386
474283
475688
476967
477702
478948
479795
480860
483596
484267
485431
486206
486935
488241
488896
491275
493067
495134
500240
502382
505160
505822
506672
507195
507941
509248
513300
513946
514616
515618
519953
520659
523145
525658
529178
554373
555331
555874
559258
560899
563086
565646
570709
581410
582615
583706
584363
585690
588383
590287
595385
597114
598860
603708
604565
605260
605762
606289
606853
607463
608193
609092
610142
610712
611610
612201
614678
617214
617752
618358
619973
620597
629380
650646
653670
654219
655962
658269
673496
674035
675479
676048
677248
678414
679393
680512
681037
682210
683489
684375
684936
685510
686041
686541
687638
688511
690341
691212
692011
694841
695842
697569
698518
700357
701151
702592
703101
704376
705321
705890
707025
710090
711009
714388
715387
718443
723603
730656
733295
734040
734655
735320
735928
737683
739681
740445
743162
752295
753137
753906
754814
755380
756015
756687
757392
758211
759022
759806
760397
773097
773634
774330
776071
776689
790704
793429
794979
795750
797944
799392
800187
802725
803527
804981
805515
806476
807947
809944
810883
813014
814408
816427
817233
817751
818487
819332
820123
820926
821801
822447
823322
823909
824520
825044
826123
826720
827584
828623
829839
834735
836255
836879
838309
841959
844084
846458
847432
848023
848541
849454
850907
854331
855265
856039
856657
858013
858520
859127
859969
860775
862734
863337
864563
865342
865930
868088
870265
871762
873969
874654
876052
877338
878905
893467
895847
896534
897247
898052
921621
924437
925003
925580
930129
930651
931765
932401
933073
933797
935493
937430
939099
940814
943262
944235
944917
945633
947636
948653
949923
950836
953357
955472
956101
957263
957831
958625
959937
963078
963621
964507
965177
965909
966640
967147
970245
1003624
1004135
1005430
1006993
1007516
1008131
1017630
1018255
1019166
1037309
1037973
1039074
1039652
1040351
1041478
1043112
1043722
1044821
1045554
1047184
1061048
1062085
1062741
1063490
1064489
1065078
1080336
1103217
1105925
1106913
1107676
1108580
1109102
1110060
1110733
1111613
1112508
1113206
1113787
1114751
1115386
1116408
1116964
1119510
1120043
1120733
1121526
1122396
1123824
1124894
1126757
1127945
1128762
1130861
1134506
1144590
1145968
1146526
