377
3302
6377
9882
12517
15623
19127
21493
28362
30309
32236
35591
37378
38476
41231
44646
47791
49149
51375
53092
54630
57196
58883
61858
63096
65702
67020
69227
72441
73719
78312
81457
82945
85790
87667
89061
90922
94766
96303
98250
99848
100926
103182
105708
107535
108983
110950
112947
114724
115502
117759
119845
122841
124897
126944
128801
130988
133004
137417
138985
143348
144885
147911
150157
152303
154550
157335
159722
161529
163895
166431
169107
171543
174308
176704
179210
180388
181437
185191
186688
188446
190422
193547
196213
199298
201575
204360
207745
209871
213266
215622
218957
221263
223919
225856
229390
231497
235091
240542
243747
246992
248549
250167
251994
254699
256686
259691
261498
262836
266670
268417
270943
272880
276714
281976
283992
286858
288555
292269
294875
297920
299867
304020
306516
308912
310630
313885
315831
317629
319855
321812
323998
326365
328232
331047
331836
336039
338142
341760
343787
347301
349947
352842
355268
357824
359412
363525
365632
367319
369346
372760
377343
379719
381746
383643
384831
388784
391251
392678
393727
395124
397111
398968
401834
403451
406326
407854
409112
410759
412996
414324
416370
418577
421372
423030
424308
426993
428561
431816
433653
436957
438914
440452
442548
444575
447141
449098
450675
452013
453621
455258
456546
459491
461608
463744
466200
467988
470573
472580
476574
478421
480747
482784
484671
487536
490132
492918
494835
496252
499257
500555
502912
506216
508453
512836
515222
516256
519375
522211
523658
526574
528940
531925
534391
536697
539293
541829
544255
546961
549457
551644
553940
556056
558493
560789
564193
566909
569385
571612
574088
576783
579289
582534
584501
588045
588824
590801
592678
595054
597700
600345
607933
611058
613614
615831
617448
620463
621951
624397
628760
630996
632873
635389
638454
640900
643646
645783
648039
650565
653351
656086
658253
660419
662835
665172
667767
670643
672929
675425
678880
680207
683812
685988
688894
691639
694325
696631
699996
702252
705267
708302
711477
713903
717008
719315
722190
724856
727412
730257
733023
735080
737526
739842
742817
745523
748538
751194
753240
755367
758432
760898
763893
765900
768186
770103
775125
777741
781964
784730
786168
787206
791429
794135
796561
798498
800874
802511
803909
805447
808152
812196
816279
819634
822709
824047
826463
830646
836287
838414
840331
842388
844604
845742
847110
851044
851942
859231
864412
866149
869284
870672
872389
877541
882294
884310
886657
889292
892278
894015
900085
901862
904568
906824
908741
911617
913733
916878
918925
921101
924746
927930
930077
934450
936637
937835
940061
942996
945073
947998
949775
951852
953959
955227
957633
959410
961047
965241
967976
970362
973587
976013
978779
981175
984320
987335
989502
992457
995842
998627
1001572
1003390
1005287
1009759
1012505
1014881
1016379
1019344
1024236
1026782
1029757
1032323
1034989
1037894
1041149
1043835
1046570
1049556
1051802
1054647
1056914
1059729
1065280
1068216
1071011
1073547
1076682
1078998
1081814
1085139
1087684
1089791
1091838
1097419
1099825
1103299
1105346
1107772
1110178
1112355
1114671
1117337
1120362
1123158
1125913
1128030
1130276
1134110
1136646
1139452
1143186
1146051
