71793
73456
75488
77015
78482
79920
81467
82627
84508
86087
89136
90622
92150
93628
96584
98051
99588
100783
105975
107646
109193
114335
116042
117840
121423
124938
128502
141322
143738
147790
149967
243130
245005
246372
248580
250143
252932
254950
256457
257985
261186
262796
264434
283004
304312
308455
310411
313991
316990
319286
335809
401844
414455
416539
418339
420056
421692
426824
428531
433602
434801
437014
440523
442335
447371
456976
474167
476674
480168
519505
522591
588671
593038
594737
596402
598060
606328
607569
608938
808112
815551
817879
819566
836479
838590
872021
874263
934470
936207
937955
943108
944803
946331
