1227
3971
5579
9969
10101
11995
12119
12219
12651
14678
14801
17279
17327
17620
17682
17775
17879
17893
17943
17963
18122
18138
18164
18170
18193
18196
18362
18386
18404
18456
18538
18555
18601
18616
18667
18730
18879
18932
19042
19247
19446
19494
19501
19543
19619
19648
19710
19984
19997
20061
20110
20263
20320
20468
20547
20558
20558
20561
20605
20620
20728
20805
20924
21067
21651
22135
22537
22863
22901
23059
23122
23578
23674
23685
23762
23797
23818
23889
23935
24054
24575
24590
24600
24627
24658
24847
24914
25105
25221
25277
25301
25347
25450
25476
25552
25604
25635
25825
25854
25868
25903
26172
26205
26263
26320
26400
26460
26542
26596
26623
26742
26797
26886
26895
27034
27097
27115
27173
27470
27537
27606
27698
27736
27829
27843
27987
28205
28240
28282
28393
28579
28623
28907
29260
29386
29512
29519
29569
29941
30019
30038
30085
30250
30330
30471
30605
30720
30737
30783
30841
30971
31101
31205
31211
31291
31512
31591
31790
31824
32765
32777
32898
32934
32969
33432
33472
33709
33749
33886
33959
34093
34182
34207
34302
34404
34406
34520
34548
34638
34846
34965
35200
35471
35628
35700
35834
35904
35995
36616
36724
37942
39476
39943
40515
41167
41389
41559
41902
41998
42034
42109
42197
42233
42253
42261
42358
42401
42422
42452
42495
42523
42524
42615
42650
42720
42816
42856
43101
43151
43232
43299
43349
43459
43560
43604
43624
43629
43721
43754
43820
43862
43904
44013
44047
44084
44433
44510
44599
44613
44630
44740
44891
44948
45048
45067
45200
45270
45326
45460
45492
45610
45628
45666
45915
45950
45982
46012
46034
46048
46141
46149
46194
46305
46374
46700
46718
46720
46846
46899
46926
47120
47279
47392
47446
47532
47710
47724
47823
47830
47951
47954
47990
48002
48027
48050
48063
48192
48254
48268
48481
48525
48587
48621
48743
48833
48944
49015
49020
49164
49205
49240
49299
49365
49428
49467
49629
49692
49772
49877
50070
50134
50181
50204
50264
50294
50410
50533
50601
50619
50627
50631
50698
50700
50764
50770
50828
50906
51021
51175
51382
51568
51718
51842
52044
52188
52496
52511
52630
52774
52875
52885
52937
52993
53190
53277
53462
53684
53701
53767
53788
53808
53869
54044
54170
54172
54360
54410
54479
54570
54789
54881
55000
55054
55244
55279
55368
55437
56056
56179
56255
56262
56294
56376
56452
56640
56853
57040
57157
57218
58429
58480
58548
58877
59045
59087
59295
59319
59393
59452
59588
59608
59742
60038
60265
60435
60626
60807
60821
60849
60956
61051
61097
61201
61266
61299
61423
61455
61670
61688
61790
61972
62129
62149
62214
62451
62491
62579
62754
62791
62835
62845
62919
62946
63055
63217
63250
63457
63628
64060
64334
64413
64563
64681
64688
64824
64840
64841
64983
65050
65058
65094
65155
65203
65326
65363
65390
65430
65630
65798
65806
65863
66162
66201
66248
66356
66367
66545
66548
66739
66747
66820
66844
66887
66935
67039
67186
67466
67768
68114
68131
68230
68520
68556
68727
68800
68910
68922
68984
69100
69113
69140
69182
69229
69265
69315
69341
69357
69362
69385
69397
69569
69624
69668
69688
69738
69841
69861
69934
70083
70145
70191
70222
70263
70320
70437
70499
70596
70712
70752
70757
70763
70984
71061
71226
71289
71376
71408
71492
71606
71741
71907
72007
72045
72179
72364
72833
72863
73156
73319
73462
73523
73700
73722
73793
73840
73861
73914
74031
74055
74086
74271
74405
74629
74835
74894
75006
75022
75158
75230
75352
75529
75623
75682
75891
76119
76136
76138
76200
76231
76258
76345
76374
76402
76427
76626
76858
76980
77071
77092
77563
77667
77755
77899
78097
78228
78307
78412
78413
78524
78649
78699
78823
79116
79260
79317
79493
79500
79513
79558
79595
80067
80107
80118
80683
80739
80790
81235
81349
81682
81709
81796
82042
82210
82266
82673
82712
82728
82823
82895
83093
83248
83262
83283
83383
83436
83483
83497
83536
83606
83631
83688
83971
84000
84048
84151
84467
84608
84662
84712
84735
84830
84957
84971
85085
85176
85189
85223
85224
85248
85301
85331
85637
85803
85861
86157
86383
86979
87025
87089
87121
87132
87269
87576
87612
87666
87755
87816
87824
87954
88013
88264
88409
88563
88604
88656
88713
89139
89641
89723
89862
89972
90202
90399
90523
90564
90946
90983
91051
91191
91193
91199
91309
91372
91409
91464
91845
91877
92093
92103
92165
92364
92569
92626
92770
92796
93014
93157
93402
93598
93784
93866
94022
94064
94124
94180
94300
94351
94415
94493
94602
94654
94700
94869
94897
94980
95156
95286
95452
95510
95594
95644
95757
96098
96472
96539
96555
96584
96621
96726
96762
96799
96888
97027
97206
97302
97356
97565
97688
97778
97976
98073
98219
98555
98636
98825
98935
99323
99543
99582
99629
99646
99663
99821
99898
100105
100241
100385
100498
100594
100651
100664
100679
100758
100792
101064
101153
101214
101283
101458
101636
101697
101837
102057
102115
102559
102774
102874
103313
103642
103765
103834
103910
104156
104165
104195
104240
104242
104420
104535
104622
104734
104941
105106
105211
105483
105666
106047
106135
106175
106328
106432
106545
106687
107077
107250
107310
107445
107908
108019
108217
108298
108388
108409
108570
108653
108699
108794
109029
109156
109521
109698
109733
109867
109930
109948
110119
110192
110349
110539
110622
111333
111365
111443
111466
111520
111551
111557
111588
111623
111663
111778
111842
111905
112127
112241
112251
112418
112441
112599
112753
112901
113063
113246
113332
113479
113839
113873
113885
113985
114360
114394
114460
114463
114628
114738
115212
115385
115519
115755
115803
115808
115902
116169
116704
116793
116845
117010
117332
117375
117388
117667
117717
117741
118034
118103
118249
118276
118719
118743
118896
119169
119224
119258
119469
119538
119554
119859
119938
119983
120089
120124
120653
121127
121604
121646
121743
121847
122678
123025
123099
123235
123253
123702
123946
124322
124450
124797
125068
125186
125954
126051
126635
126725
126959
127479
127947
128389
128635
129276
129644
130137
130217
131232
131379
131448
131530
132657
132803
132906
133079
133122
133159
133289
133467
133608
133752
134098
134456
134610
134807
134934
135801
135872
136038
136839
136983
137106
137368
138258
138328
138764
139758
139898
140584
141331
141695
141852
142345
142391
143276
144519
144578
144654
144773
146923
147416
148675
149008
149056
149285
149366
149950
150109
150148
150245
150403
150491
150625
150798
150864
150882
150953
150967
150984
151138
151244
151270
151298
151320
151352
151516
151606
151744
151821
151957
151986
152165
152169
152394
152449
152538
152575
152678
152741
152812
153110
153620
153735
153832
154283
154698
154728
154789
154833
154944
155061
155090
155104
155395
155519
155747
155778
155834
155987
156014
156027
156076
156256
156635
156678
156703
156786
156840
156906
156976
157146
157161
157374
157547
157716
157840
158299
159285
159397
159643
159792
159825
160007
161621
161774
161841
161907
162118
164279
164386
164476
165019
166318
166461
167539
167944
168046
168870
169333
171653
172766
173425
174422
175294
175393
176403
177240
177400
177515
177795
177973
178912
179689
179777
180220
180609
181064
182130
183309
185264
185327
185445
185890
186065
186321
187598
188006
188574
189282
190366
190480
191609
192035
192800
193295
193407
193818
195549
196995
197066
197502
197881
198025
199729
200105
200130
200472
200654
201162
201342
201406
201595
201708
201865
202010
202036
202130
202140
202284
202318
202392
202408
202474
202503
202584
202641
202686
202821
202925
202927
203172
203660
203839
204148
204797
204834
204974
205017
205067
205193
205249
205321
205372
205466
205505
205533
205612
205626
205639
205751
205800
206746
206812
206911
206924
206984
207332
207412
207442
207459
207479
207542
207603
207824
207972
208019
208079
208243
208258
208422
208506
208650
209472
209519
209580
209964
210050
210371
211025
211135
211631
212127
212281
212563
212735
213167
213286
213317
213635
213811
213992
214007
214098
214244
214278
214657
214768
215273
215715
215902
216343
216512
216763
217033
217072
217601
217784
217799
217873
217884
218320
218449
218456
218548
218969
219088
219532
219814
220209
220809
221367
221407
221549
221916
221922
221966
222015
222119
222552
222570
223353
223659
223762
223836
224014
224058
224186
224248
224690
224869
225018
225354
225722
226538
226638
226839
227328
227459
227561
227721
227824
227881
227939
227991
228063
228140
228229
228293
228528
228541
228909
228995
229252
229352
229366
229395
229412
229478
229522
229742
229874
229887
230159
230272
230341
230581
230595
231173
231269
231583
231686
231745
231788
232182
232872
232963
233314
233448
233485
233712
233775
233870
233907
234001
234051
234128
234141
234350
234376
234440
234605
234788
234904
234917
235023
235211
235215
235286
235316
235624
235702
235739
235806
236063
236070
236236
236353
236401
236565
236643
236700
236858
236918
236939
236989
237016
237044
237368
237447
237499
237618
237656
237813
238065
238208
238318
238623
238638
238781
238857
239096
239121
239458
239489
239558
239819
239878
240022
240130
240271
240285
240292
240382
240386
240443
240516
240576
240614
240678
240871
240989
241101
241553
241722
241897
242037
242084
242397
242893
243177
243319
243857
243862
243930
244002
244053
244090
244106
244133
244156
244176
244199
244276
244287
244428
244644
244971
245141
245253
245706
246262
246565
246651
247225
248069
248282
248339
248380
249873
250755
251251
251788
251852
251902
251996
252009
252094
252203
252557
252819
252876
253355
254128
254239
254375
254759
254817
254846
254975
255126
255396
255964
256061
256102
256132
256158
256187
256209
256213
256277
256285
256355
256586
256624
256628
256762
256874
256926
256980
257148
257438
257555
257870
257875
258040
258078
258434
258888
259038
259217
259225
259471
259569
259709
259712
259907
260362
260367
261199
261360
261850
262012
262197
262269
262395
262444
262604
262618
262711
262720
262726
262813
262844
263074
263169
263273
263368
263511
263520
263808
263893
264109
264159
264392
264463
264586
264648
265697
265913
265962
266007
266150
266272
266673
266905
266936
267043
267069
267220
267221
267233
267347
267626
268416
268512
268630
268665
268707
268753
269655
269926
270188
270286
270588
270637
270818
270879
270963
271120
271164
271228
271462
271536
271606
271664
271817
272088
272131
273014
273031
273042
273350
273434
273699
273785
273917
274110
274223
274281
274441
274562
274592
274897
275180
275904
276165
276489
276522
276527
276600
276652
277261
277461
277467
277497
277597
277628
277836
278084
278308
278421
278598
278718
278740
278830
279119
279269
279409
279554
279824
279852
280478
280691
281147
281207
281353
281380
281477
281616
281805
281933
281955
282007
282046
282207
282342
282434
282485
282554
282620
282660
282703
282738
282828
282837
282842
282875
282882
283101
283220
283262
283296
283300
283373
283434
283505
283518
283549
283597
283690
283790
284583
284813
285014
285170
285203
285505
285515
285525
285548
285769
285948
285961
286033
286319
286349
286490
286571
286638
286820
286973
287214
287278
287326
288024
288310
288439
288621
288680
288717
288809
288920
289038
289107
289202
289327
289537
289642
289799
289883
290306
290459
290505
290656
290800
290890
290957
291086
291163
291271
291355
291405
291553
291600
291829
291867
291896
292151
292217
292287
292518
292882
293026
293041
293057
293065
293238
293346
293418
293450
293651
293766
293971
294164
294915
295243
295344
295370
295384
295458
295502
295648
296483
297332
297464
298136
298238
298316
298784
300442
300613
300918
301105
301897
302304
302441
302951
303034
304009
304066
304167
304408
304952
305324
305563
306783
306822
306904
306970
307137
307231
307510
307540
307553
307678
307687
307737
307798
307810
307889
307946
307961
308009
308068
308209
308293
308534
308679
308810
308971
309079
309203
309283
309477
309581
309628
309724
309746
309790
309814
309858
309877
309883
309970
310017
310088
310140
310183
310209
310236
310272
310285
310287
310539
310632
310931
310968
310980
311008
311010
311168
311220
311363
311454
311592
311677
311682
311708
311819
311821
311873
311904
311968
312013
312323
312351
312548
312632
312745
312823
313000
313060
313189
313355
313511
313848
314071
314089
314132
314262
314264
314310
314695
314774
314777
314819
314832
314888
314894
314913
315290
315618
315799
315872
315885
315931
316089
316259
316370
316399
316449
316481
316867
317240
317263
317288
317670
317858
318235
318328
318458
318575
318681
319342
319389
319408
319450
319536
319749
319833
319850
319966
320010
320047
320294
320333
320419
320455
320498
320525
320669
320706
320711
320843
321052
321091
321315
321391
321460
321857
323258
323528
323640
325310
325408
325418
325525
325590
326087
326607
326653
326677
326697
326912
326974
326981
327038
327069
327088
327100
327106
327123
327204
327281
327286
327323
327325
327326
327329
327350
327537
327574
327575
327643
327820
328015
328723
328987
329040
329203
329364
329405
329462
329633
329838
330060
330122
330304
330367
330463
330649
330847
331008
331227
331320
331530
331536
331672
331733
332322
332328
332344
332398
332506
332510
332648
332656
332810
333228
333320
333381
333391
333571
333719
333974
334055
334056
334065
334370
334607
334679
335142
335450
335839
335907
336053
336198
336446
336531
336751
336800
336874
337047
337230
337379
337647
337843
337880
337892
337911
338034
338052
338067
338087
338155
338253
338369
338524
338626
338642
339178
339340
339421
339544
339816
339878
339903
339992
340086
340105
340853
340917
340926
340961
340969
341586
341988
342049
342093
342164
342169
342232
342315
342514
342549
342657
342842
343187
343289
343342
343531
343557
343718
343773
343985
344217
344620
344628
344676
344752
344793
345006
345164
345231
345261
345584
345689
345745
345811
346102
346177
346307
346480
346677
346872
347144
347147
347182
347267
347734
347765
347835
347886
348137
348222
348362
348721
349281
349535
349645
349814
350210
350306
350495
350637
350844
351244
351391
351472
351519
351681
351695
351735
351901
351991
352313
352774
352808
352971
353123
353139
353164
353371
353411
353611
353674
353789
353919
354005
354047
354612
354736
354919
354950
355379
355522
355846
355917
355993
356362
356839
357231
357410
357735
357765
357781
357950
358097
358168
358310
358351
358462
358480
358701
358877
358974
358989
359098
359555
359608
359990
359996
360105
360221
360226
360311
360481
360531
360820
360949
361309
361379
361395
361420
361514
361548
361639
361778
361919
362108
362198
362338
362719
362763
363256
363405
363413
363414
363490
363627
363676
363913
364189
364266
364528
364612
364636
364908
364976
364987
365469
365507
365630
365772
365826
365888
365995
366230
366517
366815
366937
367002
367168
367258
367497
367570
367613
367665
368220
368282
368426
368484
368547
368602
368695
368820
368854
369055
369133
369479
369550
369731
370212
370355
370458
370556
370721
371085
371206
371260
371377
371707
371903
372086
372205
372233
372317
372400
372582
372656
372710
372727
372765
372769
372802
372854
372933
372965
373067
373170
373374
373509
373686
374034
374638
374687
374865
374977
375213
375439
375529
375602
375829
375886
375973
376314
376337
376551
376672
376797
376867
376918
377076
377158
377451
377900
379005
379188
379274
379484
379533
379879
379966
380503
380530
380938
380976
381405
381710
381738
381789
382128
382155
382224
382246
382265
382407
382546
382724
382891
383133
383295
383395
383505
383541
383641
383680
383825
383842
383963
384162
384216
384466
384558
384680
384723
384882
385066
385069
385148
385207
385381
385397
385499
385541
385570
385660
385854
385883
385913
386090
386104
386198
386281
386301
386381
386425
386434
386600
386641
386952
386989
387058
387130
387166
387356
387428
387446
387591
387857
387884
388587
389061
389247
389382
389610
390985
391367
391404
391544
391725
392648
392899
392979
393067
393839
393984
394158
394884
395376
395486
395823
395974
395984
396699
397178
397466
397593
397737
397836
398137
398235
398640
398852
399487
399541
399709
399757
400545
400580
401230
401331
401608
401859
402008
402094
402187
402219
402310
402340
402449
402485
402599
403022
403436
403561
403602
403622
403821
403940
403981
404047
404142
404341
404920
405090
405117
405149
405268
405405
405581
405646
405811
405916
405924
406759
406877
407091
407257
407765
407809
408006
408108
408197
408694
409291
409489
409867
410238
410352
410410
410524
410629
410812
410887
411137
411181
411255
411338
411576
411919
412284
412651
412990
413212
413494
413553
413753
414271
415466
415601
416553
417612
417713
418064
418796
418985
419090
419415
419517
419546
419870
420423
420559
420787
421279
421525
421580
421602
421939
422073
422108
422170
422196
422275
422351
422482
422581
422948
422994
423151
423204
423212
423266
423385
424002
424936
425493
426039
426271
426646
427070
427206
427327
428062
428386
428410
428435
428607
428617
428782
428809
428857
428925
428987
429014
429250
429328
429410
429467
429568
429786
429940
429971
430179
430291
430740
430963
431014
431119
431184
431254
431343
431387
431435
431504
431932
432102
432348
432355
432358
432405
432461
432563
432639
432769
432902
433204
433411
433479
433539
433722
433905
434032
434342
434425
434557
434894
435173
435276
435663
435895
435967
436361
436459
436604
436627
436651
436681
436753
436861
436901
436948
436990
437031
437088
437147
437175
437243
437278
437302
437682
437687
437939
438021
438076
438138
438170
438213
438231
438234
438251
438260
438458
438588
438641
438666
438681
438690
438751
438776
438777
438819
438864
439125
439302
439316
439499
439560
439636
439715
439769
439804
439819
439901
439988
440122
440148
440302
441008
441038
441240
441306
441454
441865
442155
442437
442694
443008
443300
443714
443724
443869
443982
444103
444386
444843
445072
445580
445761
446184
446931
447124
447418
447540
447650
448352
449034
450038
450066
450775
451991
452128
452338
452459
452724
452837
453220
453521
453592
454520
454644
454750
454842
455716
456909
457282
457354
457714
457784
458193
458389
458848
459285
459495
459815
460407
460469
460506
461900
461929
462133
462879
465394
465501
466139
466275
466683
467382
468058
468216
468617
469416
469526
470035
470212
471090
471511
471865
473045
474078
474147
475363
475427
475795
475836
475944
476002
476038
476104
477537
477902
478203
478343
478504
479165
479353
479517
479929
480057
480349
480384
480386
480460
480520
480538
480667
480904
480906
480991
481443
482522
482701
483963
484931
486052
487521
487577
487874
488072
488311
489950
490255
490451
490935
491616
491809
492079
492170
493998
495301
495882
495957
496134
497614
498513
498661
499113
500258
500419
500478
500618
500650
500654
500714
500967
501001
501196
501655
501872
501910
501914
501974
502057
502109
502126
502312
502363
502447
502559
502571
502638
502688
502732
502885
503082
503193
503250
503253
503276
503314
503399
503518
503557
503647
503688
503748
503787
503812
503929
503967
504169
504240
504273
504340
504417
504465
504472
504629
504819
504854
504885
504894
504922
504958
504965
505090
505106
505254
505316
505563
505607
505747
505817
505981
506035
506072
506250
506444
506519
506564
506603
506612
506721
507104
507224
507264
507607
507691
507805
507890
508117
508152
508181
508325
508397
508478
508676
508734
509060
509094
509118
509220
509314
509645
509912
510008
510223
510318
510633
510684
511001
511139
511145
511154
511182
511249
511405
511540
511688
511843
511851
511863
511897
512021
512135
512370
512701
512734
512830
512854
513119
513200
513402
513721
514042
514095
514180
514371
514380
514738
515446
515489
515548
515660
515821
516141
516541
516555
517331
517703
517919
518008
518099
518348
518675
518842
519123
519202
519308
519314
519379
519390
519467
519474
519590
519602
519665
519781
519849
519950
520027
520217
520314
520319
520342
520411
520438
520504
520517
520572
520618
520855
520906
520945
521116
521186
521352
521380
521461
521624
522072
522455
522713
522737
522755
522789
522905
523059
523518
523589
523645
523879
523913
523971
524007
524089
524105
524128
524279
524354
524446
524566
524777
524823
524974
525080
525371
525801
525889
525957
526329
526343
526523
526536
526627
527106
527150
527187
527211
527228
527316
527351
527377
527436
527623
527683
527863
528302
528473
528556
528989
529187
529217
529288
529294
529343
529369
529398
529463
529481
529541
529773
529958
530034
530171
530190
530267
530326
530354
530362
530527
530637
530813
530887
531359
531582
531668
532329
532416
532519
532601
532650
532669
532748
532760
532878
532949
533408
533581
533860
534125
534618
535193
535259
535612
535821
536043
536890
537314
537487
537692
537780
538125
538312
538634
538814
538901
539561
540251
540370
540448
540969
542160
542379
542563
543236
543589
544208
544654
544839
544922
545029
547277
547371
547621
547929
548101
548261
548945
549144
549385
549617
549916
550633
551530
551852
552089
552136
552843
554081
554667
554802
554955
555071
555750
556490
556866
556905
557194
557210
557489
558719
558756
558790
559041
559238
559628
559772
559907
560116
560731
561165
561184
561234
561281
561574
561775
561857
561871
562130
562479
562635
563264
563303
563496
564905
565007
565476
565768
565840
565861
567070
567101
567224
567386
567549
567696
568004
568202
568272
568497
568617
569399
569506
569800
569936
570005
570036
570150
570577
570829
571200
571968
572538
572832
574001
574304
574442
575004
577175
577482
579045
579131
579263
579906
580900
580942
580998
581352
581461
581510
581762
581814
582034
582080
582085
582187
582211
582248
582390
582429
582465
582578
582807
582840
582853
582883
582969
583027
583108
583125
583321
583365
583471
583479
583609
583643
583721
583865
583986
584051
584089
584201
584218
584339
584411
584460
584610
584617
584681
584754
584847
585041
585150
585235
585333
585537
585678
585731
585772
585822
585981
586005
586153
586261
586961
587001
587200
587573
587723
587753
588216
588393
588539
589160
589258
589369
589712
589717
589860
589986
590320
590571
590899
592055
592832
593676
594126
594648
594807
595205
596454
596951
597409
597566
597797
600246
602020
602478
603129
603229
603364
603560
604222
604501
605054
605223
605254
605445
605565
605618
606052
606555
607011
607099
607511
607622
608044
608128
608149
608322
608360
608606
608639
608744
609408
610116
610220
610417
610549
610826
611333
611375
611441
611562
611764
612391
612545
612767
613260
613375
613693
613767
614006
614192
614331
614833
614978
615407
615517
615605
615730
616074
616717
616751
616837
617419
617924
617985
618065
618415
618982
619740
619980
620243
620409
620501
620604
620688
620718
621003
621142
621199
621778
622403
622478
622844
623045
623456
623525
624158
624218
624290
624327
624466
624830
624884
625074
625240
625579
625670
625754
625829
626674
627566
627618
627693
628162
629164
629590
629833
630122
630190
630286
630357
631711
631832
632635
632942
633235
633291
633314
633353
633536
633857
634011
634023
634214
634288
634647
634730
635178
635264
635394
636338
637191
637444
637660
637936
638260
638443
638614
638808
639306
639362
639401
639809
639935
640340
640446
640781
641166
641539
641921
642080
642401
642647
643730
643852
644093
644618
644708
644823
645732
645830
646832
648206
648737
649057
649103
649210
649342
649518
650035
650657
650792
651448
652070
652434
652657
652734
653591
653700
653851
653922
653972
654028
654157
654456
654660
654778
655057
655143
655299
655349
655466
655557
655622
655708
655749
655862
655884
655985
656062
656108
656182
656444
656506
656573
656671
656732
657018
657168
657236
657586
658019
658454
659261
659859
660706
662767
662772
663204
665046
665221
665389
667441
669331
669469
669844
669870
669995
670023
670174
670212
670311
670335
670387
670431
670460
670588
670640
670680
670709
670735
670768
670829
670904
670925
670972
670980
671033
671175
671328
671676
672173
672643
672758
672851
673134
673146
673212
673252
673255
673483
673490
673573
673936
674044
674059
674138
674531
674748
675069
675594
675972
676042
676070
676098
676565
676691
676925
677157
677257
677520
678101
679065
679081
679230
679251
679496
679638
679888
679993
680052
680113
680164
680179
680609
680737
680739
680756
681031
681109
681859
682021
682259
682660
682743
682992
683548
683687
683721
683725
683992
684105
684210
684239
684252
684340
684386
684511
684575
684697
684766
684821
684956
685162
685169
685287
685314
685336
685580
685676
685741
685773
685808
686070
686203
686317
686431
686566
686733
686768
686865
687237
687336
687423
687434
687558
687586
687680
687743
687850
687983
688164
688216
688467
688554
688829
688964
688983
689002
689006
689178
689255
689276
689403
689437
689449
689486
689503
689870
689891
689937
690004
690177
690185
690324
690459
690549
690720
690759
690838
690848
691065
691182
691183
691242
691527
691590
691743
691756
691850
691985
692092
692121
692214
692275
692391
692411
692417
692497
692569
692578
692847
692881
692908
692922
693126
693176
693268
693347
693393
693500
693563
693669
693674
693920
693991
694162
694212
694254
694375
694468
694716
694722
694861
695135
695195
695251
695271
695279
695598
695611
695753
695907
696043
696346
696552
696640
696667
696864
697004
697205
697212
697355
697692
697739
697784
697908
697969
698104
698106
698193
698431
698577
698822
698905
699252
699303
699360
699374
699411
699544
699553
699607
699649
699950
699985
700084
700094
700105
700112
700402
700518
700651
700780
700834
700850
700952
701133
701216
701256
701305
701394
701544
701557
702516
702944
703003
703108
703327
703397
703863
704073
704224
704379
704487
704621
704918
705079
705129
705160
705232
705256
705451
705478
705592
705621
705763
705817
705892
705921
706061
706066
706225
706313
706572
707057
707151
707280
707428
707470
707561
707859
707910
707983
708025
708064
708084
708312
708350
708528
708664
709073
709229
709337
709990
710071
710268
710373
710634
710662
710702
710720
710818
710965
711090
711272
711330
711471
712275
712675
713052
713527
713747
713855
713998
714171
714811
714949
714972
715219
715355
715452
715618
715642
715890
715922
715952
716302
716366
716416
716470
716569
716572
716631
716692
716769
716940
717026
717100
717250
717397
717452
717464
717497
717615
717739
717868
717891
718018
718047
718200
718323
718543
718814
719297
720512
720870
720873
720911
721585
721674
721786
721810
721879
721999
722012
722077
722421
722443
722448
722584
722589
722735
722768
722837
722918
723045
723304
723556
723717
724423
724551
724568
724901
725080
725157
725260
725375
725407
725495
725619
725653
725814
726007
726160
726513
726684
726880
727186
727496
727721
728198
728618
728700
728774
728942
729079
729101
729518
730025
730121
730479
730773
731473
731724
732409
732426
732481
732485
732776
732836
732866
732924
732995
733033
733124
733174
733234
733420
733435
733886
733986
734236
734338
734910
735144
735245
735829
736142
736758
737390
737499
737956
738086
738169
738252
738306
738370
738435
739049
739218
739528
739739
739836
740362
741343
741716
741882
741999
742053
742117
742231
742380
742522
742612
742623
742799
742840
743105
743205
743551
743870
743951
744009
744230
745718
745789
745890
746161
746286
746667
747687
747886
748072
748298
748417
748459
748486
749038
749098
749156
749754
750041
750123
750295
750539
750570
750598
750606
750693
750775
750830
750842
750911
751028
751099
751126
751353
751609
751698
751832
751905
752057
752063
752114
752130
752181
752216
752224
752272
752282
752358
752415
752534
752566
752568
752594
752664
752848
752879
752892
753019
753211
753250
753595
753652
754206
754532
754713
754753
754772
754863
755025
755189
755267
755460
755473
755486
755502
755720
755827
756062
756298
756337
756412
756755
756859
757058
757157
757307
757866
757993
758347
758348
758725
758794
759012
759251
759394
759794
760024
760288
760624
760809
761187
761390
761571
761673
761766
761792
761926
762102
762149
762245
762266
762352
762822
763175
763415
764235
764335
764582
764690
764837
765122
765200
765258
765406
765420
765703
765781
766051
766137
766471
766917
767091
767284
767622
767693
767857
767972
768230
768388
768777
769261
769384
769684
769887
770090
770264
770474
770660
770749
771447
771656
771749
772012
772256
772335
772377
772427
772540
772694
772741
772771
773041
773163
773465
773570
773595
773670
773720
773819
773851
773973
773998
774078
774171
774233
774238
774284
774312
774425
774661
774665
774823
774973
775154
775176
775216
775242
775629
775808
776192
776380
777627
777928
778153
778246
778367
778714
778843
779319
779937
780251
780397
780619
780820
780921
781055
781529
781593
782085
782723
782825
782877
783242
783252
783929
784460
784769
784842
784869
784969
785274
785805
786891
787093
787208
787628
788088
789093
789280
789503
789686
789872
789955
790051
790367
791340
791552
791586
791704
791980
792453
793009
793033
793212
793459
793603
793681
793705
793713
793720
793798
794040
794109
794226
794387
794530
795107
795191
795450
795489
795660
796620
796707
796807
796970
797077
797336
797358
797477
797548
797789
797799
797893
797956
797982
798013
798082
798108
798153
798166
798294
798377
798385
798442
798491
798534
798539
798589
798694
798758
798841
798895
799019
799059
799209
799399
799447
799571
799767
799878
800059
800244
800571
800693
800770
800977
801097
801198
801664
801792
802245
802379
802711
802791
802930
802960
803040
803078
803099
803215
803228
803248
803258
803294
803341
803454
803773
803820
803998
804051
804445
804512
804600
804989
805301
805380
805630
805856
806003
806033
806097
807023
807113
807257
807770
807923
807995
808071
808303
808442
808611
808679
808723
809081
809213
809322
809428
809529
809553
809987
810100
810142
810230
810606
811499
811587
811677
811679
811800
812198
812460
812680
812700
812747
812771
812810
812956
813691
814380
814540
814589
814669
814952
815052
815086
815340
815500
815571
815605
815829
815969
816043
816205
816216
816548
816685
816834
817077
817305
817528
817683
817900
818074
818157
818183
818192
818471
818905
819024
819107
819286
819307
819495
819512
819531
819611
819705
819756
820035
820910
821072
821158
821213
821365
821533
821580
821627
821698
822127
822390
822522
822759
822826
823080
823132
823958
824438
824567
824794
824847
824877
824953
824964
825052
825116
825297
825340
825373
825502
825550
825613
825863
825886
825896
825944
826148
826166
826168
826188
826259
826286
826300
826309
826331
826346
826431
826530
826592
826608
826683
826691
826852
826994
827036
827148
827214
827218
827283
827325
827392
827483
827488
827570
827718
827742
827753
827916
827962
827978
828012
828089
828140
828243
828264
828323
828374
828496
828585
828604
828646
828714
828719
828813
828943
828991
829005
829020
829036
829055
829105
829124
829172
829250
829331
829513
829536
829589
829626
829742
829779
829834
829881
829977
829986
830056
830066
830121
830172
830277
830322
830371
830396
830484
830564
830651
831012
831131
831305
831504
831663
832287
832322
832609
832778
832932
833152
833192
833235
833571
833765
833890
833950
834416
835171
835663
835848
835886
835984
836018
836179
836334
836427
836862
837164
837312
837408
837671
838168
838770
839452
840497
840720
841560
842161
842377
842582
842808
843031
843095
843155
843303
843401
844119
844350
844494
845044
845231
846012
846223
846867
847030
847321
848739
848993
850969
851105
851447
851692
852853
853618
854003
854332
854406
855124
855154
855621
855691
855919
856065
856332
857102
857594
858171
859336
859484
859618
860561
860781
861373
862019
862232
862266
863564
864442
864516
864530
864715
864726
864892
865416
865522
865814
866158
866779
866833
866841
866933
867019
867070
867148
867150
867249
867279
867384
867387
867563
867565
867592
867629
867699
867803
867824
867915
867924
868020
868227
868273
868353
868425
868601
868995
869138
869223
869240
870059
870139
870197
870864
870983
871231
871558
871613
871692
871927
872027
872925
873523
873727
873945
874112
874733
875393
875666
875780
876157
876262
876355
876494
877676
878027
878064
878226
878235
878324
878436
879078
879232
879314
879396
880827
881013
881523
881675
882477
883892
884008
884508
885953
886510
887338
887613
888016
888179
888693
889757
890277
890623
891873
892114
892528
892670
893351
893607
894184
894822
895074
895191
895214
895406
895470
895549
895672
896975
897171
897274
897378
897470
897654
898085
898148
898180
898208
898366
898493
898510
898694
898747
898766
898779
898787
898902
898965
898997
899112
899831
899918
900021
900281
900377
900424
900428
900452
900484
900657
900787
900861
900881
901088
901263
901464
902016
902120
902487
902723
903319
903348
903510
904314
904386
905314
905440
905602
905658
905825
905884
906107
906410
906520
907197
907363
907411
908169
908279
908564
909259
909303
909419
909824
910282
910333
910464
910681
911116
911144
911257
911514
911985
912172
912226
912287
912396
912466
912544
912923
913034
913657
914143
914193
914300
914442
914665
914801
915047
915946
916010
916125
916324
916652
916767
916922
916961
917000
917183
917227
917505
917619
917697
917774
917791
917972
918128
918339
918533
918548
918595
918614
918617
918634
918771
918923
918936
918947
918984
919186
919342
919406
919591
920004
920100
920281
920358
920373
920401
920562
920832
920961
920982
921046
921099
921188
921346
921589
921652
922230
922476
923389
923497
923814
924968
925181
925847
926035
926055
926224
926478
926690
926741
927085
929184
929238
929309
931408
931657
931790
932494
932976
933252
935027
935143
935268
935287
935534
935919
936207
936285
936449
936757
936965
937095
937125
937337
937340
937460
937533
937634
937682
937754
937948
938077
938179
938307
938412
938493
938623
938794
939019
939260
939513
940061
940423
941636
941752
942069
943856
944026
944046
944139
944260
944334
944949
946154
947101
947505
948240
948628
948810
948939
949040
949237
949780
951040
951186
951464
951909
952440
953279
953519
953742
953800
955189
956024
956553
957350
957401
957750
957934
958070
958413
958536
958725
958801
958902
959147
959411
959853
960389
960584
960682
960890
961947
961962
962003
962123
962248
962375
962381
962440
962473
962660
962785
962809
962855
962882
963044
963245
963371
963487
963651
963688
963781
963795
963809
963928
964005
964049
964078
964120
964186
964434
964777
964808
964938
965208
965634
965728
965763
965779
965787
965816
965892
965919
965981
966046
966332
966356
966412
966459
966473
966577
966578
966600
966662
966729
966750
966793
967006
967070
967285
967369
967371
967488
967550
967713
967739
967952
968002
968189
968314
968328
968422
968607
969704
969791
970045
970536
970684
970840
971059
971146
971172
971492
972171
972409
972885
973054
973103
973253
973449
973807
974252
974258
974928
975195
975338
975624
975973
977625
977858
978105
978830
979016
979245
979402
979539
979962
980208
980409
980643
981353
981464
982095
982368
982635
982766
982911
983219
984051
985842
985968
986281
986897
987007
987171
987334
987917
988137
988406
988549
988722
988749
988978
989077
989166
989863
990582
990843
991130
991479
991725
992541
993317
993637
993657
993724
993799
994242
994323
994372
994404
994753
995067
995338
995650
