1227
4001
5639
10059
10221
12145
12299
12429
12891
14948
15101
17609
17687
18010
18102
18225
18359
18403
18483
18533
18722
18768
18824
18860
18913
18946
19142
19196
19244
19326
19438
19485
19561
19606
19687
19780
19959
20042
20182
20417
20646
20724
20761
20833
20939
20998
21090
21394
21437
21531
21610
21793
21880
22058
22167
22208
22238
22271
22345
22390
22528
22635
22784
22957
23571
24085
24517
24873
24941
25129
25222
25708
25834
25875
25982
26047
26098
26199
26275
26424
26975
27020
27060
27117
27178
27397
27494
27715
27861
27947
28001
28077
28210
28266
28372
28454
28515
28735
28794
28838
28903
29202
29265
29353
29440
29550
29640
29752
29836
29893
30042
30127
30246
30285
30454
30547
30595
30683
31010
31107
31206
31328
31396
31519
31563
31737
31985
32050
32122
32263
32479
32553
32867
33250
33406
33562
33599
33679
34081
34189
34238
34315
34510
34620
34791
34955
35100
35147
35223
35311
35471
35631
35765
35801
35911
36162
36271
36500
36564
37535
37577
37728
37794
37859
38352
38422
38689
38759
38926
39029
39193
39312
39367
39492
39624
39656
39800
39858
39978
40216
40365
40630
40931
41118
41220
41384
41484
41605
42256
42394
43642
45206
45703
46305
46987
47239
47439
47812
47938
48004
48109
48227
48293
48343
48381
48508
48581
48632
48692
48765
48823
48854
48975
49040
49140
49266
49336
49611
49691
49802
49899
49979
50119
50250
50324
50374
50409
50531
50594
50690
50762
50834
50973
51037
51104
51483
51590
51709
51753
51800
51940
52121
52208
52338
52387
52550
52650
52736
52900
52962
53110
53158
53226
53505
53570
53632
53692
53744
53788
53911
53949
54024
54165
54264
54620
54668
54700
54856
54939
54996
55220
55409
55552
55636
55752
55960
56004
56133
56170
56321
56354
56420
56462
56517
56570
56613
56772
56864
56908
57151
57225
57317
57381
57533
57653
57794
57895
57930
58104
58175
58240
58329
58425
58518
58587
58779
58872
58982
59117
59340
59434
59511
59564
59654
59714
59860
60013
60111
60159
60197
60231
60328
60360
60454
60490
60578
60686
60831
61015
61252
61468
61648
61802
62034
62208
62546
62591
62740
62914
63045
63085
63167
63253
63480
63597
63812
64064
64111
64207
64258
64308
64399
64604
64760
64792
65010
65090
65189
65310
65559
65681
65830
65914
66134
66199
66318
66417
67066
67219
67325
67362
67424
67536
67642
67860
68103
68320
68467
68558
69799
69880
69978
70337
70535
70607
70845
70899
71003
71092
71258
71308
71472
71798
72055
72255
72476
72687
72731
72789
72926
73051
73127
73261
73356
73419
73573
73635
73880
73928
74060
74272
74459
74509
74604
74871
74941
75059
75264
75331
75405
75445
75549
75606
75745
75937
76000
76237
76438
76900
77204
77313
77493
77641
77678
77844
77890
77921
78093
78190
78228
78294
78385
78463
78616
78683
78740
78810
79040
79238
79276
79363
79692
79761
79838
79976
80017
80225
80258
80479
80517
80620
80674
80747
80825
80959
81136
81446
81778
82154
82201
82330
82650
82716
82917
83020
83160
83202
83294
83440
83483
83540
83612
83689
83755
83835
83891
83937
83972
84025
84067
84269
84354
84428
84478
84558
84691
84741
84844
85023
85115
85191
85252
85323
85410
85557
85649
85776
85922
85992
86027
86063
86314
86421
86616
86709
86826
86888
87002
87146
87311
87507
87637
87705
87869
88084
88583
88643
88966
89159
89332
89423
89630
89682
89783
89860
89911
89994
90141
90195
90256
90471
90635
90889
91125
91214
91356
91402
91568
91670
91822
92029
92153
92242
92481
92739
92786
92818
92910
92971
93028
93145
93204
93262
93317
93546
93808
93960
94081
94132
94633
94767
94885
95059
95287
95448
95557
95692
95723
95864
96019
96099
96253
96576
96750
96837
97043
97080
97123
97198
97265
97767
97837
97878
98473
98559
98640
99115
99259
99622
99679
99796
100072
100270
100356
100793
100862
100908
101033
101135
101363
101548
101592
101643
101773
101856
101933
101977
102046
102146
102201
102288
102601
102660
102738
102871
103217
103388
103472
103552
103605
103730
103887
103931
104075
104196
104239
104303
104334
104388
104471
104531
104867
105063
105151
105477
105733
106359
106435
106529
106591
106632
106799
107136
107202
107286
107405
107496
107534
107694
107783
108064
108239
108423
108494
108576
108663
109119
109651
109763
109932
110072
110332
110559
110713
110784
111196
111263
111361
111531
111563
111599
111739
111832
111899
111984
112395
112457
112703
112743
112835
113064
113299
113386
113560
113616
113864
114037
114312
114538
114754
114866
115052
115124
115214
115300
115450
115531
115625
115733
115872
115954
116030
116229
116287
116400
116606
116766
116962
117050
117164
117244
117387
117758
118162
118259
118305
118364
118431
118566
118632
118699
118818
118987
119196
119322
119406
119645
119798
119918
120146
120273
120449
120815
120926
121145
121285
121703
121953
122022
122099
122146
122193
122381
122488
122725
122891
123065
123208
123334
123421
123464
123509
123618
123682
123984
124103
124194
124293
124498
124706
124797
124967
125217
125305
125779
126024
126154
126623
126982
127135
127234
127340
127616
127655
127715
127790
127822
128030
128175
128292
128434
128671
128866
129001
129303
129516
129927
130045
130115
130298
130432
130575
130747
131167
131370
131460
131625
132118
132259
132487
132598
132718
132769
132960
133073
133149
133274
133539
133696
134091
134298
134363
134527
134620
134668
134869
134972
135159
135379
135492
136233
136295
136403
136456
136540
136601
136637
136698
136763
136833
136978
137072
137165
137417
137561
137601
137798
137851
138039
138223
138401
138593
138806
138922
139099
139489
139553
139595
139725
140130
140194
140290
140323
140518
140658
141162
141365
141529
141795
141873
141908
142032
142329
142894
143013
143095
143290
143642
143715
143758
144067
144147
144201
144524
144623
144799
144856
145329
145383
145566
145869
145954
146018
146259
146358
146404
146739
146848
146923
147059
147124
147683
148187
148694
148766
148893
149027
149888
150265
150369
150535
150583
151062
151336
151742
151900
152277
152578
152726
153524
153651
154265
154385
154649
155199
155697
156169
156445
157116
157514
158037
158147
159192
159369
159468
159580
160737
160913
161046
161249
161322
161389
161549
161757
161928
162102
162478
162866
163050
163277
163434
164331
164432
164628
165459
165633
165786
166078
166998
167098
167564
168588
168758
169474
170251
170645
170832
171355
171431
172346
173619
173708
173814
173963
176143
176666
177955
178318
178396
178655
178766
179380
179569
179638
179765
179953
180071
180235
180438
180534
180582
180683
180727
180774
180958
181094
181150
181208
181260
181322
181516
181636
181804
181911
182077
182136
182345
182379
182634
182719
182838
182905
183038
183131
183232
183560
184100
184245
184372
184853
185298
185358
185449
185523
185664
185811
185870
185914
186235
186389
186647
186708
186794
186977
187034
187077
187156
187366
187775
187848
187903
188016
188100
188196
188296
188496
188541
188784
188987
189186
189340
189829
190845
190987
191263
191442
191505
191717
193361
193544
193641
193737
193978
196169
196306
196426
196999
198328
198501
199609
200044
200176
201030
201523
203873
205016
205705
206732
207634
207763
208803
209670
209860
210005
210315
210523
211492
212299
212417
212890
213309
213794
214890
216099
218084
218177
218325
218800
219005
219291
220598
221036
221634
222372
223486
223630
224789
225245
226040
226565
226707
227148
228909
230385
230486
230952
231361
231535
233269
233675
233730
234102
234314
234852
235062
235156
235375
235518
235705
235880
235936
236060
236100
236274
236338
236442
236488
236584
236643
236754
236841
236916
237081
237215
237247
237522
238040
238249
238588
239267
239334
239504
239577
239657
239813
239899
240001
240082
240206
240275
240333
240442
240486
240529
240671
240750
241726
241822
241951
241994
242084
242462
242572
242632
242679
242729
242822
242913
243164
243342
243419
243509
243703
243748
243942
244056
244230
245082
245159
245250
245664
245780
246131
246815
246955
247481
248007
248191
248503
248705
249167
249316
249377
249725
249931
250142
250187
250308
250484
250548
250957
251098
251633
252105
252322
252793
252992
253273
253573
253642
254201
254414
254459
254563
254604
255070
255229
255266
255388
255839
255988
256462
256774
257199
257829
258417
258487
258659
259056
259092
259166
259245
259379
259842
259890
260703
261039
261172
261276
261484
261558
261716
261808
262280
262489
262668
263034
263432
264278
264408
264639
265158
265319
265451
265641
265774
265861
265949
266031
266133
266240
266359
266453
266718
266761
267159
267275
267562
267692
267736
267795
267842
267938
268012
268262
268424
268467
268769
268912
269011
269281
269325
269933
270059
270403
270536
270625
270698
271122
271842
271963
272344
272508
272575
272832
272925
273050
273117
273241
273321
273428
273471
273710
273766
273860
274055
274268
274414
274457
274593
274811
274845
274946
275006
275344
275452
275519
275616
275903
275940
276136
276283
276361
276555
276663
276750
276938
277028
277079
277159
277216
277274
277628
277737
277819
277968
278036
278223
278505
278678
278818
279153
279198
279371
279477
279746
279801
280168
280229
280328
280619
280708
280882
281020
281191
281235
281272
281392
281426
281513
281616
281706
281774
281868
282091
282239
282381
282863
283062
283267
283437
283514
283857
284383
284697
284869
285437
285472
285570
285672
285753
285820
285866
285923
285976
286026
286079
286186
286227
286398
286644
287001
287201
287343
287826
288412
288745
288861
289465
290339
290582
290669
290740
292263
293175
293701
294268
294362
294442
294566
294609
294724
294863
295247
295539
295626
296135
296938
297079
297245
297659
297747
297806
297965
298146
298446
299044
299171
299242
299302
299358
299417
299469
299503
299597
299635
299735
299996
300064
300098
300262
300404
300486
300570
300768
301088
301235
301580
301615
301810
301878
302264
302748
302928
303137
303175
303451
303579
303749
303782
304007
304492
304527
305389
305580
306100
306292
306507
306609
306765
306844
307034
307078
307201
307240
307276
307393
307454
307714
307839
307973
308098
308271
308310
308628
308743
308989
309069
309332
309433
309586
309678
310757
311003
311082
311157
311330
311482
311913
312175
312236
312373
312429
312610
312641
312683
312827
313136
313956
314082
314230
314295
314367
314443
315375
315676
315968
316096
316428
316507
316718
316809
316923
317110
317184
317278
317542
317646
317746
317834
318017
318318
318391
319304
319351
319392
319730
319844
320139
320255
320417
320640
320783
320871
321061
321212
321272
321607
321920
322674
322965
323319
323382
323417
323520
323602
324241
324471
324507
324567
324697
324758
324996
325274
325528
325671
325878
326028
326080
326200
326519
326699
326869
327044
327344
327402
328058
328301
328787
328877
329053
329110
329237
329406
329625
329783
329835
329917
329986
330177
330342
330464
330545
330644
330740
330810
330883
330948
331068
331107
331142
331205
331242
331491
331640
331712
331776
331810
331913
332004
332105
332148
332209
332287
332410
332540
333363
333623
333854
334040
334103
334435
334475
334515
334568
334819
335028
335071
335173
335489
335549
335720
335831
335928
336140
336323
336594
336688
336766
337494
337810
337969
338181
338270
338337
338459
338600
338748
338847
338972
339127
339367
339502
339689
339803
340256
340439
340515
340696
340870
340990
341087
341246
341353
341491
341605
341685
341863
341940
342199
342267
342326
342611
342707
342807
343068
343462
343636
343681
343727
343765
343968
344106
344208
344270
344501
344646
344881
345104
345885
346243
346374
346430
346474
346578
346652
346828
347693
348572
348734
349436
349568
349676
350174
351862
352063
352398
352615
353437
353874
354041
354581
354694
355699
355786
355917
356188
356762
357164
357433
358683
358752
358864
358960
359157
359281
359590
359650
359693
359848
359887
359967
360058
360100
360209
360296
360341
360419
360508
360679
360793
361064
361239
361400
361591
361729
361883
361993
362217
362351
362428
362554
362606
362680
362734
362808
362857
362893
363010
363087
363188
363270
363343
363399
363456
363522
363565
363597
363879
364002
364331
364398
364440
364498
364530
364718
364800
364973
365094
365262
365377
365412
365468
365609
365641
365723
365784
365878
365953
366293
366351
366578
366692
366835
366943
367150
367240
367399
367595
367781
368148
368401
368449
368522
368682
368714
368790
369205
369314
369347
369419
369462
369548
369584
369633
370040
370398
370609
370712
370755
370831
371019
371219
371360
371419
371499
371561
371977
372380
372433
372488
372900
373118
373525
373648
373808
373955
374091
374782
374859
374908
374980
375096
375339
375453
375500
375646
375720
375787
376064
376133
376249
376315
376388
376445
376619
376686
376721
376883
377122
377191
377445
377551
377650
378077
379508
379808
379950
381650
381778
381818
381955
382050
382577
383127
383203
383257
383307
383552
383644
383681
383768
383829
383878
383920
383956
384003
384114
384221
384256
384323
384355
384386
384419
384470
384687
384754
384785
384883
385090
385315
386053
386347
386430
386623
386814
386885
386972
387173
387408
387660
387752
387964
388057
388183
388399
388627
388818
389067
389190
389430
389466
389632
389723
390342
390378
390424
390508
390646
390680
390848
390886
391070
391518
391640
391731
391771
391981
392159
392444
392555
392586
392625
392960
393227
393329
393822
394160
394579
394677
394853
395028
395306
395421
395671
395750
395854
396057
396270
396449
396747
396973
397040
397082
397131
397284
397332
397377
397427
397525
397653
397799
397984
398116
398162
398728
398920
399031
399184
399486
399578
399633
399752
399876
399925
400703
400797
400836
400901
400939
401586
402018
402109
402183
402284
402319
402412
402525
402754
402819
402957
403172
403547
403679
403762
403981
404037
404228
404313
404555
404817
405250
405288
405366
405472
405543
405786
405974
406071
406131
406484
406619
406705
406801
407122
407227
407387
407590
407817
408042
408344
408377
408442
408557
409054
409115
409215
409296
409577
409692
409862
410251
410841
411125
411265
411464
411890
412016
412235
412407
412644
413074
413251
413362
413439
413631
413675
413745
413941
414061
414413
414904
414968
415161
415343
415389
415444
415681
415751
415981
416074
416219
416379
416495
416567
417162
417316
417529
417590
418049
418222
418576
418677
418783
419182
419689
420111
420320
420675
420735
420781
420980
421157
421258
421430
421501
421642
421690
421941
422147
422274
422319
422458
422945
423028
423440
423476
423615
423761
423796
423911
424111
424191
424510
424669
425059
425159
425205
425260
425384
425448
425569
425738
425909
426128
426248
426418
426829
426903
427426
427605
427643
427674
427780
427947
428026
428293
428599
428706
428998
429112
429166
429468
429566
429607
430119
430187
430340
430512
430596
430688
430825
431090
431407
431735
431887
431982
432178
432298
432567
432670
432743
432825
433410
433502
433676
433764
433857
433942
434065
434220
434284
434515
434623
434999
435100
435311
435822
435995
436128
436256
436451
436845
436996
437080
437227
437587
437813
438026
438175
438233
438347
438460
438672
438776
438860
438907
438975
439009
439072
439154
439263
439325
439457
439590
439824
439989
440196
440574
441208
441287
441495
441637
441903
442159
442279
442382
442639
442726
442843
443214
443267
443511
443662
443817
443917
443998
444186
444298
444621
445100
446235
446448
446564
446804
446883
447259
447376
447943
448000
448438
448506
448965
449300
449358
449439
449808
449865
449964
450016
450065
450237
450406
450614
450811
451083
451275
451405
451545
451611
451741
451810
451985
452032
452183
452412
452496
452776
452898
453050
453123
453312
453526
453559
453668
453757
453961
454007
454139
454211
454270
454390
454614
454673
454733
454940
454984
455108
455221
455271
455381
455455
455494
455690
455761
456102
456169
456268
456370
456436
456656
456758
456806
456981
457277
457334
458067
458571
458787
458952
459210
460615
461027
461094
461264
461475
462428
462709
462819
462937
463739
463914
464118
464874
465396
465536
465903
466084
466124
466869
467378
467696
467853
468027
468156
468487
468615
469050
469292
469957
470041
470239
470317
471135
471200
471880
472011
472318
472599
472778
472894
473017
473079
473200
473260
473399
473465
473609
474062
474506
474661
474732
474782
475011
475160
475231
475327
475452
475681
476290
476490
476547
476609
476758
476925
477131
477226
477421
477556
477594
478459
478607
478851
479047
479585
479659
479886
480018
480137
480664
481291
481519
481927
482328
482472
482560
482704
482839
483052
483157
483437
483511
483615
483728
483996
484369
484764
485161
485530
485782
486094
486183
486413
486961
488186
488351
489333
490422
490553
490934
491696
491915
492050
492405
492537
492596
492950
493533
493699
493957
494479
494755
494840
494892
495259
495423
495488
495580
495636
495745
495851
496012
496141
496538
496614
496801
496884
496922
497006
497155
497802
498766
499353
499929
500191
500596
501050
501216
501367
502132
502486
502540
502595
502797
502837
503032
503089
503167
503265
503357
503414
503680
503788
503900
503987
504118
504366
504550
504611
504849
504991
505470
505723
505804
505939
506034
506134
506253
506327
506405
506504
506962
507162
507438
507475
507508
507585
507671
507803
507909
508069
508232
508564
508801
508899
508989
509202
509415
509572
509912
510025
510187
510554
510863
510996
511413
511675
511777
512201
512329
512504
512557
512611
512671
512773
512911
512981
513058
513130
513201
513288
513377
513435
513533
513598
513652
514062
514097
514379
514491
514576
514668
514730
514803
514851
514884
514931
514970
515198
515358
515441
515496
515541
515580
515671
515726
515757
515829
515904
516195
516402
516446
516659
516750
516856
516965
517049
517114
517159
517271
517388
517552
517608
517792
518528
518588
518820
518916
519094
519535
519855
520167
520454
520798
521120
521564
521604
521779
521922
522073
522386
522873
523132
523670
523881
524334
525111
525334
525658
525810
525950
526682
527394
528428
528486
529225
530471
530638
530878
531029
531324
531467
531880
532211
532312
533270
533424
533560
533682
534586
535809
536212
536314
536704
536804
537243
537469
537958
538425
538665
539015
539637
539729
539796
541220
541279
541513
542289
544834
544971
545639
545805
546243
546972
547678
547866
548297
549126
549266
549805
550012
550920
551371
551755
552965
554028
554127
555373
555467
555865
555936
556074
556162
556228
556324
557787
558182
558513
558683
558874
559565
559783
559977
560419
560577
560899
560964
560996
561100
561190
561238
561397
561664
561696
561811
562293
563402
563611
564903
565901
567052
568551
568637
568964
569192
569461
571130
571465
571691
572205
572916
573139
573439
573560
575418
576751
577362
577467
577674
579184
580113
580291
580773
581948
582139
582228
582398
582460
582494
582584
582867
582931
583156
583645
583892
583960
583994
584084
584197
584279
584326
584542
584623
584737
584879
584921
585018
585098
585172
585355
585582
585723
585810
585843
585896
585964
586079
586228
586297
586417
586488
586578
586647
586702
586849
586917
587149
587250
587313
587410
587517
587595
587632
587819
588039
588104
588165
588204
588262
588328
588365
588520
588566
588744
588836
589113
589187
589357
589457
589651
589735
589802
590010
590234
590339
590414
590483
590522
590661
591074
591224
591294
591667
591781
591925
592040
592297
592362
592421
592595
592697
592808
593036
593124
593480
593544
593598
593730
593854
594215
594512
594638
594883
595008
595353
595434
595781
595949
595985
596024
596082
596179
596365
596530
596708
596893
596931
596973
597037
597191
597335
597600
597961
598024
598150
598204
598499
598610
598842
599191
599542
599625
599740
599961
600000
600388
601126
601199
601288
601430
601621
601971
602401
602445
603251
603653
603899
604018
604139
604418
604775
604972
605283
605392
605528
605564
605659
605700
605807
605844
605990
606032
606125
606271
606369
606500
606607
606827
606954
606989
607042
607141
607198
607294
607337
607422
607498
607765
607846
607915
608116
608216
608412
608470
608581
608774
609252
609665
609953
610007
610055
610119
610265
610449
610938
611039
611125
611389
611453
611541
611607
611719
611765
611818
611999
612104
612226
612376
612617
612693
612874
613010
613331
613791
613909
614007
614409
614453
614663
614706
614827
615336
615410
615477
615531
615578
615696
615761
615817
615906
616123
616213
616423
616892
617093
617206
617669
617897
617957
618058
618094
618173
618229
618288
618383
618431
618521
618783
618998
619104
619271
619320
619427
619516
619574
619612
619807
619947
620153
620257
620759
621012
621128
621819
621936
622069
622181
622260
622309
622418
622460
622608
622709
623198
623401
623710
624005
624528
625133
625229
625612
625851
626103
626980
627434
627637
627872
627990
628365
628582
628934
629144
629261
629951
630671
630820
630928
631479
632700
632949
633163
633866
634249
634898
635374
635589
635702
635839
638117
638241
638521
638859
639061
639251
639965
640194
640465
640727
641056
641803
642730
643082
643349
643426
644163
645431
646047
646212
646395
646541
647250
648020
648426
648495
648814
648860
649169
650429
650496
650560
650841
651068
651488
651662
651827
652066
652711
653175
653224
653304
653381
653704
653935
654047
654091
654380
654759
654945
655604
655673
655896
657335
657467
657966
658288
658390
658441
659680
659741
659894
660086
660279
660456
660794
661022
661122
661377
661527
662339
662476
662800
662966
663065
663126
663270
663727
664009
664410
665208
665808
666132
667331
667664
667832
668424
670625
670962
672555
672671
672833
673506
674530
674602
674688
675072
675211
675290
675572
675654
675904
675980
676015
676147
676201
676268
676440
676509
676575
676718
676977
677040
677083
677143
677259
677347
677458
677505
677731
677805
677941
677979
678139
678203
678311
678485
678636
678731
678799
678941
678988
679139
679241
679320
679500
679537
679631
679734
679857
680081
680220
680335
680463
680697
680868
680951
681022
681102
681291
681345
681523
681661
682391
682461
682690
683093
683273
683333
683826
684033
684209
684860
684988
685129
685502
685537
685710
685866
686230
686511
686869
688055
688862
689736
690216
690768
690957
691385
692664
693191
693679
693866
694127
696606
698410
698898
699579
699709
699874
700100
700792
701101
701684
701883
701944
702165
702315
702398
702862
703395
703881
703999
704441
704582
705034
705148
705199
705402
705470
705746
705809
705944
706638
707376
707510
707737
707899
708206
708743
708815
708911
709062
709294
709951
710135
710387
710910
711055
711403
711507
711776
711992
712161
712693
712868
713327
713467
713585
713740
714114
714787
714851
714967
715579
716114
716205
716315
716695
717292
718080
718350
718643
718839
718961
719094
719208
719268
719583
719752
719839
720448
721103
721208
721604
721835
722276
722375
723038
723128
723230
723297
723466
723860
723944
724164
724360
724729
724850
724964
725069
725944
726866
726948
727053
727552
728584
729040
729313
729632
729730
729856
729957
731341
731492
732325
732662
732985
733071
733124
733193
733406
733757
733941
733983
734204
734308
734697
734810
735288
735404
735564
736538
737421
737704
737950
738256
738610
738823
739024
739248
739776
739862
739931
740369
740525
740960
741096
741461
741876
742279
742691
742880
743231
743507
744620
744772
745043
745598
745718
745863
746802
746930
747962
749366
749927
750277
750353
750490
750652
750858
751405
752057
752222
752908
753560
753954
754207
754314
755201
755340
755521
755622
755702
755788
755947
756276
756510
756658
756967
757083
757269
757349
757496
757617
757712
757828
757899
758042
758094
758225
758332
758408
758512
758804
758896
758993
759121
759212
759528
759708
759806
760186
760649
761114
761951
762579
763456
765547
765582
766044
767916
768121
768319
770401
772321
772489
772894
772950
773105
773163
773344
773412
773541
773595
773677
773751
773810
773968
774050
774120
774179
774235
774298
774389
774494
774545
774622
774660
774743
774915
775098
775476
776003
776503
776648
776771
777084
777126
777222
777292
777325
777583
777620
777733
778126
778264
778309
778418
778841
779088
779439
779994
780402
780502
780560
780618
781115
781271
781535
781797
781927
782220
782831
783825
783871
784050
784101
784376
784548
784828
784963
785052
785143
785224
785269
785729
785887
785919
785966
786271
786379
787159
787351
787619
788050
788163
788442
789028
789197
789261
789295
789592
789735
789870
789929
789972
790090
790166
790321
790415
790567
790666
790751
790916
791152
791189
791337
791394
791446
791720
791846
791941
792003
792068
792360
792523
792667
792811
792976
793173
793238
793365
793767
793896
794013
794054
794208
794266
794390
794483
794620
794783
794994
795076
795357
795474
795779
795944
795993
796042
796076
796278
796385
796436
796593
796657
796699
796766
796813
797210
797261
797337
797434
797637
797675
797844
798009
798129
798330
798399
798508
798548
798795
798942
798973
799062
799377
799470
799653
799696
799820
799985
800122
800181
800304
800395
800541
800591
800627
800737
800839
800878
801177
801241
801298
801342
801576
801656
801778
801887
801963
802100
802193
802329
802364
802640
802741
802942
803022
803094
803245
803368
803646
803682
803851
804155
804245
804331
804381
804419
804768
804811
804983
805167
805333
805666
805902
806020
806077
806304
806474
806705
806742
806915
807282
807359
807434
807588
807679
807844
807876
807993
808261
808437
808712
808825
809202
809283
809370
809414
809481
809644
809683
809767
809839
810170
810235
810364
810404
810445
810482
810802
810948
811111
811270
811354
811400
811532
811743
811856
811926
812005
812124
812304
812347
813336
813794
813883
814018
814267
814367
814863
815103
815284
815469
815607
815771
816098
816289
816369
816430
816532
816586
816811
816868
817012
817071
817243
817327
817432
817491
817661
817696
817885
818003
818292
818807
818931
819090
819268
819340
819461
819789
819870
819973
820045
820114
820164
820422
820490
820698
820864
821303
821489
821627
822310
822421
822648
822783
823074
823132
823202
823250
823378
823555
823710
823922
824010
824181
825015
825445
825852
826357
826607
826745
826918
827121
827791
827959
828012
828289
828455
828582
828778
828832
829110
829172
829232
829612
829706
829786
829870
829999
830032
830121
830212
830319
830520
830636
830740
830920
831097
831182
831224
831287
831435
831589
831748
831801
831958
832017
832200
832353
832603
832904
833417
834662
835050
835083
835151
835855
835974
836116
836170
836269
836419
836462
836557
836931
836983
837018
837184
837219
837395
837458
837557
837668
837825
838114
838396
838587
839323
839481
839528
839891
840100
840207
840340
840485
840547
840665
840819
840883
841074
841297
841480
841863
842064
842290
842626
842966
843221
843728
844178
844290
844394
844592
844759
844811
845258
845795
845921
846309
846633
847363
847644
848359
848406
848491
848525
848846
848936
848996
849084
849185
849253
849374
849454
849544
849760
849805
850286
850416
850696
850828
851430
851694
851825
852439
852782
853428
854090
854229
854716
854876
854989
855102
855186
855280
855375
856019
856218
856558
856799
856926
857482
858493
858896
859092
859239
859323
859417
859561
859740
859912
860032
860073
860279
860350
860645
860775
861151
861500
861611
861699
861950
863468
863569
863700
864001
864156
864567
865617
865846
866062
866318
866467
866539
866596
867178
867268
867356
867984
868301
868413
868615
868889
868950
869008
869046
869163
869275
869360
869402
869501
869648
869749
869806
870063
870349
870468
870632
870735
870917
870953
871034
871080
871161
871226
871264
871342
871382
871488
871575
871724
871786
871818
871874
871974
872188
872249
872292
872449
872671
872740
873115
873202
873786
874142
874353
874423
874472
874593
874785
874979
875087
875310
875353
875396
875442
875690
875827
876092
876358
876427
876532
876905
877039
877268
877397
877577
878166
878323
878707
878738
879145
879244
879492
879761
879934
880364
880624
880918
881284
881499
881907
882140
882351
882483
882606
882662
882826
883032
883109
883235
883286
883402
883902
884285
884555
885405
885535
885812
885950
886127
886442
886550
886638
886816
886860
887173
887281
887581
887697
888061
888537
888741
888964
889332
889433
889627
889772
890060
890248
890667
891181
891334
891664
891897
892130
892334
892574
892790
892909
893637
893876
893999
894292
894566
894675
894747
894827
894970
895154
895231
895291
895591
895743
896075
896210
896265
896370
896450
896579
896641
896793
896848
896958
897081
897173
897208
897284
897342
897485
897751
897785
897973
898153
898364
898416
898486
898542
898959
899168
899582
899800
901077
901408
901663
901786
901937
902314
902473
902979
903627
903971
904147
904399
904630
904761
904925
905429
905523
906045
906713
906845
906927
907322
907362
908069
908630
908969
909072
909129
909259
909594
910155
911271
911503
911648
912098
912588
913623
913840
914093
914306
914522
914635
914761
915107
916110
916352
916416
916564
916870
917373
917959
918013
918222
918499
918673
918781
918835
918873
918910
919018
919290
919389
919536
919727
919900
920507
920621
920910
920979
921180
922170
922287
922417
922610
922747
923036
923088
923237
923338
923609
923649
923773
923866
923922
923983
924082
924138
924213
924256
924414
924527
924565
924652
924731
924804
924839
924919
925054
925148
925261
925345
925499
925569
925749
925969
926047
926201
926427
926568
926779
926994
927351
927503
927610
927847
927997
928128
928624
928782
929265
929429
929791
929901
930070
930130
930240
930308
930359
930505
930548
930598
930638
930704
930781
930924
931273
931350
931558
931641
932065
932162
932280
932699
933041
933150
933430
933686
933863
933923
934017
934973
935093
935267
935810
935993
936095
936201
936463
936632
936831
936929
937003
937391
937553
937692
937828
937959
938013
938477
938620
938692
938810
939216
940139
940257
940377
940409
940560
940988
941280
941530
941580
941657
941711
941780
941956
942721
943440
943630
943709
943819
944132
944262
944326
944610
944800
944901
944965
945219
945389
945493
945685
945726
946088
946255
946434
946707
946965
947218
947403
947650
947854
947967
948023
948062
948371
948835
948984
949097
949306
949357
949575
949622
949671
949781
949905
949986
950295
951200
951392
951508
951593
951775
951973
952050
952127
952228
952687
952980
953142
953409
953506
953790
953872
954728
955238
955397
955654
955737
955797
955903
955944
956062
956156
956367
956440
956503
956662
956740
956833
957113
957166
957206
957284
957518
957566
957598
957648
957749
957806
957850
957889
957941
957986
958101
958230
958322
958368
958473
958511
958702
958874
958946
959088
959184
959218
959313
959385
959482
959603
959638
959750
959928
959982
960023
960216
960292
960338
960402
960509
960590
960723
960774
960863
960944
961096
961215
961264
961336
961434
961469
961593
961753
961831
961875
961920
961966
962015
962095
962144
962222
962330
962441
962653
962706
962789
962856
963002
963069
963154
963231
963357
963396
963496
963536
963621
963702
963837
963912
963991
964046
964164
964274
964391
964782
964931
965135
965364
965553
966207
966272
966589
966788
966972
967222
967292
967365
967731
967955
968110
968200
968696
969481
970003
970218
970286
970414
970478
970669
970854
970977
971442
971774
971952
972078
972371
972898
973530
974242
975317
975570
976440
977071
977317
977552
977808
978061
978155
978245
978423
978551
979299
979560
979734
980314
980531
981342
981583
982257
982450
982771
984219
984503
986509
986675
987047
987322
988513
989308
989723
990082
990186
990934
990994
991491
991591
991849
992025
992322
993122
993644
994251
995446
995624
995788
996761
997011
997633
998309
998552
998616
999944
1000852
1000956
1001000
1001215
1001256
1001452
1002006
1002142
1002464
1002838
1003489
1003573
1003611
1003733
1003849
1003930
1004038
1004070
1004199
1004259
1004394
1004427
1004633
1004665
1004722
1004789
1004889
1005023
1005074
1005195
1005234
1005360
1005597
1005673
1005783
1005885
1006091
1006515
1006688
1006803
1006850
1007699
1007809
1007897
1008594
1008743
1009021
1009378
1009463
1009572
1009837
1009967
1010895
1011523
1011757
1012005
1012202
1012853
1013543
1013846
1013990
1014397
1014532
1014655
1014824
1016036
1016417
1016484
1016676
1016715
1016834
1016976
1017648
1017832
1017944
1018056
1019517
1019733
1020273
1020455
1021287
1022732
1022878
1023408
1024883
1025470
1026328
1026633
1027066
1027259
1027803
1028897
1029447
1029823
1031103
1031374
1031818
1031990
1032701
1032987
1033594
1034262
1034544
1034691
1034744
1034966
1035060
1035169
1035322
1036655
1036881
1037014
1037148
1037270
1037484
1037945
1038038
1038100
1038158
1038346
1038503
1038550
1038764
1038847
1038896
1038939
1038977
1039122
1039215
1039277
1039422
1040171
1040288
1040421
1040711
1040837
1040914
1040948
1041002
1041064
1041267
1041427
1041531
1041581
1041818
1042023
1042254
1042836
1042970
1043367
1043633
1044259
1044318
1044510
1045344
1045446
1046404
1046560
1046752
1046838
1047035
1047124
1047377
1047710
1047850
1048557
1048753
1048831
1049619
1049759
1050074
1050799
1050873
1051019
1051454
1051942
1052023
1052184
1052431
1052896
1052954
1053097
1053384
1053885
1054102
1054186
1054277
1054416
1054516
1054624
1055033
1055174
1055827
1056343
1056423
1056560
1056732
1056985
1057151
1057427
1058356
1058450
1058595
1058824
1059182
1059327
1059512
1059581
1059650
1059863
1059937
1060245
1060389
1060497
1060604
1060651
1060862
1061048
1061289
1061513
1061558
1061635
1061684
1061717
1061764
1061931
1062113
1062156
1062197
1062264
1062496
1062682
1062776
1062991
1063434
1063560
1063771
1063878
1063923
1063981
1064172
1064472
1064631
1064682
1064776
1064859
1064978
1065166
1065439
1065532
1066140
1066416
1067359
1067497
1067844
1069028
1069271
1069967
1070185
1070235
1070434
1070718
1070960
1071041
1071415
1073544
1073628
1073729
1075858
1076137
1076300
1077034
1077546
1077852
1079657
1079803
1079958
1080007
1080284
1080699
1081017
1081125
1081319
1081657
1081895
1082055
1082115
1082357
1082390
1082540
1082643
1082774
1082852
1082954
1083178
1083337
1083469
1083627
1083762
1083873
1084033
1084234
1084489
1084760
1085043
1085621
1086013
1087256
1087402
1087749
1089566
1089766
1089816
1089939
1090090
1090194
1090839
1092074
1093051
1093485
1094250
1094668
1094880
1095039
1095170
1095397
1095970
1097260
1097436
1097744
1098219
1098780
1099649
1099919
1100172
1100260
1101679
1102544
1103103
1103930
1104011
1104390
1104604
1104770
1105143
1105296
1105515
1105621
1105752
1106027
1106321
1106793
1107359
1107584
1107712
1107950
1109037
1109082
1109153
1109303
1109458
1109615
1109651
1109740
1109803
1110020
1110175
1110229
1110305
1110362
1110554
1110785
1110941
1111087
1111281
1111348
1111471
1111515
1111559
1111708
1111815
1111889
1111948
1112020
1112116
1112394
1112767
1112828
1112988
1113288
1113744
1113868
1113933
1113979
1114017
1114076
1114182
1114239
1114331
1114426
1114742
1114796
1114882
1114959
1115003
1115137
1115168
1115220
1115312
1115409
1115460
1115533
1115776
1115870
1116115
1116229
1116261
1116408
1116500
1116693
1116749
1116992
1117072
1117289
1117444
1117488
1117612
1117827
1118954
1119071
1119355
1119876
1120054
1120240
1120489
1120606
1120662
1121012
1121721
1121989
1122495
1122694
1122773
1122953
1123179
1123567
1124042
1124078
1124778
1125075
1125248
1125564
1125943
1127625
1127888
1128165
1128920
1129136
1129395
1129582
1129749
1130202
1130478
1130709
1130973
1131713
1131854
1132515
1132818
1133115
1133276
1133451
1133789
1134651
1136472
1136628
1136971
1137617
1137757
1137951
1138144
1138757
1139007
1139306
1139479
1139682
1139739
1139998
1140127
1140246
1140973
1141722
1142013
1142330
1142709
1142985
1143831
1144637
1144987
1145037
1145134
1145239
1145712
1145823
1145902
1145964
1146343
1146687
1146988
1147330
