86
198
385
506
600
823
953
1090
1270
1403
1535
1654
1805
2059
2217
2388
2484
2630
2782
2973
3074
3304
3523
3640
3711
3857
3994
4113
4181
4405
4495
4531
4645
5060
5131
5269
5370
5516
5756
5863
5986
6128
6272
6386
6837
6930
7007
7207
7335
7503
7601
7746
7888
7949
7987
8074
8126
8251
8343
8439
8496
8650
8750
8833
9009
9078
9159
9260
9323
9366
9483
9744
9881
10035
10112
10219
10316
10432
10601
10744
10851
10993
11082
11297
11469
11548
11674
11811
11897
12104
12198
12299
12478
12574
12702
12780
12946
13012
13153
13224
13335
13406
13463
13539
13706
13951
14081
14158
14260
14403
14466
14852
14932
15093
15194
15314
15413
15560
15629
15742
15920
16015
16124
16215
16289
16516
16650
16759
16894
17060
17187
17279
17401
17549
17621
17692
17768
17968
18047
18395
18861
18964
19091
19144
19337
19616
19746
19874
19959
20052
20196
20308
20377
20475
20597
20733
20865
20966
21092
21232
21397
21469
21578
21728
21783
21916
21999
22064
22199
22283
22538
22588
22682
22782
22834
22949
23034
23098
23187
23251
23348
23415
23542
23611
23772
24113
24347
24411
24630
24734
24793
25051
25294
25374
25442
25964
26027
26118
26260
26333
26535
27313
27398
27498
27588
27783
27866
27943
28083
28138
28189
28281
28374
28489
28564
28630
28692
28826
28920
29065
29192
29336
29421
29497
29602
29668
29732
29805
29947
30063
30238
30359
30423
30540
30590
30722
30921
30958
31062
31112
31204
31275
31427
31480
31863
32050
32133
32235
32376
32592
32649
32759
33154
33572
33635
34072
34145
34234
34303
34411
34511
34797
34863
34939
35006
35054
35178
35266
35521
36025
36239
36326
36523
36621
36737
37015
37329
37385
37524
38005
38076
38269
38908
39768
39878
39943
40171
40399
40641
40702
40796
40857
40909
41031
41202
41603
42244
42526
42738
43014
43348
43548
43653
43775
45971
46261
46927
47460
47735
48050
48098
48236
48693
48799
48869
48998
49071
49196
49274
49386
49441
49560
49777
50398
50524
50651
50743
50816
50932
51032
51125
51209
51271
51396
51464
51654
51711
51798
51897
52011
52057
52220
52282
52589
52658
52756
52813
52963
53185
53370
53560
53655
53928
54156
54350
54472
54538
54690
54842
55112
55322
55375
55509
55634
55691
55796
56113
56323
56624
56668
56752
56892
56953
57001
57059
57227
57335
57596
57824
57960
58127
58177
58299
58399
58646
58881
59062
59243
59303
59382
59454
59507
59563
59673
59779
59913
60119
60525
60583
60815
60954
61645
61802
61987
62093
62338
62509
62574
62784
63049
63095
63295
63596
63710
63911
64228
64506
64624
64809
64914
65119
65176
65306
65510
65609
65982
66087
66251
66297
66485
66597
67016
67234
67331
67528
67613
67734
67798
68006
68056
68207
68320
68450
68493
68559
68620
68737
68808
68858
69012
69085
69147
69241
69386
69444
69539
69668
69769
70019
70100
70175
70272
70760
71070
71199
71324
71365
71570
71634
71712
71956
72007
72299
72540
72726
72891
72987
73084
73268
73394
73630
73916
73979
74166
74301
74444
74610
74727
74875
75135
75305
75406
75471
75638
75716
75801
76005
76102
76237
76362
76440
76587
76720
76837
76906
77083
77231
77349
77521
77643
77709
77932
77996
78141
78354
78418
78496
78580
78686
78774
78873
79006
79141
79357
79480
79621
79700
79838
79914
80000
80100
80261
80418
80515
80624
80716
80881
80959
81071
81190
81366
81491
81579
81753
81875
82007
82149
82239
82395
82508
82670
82922
82970
83084
83212
83292
83766
83890
84181
84350
84466
84728
84784
84862
85009
85416
85521
85709
85887
85968
86137
86345
86614
86672
86791
87111
87204
87494
87609
87714
87797
87869
87972
88075
88346
88419
88497
88632
88832
88940
89011
89152
89247
89396
89549
89662
89755
89887
90140
90297
90346
90476
90557
90675
90820
91245
91471
91656
91701
91934
92147
92340
92467
92578
92678
92729
92820
92992
93278
93346
93734
93819
94070
94201
94620
94714
94808
94926
95032
95096
95330
95410
95561
95683
95820
95962
96094
96230
96342
96404
96678
96774
96879
97086
97431
97537
97673
97866
97934
98008
98088
98332
98452
98571
98762
99026
99156
99234
99401
99672
99760
99960
100108
100179
100275
100337
100415
100462
100596
100960
101029
101150
101442
101594
101664
101938
102045
102105
102321
102366
102450
102512
102688
102781
102900
102968
103209
103333
103533
103864
104142
104203
104293
104400
104519
104562
104621
104718
104774
104898
104976
105101
105568
105667
105836
105910
106079
106454
106590
107217
107457
107676
107752
107821
107912
107986
108067
108163
108220
108349
108460
108515
108660
108799
108882
108994
109153
109202
109336
109445
109582
109694
109854
109984
110035
110139
110211
110448
110504
110565
110646
110756
110906
111021
111134
111348
111691
111805
111957
112008
112059
112140
112179
112293
112395
112612
113021
113195
113448
113526
113769
113878
114006
114129
114228
114351
114489
114612
114723
114851
115024
115167
115532
115620
115684
115791
115953
116099
116259
116395
116696
117077
117180
117456
117490
117612
117754
117869
118038
118157
118256
118407
118729
118876
118944
119033
119124
119207
119410
119509
119552
119674
119823
119960
120258
120372
120482
120581
120736
120850
121075
121227
121297
121366
121426
121556
121640
121775
121921
122087
122368
122540
122645
122755
122907
123078
123169
123402
123523
123710
123908
124012
124211
124315
124388
124491
124717
124810
124937
125080
125316
125458
125697
125875
126046
126213
126376
126484
126832
126934
127068
127157
127370
127460
127528
127712
127985
128050
128126
128220
128424
128642
128818
129024
129100
129265
129354
129490
129688
129890
130037
130171
130233
130335
130451
130495
130616
130741
130862
130947
131112
131243
131443
131540
131628
131798
131975
132092
132230
132313
132411
132491
132554
132660
132826
132972
133321
133418
133536
133707
133916
133981
134124
134218
134289
134367
134470
134616
134787
134904
135144
135653
136156
136644
136826
136974
137152
137288
137383
137515
137688
137731
137874
138089
138361
138818
138885
139076
139680
139956
140603
140788
140868
140936
141426
141552
141588
141701
141807
142014
142210
142915
143088
143554
143683
143736
143949
144064
144269
144345
144495
144600
144689
144755
144802
145198
145301
145512
145602
145955
146020
146095
146224
146715
147230
147360
147480
147528
147663
147742
147893
147960
148066
148252
148378
148661
148818
148916
149141
149223
149335
149447
149592
149883
150013
150123
150276
150326
150487
150575
150689
150750
150897
150972
151097
151249
151414
151521
151633
151817
151895
152060
152141
152232
152463
152551
152633
152729
152900
152964
153033
153115
153205
153358
153507
153582
153670
153813
154081
154222
154538
154628
154761
154914
155077
155186
155387
155610
155666
155920
155989
156104
156186
156281
156419
156667
156750
156958
157074
157151
157255
157434
157497
157606
157709
157776
157867
157981
158088
158235
158312
158402
158469
158553
158723
158808
158947
159176
159288
159418
159664
159777
159935
159992
160138
160317
160496
160649
160767
160868
160971
161044
161140
161218
161663
161772
161895
162121
162263
162384
162523
162593
162791
162872
163010
163148
163356
163470
163632
163726
163832
163969
164000
164070
164167
164259
164360
164500
164566
164642
164769
164888
165005
165114
165332
165428
165506
165665
165800
165984
166365
166530
166581
166769
166955
167202
167317
167421
167660
167833
167908
168053
168231
168319
168438
168777
168894
168974
169094
169203
169273
169387
169472
169615
169725
169865
170063
170216
170376
170493
170630
170741
170894
171093
171240
171369
171533
171662
171757
171899
171987
172103
172146
172286
172402
172488
172608
172882
173020
173164
173263
173330
173440
173598
173758
173886
173985
174128
174247
174407
174538
174693
174787
174916
175077
175218
175392
175515
175672
175809
175966
176172
176343
176492
176634
176961
177058
177219
177313
177546
177688
177839
177914
177963
178128
178279
178382
178512
178914
179034
179140
179214
179269
179392
179514
179588
179699
179840
179913
180002
180091
180210
180314
180452
180750
181196
181289
181399
181512
181702
181749
181837
182013
182125
182298
182432
182483
182612
182695
182790
182890
182942
183050
183270
183378
183692
183916
184013
184176
184301
184533
184641
184801
184855
184991
185123
185420
185564
185653
185884
185991
186209
186317
186480
186588
186881
186997
187066
187127
187223
187272
187378
187478
187571
187709
187857
187954
188061
188145
188356
188448
188614
188680
188741
188817
189072
189197
189260
189407
189492
189671
189788
189926
190054
190199
190316
190394
190534
190607
190697
190783
190860
190948
191131
191218
191363
191506
191729
191917
192043
192147
192324
192417
192554
192863
192990
193111
193245
193396
193542
193709
193832
193922
194000
194164
194254
194381
194527
194804
194970
195096
195160
195332
195453
195555
195655
195861
195992
196117
196229
196318
196512
196652
196762
196996
197073
197155
197277
197421
197637
197729
197792
197968
198038
198158
198200
198363
198515
198622
198754
198863
199012
199162
199353
199480
199680
199761
199928
200130
200252
200552
200681
200879
201103
201242
201417
201481
201582
201676
201847
202029
202176
202308
202735
202860
203093
203350
203516
203641
203949
204047
204167
204362
204484
204543
204781
204911
205136
205187
205353
205534
205771
205951
205992
206225
206279
206371
206448
206598
206843
207009
207141
207304
207526
207608
207731
207840
207944
208068
208212
208297
208488
208585
208832
208950
209105
209224
209294
209430
209585
209669
209753
209875
210096
210212
210320
210477
210749
210812
210948
211051
211147
211368
211478
211533
211614
211728
211776
211902
212050
212232
212299
212511
212666
212777
212910
213012
213101
213339
213436
213555
213777
214067
214222
214386
214641
214755
214875
215062
215202
215319
215394
215561
215670
216062
216287
216388
216537
216826
216997
217193
217392
217515
217623
217729
217816
217940
218039
218174
218299
218426
218613
218697
218886
218990
219081
219200
219340
219470
219747
219864
220126
220241
220274
220413
220483
220666
220775
220899
221013
221161
221354
221475
221663
221845
222043
222183
222384
222582
222686
222975
223212
223270
223534
223658
223914
223970
224008
224113
224226
224612
224690
224876
224988
225167
225286
225458
225653
225792
225908
226024
226145
226211
226309
226366
226448
226583
226630
226840
226929
227054
227158
227312
227527
227759
227911
228043
228213
228312
228440
228498
228691
228781
228967
229079
229347
229420
229642
229746
229945
230059
230310
230446
230547
230676
230793
230876
231025
231193
231353
231591
231702
231844
232256
232324
232465
232585
232747
232831
232905
232941
233015
233097
233180
233293
233429
233551
233645
233730
233856
234091
234176
234492
234675
234726
234879
234949
235001
235120
235215
235447
235568
235811
235868
236025
236142
236237
236301
236635
236754
237001
237217
237334
237439
237504
237568
237637
237775
238358
238710
238764
239130
239285
239346
239484
239681
239966
240040
240173
240258
240515
240688
240798
241070
241501
241649
242265
242818
244949
245356
245482
245823
246141
246333
246580
246642
246938
247045
247269
247379
247841
248046
248084
248227
248350
248890
249031
249835
250060
250293
250510
251246
251344
251747
251872
251969
252266
252399
252542
252598
252847
253030
253150
253540
253686
254921
255042
255170
255488
255603
256141
256245
256331
256498
256591
256910
258109
258369
258510
258781
259425
259619
259807
259992
260117
260383
261121
261331
261403
261900
262153
262843
262964
263038
263324
263376
263839
263931
264173
264310
264419
264757
264882
264978
265134
265237
265312
265390
265520
265577
265687
265850
265943
266069
266141
266285
266384
266566
266701
266780
266901
267011
267132
267236
267298
267549
267592
267730
267816
267943
268014
268090
268250
268333
268441
268514
268583
268647
268854
268973
269130
269197
269298
269389
269551
269643
269792
269842
269953
270068
270242
270313
270454
270544
270646
270705
270919
270990
271125
271239
271301
271490
271633
271809
271889
272002
272213
272399
272528
272639
272776
272844
272925
273077
273178
273302
273451
273573
273659
273798
273922
273981
274734
274896
275769
275826
276115
276317
276391
276535
276587
276699
276829
276952
277021
277525
278639
278749
278822
279069
279413
279495
279641
279811
280128
280574
280669
280840
281098
281178
281474
281554
281690
281801
281934
282091
282154
282331
282430
282586
282729
282820
283036
283135
283348
283514
283641
283715
283806
283898
283986
284080
284200
284311
284376
284444
284523
284740
284844
284977
285038
285115
285198
285493
285600
285808
285930
286151
286330
286540
286663
286797
286991
287110
287225
287396
287550
287765
287910
288027
288130
288212
288273
288403
288496
288585
288638
288766
288953
289029
289140
289244
289346
289554
289898
289990
290086
290205
290386
290567
290726
290881
291140
291376
291526
291600
291845
291941
292078
292133
292225
292285
292435
292633
292761
292946
293021
293100
293210
293309
293383
293462
293669
293759
293922
294112
294336
294499
294625
294733
294907
295015
295221
295273
295487
295648
295735
295893
296013
296091
296177
296251
296399
296596
296732
296784
296967
297123
297307
297460
297638
297900
298002
298183
298250
298344
298481
298650
298759
298847
298934
299045
299129
299202
299372
299751
299867
299952
300095
300291
300482
300643
300872
300969
301285
301439
301516
301592
301735
301814
301949
302072
302398
302472
302903
303051
303500
303646
304217
304468
304682
304962
305156
305319
305456
305604
305643
305988
306140
306347
306416
306580
306666
306969
307691
307778
307978
308078
308251
308366
308555
308732
308940
309148
309397
309516
309606
309857
310012
310133
310193
310331
310414
310524
310703
311062
311226
311312
311451
311653
312027
312166
312236
312412
312481
312533
312659
312770
312917
313001
313149
313267
313347
313672
314293
314610
314751
314831
314998
315622
315673
315901
316091
316255
316349
316448
316578
316818
317017
317107
317575
317666
317911
318021
318143
318395
318732
318864
318968
319251
319393
319462
319618
319753
319957
320152
320224
320561
320660
320740
320963
321024
321206
321370
321625
321852
322015
322247
322374
322442
322566
322711
322807
322906
323069
323146
323213
323331
323488
323573
323715
323821
323968
324063
324168
324322
324457
324552
324664
324743
324874
324964
325073
325233
325305
325445
325506
325639
325795
326007
326134
326303
326491
326578
326821
327011
327088
327260
327441
327606
327668
327788
327981
328057
328172
328302
328612
328737
329243
329292
329390
329462
329613
329793
329970
330116
330369
330486
330535
330689
330876
331129
331199
331287
331376
331501
331669
331757
331853
331912
331970
332102
332455
332616
332676
332780
332920
333211
333317
333452
333605
333828
333883
333969
334041
334098
334210
334345
334394
334533
334644
334688
334737
334849
334951
335042
335122
335321
335545
335626
335724
335983
336166
336255
336329
336425
336530
336653
336814
336944
336997
337070
337165
337252
337325
337508
337724
337902
338028
338119
338198
338419
338473
338527
338638
338810
338875
338957
339157
339230
339372
339426
339484
339642
339753
339885
340053
340142
340327
340452
340603
340746
340913
341048
341194
341307
341430
341621
341724
341854
342052
342205
342373
342691
342955
343279
343480
343547
343656
343804
343954
344141
344376
344659
344835
344966
345253
345398
345575
345844
345973
346082
346213
346357
346450
346568
346641
346835
346877
347024
347150
347284
347632
347769
347894
347993
348212
348353
348434
348565
348730
348840
348958
349117
349329
349444
349541
349599
349805
349916
350095
350287
350399
350537
350676
350790
350893
350966
351079
351219
351312
351422
351520
351657
351736
351829
351971
352091
352181
352259
352473
352569
352682
353064
353155
353340
353455
353727
353920
354051
354204
354269
354370
354424
354572
354705
354779
354888
355060
355196
355280
355450
355543
355749
355855
355973
356172
356283
356428
356541
356658
356773
356932
357102
357187
357256
357540
357598
357715
357814
357884
358152
358283
358362
358437
358522
358653
358783
359043
359143
359200
359345
359483
359660
359774
359887
360234
360290
360418
360598
360808
360896
360962
361048
361156
361267
361368
361425
361494
361783
361920
362030
362188
362321
362479
362813
362909
362995
363146
363447
363535
363767
363871
364094
364168
364344
364558
364726
364853
364967
365032
365139
365229
365375
365456
365548
365672
365812
366093
366208
366349
366449
366567
366637
366795
366960
367038
367255
367383
367641
367787
367900
368204
368402
368509
368573
368680
368815
368886
369104
369213
369369
369418
369557
369696
369789
370046
370187
370617
370826
370926
371027
371115
371164
371491
371551
371637
371722
371997
372159
372320
372441
372562
372674
372781
372962
373308
373426
373541
373637
373791
373905
374046
374189
374405
374522
374770
374945
375177
375277
375435
375883
375982
376059
376105
376180
376302
376422
376626
376687
376732
376912
377042
377104
377191
377283
377415
377551
377624
377691
377771
377835
377896
377980
378028
378116
378242
378317
378392
378570
378672
378751
378845
378967
379050
379351
379434
379499
379553
379675
379764
379845
379927
379985
380081
380160
380302
380390
380504
380637
380781
380823
381143
381216
381314
381513
381584
382072
382186
382306
382431
382558
382775
382981
383124
383235
383271
383673
383976
384282
384459
384609
384725
384794
385058
385298
385501
385558
385645
386058
386121
386264
386349
386411
386591
386679
386916
387240
387419
387560
387675
387760
387824
388001
388061
388183
388285
388363
388476
388574
388672
388791
388972
389113
389162
389245
389589
389810
389978
390037
390143
390392
390451
390580
390717
390783
390863
391085
391215
391392
391506
391585
391718
392011
392458
392590
392736
392879
392969
393167
393242
393370
393601
393786
393904
394021
394249
394338
394445
394566
394704
394745
394844
395030
395165
395317
395469
395601
395802
396004
396579
396629
396737
396849
396904
397119
397221
397545
397620
397714
397830
397921
398057
398174
398323
398397
398548
398663
398724
398934
399031
399467
399609
399702
400059
400106
400271
400434
400563
400832
400981
401233
401367
401489
401752
402044
402216
402421
402627
402752
402917
403290
403394
403451
403560
403639
403683
403941
404138
404263
404360
404491
404580
404668
404751
404877
405037
405147
405241
405372
405490
405625
405741
405879
405999
406386
406594
406856
406932
407079
407133
407315
407678
407772
407966
408195
408368
408488
408581
408699
408904
408968
409077
409244
409319
409381
409547
409614
409706
409898
410055
410157
410237
410337
410406
410498
410605
410742
410795
410988
411073
411194
411251
411373
411652
411837
411945
412046
412288
412454
412498
412569
412766
412851
413068
413257
413329
413597
413658
413824
413982
414256
414338
414410
414576
414746
414795
414942
415064
415223
415357
415448
415527
415701
415817
415938
415993
416513
416668
416821
416990
417294
417447
417673
417728
417909
417994
418142
418211
418352
418468
418576
418657
418724
418917
419012
419110
419508
419652
419916
419989
420075
420214
420309
420366
420463
420549
420876
420947
421267
421397
421802
421922
422020
422114
422186
422289
422480
422568
422677
422802
422863
422928
423050
423146
423267
423491
423597
423670
423756
423874
423979
424203
424588
425297
425632
425728
425934
426117
426284
426492
426683
426776
427029
427098
427232
427424
427635
427871
428281
428489
428774
428912
429134
429419
429693
429855
429967
430174
430420
430530
430627
430786
430921
430992
431144
431287
431404
431586
431674
431928
432108
432200
432485
432588
432698
432824
432913
433132
433285
433464
433569
434232
434498
434571
435029
435439
435656
435775
435839
435982
436124
436227
436508
436941
437001
437161
437315
437444
437568
437672
438004
438150
438234
438355
438765
438898
438989
439287
439405
439482
439665
439787
439977
440170
440261
440462
440727
440805
441052
441169
441340
441453
441649
441726
442037
442092
442161
442260
442776
442845
442986
443104
443347
443448
443605
443672
443773
443894
443996
444098
444284
444532
444673
444774
444944
445081
445206
445281
445420
445521
445702
445846
446094
446246
446430
446549
446709
446781
446931
447163
447294
447397
447899
448187
448305
448463
448552
448603
448814
448894
449046
449255
449364
449525
449606
449911
450102
450257
450438
450669
450885
451157
451335
451513
451660
451800
452084
452164
452252
452414
452725
452819
453015
453181
453352
453400
453459
453589
453700
453836
453925
453981
454119
454175
454244
454373
454522
454644
454765
454835
454904
455240
455326
455465
455542
455663
455798
455916
456032
456171
456259
456360
456473
456617
456721
456911
457042
457289
457471
457713
458000
458203
458316
458438
458523
458644
458780
458861
458952
459123
459308
459412
459547
459632
459808
459922
460111
460292
460511
460589
460735
460810
460925
461036
461275
461415
461693
461758
461992
462070
462159
462312
462426
462602
462749
462870
463036
463100
463237
463425
463536
463733
463858
463956
464087
464222
464349
464470
464524
464710
464857
464965
465045
465110
465206
465412
465498
465618
465728
465838
466089
466203
466297
466481
466528
466731
466905
467160
467313
467422
467497
467570
467681
467791
467915
468083
468227
468350
468424
468699
468775
468901
469116
469344
469474
469569
469734
469870
470031
470147
470222
470429
470507
470681
471082
471202
471419
471598
471695
471854
471913
472198
472308
472392
472509
472671
473031
473124
473186
473274
473686
473862
473915
474094
474421
474575
474636
474851
474914
474983
475512
475576
475654
475813
475876
476035
476205
476335
476470
476600
476754
477001
477063
477175
477279
477439
477642
477707
477838
478007
478125
478277
478400
478648
478714
478834
479022
479117
479225
479388
479511
479587
479779
479929
479995
480089
480164
480484
480669
480829
480967
481148
481254
481330
481706
481816
481862
482008
482087
482176
482281
482416
482491
482595
482672
482872
483076
483157
483367
483547
483684
483830
483907
484029
484225
484358
484503
484690
484968
485019
485158
485220
485499
485653
485709
485812
486027
486126
486385
486667
486813
487013
487080
487165
487234
487321
487399
487565
487724
487812
488102
488278
488384
488543
488794
488954
489106
489184
489269
489481
489559
489663
489834
490243
490448
490564
490653
490759
490924
491058
491227
491276
491309
491374
491497
491661
491769
491870
491958
492183
492258
492360
492440
492516
492964
493119
493271
493356
493629
493725
493860
493951
494060
494169
494339
494420
494648
494799
494933
495031
495137
495213
495268
495398
495484
495599
495645
495684
495788
495851
495951
496098
496477
496593
496741
496937
497073
497279
497391
497466
497643
498100
498321
498534
499541
499905
500012
500089
500222
500367
500834
500897
501012
501350
501471
501587
501673
501904
502278
502327
502470
502517
502670
502747
502910
502984
503180
503236
503468
503608
503654
503738
503900
504007
504110
504372
504451
504551
504675
504882
505070
505152
505300
505405
505511
505614
505911
506074
506176
506382
506508
506589
506666
506806
506954
507057
507152
507364
507524
507643
507732
507905
508082
508232
508290
508440
508552
508629
508734
508781
509001
509120
509196
509625
509807
509875
510024
510255
510435
510607
510767
510983
511151
511284
511383
511430
511599
511720
511835
512293
512342
512454
512631
512921
512988
513446
513522
513645
513726
513809
513952
514171
514230
514553
514714
514812
514922
515005
515129
515260
515361
515472
515587
515648
515776
515823
516133
516221
516342
516421
516564
516692
516873
516950
517020
517158
517357
517460
517740
517935
517998
518245
518429
518587
518642
518753
518827
519089
519131
519235
519342
519446
519641
519707
519810
519935
520035
520082
520162
520293
520538
520772
520983
521172
521242
521394
521484
521586
521763
521923
522065
522293
522477
522922
523041
523135
523256
523466
523648
523810
523999
524113
524217
524360
524541
524925
525005
525258
525492
525661
525764
526073
526147
526240
526341
526606
526781
527048
527159
527316
527453
527595
527660
527819
527885
528184
528291
528491
528644
528798
528920
529227
529413
529493
529770
529830
530056
530219
530282
530354
530598
530682
530784
530854
531090
531179
531440
531562
531702
531888
532110
532299
532356
532508
532639
532832
533014
533115
533349
533473
533641
533854
533933
534068
534299
534391
534493
534643
534881
535022
535089
535223
535419
535600
535791
535913
536003
536224
536522
536646
536850
536965
537118
537246
537388
537575
537790
537927
538106
538215
538317
538497
538587
538795
538893
539128
539300
539448
539640
539866
540023
540242
540481
540533
540641
540785
540924
541015
541098
541313
541489
541563
541684
541890
542190
542453
542651
542740
542843
542956
543041
543246
543375
543453
543558
543767
543878
544151
544272
544397
544529
544659
544763
544989
545169
545379
545490
545576
545742
545836
546059
546255
546338
546430
546576
546985
547117
547199
547351
547436
547654
547929
547997
548152
548248
548348
548430
548527
548644
548719
549105
549260
549389
549491
549572
549650
549784
549890
550006
550050
550170
550252
550477
550907
551064
551116
551149
551308
551471
551535
551820
551968
552081
552201
552311
552345
552537
552617
552738
552860
552977
553241
553365
553528
553625
553718
553793
553909
554023
554173
554353
554479
554729
554972
555200
555292
555401
555543
555715
555887
556158
556252
556425
556545
556637
556827
556921
557147
557272
557407
557453
557568
557650
557772
557887
557956
558099
558199
558292
558508
558680
558914
559000
559159
559305
559434
559575
559705
559834
560013
560162
560570
560625
560667
560786
560936
561294
561386
561852
562012
562160
562507
562640
562844
562955
563048
563080
563263
563398
563554
563676
563801
563865
563960
564220
564332
564423
564564
564832
565029
565291
565333
565599
565807
565914
565980
566132
566228
566329
566479
566721
566964
567095
567204
567307
567437
567625
567717
567855
568282
568361
568510
568633
568939
569084
569220
569323
569547
569625
569841
570010
570101
570302
570393
570518
570675
570805
570927
571119
571189
571317
571484
571606
571759
571887
571941
572047
572143
572257
572310
572381
572630
572778
572934
573105
573181
573375
573550
573658
573784
573959
574092
574246
574322
574449
574526
574765
574913
575042
575227
575391
575482
575641
575830
575970
576109
576289
576443
576540
576630
576739
576853
577128
577334
577457
577601
577776
578023
578121
578263
578349
578525
578685
578763
578851
579031
579246
579540
579699
579905
580060
580187
580359
580409
580551
580731
580872
581008
581082
581234
581334
581538
581632
581741
581985
582031
582125
582246
582510
582662
582844
582984
583150
583273
583359
583534
583672
584034
584213
584739
584854
584888
585054
585196
585287
585352
585424
585766
585887
586089
586232
586323
586511
586668
586811
587039
587123
587386
587482
587620
587683
587756
587844
587944
588084
588192
588314
588716
589126
589222
589323
589446
589541
589683
589812
589973
590144
590240
590350
590448
590516
590618
590760
590890
590988
591056
591191
591293
591387
591510
591655
591735
591924
591997
592320
592473
592634
592739
592798
592961
593185
593261
593411
593676
594031
594143
594314
594390
594571
594690
595069
595191
595558
595628
595714
595820
596040
596259
596362
596708
596832
596877
596959
597311
597439
597606
597790
597940
598119
598163
598349
598504
598617
598704
598799
598899
599233
599329
599607
599905
599969
600557
600816
601124
601222
601276
601638
601866
602027
602133
602256
602363
602521
602683
602741
602810
603527
604796
604845
605109
605563
605837
605967
606094
606193
606271
606484
606907
607079
607157
607350
607399
607546
607643
607749
607919
608223
608582
608749
609060
609518
609813
610069
610291
610342
610438
610501
610676
610815
610918
610989
611055
611095
611198
611362
611625
611926
612010
612106
612214
612311
612425
612489
612560
612734
612903
612970
613080
613174
613415
613709
613950
614103
614164
614275
614455
614495
614656
614893
614929
615133
615333
615391
615445
615515
615594
615747
615819
615938
615987
616112
616168
616228
616293
616437
616684
616725
616825
616909
616983
617261
617461
617624
617866
617943
618144
618258
618338
618440
618645
618765
618909
618995
619056
619138
619305
619375
619490
619612
619884
619959
620056
620172
620437
620499
620673
620823
620890
621119
621272
621571
621650
621752
621864
621970
622063
622118
622223
622306
622408
622527
622737
622799
622994
623070
623201
623290
623454
623545
623616
623708
623865
624080
624212
624399
624687
624789
624967
625060
625395
625945
626086
626725
626837
627162
627294
627390
627583
628008
628163
628269
628460
628714
628869
629294
629330
629738
629839
629973
630357
630651
631466
631584
631766
631836
632192
632458
632768
632874
633140
633477
633720
633879
634134
634208
634469
634576
634781
634856
635088
635127
635233
635397
635522
635623
636186
636576
636734
636907
636983
637081
637558
637816
637949
638162
638383
638853
638933
639294
639408
640175
640302
640476
640525
640926
641067
641445
641864
642048
642443
642908
642985
643111
643283
643411
643539
643671
643795
644067
644129
644233
644409
644595
644722
644872
645092
645195
645292
645392
645461
645694
645767
645879
646066
646180
646379
646664
646837
646920
647111
647237
647467
647675
647803
647948
648091
648294
648397
648460
648806
648985
649153
649693
649851
650184
650277
650678
650822
651069
651298
651523
651568
651707
651804
651954
652125
652248
652798
652937
653170
653421
653818
654106
654272
654520
654626
654712
655033
655379
655567
655868
656037
656189
656344
656432
656669
656784
657051
657256
657446
657722
658050
658266
658539
658734
659242
659387
659508
659595
659689
659978
660089
660305
660390
660475
660603
660683
660987
661105
661194
662014
662673
662740
662867
662963
663169
663382
663806
663899
664150
664484
664743
664934
665042
665244
665722
666115
666337
666947
667107
667316
667413
667556
667636
667748
667923
668073
668174
668289
668756
669036
669525
669955
670277
670472
670683
671028
671149
671524
671672
671820
671994
672103
672359
672650
672773
673181
673369
673569
673684
673832
674156
674260
674841
674923
675196
675815
675922
676062
676390
676523
676902
677188
677417
677609
677909
678035
678121
678236
678427
678485
678579
678650
678858
678944
679018
679124
679178
679342
679462
679539
679672
679772
679941
680097
680209
680361
680413
680579
680649
680693
680858
680943
681093
681396
681505
681733
681859
682055
682201
682514
682748
682854
682911
683025
683171
683264
683396
683486
683726
683830
683949
684135
684228
684386
684549
684690
684858
684945
685217
685301
685404
685515
685572
685676
685836
685888
686061
686241
686494
686626
686710
686927
687077
687231
687395
687556
687742
687887
688094
688250
688371
688534
688664
688723
688852
688950
689139
689207
689459
689591
689731
689900
690059
690243
690309
690650
690721
690819
690930
691072
691148
691229
691303
691454
691626
691723
691781
692047
692215
692328
692408
692688
692796
693051
693198
693415
693589
693647
693711
693830
694045
694150
694256
694370
694447
694619
694728
694859
695020
695146
695421
695666
695803
696023
696159
696272
696404
696508
696615
696867
696966
697142
697266
697428
697547
697749
697996
698172
698348
698481
698636
698798
698895
699009
699158
699267
699346
699490
699598
699729
699862
699998
700153
700303
700420
700536
700658
700747
700989
701167
701260
701477
701565
701676
701815
701916
701997
702098
702201
702443
702805
702887
703006
703130
703320
703656
703768
703969
704107
704305
704566
704689
704820
704910
705068
705650
706080
706232
706299
706383
706594
707056
707150
707181
707299
707411
707648
707720
707831
707962
708081
708228
708324
708470
708554
708683
708939
708997
709341
709478
709681
709784
709868
709986
710267
710465
710666
710746
710858
710927
711057
711191
711378
711527
711602
711740
711873
711960
712141
712267
712429
712517
712594
712678
712920
713096
713222
713334
713458
713616
713724
713828
713986
714059
714181
714418
714609
714727
714828
715135
715183
715322
715632
715759
715892
715960
716097
716205
716273
716481
716649
716732
716828
717167
717263
717461
717562
717688
717867
718003
718169
718348
718484
718575
719066
719200
719494
719559
719650
719730
719911
720124
720182
720465
720640
720708
720822
720954
721045
721189
721357
721623
722039
722129
722288
722386
722478
722631
722776
722855
723031
723096
723284
723418
723702
723840
724033
724229
724289
724573
724738
724805
724916
724963
725150
725240
725532
725637
725782
725912
726007
726222
726274
726488
726606
726662
726764
726901
727004
727168
727292
727389
727458
727611
727763
727928
728099
728236
728371
728525
728857
728998
729107
729202
729263
729349
729422
729611
729728
729811
730052
730157
730397
730545
730665
730922
731222
731346
731536
731845
731990
732125
732195
732297
732431
732665
732699
732851
733130
733240
733501
733639
733822
733936
734055
734221
734316
734409
734504
734661
734815
734996
735167
735222
735421
735522
735617
735834
735983
736071
736221
736482
736632
736820
736900
736991
737090
737261
737407
737722
737844
738064
738208
738346
738497
738640
738724
738895
739060
739364
739430
739481
739612
739767
739903
740091
740337
740517
740649
740763
740902
740999
741117
741196
741301
741434
741554
741741
741907
742012
742069
742179
742301
742491
742600
742679
742862
743018
743241
743382
743686
743853
743945
744048
744167
744244
744373
744585
744685
744858
744980
745075
745257
745388
745595
745651
745937
746127
746324
746568
746807
747115
747275
747468
747551
747642
747742
747844
748033
748105
748242
748415
748598
748726
749128
749343
749436
749613
749746
749823
749934
750030
750112
750415
750501
750569
750700
750830
750929
751073
751294
751362
751447
751646
751735
751871
751957
752080
752265
752679
752782
752936
752985
753062
753111
753266
753335
753440
753553
753625
753727
753881
753943
754038
754083
754130
754166
754198
754267
754356
754656
754756
754812
755034
755117
755340
755484
755613
756171
756417
756548
756625
756829
757036
757225
757285
757430
757868
758037
758081
758184
758274
758336
758643
758752
758837
758914
759042
759194
759383
759594
759695
759783
759890
760053
760219
760438
760505
760579
760671
760766
760853
760980
761194
761371
761480
761549
761741
761871
761955
762126
762225
762324
762573
762709
762795
763035
763219
763315
763702
763899
764051
764319
764418
764676
764896
764967
765277
765335
765482
765582
765742
765948
766126
766258
766611
766751
766841
766938
767457
767659
767770
767828
768019
768138
768264
768568
768731
768823
769089
769955
770184
770576
770740
770895
771039
771205
771470
771826
772116
772223
772349
772665
772770
772943
772983
773231
773316
773606
773864
774055
774247
774697
774815
774867
775012
775088
775267
775431
775647
775808
775917
776083
776225
776313
776502
776714
776937
777209
777504
777680
778013
778394
778605
778839
779163
779253
779317
779401
779456
779534
779836
779993
780135
780227
780413
780702
780877
781047
781274
781411
781487
781635
781753
781853
781992
782129
782347
782543
782620
782967
783249
783841
784099
784233
784300
784434
784703
784859
784977
785103
785281
785354
785445
785509
785799
785879
786072
786137
786262
786343
786643
786855
787070
787264
787347
787506
787997
788159
788272
788370
788432
788817
788917
789081
789187
789280
789386
789465
789623
789805
790012
790123
790293
790437
790514
790577
790656
790970
791036
791294
791344
791653
791872
791963
792101
792218
792533
792629
792870
792902
792992
793153
793360
793534
793577
793706
793890
793988
794095
794351
794448
794582
794755
794878
794976
795162
795226
795397
795449
795557
795628
795719
795908
796174
796279
796359
796519
796603
796734
796839
797024
797129
797220
797304
797408
797662
797741
797812
797963
798118
798183
798387
798475
798569
798784
798882
799036
799214
799410
799515
799618
799721
799778
799889
799983
800156
800398
800478
800653
800712
800812
800936
801037
801196
801341
801474
801566
801754
801941
802078
802188
802363
802464
802566
802669
802734
802860
802914
803156
803289
803579
803664
803776
803876
804008
804092
804164
804258
804433
804539
804906
805087
805313
805401
805697
805801
806155
806450
806536
806632
806742
806835
807080
807199
807300
807412
807687
807776
807902
807959
808108
808332
808514
808603
808730
808894
809071
809157
809251
809337
809430
809534
809647
809737
809852
809913
809996
810192
810273
810537
811018
811130
811191
811459
811610
811687
811811
812095
812228
812413
812507
812654
812840
813213
813274
813348
813548
813672
813755
813878
814032
814192
814261
814400
814486
814631
814754
814849
814911
815058
815167
815317
815681
815803
815970
816068
816240
816377
816493
816715
816776
816841
816989
817050
817163
817287
817342
817472
817547
817854
817908
817967
818106
818235
818288
818355
818456
818607
818748
818888
818961
819240
819333
819471
819564
819648
819741
819885
820005
820087
820238
820321
820474
820528
820733
820823
821032
821146
821291
821515
821629
821758
821845
821904
821977
822082
822135
822198
822260
822357
822556
822718
822811
822930
823246
823538
823712
823771
823850
823894
823950
824105
824181
824272
824341
824588
824699
824777
824968
825067
825621
825697
825893
826232
826325
827569
827677
827811
828107
828219
828376
828567
829031
829082
829268
829614
829660
829716
829787
830061
830284
830353
830563
830685
830760
830940
831237
831319
831404
831522
831599
831699
831772
831909
832017
832103
832217
832371
832469
832815
833013
833154
833331
833479
833878
834214
834593
834801
834871
834950
835125
835343
835396
835515
835866
836680
836899
837708
837852
838057
838145
838437
838859
839031
839252
839566
839649
839825
839994
840167
840268
840490
840621
841036
841114
841254
841323
841393
841444
841962
842229
842703
842753
842905
843078
843347
843613
843695
843856
843968
844036
844361
844488
844580
844683
844822
844908
845040
845100
845372
845535
845618
845742
845796
845882
845969
846034
846184
846405
846580
846729
847116
847266
847489
847627
847774
847860
847955
848079
848212
848332
848566
848642
848783
848892
848961
849223
849314
849384
849476
849668
849777
849856
850134
850205
850291
850354
850472
850589
850826
850882
851025
851411
851653
851723
851906
851989
852054
852237
852377
852477
852569
852690
852839
852962
853175
853283
853372
853528
853614
853673
853737
853863
853949
854106
854249
854398
854551
854714
854882
855031
855359
855487
855559
855638
855735
856060
856137
856227
856435
856573
856667
856722
856864
856925
857050
857129
857303
857625
857689
857874
857938
858098
858217
858357
858473
858598
858722
858786
858934
859068
859206
859411
859508
859662
859819
860065
860181
860316
860439
860594
860799
860947
861029
861226
861339
861492
861635
861880
861975
862119
862316
862570
862738
862856
863014
863189
863235
863331
863456
863564
863629
863711
863857
864103
864346
864570
864686
864749
864953
865062
865175
865461
865506
865660
865918
865976
866114
866187
866288
867062
867370
867505
867635
867925
868182
868306
868636
868705
869071
869329
869418
869563
869691
869921
870383
870479
870692
870787
871001
871039
871181
871325
871534
871693
871903
872174
872546
872656
872758
873048
873102
873917
874279
874523
874683
874996
875118
875194
875279
875415
875803
876044
876281
876569
876906
876983
877114
877203
877337
877514
877654
877813
877910
877975
878051
878127
878218
878372
878571
878785
878860
879041
879226
879277
879441
879580
879804
879881
879929
880054
880199
880276
880511
880662
880790
880912
881128
881222
881388
881454
881555
881690
881784
881853
881936
882041
882184
882267
882394
882518
882594
882660
882783
882912
883084
883199
883274
883409
883588
883780
883867
883973
884151
884238
884382
884442
884487
884656
884731
884964
885173
885380
885555
885634
885858
886048
886134
886311
886447
886610
886730
886816
887061
887404
887513
887670
887793
887929
888028
888457
888539
888680
888780
888946
889175
889342
889630
889785
889935
890037
890128
890253
890363
890478
890682
890746
890917
891079
891173
891265
891384
891470
891697
891762
891875
891926
891988
892287
892418
892643
892751
892964
893197
893282
893386
893483
893859
893936
894120
894226
894339
894484
894584
894863
895414
895581
895736
895856
896047
896184
896246
896362
896463
896573
896675
896810
896887
896943
896990
897048
897419
897596
897701
897876
897969
898063
898219
898350
898451
898565
898682
898822
899002
899067
899386
899528
899631
899733
899867
899962
900155
900302
900575
900623
900733
900819
901014
901098
901335
901435
901563
901621
901722
901853
901939
902034
902127
902234
902361
902598
902728
903044
903119
903369
903571
903717
903794
903875
904003
904100
904186
904336
904456
904761
904975
905029
905187
905246
905368
905486
905660
905764
905906
905994
906158
906473
906596
906781
906934
907164
907388
907481
907574
907746
907894
908070
908250
908359
908458
908587
908884
908978
909101
909272
909673
909792
909985
910349
910500
910753
910888
911021
911074
911223
911356
911532
911598
911791
911906
912057
912141
912236
912337
912397
912612
912703
912867
913071
913130
913286
913397
913504
913874
914083
914408
914568
914644
914716
914941
915207
915407
915470
915607
915719
915822
915927
916062
916160
916274
916431
916658
916776
916947
917057
917145
917331
917413
917798
917933
918133
918303
918382
918565
918660
918738
918813
919025
919210
919302
919424
919489
919613
919804
919901
920162
920287
920438
920598
920803
920868
921011
921096
921181
921292
921512
921779
921853
921936
922017
922084
922204
922357
922503
922582
922701
922809
923068
923171
923372
923403
923728
923849
923943
924057
924172
924417
924523
924758
924879
924951
925111
925192
925359
925514
925645
925800
925893
926052
926127
926228
926379
926592
926675
926776
926941
927100
927183
927421
927503
927677
927778
928221
928335
928583
928744
928836
928975
929132
929220
929346
929422
929557
929748
930038
930133
930227
930463
930610
930725
930769
930933
931067
931221
931274
931454
931959
932163
932521
932629
932900
933002
933171
933351
933504
933604
933699
933888
934180
934477
934562
934673
934741
934827
934950
935348
935696
935879
936169
936320
936390
936923
937495
937696
937907
937976
938098
938207
938352
938601
938780
938842
939026
939266
939324
939514
939565
939707
939780
939938
940318
940524
940637
940737
940921
941242
941367
941453
941582
941740
941923
942004
942190
942270
942429
942515
942874
943108
943232
943525
943733
943975
944086
944254
944498
944546
944702
944766
944880
945016
945119
945342
945397
945579
945836
945920
946347
946501
946558
946668
946784
946852
946960
947085
947200
947265
947352
947417
947534
947591
947852
948120
948174
948366
948505
948656
948842
948977
949073
949135
949243
949306
949531
949758
949910
950013
950203
950359
950545
950700
950771
950847
950986
951103
951169
951238
951360
951845
952159
952293
952375
952453
952581
952692
952850
952929
953011
953100
953164
953229
953412
953545
953701
953801
953855
954012
954151
954284
954390
954521
954779
954884
954979
955283
955359
955660
955943
956029
956138
956275
956428
956478
956583
956669
956827
956985
957248
957344
957486
957643
957747
957955
958037
958294
958365
958533
958614
958772
958879
958968
959053
959125
959233
959390
959561
959776
959853
959980
960067
960156
960314
960457
960592
960651
960793
960887
960966
961124
961238
961389
961468
961610
961750
961852
962085
962284
962345
962451
962542
962657
962720
962851
963003
963105
963246
963323
963449
963540
963757
963892
964103
964199
964464
964612
964760
964887
965021
965165
965313
965539
965702
965853
966059
966178
966254
966318
966452
966671
966744
966906
966975
967154
967253
967580
967639
967739
967794
967933
968055
968124
968218
968323
968505
968648
968795
968936
969025
969127
969307
969426
969554
969623
969714
969858
970244
970321
970427
970459
970551
970724
970828
970990
971125
971287
971397
971530
971636
971688
972133
972292
972383
972490
972600
972680
972740
972833
972937
973019
973091
973181
973344
973509
973591
973798
973933
974067
974251
974386
974666
974803
974950
975094
975174
975302
975395
975502
975708
975823
975950
976042
976238
976329
976467
976627
976734
976846
977011
977176
977261
977505
977590
977645
977732
977873
977978
978058
978184
978261
978371
978557
978645
978756
978873
979011
979202
979380
979492
979632
979760
979868
980026
980154
980287
980398
980572
980693
980805
980899
980972
981186
981306
981485
981602
981696
981864
982139
982205
982439
982535
982645
982954
983068
983470
983583
983714
983839
983933
984041
984113
984274
984356
984499
984784
984902
985054
985196
985309
985455
985591
985774
985857
985931
985965
986030
986200
986268
986412
986496
986574
986672
986773
986874
987193
987312
987455
987582
987688
987778
987876
987980
988098
988254
988446
988569
988713
988814
989032
989129
989228
989297
989451
989570
989672
989777
990218
990301
990396
990521
990703
990791
990884
991016
991154
991299
991464
991613
991763
991858
992037
992157
992269
992399
992525
992639
992933
993030
993172
993279
993419
993523
993703
993812
993950
994112
994194
994332
994493
994610
994697
994811
994968
995161
995417
995756
995835
995998
996065
996281
996563
996685
996759
996940
997072
997326
997447
997630
997763
997893
998048
998085
998180
998314
998574
998703
998859
999026
999175
999333
999468
999571
999724
999822
1000168
1000325
1000612
1000781
1000998
1001130
1001236
1001352
1001456
1001555
1001627
1001752
1001835
1001917
1002139
1002288
1002468
1002788
1002995
1003053
1003116
1003187
1003281
1003424
1003584
1003704
1003775
1003967
1004110
1004347
1004534
1004681
1004873
1004992
1005123
1005196
1005274
1005501
1005638
1005730
1005819
1005983
1006105
1006272
1006428
1006502
1006599
1006729
1006811
1006956
1007020
1007161
1007326
1007509
1007598
1007744
1007997
1008213
1008300
1008578
1008679
1008795
1008896
1009031
1009090
1009271
1009360
1009467
1009660
1009895
1010014
1010150
1010324
1010463
1010562
1010654
1010767
1010942
1011222
1011369
1011574
1011712
1011955
1012049
1012182
1012267
1012304
1012389
1012627
1012789
1012846
1013027
1013205
1013339
1013468
1013533
1013584
1013741
1013973
1014085
1014130
1014265
1014668
1014765
1014947
1015194
1015316
1015642
1015696
1015828
1015894
1015982
1016071
1016151
1016282
1016384
1016427
1016516
1016637
1016707
1016816
1017027
1017148
1017237
1017325
1017447
1017636
1017714
1017816
1017910
1018017
1018143
1018375
1018697
1018911
1019017
1019140
1019364
1019708
1019858
1020032
1020154
1020297
1020446
1020625
1020866
1021015
1021211
1021300
1021481
1022383
1022494
1022608
1022913
1022969
1023077
1023204
1023458
1023685
1023806
1023955
1024059
1024257
1024356
1024498
1024937
1025305
1025416
1025541
1025669
1025807
1026047
1026321
1026463
1026607
1026692
1026802
1026942
1027067
1027196
1027350
1027498
1027664
1027867
1027980
1028076
1028355
1028530
1028627
1028788
1029481
1029642
1029937
1030134
1030290
1030791
1030930
1031098
1031157
1031254
1031366
1031508
1031725
1032050
1032151
1032381
1032548
1032653
1032776
1033024
1033173
1033312
1033688
1033788
1033973
1034075
1034113
1034161
1034459
1034622
1034741
1034909
1034999
1035422
1035620
1035923
1035991
1036383
1036544
1036673
1036742
1036854
1036905
1036978
1037344
1037442
1037876
1038030
1038087
1038205
1038371
1038549
1038633
1038711
1038820
1038907
1039109
1039233
1039341
1039676
1039758
1039919
1040016
1040152
1040263
1040332
1040458
1040570
1040619
1040721
1041078
1041353
1041461
1041590
1041719
1041778
1042056
1042135
1042377
1042481
1042642
1042994
1043135
1043191
1043235
1043318
1043443
1043546
1043794
1043853
1044099
1044271
1044456
1044598
1044819
1044995
1045133
1045282
1045403
1045502
1045638
1045772
1045847
1045948
1046028
1046156
1046223
1046344
1046482
1046603
1046673
1046798
1046915
1047017
1047265
1047338
1047487
1047576
1047753
1048110
1048197
1048386
1048483
1048540
1048694
1048781
1048846
1049004
1049190
1049296
1049465
1049724
1049865
1049927
1050076
1050191
1050313
1050732
1050763
1050815
1050919
1051101
1051261
1051368
1051451
1051645
1051796
1051937
1052179
1052459
1052596
1052718
1052876
1052994
1053199
1053335
1053462
1053626
1053737
1053832
1053943
1054016
1054136
1054219
1054424
1054536
1054617
1054769
1054913
1055054
1055456
1055725
1055827
1055982
1056159
1056335
1056453
1056710
1056827
1056955
1057025
1057163
1057342
1057493
1057530
1057647
1057816
1057957
1058301
1058461
1058572
1058719
1058833
1058885
1059045
1059154
1059256
1059362
1059452
1059636
1059859
1060452
1060586
1060702
1060855
1060908
1061028
1061095
1061270
1061408
1061685
1061766
1061888
1061992
1062098
1062169
1062452
1062549
1062626
1062774
1062899
1062987
1063149
1063360
1063426
1063514
1063837
1063956
1064052
1064243
1064408
1064527
1064599
1064692
1064896
1065035
1065281
1065399
1065512
1065592
1065809
1065948
1066197
1066434
1066522
1066711
1066803
1066928
1067072
1067110
1067328
1067434
1067512
1067648
1067712
1067815
1067926
1068024
1068126
1068427
1068555
1068606
1068683
1068840
1069005
1069128
1069244
1069398
1069436
1069504
1069567
1069768
1069854
1070017
1070285
1070477
1070576
1070715
1070840
1070952
1070994
1071036
1071168
1071381
1071678
1072087
1072252
1072344
1072513
1072809
1072897
1072968
1073094
1073244
1073333
1073501
1073600
1073686
1073892
1074073
1074260
1074324
1074544
1074797
1075090
1075283
1075531
1075624
1075764
1075917
1076010
1076163
1076257
1076323
1076485
1076624
1076859
1076944
1077072
1077250
1077631
1077698
1077827
1077918
1078066
1078161
1078307
1078746
1078784
1079305
1079376
1079605
1079804
1080155
1080293
1080349
1080543
1080637
1080795
1080969
1081055
1081262
1081358
1081583
1081709
1081770
1082005
1082186
1082266
1082374
1082465
1082723
1082866
1083128
1083228
1083310
1083424
1083492
1083695
1083806
1083964
1084235
1084398
1084484
1084582
1084652
1084832
1084926
1085097
1085261
1085367
1085716
1085788
1086104
1086338
1086439
1086553
1086657
1086699
1086759
1086936
1087084
1087177
1087258
1087419
1087557
1087778
1087895
1088119
1088208
1088301
1088452
1088568
1088674
1088791
1088897
1089072
1089146
1089254
1089398
1089459
1089714
1089944
1090036
1090249
1090394
1090517
1090627
1090685
1090921
1091035
1091295
1091422
1091515
1091645
1091775
1091822
1091943
1092167
1092426
1092528
1092725
1092985
1093144
1093298
1093573
1093679
1093926
1094199
1094361
1094456
1094582
1094894
1095029
1095143
1095266
1095373
1095450
1095604
1095918
1096031
1096313
1096428
1096709
1096939
1097081
1097259
1097499
1097600
1097804
1097971
1098170
1098260
1098471
1098648
1098770
1099065
1099359
1099481
1099772
1100011
1100195
1100437
1100577
1100748
1100860
1101045
1101200
1101363
1101576
1101808
1101920
1102032
1102158
1102330
1102524
1102679
1102750
1102974
1103121
1103284
1103516
1103775
1103983
1104488
1104626
1104749
1104903
1104991
1105116
1105276
1105393
1105662
1105719
1105871
1105952
1106107
1106201
1106332
1106446
1106537
1106700
1106939
1107136
1107295
1107454
1107650
1107878
1108020
1108175
1108460
1108618
1108943
1109078
1109204
1109279
1109360
1109713
1109819
1109957
1110118
1110234
1110384
1110550
1110637
1110782
1110893
1111006
1111102
1111214
1111321
1111409
1111446
1111555
1111715
1111804
1111894
1111977
1112069
1112242
1112347
1112508
1112608
1112794
1112857
1112932
1113295
1113531
1113705
1113906
1114053
1114105
1114226
1114273
1114384
1114737
1114809
1114970
1115123
1115183
1115304
1115372
1115572
1115688
1115922
1115976
1116144
1116383
1116451
1116641
1116726
1116898
1116990
1117122
1117284
1117473
1117673
1117787
1117998
1118132
1118294
1118486
1118652
1118832
1118998
1119109
1119218
1119434
1119558
1119707
1119784
1119839
1119902
1119985
1120076
1120227
1120337
1120464
1120561
1120875
1121021
1121430
1121528
1121666
1121828
1121896
1122051
1122207
1122424
1122605
1122667
1122765
1122848
1122983
1123039
1123090
1123172
1123356
1123478
1123582
1123669
1123748
1123852
1124037
1124107
1124260
1124617
1124777
1124948
1125042
1125137
1125246
1125342
1125596
1125652
1125915
1126014
1126133
1126331
1126419
1126569
1126726
1126838
1126962
1127107
1127211
1127374
1127492
1127719
1127955
1128394
1128591
1128701
1128892
1129009
1129138
1129321
1129439
1129591
1129704
1129804
1130157
1130272
1130311
1130385
1130513
1130601
1130736
1130890
1131039
1131162
1131320
1131562
1131733
1131875
1132221
1132427
1132559
1132651
1132783
1132860
1132983
1133059
1133314
1133468
1133531
1133826
1133919
1134343
1134465
1134583
1134682
1134778
1134937
1135091
1135243
1135408
1135536
1135684
1135826
1135903
1136080
1136203
1136741
1136925
1137053
1137458
1137547
1137698
1137816
1138021
1138188
1138613
1138793
1138917
1139039
1139203
1139316
1139461
1139552
1139713
1139832
1139962
1140028
1140097
1140171
1140411
1140619
1141045
1141348
1141610
1141765
1141913
1142026
1142166
1142247
1142396
1142477
1142630
1142861
1143115
1143300
1143452
1143614
1143777
1143896
1144132
1144270
1144523
1144624
1144712
1145030
1145157
1145266
1145417
1145704
1145845
1146000
1146139
1146268
1146369
1146595
