2354
5269
8454
11000
14245
16631
21244
25946
28951
31837
34652
36519
38037
40093
43308
46533
48630
50547
52104
53891
56108
58005
61150
62537
64534
66611
68068
69816
73140
76205
79979
81856
84782
87088
88466
89494
94067
95884
96922
98799
100377
101715
103971
106337
108314
109921
111449
113775
114953
116900
118627
120614
123859
125526
127393
130389
132176
133364
138565
140233
144286
146573
148879
150886
153312
155968
158114
160351
162407
165133
167559
169865
172481
175167
177553
179710
181137
184472
185820
187058
189674
192549
195095
197361
200117
203002
206347
208873
211509
214524
217140
219745
222321
225346
227862
230039
232375
238475
242329
246233
247341
249378
251235
253621
255748
259072
260260
261848
265352
267030
269536
272072
274118
278841
283184
284711
287607
290782
293467
296492
298799
302413
305338
307265
309651
312916
314873
316341
318926
320364
322710
325146
327063
329100
331536
334012
337017
340043
342768
345504
348389
350995
353631
356187
358932
362427
364434
366141
368567
371832
375935
378501
380618
382325
384511
386189
390622
391959
393038
394226
396662
398130
400655
402662
405428
406656
408343
410120
411728
413635
415452
417309
419625
422491
423339
425815
427792
431226
432255
436228
437447
439563
441640
443327
445454
448349
449867
451394
452413
454339
455817
458922
459761
462227
464783
466550
469116
471542
474976
477343
479479
481446
483213
486568
488704
491180
493557
495613
498399
499926
502073
503481
507594
510729
513335
515771
518956
520144
522829
525006
527482
530118
532834
535360
537726
540092
542917
545204
547760
550525
552872
554828
557035
558872
562965
565441
567877
570453
573239
575775
578570
580907
583293
587756
588415
589782
591969
593776
596262
599786
603680
610459
611308
614882
616729
618856
621192
623758
627772
629579
631995
634401
637037
639273
642128
644744
647360
649906
652252
654589
656865
659411
661877
664343
666609
669674
671901
674746
677841
679379
681935
684361
687346
689852
692677
695373
698089
700934
704009
706985
709481
712506
714872
718037
720583
723278
726224
728550
731266
733662
736068
739233
741280
744055
746611
749267
751913
754149
757544
759600
762146
764702
767258
769265
772260
777452
779508
783811
785938
786517
790521
792937
794834
797080
800165
802002
802941
804398
807284
810049
815600
816958
821551
823348
824516
829488
834590
837126
839372
841519
842967
845163
846461
848298
851503
856535
862825
865511
868116
869724
871072
877012
879049
883512
885708
888464
890910
893326
898338
900674
903100
905427
908052
910419
912705
915151
917667
920113
924117
926123
928689
933122
935099
937236
938603
941948
943935
946790
948697
950664
952232
954658
956894
958521
960319
962385
966848
968925
971890
974636
977062
980257
983012
985678
988533
991638
994384
997339
999576
1002002
1004927
1008022
1011477
1013613
1015790
1018695
1022179
1025055
1028250
1030596
1033691
1035957
1039831
1042746
1045372
1048118
1050404
1053200
1055546
1058581
1063763
1066439
1069613
1072459
1075075
1078050
1080875
1083321
1086207
1088473
1090829
1096111
1098837
1101343
1104238
1106964
1109130
1111267
1113603
1116588
1119074
1121980
1124476
1126482
1129667
1132283
1135029
1138164