14568
34641
66773
70387
88213
97267
108685
152273
161297
168532
178565
185693
192162
205613
211001
212362
226703
231869
238836
267407
274233
291007
298066
335853
343064
344984
387105
396108
399153
412912
425442
448331
459671
467178
478469
483183
486863
490043
492704
511555
521031
527968
535647
548015
559812
561152
568060
577180
587161
593813
606143
611690
621300
649005
655706
664538
675245
695267
705232
721554
740156
779557
799082
800504
806956
857470
883647
887120
888229
895051
897091
910118
929003
951398
971180
982780
986978
991174
1014474
1046389
1050337
1060043
1070163
1072632
1093447
1113127
1117166
1121269
1136529
1140685
