86
168
325
416
480
673
773
880
1030
1133
1235
1324
1445
1669
1797
1938
2004
2120
2242
2403
2474
2674
2863
2950
2991
3107
3214
3303
3341
3535
3595
3601
3685
4070
4111
4219
4290
4406
4616
4693
4786
4898
5012
5096
5517
5580
5627
5797
5895
6033
6101
6216
6328
6359
6367
6424
6446
6541
6603
6669
6696
6820
6890
6943
7089
7128
7179
7250
7283
7296
7383
7614
7721
7845
7892
7969
8036
8122
8261
8374
8451
8563
8622
8807
8949
8998
9094
9201
9257
9434
9498
9569
9718
9784
9882
9930
10066
10102
10213
10254
10335
10376
10403
10449
10586
10801
10901
10948
11020
11133
11166
11522
11572
11703
11774
11864
11933
12050
12089
12172
12320
12385
12464
12525
12569
12766
12870
12949
13054
13190
13287
13349
13441
13559
13601
13642
13688
13858
13907
14225
14661
14734
14831
14854
15017
15266
15366
15464
15519
15582
15696
15778
15817
15885
15977
16083
16185
16256
16352
16462
16597
16639
16718
16838
16863
16966
17019
17054
17159
17213
17438
17458
17522
17592
17614
17699
17754
17788
17847
17881
17948
17985
18082
18121
18252
18563
18767
18801
18990
19064
19093
19321
19534
19584
19622
20114
20147
20208
20320
20363
20535
21283
21338
21408
21468
21633
21686
21733
21843
21868
21889
21951
22014
22099
22144
22180
22212
22316
22380
22495
22592
22706
22761
22807
22882
22918
22952
22995
23107
23193
23338
23429
23463
23550
23570
23672
23841
23848
23922
23942
24004
24045
24167
24190
24543
24700
24753
24825
24936
25122
25149
25229
25594
25982
26015
26422
26465
26524
26563
26641
26711
26967
27003
27049
27086
27104
27198
27256
27481
27955
28139
28196
28363
28431
28517
28765
29049
29075
29184
29635
29676
29839
30448
31278
31358
31393
31591
31789
32001
32032
32096
32127
32149
32241
32382
32753
33364
33616
33798
34044
34348
34518
34593
34685
36851
37111
37747
38250
38495
38780
38798
38906
39333
39409
39449
39548
39591
39686
39734
39816
39841
39930
40117
40708
40804
40901
40963
41006
41092
41162
41225
41279
41311
41406
41444
41604
41631
41688
41757
41841
41857
41990
42022
42299
42338
42406
42433
42553
42745
42900
43060
43125
43368
43566
43730
43822
43858
43980
44102
44342
44522
44545
44649
44744
44771
44846
45133
45313
45584
45598
45652
45762
45793
45811
45839
45977
46055
46286
46484
46590
46727
46747
46839
46909
47126
47331
47482
47633
47663
47712
47754
47777
47803
47883
47959
48063
48239
48615
48643
48845
48954
49615
49742
49897
49973
50188
50329
50364
50544
50779
50795
50965
51236
51320
51491
51778
52026
52114
52269
52344
52519
52546
52646
52820
52889
53232
53307
53441
53457
53615
53697
54086
54274
54341
54508
54563
54654
54688
54866
54886
55007
55090
55190
55203
55239
55270
55357
55398
55418
55542
55585
55617
55681
55796
55824
55889
55988
56059
56279
56330
56375
56442
56900
57180
57279
57374
57385
57560
57594
57642
57856
57877
58139
58350
58506
58641
58707
58774
58928
59024
59230
59486
59519
59676
59781
59894
60030
60117
60235
60465
60605
60676
60711
60848
60896
60951
61125
61192
61297
61392
61440
61557
61660
61747
61786
61933
62051
62139
62281
62373
62409
62602
62636
62751
62934
62968
63016
63070
63146
63204
63273
63376
63481
63667
63760
63871
63920
64028
64074
64130
64200
64331
64458
64525
64604
64666
64801
64849
64931
65020
65166
65261
65319
65463
65555
65657
65769
65829
65955
66038
66170
66392
66410
66494
66592
66642
67086
67180
67441
67580
67666
67898
67924
67972
68089
68466
68541
68699
68847
68898
69037
69215
69454
69482
69571
69861
69924
70184
70269
70344
70397
70439
70512
70585
70826
70869
70917
71022
71192
71270
71311
71422
71487
71606
71729
71812
71875
71977
72200
72327
72346
72446
72497
72585
72700
73095
73291
73446
73461
73664
73847
74010
74107
74188
74258
74279
74340
74482
74738
74776
75134
75189
75410
75511
75900
75964
76028
76116
76192
76226
76430
76480
76601
76693
76800
76912
77014
77120
77202
77234
77478
77544
77619
77796
78111
78187
78293
78456
78494
78538
78588
78802
78892
78981
79142
79376
79476
79524
79661
79902
79960
80130
80248
80289
80355
80387
80435
80452
80556
80890
80929
81020
81282
81404
81444
81688
81765
81795
81981
81996
82050
82082
82228
82291
82380
82418
82629
82723
82893
83194
83442
83473
83533
83610
83699
83712
83741
83808
83834
83928
83976
84071
84508
84577
84716
84760
84899
85244
85350
85947
86157
86346
86392
86431
86492
86536
86587
86653
86680
86779
86860
86885
87000
87109
87162
87244
87373
87392
87496
87575
87682
87764
87894
87994
88015
88089
88131
88338
88364
88395
88446
88526
88646
88731
88814
88998
89311
89395
89517
89538
89559
89610
89619
89703
89775
89962
90341
90485
90708
90756
90969
91048
91146
91239
91308
91401
91509
91602
91683
91781
91924
92037
92372
92430
92464
92541
92673
92789
92919
93025
93296
93647
93720
93966
93970
94062
94174
94259
94398
94487
94556
94677
94969
95086
95124
95183
95244
95297
95470
95539
95552
95644
95763
95870
96138
96222
96302
96371
96496
96580
96775
96897
96937
96976
97006
97106
97160
97265
97381
97517
97768
97910
97985
98065
98187
98328
98389
98592
98683
98840
99008
99082
99251
99325
99368
99441
99637
99700
99797
99910
100116
100228
100437
100585
100726
100863
100996
101074
101392
101464
101568
101627
101810
101870
101908
102062
102305
102340
102386
102450
102624
102812
102958
103134
103180
103315
103374
103480
103648
103820
103937
104041
104073
104145
104231
104245
104336
104431
104522
104577
104712
104813
104983
105050
105108
105248
105395
105482
105590
105643
105711
105761
105794
105870
106006
106122
106441
106508
106596
106737
106916
106951
107064
107128
107169
107217
107290
107406
107547
107634
107844
108323
108796
109254
109406
109524
109672
109778
109843
109945
110088
110101
110214
110399
110641
111068
111105
111266
111840
112086
112703
112858
112908
112946
113406
113502
113508
113591
113667
113844
114010
114685
114828
115264
115363
115386
115569
115654
115829
115875
115995
116070
116129
116165
116182
116548
116621
116802
116862
117185
117220
117265
117364
117825
118310
118410
118500
118518
118623
118672
118793
118830
118906
119062
119158
119411
119538
119606
119801
119853
119935
120017
120132
120393
120493
120573
120696
120716
120847
120905
120989
121020
121137
121182
121277
121399
121534
121611
121693
121847
121895
122030
122081
122142
122343
122401
122453
122519
122660
122694
122733
122785
122845
122968
123087
123132
123190
123303
123541
123652
123938
123998
124101
124224
124357
124436
124607
124800
124826
125050
125089
125174
125226
125291
125399
125617
125670
125848
125934
125981
126055
126204
126237
126316
126389
126426
126487
126571
126648
126765
126812
126872
126909
126963
127103
127158
127267
127466
127548
127648
127864
127947
128075
128102
128218
128367
128516
128639
128727
128798
128871
128914
128980
129028
129443
129522
129615
129811
129923
130014
130123
130163
130331
130382
130490
130598
130776
130860
130992
131056
131132
131239
131240
131280
131347
131409
131480
131590
131626
131672
131769
131858
131945
132024
132212
132278
132326
132455
132560
132714
133065
133200
133221
133379
133535
133752
133837
133911
134120
134263
134308
134423
134571
134629
134718
135027
135114
135164
135254
135333
135373
135457
135512
135625
135705
135815
135983
136106
136236
136323
136430
136511
136634
136803
136920
137019
137153
137252
137317
137429
137487
137573
137586
137696
137782
137838
137928
138172
138280
138394
138463
138500
138580
138708
138838
138936
139005
139118
139207
139337
139438
139563
139627
139726
139857
139968
140112
140205
140332
140439
140566
140742
140883
141002
141114
141411
141478
141609
141673
141876
141988
142109
142154
142173
142308
142429
142502
142602
142974
143064
143140
143184
143209
143302
143394
143438
143519
143630
143673
143732
143791
143880
143954
144062
144330
144746
144809
144889
144972
145132
145149
145207
145353
145435
145578
145682
145703
145802
145855
145920
145990
146012
146090
146280
146358
146642
146836
146903
147036
147131
147333
147411
147541
147565
147671
147773
148040
148154
148213
148414
148491
148679
148757
148890
148968
149231
149317
149356
149387
149453
149472
149548
149618
149681
149789
149907
149974
150051
150105
150286
150348
150484
150520
150551
150597
150822
150917
150950
151067
151122
151271
151358
151466
151564
151679
151766
151814
151924
151967
152027
152083
152130
152188
152341
152398
152513
152626
152819
152977
153073
153147
153294
153357
153464
153743
153840
153931
154035
154156
154272
154409
154502
154562
154610
154744
154804
154901
155017
155264
155400
155496
155530
155672
155763
155835
155905
156081
156182
156277
156359
156418
156582
156692
156772
156976
157023
157075
157167
157281
157467
157529
157562
157708
157748
157838
157850
157983
158105
158182
158284
158363
158482
158602
158763
158860
159030
159081
159218
159390
159482
159752
159851
160019
160213
160322
160467
160501
160572
160636
160777
160929
161046
161148
161545
161640
161843
162070
162206
162301
162579
162647
162737
162902
162994
163023
163231
163331
163526
163547
163683
163834
164041
164191
164202
164405
164429
164491
164538
164658
164873
165009
165111
165244
165436
165488
165581
165660
165734
165828
165942
165997
166158
166225
166442
166530
166655
166744
166784
166890
167015
167069
167123
167215
167406
167492
167570
167697
167939
167972
168078
168151
168217
168408
168488
168513
168564
168648
168666
168762
168880
169032
169069
169251
169376
169457
169560
169632
169691
169899
169966
170055
170247
170507
170632
170766
170991
171075
171165
171322
171432
171519
171564
171701
171780
172142
172337
172408
172527
172786
172927
173093
173262
173355
173433
173509
173566
173660
173729
173834
173929
174026
174183
174237
174396
174470
174531
174620
174730
174830
175077
175164
175396
175481
175484
175593
175633
175786
175865
175959
176043
176161
176324
176415
176573
176725
176893
177003
177174
177342
177416
177675
177882
177910
178144
178238
178464
178490
178498
178573
178656
179012
179060
179216
179298
179447
179536
179678
179843
179952
180038
180124
180215
180251
180319
180346
180398
180503
180520
180700
180759
180854
180928
181052
181237
181439
181561
181663
181803
181872
181970
181998
182161
182221
182377
182459
182697
182740
182932
183006
183175
183259
183480
183586
183657
183756
183843
183896
184015
184153
184283
184491
184572
184684
185066
185104
185215
185305
185437
185491
185535
185541
185585
185637
185690
185773
185879
185971
186035
186090
186186
186391
186446
186732
186885
186906
187029
187069
187091
187180
187245
187447
187538
187751
187778
187905
187992
188057
188091
188395
188484
188701
188887
188974
189049
189084
189118
189157
189265
189818
190140
190164
190500
190625
190656
190764
190931
191186
191230
191333
191388
191615
191758
191838
192080
192481
192599
193185
193708
195809
196186
196282
196593
196881
197043
197260
197292
197558
197635
197829
197909
198341
198516
198524
198637
198730
199240
199351
200125
200320
200523
200710
201416
201484
201857
201952
202019
202286
202389
202502
202528
202747
202900
202990
203350
203466
204671
204762
204860
205148
205233
205741
205815
205871
206008
206071
206360
207529
207759
207870
208111
208725
208889
209047
209202
209297
209533
210241
210421
210463
210930
211153
211813
211904
211948
212204
212226
212659
212721
212933
213040
213119
213427
213522
213588
213714
213787
213832
213880
213980
214007
214087
214220
214283
214379
214421
214535
214604
214756
214861
214910
215001
215081
215172
215246
215278
215499
215512
215620
215676
215773
215814
215860
215990
216043
216121
216164
216203
216237
216414
216503
216630
216667
216738
216799
216931
216993
217112
217132
217213
217298
217442
217483
217594
217654
217726
217755
217939
217980
218085
218169
218201
218360
218473
218619
218669
218752
218933
219089
219188
219269
219376
219414
219465
219587
219658
219752
219871
219963
220019
220128
220222
220251
220974
221106
221949
221976
222235
222407
222451
222565
222587
222669
222769
222862
222901
223375
224459
224539
224582
224799
225113
225165
225281
225421
225708
226124
226189
226330
226558
226608
226874
226924
227030
227111
227214
227341
227374
227521
227590
227716
227829
227890
228076
228145
228328
228464
228561
228605
228666
228728
228786
228850
228940
229021
229056
229094
229143
229330
229404
229507
229538
229585
229638
229903
229980
230158
230250
230441
230590
230770
230863
230967
231131
231220
231305
231446
231570
231755
231870
231957
232030
232082
232113
232213
232276
232335
232358
232456
232613
232659
232740
232814
232886
233064
233378
233440
233506
233595
233746
233897
234026
234151
234380
234586
234706
234750
234965
235031
235138
235163
235225
235255
235375
235543
235641
235796
235841
235890
235970
236039
236083
236132
236309
236369
236502
236662
236856
236989
237085
237163
237307
237385
237561
237583
237767
237898
237955
238083
238173
238221
238277
238321
238439
238606
238712
238734
238887
239013
239167
239290
239438
239670
239742
239893
239930
239994
240101
240240
240319
240377
240434
240515
240569
240612
240752
241101
241187
241242
241355
241521
241682
241813
242012
242079
242365
242489
242536
242582
242695
242744
242849
242942
243238
243282
243683
243801
244220
244336
244877
245098
245282
245532
245696
245829
245936
246054
246063
246378
246500
246677
246716
246850
246906
247179
247871
247928
248098
248168
248311
248396
248555
248702
248880
249058
249277
249366
249426
249647
249772
249863
249893
250001
250054
250134
250283
250612
250746
250802
250911
251083
251427
251536
251576
251722
251761
251783
251879
251960
252077
252131
252249
252337
252387
252682
253273
253560
253671
253721
253858
254452
254473
254671
254831
254965
255029
255098
255198
255408
255577
255637
256075
256136
256351
256431
256523
256745
257052
257154
257228
257481
257593
257632
257758
257863
258037
258202
258244
258551
258620
258670
258863
258894
259046
259180
259405
259602
259735
259937
260034
260072
260166
260281
260347
260416
260549
260596
260633
260721
260848
260903
261015
261091
261208
261273
261348
261472
261577
261642
261724
261773
261874
261934
262013
262143
262185
262295
262326
262429
262555
262737
262834
262973
263131
263188
263401
263561
263608
263750
263901
264036
264068
264158
264321
264367
264452
264552
264832
264927
265403
265422
265490
265532
265653
265803
265950
266066
266289
266376
266395
266519
266676
266899
266939
266997
267056
267151
267289
267347
267413
267442
267470
267572
267895
268026
268056
268130
268240
268501
268577
268682
268805
268998
269023
269079
269121
269148
269230
269335
269354
269463
269544
269558
269577
269659
269731
269792
269842
270011
270205
270256
270324
270553
270706
270765
270809
270875
270950
271043
271174
271274
271297
271340
271405
271462
271505
271658
271844
271992
272088
272149
272198
272389
272413
272437
272518
272660
272695
272747
272917
272960
273072
273096
273124
273252
273333
273435
273573
273632
273787
273882
274003
274116
274253
274358
274474
274557
274650
274811
274884
274984
275152
275275
275413
275701
275935
276229
276400
276437
276516
276634
276754
276911
277116
277369
277515
277616
277873
277988
278135
278374
278473
278552
278653
278767
278830
278918
278961
279125
279137
279254
279350
279454
279772
279879
279974
280043
280232
280343
280394
280495
280630
280710
280798
280927
281109
281194
281261
281289
281465
281546
281695
281857
281939
282047
282156
282240
282313
282356
282439
282549
282612
282692
282760
282867
282916
282979
283091
283181
283241
283289
283473
283539
283622
283974
284035
284190
284275
284517
284680
284781
284904
284939
285010
285034
285152
285255
285299
285378
285520
285626
285680
285820
285883
286059
286135
286223
286392
286473
286588
286671
286758
286843
286972
287112
287167
287206
287460
287488
287575
287644
287684
287922
288023
288072
288117
288172
288273
288373
288603
288673
288700
288815
288923
289070
289154
289237
289554
289580
289678
289828
290008
290066
290102
290158
290236
290317
290388
290415
290454
290713
290820
290900
291028
291131
291259
291563
291629
291685
291806
292077
292135
292337
292411
292604
292648
292794
292978
293116
293213
293297
293332
293409
293469
293585
293636
293698
293792
293902
294153
294238
294349
294419
294507
294547
294675
294810
294858
295045
295143
295371
295487
295570
295844
296012
296089
296123
296200
296305
296346
296534
296613
296739
296758
296867
296976
297039
297266
297377
297777
297956
298026
298097
298155
298174
298471
298501
298557
298612
298857
298989
299120
299211
299302
299384
299461
299612
299928
300016
300101
300167
300291
300375
300486
300599
300785
300872
301090
301235
301437
301507
301635
302053
302122
302169
302185
302230
302322
302412
302586
302617
302632
302782
302882
302914
302971
303033
303135
303241
303284
303321
303371
303405
303436
303490
303508
303566
303662
303707
303752
303900
303972
304021
304085
304177
304230
304501
304554
304589
304613
304705
304764
304815
304867
304895
304961
305010
305122
305180
305264
305367
305481
305493
305783
305826
305894
306063
306104
306562
306646
306736
306831
306928
307115
307291
307404
307485
307491
307863
308136
308412
308559
308679
308765
308804
309038
309248
309421
309448
309505
309888
309921
310034
310089
310121
310271
310329
310536
310830
310979
311090
311175
311230
311264
311411
311441
311533
311605
311653
311736
311804
311872
311961
312112
312223
312242
312295
312609
312800
312938
312967
313043
313262
313291
313390
313497
313533
313583
313775
313875
314022
314106
314155
314258
314521
314938
315040
315156
315269
315329
315497
315542
315640
315841
315996
316084
316171
316369
316428
316505
316596
316704
316715
316784
316940
317045
317167
317289
317391
317562
317734
318279
318299
318377
318459
318484
318669
318741
319035
319080
319144
319230
319291
319397
319484
319603
319647
319768
319853
319884
320064
320131
320537
320649
320712
321039
321056
321191
321324
321423
321662
321781
322003
322107
322199
322432
322694
322836
323011
323187
323282
323417
323760
323834
323861
323940
323989
324003
324231
324398
324493
324560
324661
324720
324778
324831
324927
325057
325137
325201
325302
325390
325495
325581
325689
325779
326136
326314
326546
326592
326709
326733
326885
327218
327282
327446
327645
327788
327878
327941
328029
328204
328238
328317
328454
328499
328531
328667
328704
328766
328928
329055
329127
329177
329247
329286
329348
329425
329532
329555
329718
329773
329864
329891
329983
330232
330387
330465
330536
330748
330884
330898
330939
331106
331161
331348
331507
331549
331787
331818
331954
332082
332326
332378
332420
332556
332696
332715
332832
332924
333053
333157
333218
333267
333411
333497
333588
333613
334103
334228
334351
334490
334764
334887
335083
335108
335259
335314
335432
335471
335582
335668
335746
335797
335834
335997
336062
336130
336498
336612
336846
336889
336945
337054
337119
337146
337213
337269
337566
337607
337897
337997
338372
338462
338530
338594
338636
338709
338870
338928
339007
339102
339133
339168
339260
339326
339417
339611
339687
339730
339786
339874
339949
340143
340498
341177
341482
341548
341724
341877
342014
342192
342353
342416
342639
342678
342782
342944
343125
343331
343711
343889
344144
344252
344444
344699
344943
345075
345157
345334
345550
345630
345697
345826
345931
345972
346094
346207
346294
346446
346504
346728
346878
346940
347195
347268
347348
347444
347503
347692
347815
347964
348039
348672
348908
348951
349379
349759
349946
350035
350069
350182
350294
350367
350618
351021
351051
351181
351305
351404
351498
351572
351874
351990
352044
352135
352515
352618
352679
352947
353035
353082
353235
353327
353487
353650
353711
353882
354117
354165
354382
354469
354610
354693
354859
354906
355187
355212
355251
355320
355806
355845
355956
356044
356257
356328
356455
356492
356563
356654
356726
356798
356954
357172
357283
357354
357494
357601
357696
357741
357850
357921
358072
358186
358404
358526
358680
358769
358899
358941
359061
359263
359364
359437
359909
360167
360255
360383
360442
360463
360644
360694
360816
360995
361074
361205
361256
361531
361692
361817
361968
362169
362355
362597
362745
362893
363010
363120
363374
363424
363482
363614
363895
363959
364125
364261
364402
364420
364449
364549
364630
364736
364795
364821
364929
364955
364994
365093
365212
365304
365395
365435
365474
365780
365836
365945
365992
366083
366188
366276
366362
366471
366529
366600
366683
366797
366871
367031
367132
367349
367501
367713
367970
368143
368226
368318
368373
368464
368570
368621
368682
368823
368978
369052
369157
369212
369358
369442
369601
369752
369941
369989
370105
370150
370235
370316
370525
370635
370883
370918
371122
371170
371229
371352
371436
371582
371699
371790
371926
371960
372067
372225
372306
372473
372568
372636
372737
372842
372939
373030
373054
373210
373327
373405
373455
373490
373556
373732
373788
373878
373958
374038
374259
374343
374407
374561
374578
374751
374895
375120
375243
375322
375367
375410
375491
375571
375665
375803
375917
376010
376054
376299
376345
376441
376626
376824
376924
376989
377124
377230
377361
377447
377492
377669
377717
377861
378232
378322
378509
378658
378725
378854
378883
379138
379218
379272
379359
379491
379821
379884
379916
379974
380356
380502
380525
380674
380971
381095
381126
381311
381344
381383
381882
381916
381964
382093
382126
382255
382395
382495
382600
382700
382824
383041
383073
383155
383229
383359
383532
383567
383668
383807
383895
384017
384110
384328
384364
384454
384612
384677
384755
384888
384981
385027
385189
385309
385345
385409
385454
385744
385899
386029
386137
386288
386364
386410
386756
386836
386852
386968
387017
387076
387151
387256
387301
387375
387422
387592
387766
387817
387997
388147
388254
388370
388417
388509
388675
388778
388893
389050
389298
389319
389428
389460
389709
389833
389859
389932
390117
390186
390415
390667
390783
390953
390990
391045
391084
391141
391189
391325
391454
391512
391772
391918
391994
392123
392344
392474
392596
392644
392699
392881
392929
393003
393144
393523
393698
393784
393843
393919
394054
394158
394297
394316
394319
394354
394447
394581
394659
394730
394788
394983
395028
395100
395150
395196
395614
395739
395861
395916
396159
396225
396330
396391
396470
396549
396689
396740
396938
397059
397163
397231
397307
397353
397378
397478
397534
397619
397635
397644
397718
397751
397821
397938
398287
398373
398491
398657
398763
398939
399021
399066
399213
399640
399831
400014
400991
401325
401402
401449
401552
401667
402104
402137
402222
402530
402621
402707
402763
402964
403308
403327
403440
403457
403580
403627
403760
403804
403970
403996
404198
404308
404324
404378
404510
404587
404660
404892
404941
405011
405105
405282
405440
405492
405610
405685
405761
405834
406101
406234
406306
406482
406578
406629
406676
406786
406904
406977
407042
407224
407354
407443
407502
407645
407792
407912
407940
408060
408142
408189
408264
408281
408471
408560
408606
409005
409157
409195
409314
409515
409665
409807
409937
410123
410261
410364
410433
410450
410589
410680
410765
411193
411212
411294
411441
411701
411738
412166
412212
412305
412356
412409
412522
412711
412740
413033
413164
413232
413312
413365
413459
413560
413631
413712
413797
413828
413926
413943
414223
414281
414372
414421
414534
414632
414783
414830
414870
414978
415147
415220
415470
415635
415668
415885
416039
416167
416192
416273
416317
416549
416561
416635
416712
416786
416951
416987
417060
417155
417225
417242
417292
417393
417608
417812
417993
418152
418192
418314
418374
418446
418593
418723
418835
419033
419187
419602
419691
419755
419846
420026
420178
420310
420469
420553
420627
420740
420891
421245
421295
421518
421722
421861
421934
422213
422257
422320
422391
422626
422771
423008
423089
423216
423323
423435
423470
423599
423635
423904
423981
424151
424274
424398
424490
424767
424923
424973
425220
425250
425446
425579
425612
425654
425868
425922
425994
426034
426240
426299
426530
426622
426732
426888
427080
427239
427266
427388
427489
427652
427804
427875
428079
428173
428311
428494
428543
428648
428849
428911
428983
429103
429311
429422
429459
429563
429729
429880
430041
430133
430193
430384
430652
430746
430920
431005
431128
431226
431338
431495
431680
431787
431936
432015
432087
432237
432297
432475
432543
432748
432890
433008
433170
433366
433493
433682
433891
433913
433991
434105
434214
434275
434328
434513
434659
434703
434794
434970
435240
435473
435641
435700
435773
435856
435911
436086
436185
436233
436308
436487
436568
436811
436902
436997
437099
437199
437273
437469
437619
437799
437880
437936
438072
438136
438329
438495
438548
438610
438726
439105
439207
439259
439381
439436
439624
439869
439907
440032
440098
440168
440220
440287
440374
440419
440775
440900
440999
441071
441122
441170
441274
441350
441436
441450
441540
441592
441787
442187
442314
442336
442339
442468
442601
442635
442890
443008
443091
443181
443261
443265
443427
443477
443568
443660
443747
443981
444075
444208
444275
444338
444383
444469
444553
444673
444823
444919
445139
445352
445550
445612
445691
445803
445945
446087
446328
446392
446535
446625
446687
446847
446911
447107
447202
447307
447323
447408
447460
447552
447637
447676
447789
447859
447922
448108
448250
448454
448510
448639
448755
448854
448965
449065
449164
449313
449432
449810
449835
449847
449936
450056
450384
450446
450882
451012
451130
451447
451550
451724
451805
451868
451870
452023
452128
452254
452346
452441
452475
452540
452770
452852
452913
453024
453262
453429
453661
453673
453909
454087
454164
454200
454322
454388
454459
454579
454791
455004
455105
455184
455257
455357
455515
455577
455685
456082
456131
456250
456343
456619
456734
456840
456913
457107
457155
457341
457480
457541
457712
457773
457868
457995
458095
458187
458349
458389
458487
458624
458716
458839
458937
458961
459037
459103
459187
459210
459251
459470
459588
459714
459855
459901
460065
460210
460288
460384
460529
460632
460756
460802
460899
460946
461155
461273
461372
461527
461661
461722
461851
462010
462120
462229
462379
462503
462570
462630
462709
462793
463038
463214
463307
463421
463566
463783
463851
463963
464019
464165
464295
464343
464401
464551
464736
465000
465129
465305
465430
465527
465669
465689
465801
465951
466062
466168
466212
466334
466404
466578
466642
466721
466935
466951
467015
467106
467340
467462
467614
467724
467860
467953
468009
468154
468262
468594
468743
469239
469324
469328
469464
469576
469637
469672
469714
470026
470117
470289
470402
470463
470621
470748
470861
471059
471113
471346
471412
471520
471553
471596
471654
471724
471834
471912
472004
472376
472756
472822
472893
472986
473051
473163
473262
473393
473534
473600
473680
473748
473786
473858
473970
474070
474138
474176
474281
474353
474417
474510
474625
474675
474834
474877
475170
475293
475424
475499
475528
475661
475855
475901
476021
476256
476581
476663
476804
476850
477001
477090
477439
477531
477868
477908
477964
478040
478230
478419
478492
478808
478902
478917
478969
479291
479389
479526
479680
479800
479949
479963
480119
480244
480327
480384
480449
480519
480823
480889
481137
481405
481439
481997
482226
482504
482572
482596
482928
483126
483257
483333
483426
483503
483631
483763
483791
483830
484517
485756
485775
486009
486433
486677
486777
486874
486943
486991
487174
487567
487709
487757
487920
487939
488056
488123
488199
488339
488613
488942
489079
489360
489788
490053
490279
490471
490492
490558
490591
490736
490845
490918
490959
490995
491005
491078
491212
491445
491716
491770
491836
491914
491981
492065
492099
492140
492284
492423
492460
492540
492604
492815
493079
493290
493413
493444
493525
493675
493685
493816
494023
494029
494203
494373
494401
494425
494465
494514
494637
494679
494768
494787
494882
494908
494938
494973
495087
495304
495315
495385
495439
495483
495731
495901
496034
496246
496293
496464
496548
496598
496670
496845
496935
497049
497105
497136
497188
497325
497365
497450
497542
497784
497829
497896
497982
498217
498249
498393
498513
498550
498749
498872
499141
499190
499262
499344
499420
499483
499508
499583
499636
499708
499797
499977
500009
500174
500220
500321
500380
500514
500575
500616
500678
500805
500990
501092
501249
501507
501579
501727
501790
502095
502615
502726
503335
503417
503712
503814
503880
504043
504438
504563
504639
504800
505024
505149
505544
505550
505928
505999
506103
506457
506721
507506
507594
507746
507786
508112
508348
508628
508704
508940
509247
509460
509589
509814
509858
510089
510166
510341
510386
510588
510597
510673
510807
510902
510973
511506
511866
511994
512137
512183
512251
512698
512926
513029
513212
513403
513843
513893
514224
514308
515045
515142
515286
515305
515676
515787
516135
516524
516678
517043
517478
517525
517621
517763
517861
517959
518061
518155
518397
518429
518503
518649
518805
518902
519022
519212
519285
519352
519422
519461
519664
519707
519789
519946
520030
520199
520454
520597
520650
520811
520907
521107
521285
521383
521498
521611
521784
521857
521890
522206
522355
522493
523003
523131
523434
523497
523868
523982
524199
524398
524593
524608
524717
524784
524904
525045
525138
525658
525767
525970
526191
526558
526816
526952
527170
527246
527302
527593
527909
528067
528338
528477
528599
528724
528782
528989
529074
529311
529486
529646
529892
530190
530376
530619
530784
531262
531377
531468
531525
531589
531848
531929
532115
532170
532225
532323
532373
532647
532735
532794
533584
534213
534250
534347
534413
534589
534772
535166
535229
535450
535754
535983
536144
536222
536394
536842
537205
537397
537977
538107
538286
538353
538466
538516
538598
538743
538863
538934
539019
539456
539706
540165
540565
540857
541022
541203
541518
541609
541954
542072
542190
542334
542413
542639
542900
542993
543371
543529
543699
543784
543902
544196
544270
544821
544873
545116
545705
545782
545892
546190
546293
546642
546898
547097
547259
547529
547625
547681
547766
547927
547955
548019
548060
548238
548294
548338
548414
548438
548572
548662
548709
548812
548882
549021
549147
549229
549351
549373
549509
549549
549563
549698
549753
549873
550146
550225
550423
550519
550685
550801
551084
551288
551364
551391
551475
551591
551654
551756
551816
552026
552100
552189
552345
552408
552536
552669
552780
552918
552975
553217
553271
553344
553425
553452
553526
553656
553678
553821
553971
554194
554296
554350
554537
554657
554781
554915
555046
555202
555317
555494
555620
555711
555844
555944
555973
556072
556140
556299
556337
556559
556661
556771
556910
557039
557193
557229
557540
557581
557649
557730
557842
557888
557939
557983
558104
558246
558313
558341
558577
558715
558798
558848
559098
559176
559401
559518
559705
559849
559877
559911
560000
560185
560260
560336
560420
560467
560609
560688
560789
560920
561016
561261
561476
561583
561773
561879
561962
562064
562138
562215
562437
562506
562652
562746
562878
562967
563139
563356
563502
563648
563751
563876
564008
564075
564159
564278
564357
564406
564520
564598
564699
564802
564908
565033
565153
565240
565326
565418
565477
565689
565837
565900
566087
566145
566226
566335
566406
566457
566528
566601
566813
567145
567197
567286
567380
567540
567846
567928
568099
568207
568375
568606
568699
568800
568860
568988
569540
569940
570062
570099
570153
570334
570766
570830
570831
570919
571001
571208
571250
571331
571432
571521
571638
571704
571820
571874
571973
572199
572227
572541
572648
572821
572894
572948
573036
573287
573455
573626
573676
573758
573797
573897
574001
574158
574277
574322
574430
574533
574590
574741
574837
574969
575027
575074
575128
575340
575486
575582
575664
575758
575886
575964
576038
576166
576209
576301
576508
576669
576757
576828
577105
577123
577232
577512
577609
577712
577750
577857
577935
577973
578151
578289
578342
578408
578717
578783
578951
579022
579118
579267
579373
579509
579658
579764
579825
580286
580390
580654
580689
580750
580800
580951
581134
581162
581415
581560
581598
581682
581784
581845
581959
582097
582333
582719
582779
582908
582976
583038
583161
583276
583325
583471
583506
583664
583768
584022
584130
584293
584459
584489
584743
584878
584915
584996
585013
585170
585230
585492
585567
585682
585782
585847
586032
586054
586238
586326
586352
586424
586531
586604
586738
586832
586899
586938
587061
587183
587318
587459
587566
587671
587795
588097
588208
588287
588352
588383
588439
588482
588641
588728
588781
588992
589067
589277
589395
589485
589712
589982
590076
590236
590515
590630
590735
590775
590847
590951
591155
591159
591281
591530
591610
591841
591949
592102
592186
592275
592411
592476
592539
592604
592731
592855
593006
593147
593172
593341
593412
593477
593664
593783
593841
593961
594192
594312
594470
594520
594581
594650
594791
594907
595192
595284
595474
595588
595696
595817
595930
595984
596125
596260
596534
596570
596591
596692
596817
596923
597081
597297
597447
597549
597633
597742
597809
597897
597946
598021
598124
598214
598371
598507
598582
598609
598689
598781
598941
599020
599069
599222
599348
599541
599652
599926
600063
600125
600198
600287
600334
600433
600615
600685
600828
600920
600985
601137
601238
601415
601441
601697
601857
602024
602238
602447
602725
602855
603018
603071
603132
603202
603274
603433
603475
603582
603725
603878
603976
604348
604533
604596
604743
604846
604893
604974
605040
605092
605365
605421
605459
605560
605660
605729
605843
606034
606072
606127
606296
606355
606461
606517
606610
606765
607149
607222
607346
607365
607412
607431
607556
607595
607670
607753
607795
607867
607991
608023
608088
608103
608120
608126
608128
608167
608226
608496
608566
608592
608784
608837
609030
609144
609243
609771
609987
610088
610135
610309
610486
610645
610675
610790
611198
611337
611351
611424
611484
611516
611793
611872
611927
611974
612072
612194
612353
612534
612605
612663
612740
612873
613009
613198
613235
613279
613341
613406
613463
613560
613744
613891
613970
614009
614171
614271
614325
614466
614535
614604
614823
614929
614985
615195
615349
615415
615772
615939
616061
616299
616368
616596
616786
616827
617107
617135
617252
617322
617452
617628
617776
617878
618201
618311
618371
618438
618927
619099
619180
619208
619369
619458
619554
619828
619961
620023
620259
621095
621294
621656
621790
621915
622029
622165
622400
622726
622986
623063
623159
623445
623520
623663
623673
623891
623946
624206
624434
624595
624757
625177
625265
625287
625402
625448
625597
625731
625917
626048
626127
626263
626375
626433
626592
626774
626967
627209
627474
627620
627923
628274
628455
628659
628953
629013
629047
629101
629126
629174
629446
629573
629685
629747
629903
630162
630307
630447
630644
630751
630797
630915
631003
631073
631182
631289
631477
631643
631690
632007
632259
632821
633049
633153
633190
633294
633533
633659
633747
633843
633991
634034
634095
634129
634389
634439
634602
634637
634732
634783
635053
635235
635420
635584
635637
635766
636227
636359
636442
636510
636542
636897
636967
637101
637177
637240
637316
637365
637493
637645
637822
637903
638043
638157
638204
638237
638286
638570
638606
638834
638854
639133
639322
639383
639491
639578
639863
639929
640140
640142
640202
640333
640510
640654
640667
640766
640920
640988
641065
641291
641358
641462
641605
641698
641766
641922
641956
642097
642119
642197
642238
642299
642458
642694
642769
642819
642949
643003
643104
643179
643334
643409
643470
643524
643598
643822
643871
643912
644033
644158
644193
644367
644425
644489
644674
644742
644866
645014
645180
645255
645328
645401
645428
645509
645573
645716
645928
645978
646123
646152
646222
646316
646387
646516
646631
646734
646796
646954
647111
647218
647298
647443
647514
647586
647659
647694
647790
647814
648026
648129
648389
648444
648526
648596
648698
648752
648794
648858
649003
649079
649416
649567
649763
649821
650087
650161
650485
650750
650806
650872
650952
651015
651230
651319
651390
651472
651717
651776
651872
651899
652018
652212
652364
652423
652520
652654
652801
652857
652921
652977
653040
653114
653197
653257
653342
653373
653426
653592
653643
653877
654328
654410
654441
654679
654800
654847
654941
655195
655298
655453
655517
655634
655790
656133
656164
656208
656378
656472
656525
656618
656742
656872
656911
657020
657076
657191
657284
657349
657381
657498
657577
657697
658031
658123
658260
658328
658470
658577
658663
658855
658886
658921
659039
659070
659153
659247
659272
659372
659417
659694
659718
659747
659856
659955
659978
660015
660086
660207
660318
660428
660471
660720
660783
660891
660954
661008
661071
661185
661275
661327
661448
661501
661624
661648
661823
661883
662062
662146
662261
662455
662539
662638
662695
662724
662767
662842
662865
662898
662930
662997
663166
663298
663361
663450
663736
663998
664142
664171
664220
664234
664260
664385
664431
664492
664531
664748
664829
664877
665038
665107
665631
665677
665843
666152
666215
667429
667507
667611
667877
667959
668086
668247
668681
668702
668858
669174
669190
669216
669257
669501
669694
669733
669913
670005
670050
670200
670467
670519
670574
670662
670709
670779
670822
670929
671007
671063
671147
671271
671339
671655
671823
671934
672081
672199
672568
672874
673223
673401
673441
673490
673635
673823
673846
673935
674256
675040
675229
676008
676122
676297
676355
676617
677009
677151
677342
677626
677679
677825
677964
678107
678178
678370
678471
678856
678904
679014
679053
679093
679114
679602
679839
680283
680303
680425
680568
680807
681043
681095
681226
681308
681346
681641
681738
681800
681873
681982
682038
682140
682170
682412
682545
682598
682692
682716
682772
682829
682864
682984
683175
683320
683439
683796
683916
684109
684217
684334
684390
684455
684549
684652
684742
684946
684992
685103
685182
685221
685453
685514
685554
685616
685778
685857
685906
686154
686195
686251
686284
686372
686459
686666
686692
686805
687161
687373
687413
687566
687619
687654
687807
687917
687987
688049
688140
688259
688352
688535
688613
688672
688798
688854
688883
688917
689013
689069
689196
689309
689428
689551
689684
689822
689941
690239
690337
690379
690428
690495
690790
690837
690897
691075
691183
691247
691272
691384
691415
691510
691559
691703
691995
692029
692184
692218
692348
692437
692547
692633
692728
692822
692856
692974
693078
693186
693361
693428
693552
693679
693895
693981
694086
694179
694304
694479
694597
694649
694816
694899
695022
695135
695350
695415
695529
695696
695920
696058
696146
696274
696419
696435
696501
696596
696674
696709
696761
696877
697093
697306
697500
697586
697619
697793
697872
697955
698211
698226
698350
698578
698606
698714
698757
698828
699572
699850
699955
700055
700315
700542
700636
700936
700975
701311
701539
701598
701713
701811
702011
702443
702509
702692
702757
702941
702949
703061
703175
703354
703483
703663
703904
704246
704326
704398
704658
704682
705467
705799
706013
706143
706426
706518
706564
706619
706725
707083
707294
707501
707759
708066
708113
708214
708273
708377
708524
708634
708763
708830
708865
708911
708957
709018
709142
709311
709495
709540
709691
709846
709867
710001
710110
710304
710351
710369
710464
710579
710626
710831
710952
711050
711142
711328
711392
711528
711564
711635
711740
711804
711843
711896
711971
712084
712137
712234
712328
712374
712410
712503
712602
712744
712829
712874
712979
713128
713290
713347
713423
713571
713628
713742
713772
713787
713926
713971
714174
714353
714530
714675
714724
714918
715078
715134
715281
715387
715520
715610
715666
715881
716194
716273
716400
716493
716599
716668
717067
717119
717230
717300
717436
717635
717772
718030
718155
718275
718347
718408
718503
718583
718668
718842
718876
719017
719149
719213
719275
719364
719420
719617
719652
719735
719756
719788
720057
720158
720353
720431
720614
720817
720872
720946
721013
721359
721406
721560
721636
721719
721834
721904
722153
722674
722811
722936
723026
723187
723294
723326
723412
723483
723563
723635
723740
723787
723813
723830
723858
724199
724346
724421
724566
724629
724693
724819
724920
724991
725075
725162
725272
725422
725457
725746
725858
725931
726003
726107
726172
726335
726452
726695
726713
726793
726849
727014
727068
727275
727345
727443
727471
727542
727643
727699
727764
727827
727904
728001
728208
728308
728594
728639
728859
729031
729147
729194
729245
729343
729410
729466
729586
729676
729951
730135
730159
730287
730316
730408
730496
730640
730714
730826
730884
731018
731303
731396
731551
731674
731874
732068
732131
732194
732336
732454
732600
732750
732829
732898
732997
733264
733328
733421
733562
733933
734022
734185
734519
734640
734863
734968
735071
735094
735213
735316
735462
735498
735661
735746
735867
735921
735986
736057
736087
736272
736333
736467
736641
736670
736796
736877
736954
737294
737473
737768
737898
737944
737986
738181
738417
738587
738620
738727
738809
738882
738957
739062
739130
739214
739341
739538
739626
739767
739847
739905
740061
740113
740468
740573
740743
740883
740932
741085
741150
741198
741243
741425
741580
741642
741734
741769
741863
742024
742091
742322
742417
742538
742668
742843
742878
742991
743046
743101
743182
743372
743609
743653
743706
743757
743794
743884
744007
744123
744172
744261
744339
744568
744641
744812
744813
745108
745199
745263
745347
745432
745647
745723
745928
746019
746061
746191
746242
746379
746504
746605
746730
746793
746922
746967
747038
747159
747342
747395
747466
747601
747730
747783
747991
748043
748187
748258
748671
748755
748973
749104
749166
749275
749402
749460
749556
749602
749707
749868
750128
750193
750257
750463
750580
750665
750679
750813
750917
751041
751064
751214
751689
751863
752191
752269
752510
752582
752721
752871
752994
753064
753129
753288
753550
753817
753872
753953
753991
754047
754140
754508
754826
754979
755239
755360
755400
755903
756445
756616
756797
756836
756928
757007
757122
757341
757490
757522
757676
757886
757914
758074
758095
758207
758250
758378
758728
758904
758987
759057
759211
759502
759597
759653
759752
759880
760033
760084
760240
760290
760419
760475
760804
761008
761102
761365
761543
761755
761836
761974
762188
762206
762332
762366
762450
762556
762629
762822
762847
762999
763226
763280
763677
763801
763828
763908
763994
764032
764110
764205
764290
764325
764382
764417
764504
764531
764762
765000
765024
765186
765295
765416
765572
765677
765743
765775
765853
765886
766081
766278
766400
766473
766633
766759
766915
767040
767081
767127
767236
767323
767359
767398
767490
767945
768229
768333
768385
768433
768531
768612
768740
768789
768841
768900
768934
768969
769122
769225
769351
769421
769445
769572
769681
769784
769860
769961
770189
770264
770329
770603
770649
770920
771173
771229
771308
771415
771538
771558
771633
771689
771817
771945
772178
772244
772356
772483
772557
772735
772787
773014
773055
773193
773244
773372
773449
773508
773563
773605
773683
773810
773951
774136
774183
774280
774337
774396
774524
774637
774742
774771
774883
774947
774996
775124
775208
775329
775378
775490
775600
775672
775875
776044
776075
776151
776212
776297
776330
776431
776553
776625
776736
776783
776879
776940
777127
777232
777413
777479
777714
777832
777950
778047
778151
778265
778383
778579
778712
778833
779009
779098
779144
779178
779282
779471
779514
779646
779685
779834
779903
780200
780229
780299
780324
780433
780525
780564
780628
780703
780855
780968
781085
781196
781255
781327
781477
781566
781664
781703
781764
781878
782234
782281
782357
782359
782421
782564
782638
782770
782875
783007
783087
783190
783266
783288
783703
783832
783893
783970
784050
784100
784130
784193
784267
784319
784361
784421
784554
784689
784741
784918
785023
785127
785281
785386
785636
785743
785860
785974
786024
786122
786185
786262
786438
786523
786620
786682
786848
786909
787017
787147
787224
787306
787441
787576
787631
787845
787900
787925
787982
788093
788168
788218
788314
788361
788441
788597
788655
788736
788823
788931
789092
789240
789322
789432
789530
789608
789736
789834
789937
790018
790162
790253
790335
790399
790442
790626
790716
790865
790952
791016
791154
791399
791435
791639
791705
791785
792064
792148
792520
792603
792704
792799
792863
792941
792983
793114
793166
793279
793534
793622
793744
793856
793939
794055
794161
794314
794367
794411
794415
794450
794590
794628
794742
794796
794844
794912
794983
795054
795343
795432
795545
795642
795718
795778
795846
795920
796008
796134
796296
796389
796503
796574
796762
796829
796898
796937
797061
797150
797222
797297
797708
797761
797826
797921
798073
798131
798194
798296
798404
798519
798654
798773
798893
798958
799107
799197
799279
799379
799475
799559
799823
799890
800002
800079
800189
800263
800413
800492
800600
800732
800784
800892
801023
801110
801167
801251
801378
801541
801767
802076
802125
802258
802295
802481
802733
802825
802869
803020
803122
803346
803437
803590
803693
803793
803918
803925
803990
804094
804324
804423
804549
804686
804805
804933
805038
805111
805234
805302
805618
805745
806002
806141
806328
806430
806506
806592
806666
806735
806777
806872
806925
806977
807169
807288
807438
807728
807905
807933
807966
808007
808071
808184
808314
808404
808445
808607
808720
808927
809084
809201
809363
809452
809553
809596
809644
809841
809948
810010
810069
810203
810295
810432
810558
810602
810669
810769
810821
810936
810970
811081
811216
811369
811428
811544
811767
811953
812010
812258
812329
812415
812486
812591
812620
812771
812830
812907
813070
813275
813364
813470
813614
813723
813792
813854
813937
814082
814332
814449
814624
814732
814945
815009
815112
815167
815174
815229
815437
815569
815596
815747
815895
815999
816098
816133
816154
816281
816483
816565
816580
816685
817058
817125
817277
817494
817586
817882
817906
818008
818044
818102
818161
818211
818312
818384
818397
818456
818547
818587
818666
818847
818938
818997
819055
819147
819306
819354
819426
819490
819567
819663
819865
820157
820341
820417
820510
820704
821018
821138
821282
821374
821487
821606
821755
821966
822085
822251
822310
822461
823333
823414
823498
823773
823799
823877
823974
824198
824395
824486
824605
824679
824847
824916
825028
825437
825775
825856
825951
826049
826157
826367
826611
826723
826837
826892
826972
827082
827177
827276
827400
827518
827654
827827
827910
827976
828225
828370
828437
828568
829231
829362
829627
829794
829920
830391
830500
830638
830667
830734
830816
830928
831115
831410
831481
831681
831818
831893
831986
832204
832323
832432
832778
832848
833003
833075
833083
833101
833369
833502
833591
833729
833789
834182
834350
834623
834661
835023
835154
835253
835292
835374
835395
835438
835774
835842
836246
836370
836397
836485
836621
836769
836823
836871
836950
837007
837179
837273
837351
837656
837708
837839
837906
838012
838093
838132
838228
838310
838329
838401
838728
838973
839051
839150
839249
839278
839526
839575
839787
839861
839992
840314
840425
840451
840465
840518
840613
840686
840904
840933
841149
841291
841446
841558
841749
841895
842003
842122
842213
842282
842388
842492
842537
842608
842658
842756
842793
842884
842992
843083
843123
843218
843305
843377
843595
843638
843757
843816
843963
844290
844347
844506
844573
844600
844724
844781
844816
844944
845100
845176
845315
845544
845655
845687
845806
845891
845983
846372
846373
846395
846469
846621
846751
846828
846881
847045
847166
847277
847489
847739
847846
847938
848066
848154
848329
848435
848532
848666
848747
848812
848893
848936
849026
849079
849254
849336
849387
849509
849623
849734
850106
850345
850417
850542
850689
850835
850923
851150
851237
851335
851375
851483
851632
851753
851760
851847
851986
852097
852411
852541
852622
852739
852823
852845
852975
853054
853126
853202
853262
853416
853609
854172
854276
854362
854485
854508
854598
854635
854780
854888
855135
855186
855278
855352
855428
855469
855722
855789
855836
855954
856049
856107
856239
856420
856456
856514
856807
856896
856962
857123
857258
857347
857389
857452
857626
857735
857951
858039
858122
858172
858359
858468
858687
858894
858952
859111
859173
859268
859382
859390
859578
859654
859702
859808
859842
859915
859996
860064
860136
860407
860505
860526
860573
860700
860835
860928
861014
861138
861146
861184
861217
861388
861444
861577
861815
861977
862046
862155
862250
862332
862344
862356
862458
862641
862908
863287
863422
863484
863623
863889
863947
863988
864084
864204
864263
864401
864470
864526
864702
864853
865010
865044
865234
865457
865720
865883
866101
866164
866274
866397
866460
866583
866647
866683
866815
866924
867129
867184
867282
867430
867781
867818
867917
867978
868096
868161
868277
868686
868694
869185
869226
869425
869594
869915
870023
870049
870213
870277
870405
870549
870605
870782
870848
871043
871139
871170
871375
871526
871576
871654
871715
871943
872056
872288
872358
872410
872494
872532
872705
872786
872914
873155
873288
873344
873412
873452
873602
873666
873807
873941
874017
874336
874378
874664
874868
874939
875023
875097
875109
875139
875286
875404
875467
875518
875649
875757
875948
876035
876229
876288
876351
876472
876558
876634
876721
876797
876942
876986
877064
877178
877209
877434
877634
877696
877879
877994
878087
878167
878195
878401
878485
878715
878812
878875
878975
879075
879092
879183
879377
879606
879678
879845
880075
880204
880328
880573
880649
880866
881109
881241
881306
881402
881684
881789
881873
881966
882043
882090
882214
882498
882581
882833
882918
883169
883369
883481
883629
883839
883910
884084
884221
884390
884450
884631
884778
884870
885135
885399
885491
885752
885961
886115
886327
886437
886578
886660
886815
886940
887073
887256
887458
887540
887622
887718
887860
888024
888149
888190
888384
888501
888634
888836
889065
889243
889718
889826
889919
890043
890101
890196
890326
890413
890652
890679
890801
890852
890977
891041
891142
891226
891287
891420
891629
891796
891925
892054
892220
892418
892530
892655
892910
893038
893333
893438
893534
893579
893630
893953
894029
894137
894268
894354
894474
894610
894667
894782
894863
894946
895012
895094
895171
895229
895236
895315
895445
895504
895564
895617
895679
895822
895897
896028
896098
896254
896287
896332
896665
896871
897015
897186
897303
897325
897416
897433
897514
897837
897879
898010
898133
898163
898254
898292
898462
898548
898752
898776
898914
899123
899161
899321
899376
899518
899580
899682
899814
899973
900143
900227
900408
900512
900644
900806
900942
901092
901228
901309
901388
901574
901668
901787
901834
901859
901892
901945
902006
902127
902207
902304
902371
902655
902771
903150
903218
903326
903458
903496
903621
903747
903934
904085
904117
904185
904238
904343
904369
904390
904442
904596
904688
904762
904819
904868
904942
905097
905137
905260
905587
905717
905858
905922
905987
906066
906132
906356
906382
906615
906684
906773
906941
906999
907119
907246
907328
907422
907537
907611
907744
907832
908029
908235
908644
908811
908891
909052
909139
909238
909391
909479
909601
909684
909754
910077
910162
910171
910215
910313
910371
910476
910600
910719
910812
910940
911152
911293
911405
911721
911897
911999
912061
912163
912210
912303
912349
912574
912698
912731
912996
913059
913453
913545
913633
913702
913768
913897
914021
914143
914278
914376
914494
914606
914653
914800
914893
915401
915555
915653
916028
916087
916208
916296
916471
916608
917003
917153
917247
917339
917473
917556
917671
917732
917863
917952
918052
918088
918127
918171
918381
918559
918955
919228
919460
919585
919703
919786
919896
919947
920066
920117
920240
920441
920665
920820
920942
921074
921207
921296
921502
921610
921833
921904
921962
922250
922347
922426
922547
922804
922915
923040
923149
923248
923319
923515
