3924
6850
11113
14038
18701
22764
25011
29134
31400
36153
38839
41814
45258
48912
52157
55572
61951
65995
68731
71846
77437
79563
84795
89657
94689
97185
100380
107439
110224
112690
115865
118511
122195
124861
128545
131280
135484
138079
141474
147974
148603
151418
155422
158397
161742
163639
167852
173992
176568
180322
183786
187211
189866
192922
195987
198942
204653
207598
210823
213938
217153
221206
223692
230232
233307
236522
240246
243930
245967
250020
252706
255591
259205
262810
266434
269479
272254
275589
278494
281310
284964
288838
290915
293930
297045
300439
303914
308087
310313
313059
315964
319658
322734
324730
326997
331819
333896
337350
340226
344179
346466
349411
353734
356979
360403
361551
365375
368440
372334
375818
379153
383896
386152
388418
393949
397084
399900
404103
405990
409385
413239
415864
424191
427725
431070
433915
440305
444698
448252
451936
454602
455511
459554
461152
464996
468460
470816
473951
477605
480411
485083
493111
502905
511651
517651
520726
524530
528124
532108
535922
540525
547453
551048
555141
558196
566842
571744
577935
581758
586830
589256
594348
597613
601627
604662
608026
610662
612889
615854
619418
622393
626227
629642
632258
636161
639097
641493
644787
647363
650698
653873
659604
661551
665824
668869
671505
673911
678214
679691
683865
685043
689546
696145
699170
702475
705909
708915
712419
715724
718669
721604
725678
728234
731139
734564
738128
741293
744068
747643
750638
753663
756658
760063
763078
765794
770047
773811
776566
779332
782896
785931
788208
791383
795256
798032
801906
804332
808295
810801
815604
819587
822403
825458
829142
832527
835721
839176
841792
845875
849579
856508
861600
864715
870326
874859
877245
882317
885781
889595
892471
895356
898291
900568
904421
907387
909873
914635
918718
921524
924499
927984
931278
935362
938177
942051
945965
949459
952055
956069
959623
961130
965883
968778
972013
975168
980010
983924
986660
990404
993808
997482
999988
1003982
1006338
1009763
1013227
1015004
1019806
1023550
1027434
1031078
1033914
1038037
1042011
1045855
1050647
1053343
1057127
1061829
1065623
1067500
1070685
1074189
1077774
1081657
1084393
1088446
1091891
1095495
1098680
1103283
1107047
1110521
1113526
1117360
1120894
1124089
1127544
1129870
1134163
1143019
1147092
1150567
1153902
1158304
1162648
1166012
1168997
1173490
1176795
1181737
1183075
1186729
1190383
1194137
1198240
