84
131
227
324
399
504
527
653
708
814
932
1022
1105
1240
1289
1335
1384
1506
1631
1698
1856
1917
2041
2102
2164
2229
2345
2401
2441
2532
2571
2732
2816
2889
3144
3193
3273
3359
3438
3478
3539
3598
3658
3808
3862
3919
3963
4137
4266
4423
4489
4642
4832
4874
4929
5137
5201
5253
5323
5423
5483
5691
5813
5863
6015
6078
6164
6202
6317
6423
6493
7152
7378
7403
7437
7583
7778
7835
7967
8002
8054
8411
8586
8643
8724
8778
8916
9039
9225
9241
9342
9386
9481
9559
9592
9695
9875
9982
10156
10228
10312
10502
10668
10832
10883
11174
11491
11563
11596
11631
11689
11983
12049
12125
12231
12271
12318
12543
12624
12663
13062
13117
13160
13331
13391
13545
13781
13909
14018
14286
14509
14780
14836
14933
15052
15229
15340
15651
15929
15959
15988
16072
16222
16277
16318
16435
16466
16592
16957
17089
17217
17297
17418
17525
17725
17774
17869
18176
18272
18414
18447
18495
18541
18644
18764
19096
19362
19615
19746
19949
20058
20169
20284
20522
20664
20976
21007
21111
21262
21375
21428
21742
21787
21865
21973
22078
22108
22174
22260
22343
22499
22602
22813
22848
22928
23114
23254
23322
23401
23489
23673
24044
24098
24139
24483
24541
24619
24705
24746
24796
24971
25092
25229
25309
25384
25732
25856
25912
26050
26147
26202
26270
26368
26492
26574
26642
26706
26906
26959
27061
27161
27226
27266
27368
27428
27538
27674
27827
27933
28244
28543
28897
28941
29053
29342
29596
29649
29970
30072
30235
30288
30363
30576
30707
30983
31127
31214
31309
31348
31480
31549
31602
31642
31801
31836
32009
32186
32248
32390
32441
32507
32603
32834
32909
33057
33137
33189
33259
33318
33495
33594
33654
34025
34142
34169
34256
34493
34747
35062
35106
35172
35396
35520
35606
35650
35815
36145
36210
36453
36516
36591
36652
36678
36740
36844
36922
37008
37228
37285
37387
37426
37510
37663
37717
37807
37860
38407
38428
38515
38559
38863
38904
39406
39923
40083
40214
40271
40305
40475
40563
40637
40818
41090
41126
41247
41328
41581
41649
41689
41845
41891
42013
42093
42347
42447
42611
42786
42962
42995
43035
43305
43397
43588
43647
43690
43784
43966
44112
44472
44766
44814
44879
44998
45144
45241
45322
45405
45518
45631
45764
46026
46098
46497
46696
46845
46961
47029
47199
47307
47377
47546
47600
47758
47895
47931
48048
48121
48134
48211
48346
48403
48500
48575
48727
48758
48898
49119
49328
49752
50230
50264
50298
50477
50528
50581
50608
50653
50658
50921
51306
51504
52887
53073
53114
53390
53424
53526
53661
53711
54001
54094
54283
54305
54359
54407
54636
54674
54719
54907
54962
54990
55563
56236
56260
56284
56365
56392
56456
56511
56636
56775
56820
57286
57402
57438
57473
57511
57619
57713
57768
57812
57877
57947
58060
58128
58283
58305
58367
58510
58566
58606
58762
58802
59052
59337
59484
59829
60055
60234
60430
60554
60594
60665
60712
60783
60997
61048
61091
61248
61292
61325
61411
61512
61619
61681
61865
61943
61982
62144
62333
62385
62456
62492
62537
62684
62836
62894
62979
63196
63250
63339
63616
63695
63742
63813
63858
64033
64236
64307
64547
64610
64628
64779
64873
64938
64982
65039
65107
65133
65190
65220
65272
65345
65439
65516
65588
65679
66003
66125
66150
66198
66265
66341
66416
66574
66732
66800
66835
66912
66959
67021
67282
67369
67455
67519
67583
67725
67779
67882
67934
68135
68182
68244
68280
68308
68404
68462
68498
68530
68567
68672
68720
68787
68843
68947
69058
69154
69183
69258
69537
69601
69715
69803
69902
69946
70003
70082
70212
70290
70337
70431
70503
70711
70751
70849
70927
71001
71034
71171
71193
71227
71440
71512
71770
71902
71993
72088
72155
72228
72270
72354
72375
72577
72618
72646
72773
72877
72947
73069
73093
73172
73231
73333
73486
73538
73655
73722
73783
73839
73930
73986
74153
74300
74503
74543
74712
74869
74969
75033
75112
75234
75292
75417
75512
75602
75645
75707
75730
75771
75840
75930
76145
76248
76353
76445
76506
76584
76748
76972
77002
77048
77117
77295
77368
77487
77519
77554
77675
77750
77989
78051
78104
78173
78266
78300
78342
78482
78577
78638
78716
78827
78890
78934
78970
79026
79258
79297
79399
79556
79647
79690
79826
79856
79943
79993
80060
80111
80230
80319
80447
80512
80568
80643
80806
80914
80943
81061
81121
81175
81258
81340
81639
81695
81815
81880
81937
81976
82139
82472
82514
82565
82951
83007
83017
83048
83071
83117
83448
83995
84831
84955
85002
85374
85406
85623
85709
86092
86436
86475
86546
86866
86937
87067
87150
87311
87374
87497
87589
87795
87935
87972
88030
88119
88237
88313
88446
88516
88687
88924
89092
89175
89235
89290
89393
89507
89695
89818
89927
90091
90134
90279
90354
90547
90658
90831
90909
90981
91009
91166
91214
91283
91377
91661
91729
91795
91996
92043
92131
92193
92271
92487
92654
92836
92925
92987
93078
93174
93320
93367
93465
93540
93651
93726
93891
93910
94112
94176
94307
94362
94401
94462
94573
94729
94774
94816
94881
95118
95215
95288
95329
95393
95486
95555
95650
95791
95853
95924
96156
96209
96265
96545
96701
96741
96795
96848
96922
96967
97124
97177
97244
97285
97325
97379
97420
97489
97627
97684
97789
97834
97981
98044
98085
98543
98594
98653
98778
98925
98979
99021
99182
99225
99271
99322
99383
99464
99553
99622
99724
99764
99835
99882
99948
99980
100118
100159
100258
100330
100483
100519
100577
100602
100747
101032
101211
101277
101588
101668
101873
101921
102035
102201
102286
102488
102542
102586
102623
102664
102780
102853
102912
102970
103009
103066
103109
103212
103302
103371
103581
103645
103766
103880
104121
104167
104334
104392
104490
104572
104613
104747
104861
104982
105033
105107
105180
105231
105295
105417
105491
105570
105685
105772
105858
105906
106067
106133
106373
106472
106536
106638
106720
106778
106877
106942
107012
107067
107232
107304
107392
107530
107572
107690
107759
107801
107912
107997
108026
108180
108249
108321
108478
108529
108620
108636
108690
108774
108850
109016
109134
109161
109194
109262
109426
109504
109564
109621
109671
109721
109754
109867
110049
110147
110235
110236
110429
110487
110569
110622
110661
110732
110802
110876
110979
111178
111197
111238
111289
111344
111400
111448
111532
111611
111720
111915
111959
111994
112092
112136
112176
112284
112388
112449
112492
112662
112878
112998
113074
113116
113254
113404
113477
113515
113573
113647
113703
113758
113820
113872
113919
113976
114021
114056
114135
114177
114216
114251
114304
114359
114397
114459
114494
114559
114826
114989
115056
115107
115168
115227
115270
115331
115355
115411
115620
115694
115763
115815
115977
116015
116138
116182
116321
116357
116422
116516
116652
116754
117142
117377
117552
117681
117845
117882
118046
118081
118120
118149
118187
118264
118338
118401
118485
118522
118608
118843
118898
118957
119020
119154
119201
119284
119330
119356
119435
119499
119564
119726
119896
119926
119949
119979
120045
120081
120155
120209
120248
120357
120413
120603
120651
120816
120872
120984
121126
121301
121347
121392
121681
121712
121748
121800
121867
121904
121958
122031
122110
122160
122299
122359
122410
122501
122675
122742
122794
123043
123121
123203
123325
123389
123516
123567
123598
123730
123783
123836
123864
123894
123951
124005
124056
124101
124156
124239
124323
124380
124547
124608
124659
124712
124777
124867
124929
125025
125067
125173
125218
125249
125356
125448
125593
125692
125723
125823
125870
126030
126073
126210
126260
126330
126436
126492
126554
126617
126748
126802
126836
126900
127000
127103
127167
127250
127332
127374
127422
127468
127528
127576
127699
127762
127832
127886
127959
128030
128087
128218
128287
128343
128390
128430
128496
128548
128656
128727
128781
128875
128985
129062
129097
129150
129188
129248
129439
129476
129513
129579
129657
129770
129830
129900
129995
130036
130131
130224
130348
130403
130478
130512
130712
130773
130794
130832
130845
130918
130948
131253
131484
131564
131703
131753
131870
131934
131978
132018
132104
132157
132185
132231
132340
132424
132576
132648
132852
132895
132940
133017
133053
133139
133193
133266
133425
133456
133509
133600
133667
133732
133774
133861
133927
133981
134072
134155
134224
134280
134362
134476
134628
134726
134758
134866
134940
134978
135220
135287
135353
135460
135565
135671
135707
135850
136126
136169
136230
136288
136352
136442
136540
136632
136759
136929
137045
137159
137295
137378
137419
137492
137602
137659
137714
137747
137862
137906
137981
138097
138228
138306
138440
138590
138777
138922
139135
139184
139369
139447
139545
139649
139881
139927
139997
140077
140226
140434
140550
140590
140625
140707
140750
140811
140881
140920
140968
141060
141102
141158
141206
141262
141360
141424
141486
141593
141647
141711
141744
141799
141870
141957
142015
142194
142237
142439
142563
142605
142697
142758
142907
142970
143006
143060
143106
143183
143226
143268
143337
143387
143453
143555
143635
143725
143793
143919
143989
144189
144244
144284
144330
144373
144487
144546
144609
144752
144811
144899
144987
145051
145188
145319
145431
145545
145793
145923
146007
146100
146274
146337
146396
146445
146513
146622
146659
146723
146770
146876
146921
146965
147002
147191
147345
147552
147573
147640
147802
147908
147984
148024
148093
148180
148215
148255
148327
148417
148498
148534
148648
148695
148747
148785
148880
148967
149005
149082
149164
149207
149343
149358
149481
149615
149694
149741
149825
149981
150035
150121
150185
150214
150336
150447
150569
150635
150701
150792
150820
150879
150947
151047
151093
151150
151199
151298
151408
151470
151550
151659
151692
151757
151939
152045
152105
152327
152367
152473
152552
152595
152638
152711
152787
152827
152985
153160
153214
153292
153383
153489
153587
153749
153811
154014
154067
154140
154257
154296
154458
154503
154536
154604
154695
154745
154795
154872
154904
154973
155038
155053
155079
155144
155396
155810
155899
155971
156138
156470
156559
156645
156707
156797
156838
156875
156927
156964
156995
157026
157074
157143
157181
157226
157320
157355
157395
157448
157515
157577
157636
157809
158012
158071
158120
158165
158199
158253
158347
158396
158455
158499
158605
158661
158705
158737
158777
158865
158935
158987
159168
159396
159489
159561
159635
159731
159783
159895
159928
160010
160131
160209
160350
160395
160454
160506
160648
160736
160795
160869
160963
161009
161103
161142
161210
161293
161375
161424
161511
161722
161752
161915
161930
162020
162084
162216
162272
162339
162467
162535
162632
162668
162759
162838
162882
162961
163100
163208
163257
163301
163373
163453
163669
163735
163789
163825
163928
164019
164060
164128
164205
164374
164455
164561
164674
164717
164784
164835
164918
164972
165106
165168
165217
165293
165347
165550
165612
165653
165746
165777
165836
165861
165898
166062
166118
166153
166256
166408
166457
166539
166620
166708
166813
166877
166980
167079
167147
167225
167294
167334
167526
167581
167647
167775
167838
167894
167957
168060
168114
168218
168390
168421
168574
168703
168801
168870
168913
169000
169046
169127
169176
169227
169317
169374
169432
169497
169554
169732
169788
169821
169932
169998
170044
170077
170205
170267
170367
170468
170504
170603
170650
170678
170744
170799
170897
170954
171062
171136
171249
171336
171362
171406
171489
171532
171601
171695
171786
171830
171841
171934
171969
172107
172711
172977
173076
173122
173178
173238
173343
173419
173471
173554
173591
173634
173691
173720
173932
173999
174050
174165
174267
174442
174591
174657
174905
174962
175019
175082
175113
175258
175305
175395
175456
175499
175541
175614
175705
175753
175817
175889
175954
176066
176185
176286
176331
176408
176452
176508
176657
176731
176786
176819
176875
176966
177032
177060
177182
177220
177272
177388
177443
177535
177647
177748
177858
177906
177945
177996
178060
178188
178231
178356
178444
178542
178601
178658
178698
178808
178857
178926
178985
179040
179117
179154
179197
179240
179261
179342
179368
179401
179468
179523
179571
179653
179733
179763
179830
179868
179967
180050
180139
180246
180307
180410
180532
180593
180715
180855
180929
181036
181174
181205
181252
181331
181416
181472
181521
181689
181796
181881
182014
182083
182100
182226
182260
182397
182447
182488
182535
182593
182635
182680
182780
182842
182971
183153
183191
183352
183629
183677
183739
183803
183860
183921
183962
184034
184087
184158
184224
184266
184319
184450
184515
184658
184732
184874
184926
185055
185115
185179
185229
185295
185395
185434
185517
185582
185613
185639
185740
185807
185889
185931
185965
186176
186214
186322
186364
186503
186625
186669
186710
186744
186785
186895
187251
187539
187919
187967
188013
188082
188126
188193
188244
188333
188358
188408
188617
188662
188714
188762
188848
189019
189074
189126
189172
189215
189299
189342
189377
189421
189479
189537
189610
189678
189834
189874
189920
189986
190079
190239
190375
190407
190521
190586
190690
190748
190788
190848
190891
190927
191057
191276
191297
191381
191625
191790
191854
191973
192056
192133
192186
192474
192563
192650
192827
192906
193019
193212
193322
193412
193448
193571
193692
193724
193885
193914
193978
194012
194057
194174
194240
194307
194413
194473
194621
194699
194750
194836
194965
195036
195125
195256
195405
195453
195560
195650
195706
195828
195878
196026
196131
196166
196256
196299
196343
196372
196406
196465
196556
196622
196666
196738
196813
196878
196976
197035
197153
197195
197284
197361
197400
197477
197544
197598
197734
197763
197822
197886
198013
198101
198378
198431
198473
198530
198666
198711
198776
198847
198905
198967
199009
199117
199167
199227
199287
199358
199572
199791
199896
200024
200065
200207
200309
200424
200458
200508
200594
200632
200728
200781
200853
200953
201140
201184
201329
201405
201430
201473
201578
201696
201799
201947
201988
202132
202348
202406
202579
202650
202758
202806
202881
202947
203163
203245
203389
203488
203520
203582
203675
203775
203974
204038
204165
204213
204290
204379
204422
204491
204608
204652
204842
204900
205002
205152
205187
205227
205294
205436
205628
205677
205750
205946
205985
206025
206074
206119
206345
206537
206571
206657
206760
206808
206868
206909
206964
207051
207178
207236
207296
207366
207452
207521
207610
207642
207714
207788
207871
207893
207946
208112
208182
208218
208338
208406
208761
208871
209069
209113
209286
209340
209488
209521
209760
209916
209958
210049
210133
210211
210332
210420
210489
210555
210611
210865
211044
211161
211265
211324
211430
211503
211564
211700
211785
211886
211939
212022
212099
212173
212247
212306
212441
212546
212657
212760
212838
212954
213016
213107
213209
213279
213355
213439
213499
213601
213649
213694
213846
213943
213994
214142
214186
214260
214581
214687
214730
214843
214928
215063
215267
215362
215419
215465
215600
215651
215719
215854
215896
216026
216079
216180
216297
216384
216497
216563
216658
216847
216925
217073
217183
217223
217419
217606
217668
217817
217909
218165
218200
218253
218346
218436
218494
218528
218596
218638
218861
218943
218984
219019
219081
219223
219323
219359
219616
220105
220225
220334
220450
220616
220702
220766
220900
221021
221079
221160
221216
221329
221474
221506
221584
221738
221801
221869
221934
221978
222076
222120
222166
222336
222478
222518
222629
222811
222851
222916
222996
223138
223247
223309
223362
223404
223541
223609
223712
223766
223853
223902
224022
224143
224217
224260
224301
224346
224395
224419
224507
224609
224744
224875
225018
225061
225179
225218
225270
225323
225379
225429
225491
225602
225966
225999
226136
226201
226324
226543
226734
226946
227017
227103
227147
227201
227300
227330
227361
227557
227589
227658
227794
227926
227970
228095
228146
228265
228301
228421
228490
228538
228604
228725
228888
229079
229177
229232
229297
229364
229408
229474
229504
229525
229647
229877
229921
229972
230133
230197
230238
230299
230406
230522
230579
230683
230948
231047
231106
231274
231363
231400
231462
231642
231761
231788
231937
232019
232288
232421
232532
232624
232675
232731
232791
232831
232895
232943
233020
233118
233303
233350
233408
233494
233588
233685
233715
233801
233877
234038
234151
234218
234299
234474
234563
234646
234709
234859
234935
235052
235092
235318
235357
235489
235536
235620
235759
235837
235900
235974
236032
236084
236124
236187
236344
236442
236496
236532
236581
236624
236648
236735
236878
237036
237096
237234
237346
237402
237456
237526
237595
237658
237785
237887
237934
238001
238048
238131
238298
238413
238572
238618
238685
238721
238804
238858
239137
239198
239325
239345
239413
239507
239706
239762
239835
239955
240075
240112
240237
240385
240509
240556
240616
240696
240802
240847
240964
241067
241171
241252
241411
241478
241576
241670
241745
241841
242023
242110
242176
242226
242303
242391
242420
242498
242623
242768
242808
242882
242911
243109
243150
243237
243426
243501
243738
243796
243823
243961
244074
244118
244178
244317
244442
244521
244625
244731
244766
244870
245023
245055
245111
245203
245254
245379
245534
245650
245805
245857
246071
246183
246250
246323
246449
246603
246648
246728
246949
246974
247068
247109
247167
247244
247329
247401
247520
247581
247689
247765
247813
247848
247860
248063
248566
248614
248781
249046
249320
249375
249412
249503
249672
249711
249751
249816
249853
250078
250209
250275
250370
250445
250503
250582
250642
250694
250761
250801
251055
251129
251163
251239
251274
251343
251411
251553
251607
251781
251846
251948
252077
252136
252256
252342
252485
252565
252793
252861
252940
253294
253374
253413
253460
253541
253833
253991
254028
254180
254262
254355
254924
255045
255252
255453
255546
255674
255789
255984
256045
256089
256206
256299
256354
256544
256776
256822
256878
256959
257002
257162
257327
257491
257616
257710
257806
258348
258451
258699
258933
259193
259280
259379
259636
259706
259757
259863
259978
260364
260481
260657
260778
260842
260898
261046
261327
261497
261678
261738
261870
261986
262098
262298
262359
262427
262524
262642
262767
262815
262880
262982
263084
263139
263293
263366
263426
263503
263615
263704
263860
263896
263941
264035
264085
264185
264297
264339
264418
264610
264656
264773
264853
264914
264980
265052
265150
265214
265304
265373
265434
265491
266234
266283
266374
266578
266697
266756
266813
266865
266936
267035
267140
267262
267330
267396
267447
267508
267597
267643
267704
267940
268018
268114
268172
268220
268312
268454
268475
268536
268605
268684
268966
269166
269238
269305
269391
269669
269730
269873
269910
270029
270116
270182
270238
270334
270459
270500
270591
270695
270783
270808
270852
270932
271043
271248
271342
271470
271566
271682
271730
271786
271952
272070
272209
272318
272488
272564
272638
272738
272837
272985
273158
273273
273425
273490
273599
273636
273742
273800
273874
273924
273970
274036
274109
274206
274253
274302
274402
274730
274838
274907
275019
275064
275090
275141
275200
275257
275342
275517
275552
275670
275772
275981
276214
276283
276430
276540
276711
276809
276838
276879
276979
277034
277252
277370
277515
277641
277818
277893
277933
277992
278084
278203
278242
278298
278373
278490
278660
278738
278868
278885
278961
279054
279210
279421
280207
280271
280440
280533
280579
280635
280692
280735
280889
280951
280996
281217
281253
281327
281470
281531
281606
281739
281801
281880
281924
282088
282129
282198
282367
282437
282498
282578
282626
283012
283075
283114
283172
283254
283394
283554
283734
283869
283907
283985
284023
284082
284165
284277
284361
284420
284509
284575
284595
284748
284899
284952
284988
285049
285139
285301
285497
285619
285804
285873
285943
286009
286175
286242
286271
286324
286395
286447
286634
286675
286784
286942
286999
287032
287080
287251
287304
287330
287377
287489
287537
287584
287708
287750
287846
287890
288024
288139
288244
288323
288401
288601
288688
288744
288848
288887
288923
289034
289109
289197
289332
289398
289470
289591
289657
289730
289785
289865
290029
290149
290187
290323
290417
290474
290567
290608
290667
290961
291076
291111
291185
291265
291299
291373
291530
291588
291686
291731
291829
291898
291994
292085
292117
292190
292296
292511
292551
292676
292707
292749
292805
293001
293070
293120
293248
293330
293393
293437
293545
293575
293729
293820
293935
294005
294049
294089
294142
294254
294314
294365
294450
294511
294558
294698
294919
294961
295068
295195
295456
295522
295569
295650
295693
295764
295847
295983
296017
296100
296221
296279
296397
296449
296549
296595
296666
296744
296822
296865
297028
297143
297311
297369
297628
297688
297800
297852
298261
298322
298473
298547
298587
298658
298738
298843
298884
298949
299043
299097
299171
299197
299247
299295
299408
299692
299825
299879
300020
300082
300134
300251
300292
300339
300498
300576
300697
300759
300871
300909
300940
300986
301161
301256
301343
301395
301540
301579
301580
301784
301826
301921
302037
302072
302132
302255
302296
302349
302403
302530
302661
302704
302940
303072
303172
303219
303293
303354
303434
303512
303603
303607
303790
303868
303920
304025
304141
304220
304295
304342
304424
304480
304528
304580
304632
304686
304721
304795
304856
304908
305024
305097
305181
305251
305332
305414
305463
305539
305654
305688
305731
305804
305872
305917
306068
306213
306343
306469
306514
306576
306596
306638
306736
306785
306824
306858
306931
306989
307044
307202
307242
307316
307398
307446
307484
307530
307666
307731
307895
308042
308104
308225
308263
308336
308392
308494
308564
308673
308788
308866
308959
309029
309134
309312
309360
309420
309466
309615
309655
309714
309805
309959
310031
310083
310154
310218
310366
310411
310469
310617
310677
310785
310813
310869
310904
311014
311244
311309
311365
311437
311487
311609
311679
311760
311838
311938
311984
312091
312160
312219
312293
312343
312395
312483
312530
312636
312747
312855
312930
313018
313063
313118
313217
313479
313642
313706
313776
313896
313916
313955
314051
314063
314244
314292
314365
314414
314538
314609
314644
315006
315076
315241
315300
315390
315447
315503
315641
315739
315991
316151
316213
316379
316500
316585
316685
316715
316746
316773
316807
316840
316901
316990
317040
317129
317258
317302
317375
317445
317534
317786
317827
317852
317990
318048
318077
318119
318169
318386
318640
319054
319144
319191
319253
319347
319383
319450
319544
319579
319670
319706
319754
319824
320036
320137
320202
320267
320309
320358
320415
320531
320569
320712
320801
320841
320905
321060
321113
321157
321233
321279
321322
321382
321436
321478
321538
321592
321766
321819
321916
321977
322120
322194
322303
322354
322430
322480
322552
322636
322763
322874
322917
322974
323078
323115
323182
323245
323314
323390
323424
323513
323597
323695
323827
323874
324014
324056
324115
324220
324275
324360
324409
324478
324590
324735
324854
324943
325016
325059
325110
325200
325264
325390
325511
325584
325774
325803
325947
325987
326110
326246
326286
326345
326372
326479
326517
326603
326661
326897
327023
327071
327149
327253
327267
327312
327420
327497
327716
327764
327818
328123
328227
328323
328383
328452
328486
328536
328747
328803
328912
328991
329035
329188
329223
329307
329347
329433
329473
329508
329589
329656
329755
329895
329970
330136
330300
330351
330429
330474
330585
330626
330879
330948
331243
331334
331453
331517
331610
331810
332012
332096
332147
332241
332297
332376
332458
332544
332648
332714
332752
332816
332985
333107
333193
333236
333365
333424
333495
333552
333630
333841
334012
334071
334108
334161
334210
334389
334427
334508
334550
334639
334683
334721
334763
334785
334853
335503
335613
335791
335818
335886
335934
335976
336049
336226
336297
336382
336416
336487
336532
336570
336613
336672
336822
336998
337071
337101
337165
337203
337287
337335
337368
337424
337477
337561
337601
337638
337719
337792
337920
337995
338090
338151
338245
338341
338403
338489
338540
338618
338740
338793
338834
338903
338941
339005
339239
339299
339496
339549
339600
339665
339929
340006
340074
340118
340138
340187
340263
340315
340484
340649
340677
340754
340908
340962
341030
341117
341436
341479
341523
341569
341632
341772
341811
341892
342027
342096
342144
342342
342409
342486
342592
342690
342713
343025
343068
343162
343192
343350
343404
343502
343590
343674
343720
343807
343918
344016
344116
344399
344511
344557
344644
344690
344794
345107
345187
345308
345397
345507
345575
345617
345651
345705
345798
345899
345962
346024
346099
346160
346189
346256
346346
346768
346918
347014
347108
347187
347325
347375
347539
347685
347800
347841
347924
348046
348070
348103
348214
348284
348327
348400
348556
348598
348682
348729
348812
348861
348915
349045
349186
349352
349644
349765
349851
349911
349952
350149
350214
350409
350538
350618
350668
350705
350745
350775
350915
351048
351091
351143
351172
351207
351267
351361
351432
351522
351596
351660
351756
351822
351913
352002
352053
352243
352317
352427
352499
352746
352993
353183
353344
353406
353443
353488
353552
353585
353629
353710
353826
353928
353971
354049
354118
354247
354328
354383
354499
354703
354944
354981
355060
355136
355175
355234
355262
355343
355392
355455
355493
355573
355622
355682
355713
355838
355931
355979
356027
356085
356172
356222
356329
356468
356520
356551
356633
356657
356689
356853
356951
357003
357119
357290
357468
357550
357606
357687
357783
357828
357868
357936
358156
358205
358301
358401
358550
358594
358701
358739
358836
359000
359228
359351
359465
359506
359678
359751
360046
360120
360211
360499
360555
360652
360768
360863
360950
361035
361347
361466
361520
361556
361728
361807
361886
361919
362080
362116
362159
362268
362325
362384
362602
362892
363030
363086
363262
363391
363482
363575
363748
363788
364010
364090
364146
364238
364287
364364
364481
364627
364723
364820
364874
364906
364945
365011
365076
365164
365241
365298
365362
365558
365591
365718
365771
365987
366050
366111
366148
366358
366406
366465
366537
366569
366626
366673
366737
366785
366816
366868
366921
366989
367109
367243
367474
367576
367666
367722
367804
367872
367979
368327
368462
368661
368734
368819
368934
369004
369119
369202
369228
369274
369329
369369
369411
369478
369553
369598
369692
369746
369805
369857
369931
370030
370062
370127
370203
370552
370599
370762
370827
370906
370952
371035
371122
371185
371269
371341
371389
371471
371525
371646
371690
371725
371789
371842
371920
371979
372052
372152
372251
372337
372510
372680
373024
373087
373271
373309
373612
373661
373874
373916
374124
374188
374285
374476
374526
374613
374702
374829
374933
375012
375077
375189
375288
375331
375454
375542
375684
375729
375788
375841
375952
376002
376113
376150
376276
376333
376527
376670
376697
376876
377118
377178
377290
377343
377451
377490
377550
377617
377737
377864
377932
378039
378106
378152
378231
378297
378400
378512
378565
378767
378822
378884
378992
379120
379276
379313
379362
379447
379536
379616
379679
379786
379851
380022
380092
380135
380188
380364
380409
380571
380614
380740
380843
380908
380972
381088
381147
381318
381387
381435
381547
381631
381789
381844
381879
381978
382003
382325
382867
382917
383289
383296
383351
383420
383438
383489
383500
383605
383620
383685
383802
383821
383845
384641
384671
385051
385224
385259
385276
385802
385822
385827
385832
385854
385879
385928
385940
385955
385979
386000
386014
386042
386076
386161
386692
387143
387224
387489
387597
387656
387703
388035
388095
388193
388253
388374
388521
388627
388682
388786
389067
389213
389656
389703
389827
389855
390275
390486
390520
390578
390622
390693
390735
390822
390927
391015
391926
392044
392172
392353
392407
392548
392615
392708
392887
392992
393018
393108
393185
393229
393293
393390
393516
393594
393776
393867
394136
394156
394336
394410
394504
394840
395305
395426
395506
395682
395765
395820
395865
395962
396015
396088
396169
396251
396300
396356
396420
396479
396532
396618
396685
396763
396805
396854
396902
397012
397093
397172
397299
397520
397569
397590
397699
397932
398232
398344
398445
398477
398590
398650
398712
398798
398832
398914
398992
399034
399484
399549
399722
399789
399848
400051
400095
400244
400294
400396
400524
400584
400698
400772
400956
401078
401151
401414
401591
401649
401703
401747
401852
401927
402161
402224
402280
402349
402396
402682
402794
403242
403306
403353
403494
403868
403944
404131
404207
404342
404407
404552
404706
404763
404844
404915
405071
405137
405226
405289
405356
405578
405789
405905
406027
406088
406259
406401
406598
406664
406852
407054
407095
407129
407176
407222
407353
407462
407491
407575
407630
407677
407824
407885
407928
407999
408078
408149
408230
408285
408352
408440
408488
408541
408641
408711
408778
409127
409161
409317
409378
409507
409700
409788
409818
409957
410067
410108
410141
410224
410304
410341
410379
410424
410516
410555
410706
410814
410956
411007
411065
411112
411155
411215
411288
411381
411433
411504
411552
411621
411689
411740
411848
411892
412076
412139
412193
412357
412400
412572
412599
412953
412984
413088
413118
413240
413344
413443
413513
413579
413622
413709
413801
413818
413861
413918
413954
414016
414112
414239
414314
414611
414771
414819
415073
415655
415838
415961
415974
416156
416261
416351
416393
416443
416509
416602
416714
416905
417137
417183
417272
417373
417526
417536
417604
417720
417768
417840
418369
418420
418531
418635
418656
418713
418739
418763
419001
419241
419319
419347
419489
419508
419653
419922
419931
420006
420027
420101
420119
420142
420154
420187
420198
420239
420251
420260
420283
420299
420305
420329
420353
420358
420390
420481
421054
421075
421099
421128
421151
421177
421359
421384
421542
421697
421753
421798
421946
421964
422068
422173
422206
422264
422304
422352
422372
422388
422391
422409
422582
422641
422673
422696
422731
422774
423009
423155
423313
423359
423423
423475
423618
424006
424101
424196
424223
424334
424617
424732
424940
425043
425073
425154
425187
425222
425396
425482
425649
425733
425781
425884
425955
426084
426320
426433
426503
426545
426633
426693
426745
426979
427215
427261
427294
427318
427560
427597
427691
427944
427993
428120
428436
428461
428505
428548
428711
428871
429134
429186
429295
429327
429406
429431
429470
429492
429525
429555
429587
429629
429699
429718
429759
429973
430080
430134
430177
430207
430272
430296
430332
430364
430393
430483
430519
430587
430690
430810
430857
430879
430968
431069
431115
431175
431208
431311
431379
431410
431436
431465
431509
431544
431579
431704
431800
431815
431841
431882
432100
432260
432707
433223
434935
435056
435220
435355
435394
435653
435746
435818
435934
436044
438057
438139
438193
438421
438958
438994
439020
439172
439183
439303
439364
439822
439827
439837
439877
439967
440009
440023
440055
440068
440069
440124
440240
440265
440298
440302
440309
440316
440368
440453
440456
440563
441184
442356
442387
442458
442784
442836
443148
443192
443261
443371
443422
443463
443626
443826
443866
444064
444165
444188
444232
444320
444351
444385
444484
444518
444737
444910
445048
445086
445874
446299
446373
446414
446576
446612
446760
446810
446948
447110
447253
447697
447745
447790
447810
448144
448312
449002
449047
449344
450485
450584
450695
450725
450980
451107
451175
451241
451289
451454
451589
451847
451883
452211
452372
452430
452487
453269
453591
453743
454248
454528
454899
454963
455333
455556
455633
455727
456514
456610
456891
457299
457425
457592
457643
457701
457939
457968
458078
458122
458177
458568
458610
458832
458984
459197
459344
459456
459561
459746
459960
460101
460314
460385
460441
460553
460760
460921
461007
461064
461338
461454
461585
461855
462663
462755
462993
463061
463116
463452
463543
463712
463752
463913
463986
464070
464134
464189
464268
464338
464549
464654
464913
465483
465509
465589
465678
466211
466366
466410
466506
466603
466774
466812
466844
466919
466981
467049
467098
467142
467313
467501
467666
467789
468213
468285
468573
468654
468749
468807
468896
468958
469070
469114
469384
469409
469563
469664
469707
469810
470015
470116
470220
470349
470478
470613
470712
470811
470841
471001
471284
471392
471430
471600
471941
472371
472398
472514
472647
472714
472747
472809
472908
472999
473402
473531
473580
473653
473694
473789
473826
473969
474015
474267
474605
474824
475004
475098
475244
475276
475393
475446
475542
475899
475979
476005
476131
476242
476281
476505
476585
476687
476762
477088
477128
477211
477302
477476
477560
477590
477665
477723
477757
477873
477972
478148
478457
478501
478530
478583
478622
478733
478833
478883
478940
479185
479373
479847
479885
480153
480317
480389
480541
480570
480626
480829
480883
481022
481059
481231
481264
481477
481524
481683
482108
482278
482332
482493
482558
482614
482653
482810
482899
483025
483050
483095
483168
483232
483275
483441
483483
483546
483810
483882
483924
484034
484119
484148
484412
484488
484691
484774
484805
484881
484935
485139
485217
485318
485359
485463
485615
485671
485800
485832
485858
485921
485964
486227
486401
486811
486891
486927
487149
487391
487429
487486
487531
487603
487845
487927
487983
488135
488186
488348
488392
488443
488592
488653
488761
488971
489065
489339
489372
489611
489748
489847
490051
490123
490150
490230
490294
490349
490496
490664
490766
490792
490872
490934
491022
491091
491148
491282
491344
491444
491486
491603
491755
491787
491811
491968
492019
492054
492204
492257
492320
492428
492469
492542
492598
492646
492751
492799
492888
493010
493057
493164
493323
493389
493490
493607
493700
493784
493838
493912
493960
494216
494379
494418
494480
494521
494607
494858
495053
495345
495509
495599
495625
495714
495783
495849
495905
495933
496114
496245
496290
496389
496445
496503
496603
496637
496708
496745
496849
497026
497170
497237
497267
497324
497443
497589
497639
497862
497895
498065
498137
498243
498542
498600
498674
498708
498799
498861
499092
499222
499307
499411
499482
499523
499684
499774
499882
499909
499971
500024
500101
500251
500462
500505
500559
500623
500687
500878
500927
501115
501166
501237
501316
501361
501437
501653
501755
501870
501961
502020
502087
502168
502209
502250
502317
502635
502704
502750
502912
503150
503244
503302
503366
503429
503507
503711
503754
503826
504019
504062
504107
504173
504350
504378
504538
504582
504697
504719
504790
504867
504947
505150
505242
505398
505434
505952
506059
506110
506372
506406
506520
506559
506681
506752
506915
507058
507208
507446
507500
507599
507693
507721
507783
507837
507921
508032
508148
508233
508274
508321
508389
508498
508542
508582
508644
508767
508843
508932
508978
509108
509118
509131
509228
509278
509518
509633
509693
509723
509779
509887
510055
510127
510205
510239
510383
510429
510589
510659
510733
510859
510892
510968
510990
511019
511104
511225
511240
511283
511317
511376
511419
511715
511800
511897
511967
512175
512336
512355
512628
512712
512923
513201
513413
513806
513859
513965
513994
514027
514098
514268
514306
514416
514475
514625
514727
514951
515169
515308
515395
515479
515543
515715
515946
516007
516219
516316
516559
516623
516680
516708
516760
517030
517282
517344
517453
517553
517674
517745
517968
518020
518135
518327
518457
518492
518558
518598
518608
518789
518923
518957
519025
519091
519154
519212
519288
519364
519462
519512
519798
519855
520018
520055
520160
520218
520319
520393
520620
520699
520746
520794
520822
520874
521064
521135
521249
521294
521360
521406
521465
521574
521694
521893
521956
522123
522297
522339
522385
522439
522484
522551
522647
522829
523015
523123
523228
523381
523428
523500
523557
523652
523718
524020
524099
524130
524196
524231
524342
524412
524564
524609
524806
524840
524894
524940
525056
525163
525192
525261
525393
525563
525622
525781
525825
525902
525950
525987
526016
526109
526240
526280
526411
526738
526847
526917
527003
527073
527264
527449
527678
527737
527913
527950
528009
528057
528121
528310
528474
528594
528648
528772
528830
528905
528963
529030
529110
529150
529266
529331
529381
529433
529470
529555
529621
529654
529706
529773
529851
530075
530122
530226
530380
530447
530581
530643
530867
530934
531021
531078
531103
531384
531446
531502
531565
531607
531642
531682
531800
531835
531864
531902
532003
532076
532153
532192
532254
532430
532477
532537
532608
532699
532909
533042
533088
533119
533246
533286
533614
533810
533844
533891
534242
534684
534803
534851
535402
535579
535748
536169
537154
537204
537528
537685
537830
538048
538460
538587
538663
538813
538985
539201
539304
539306
539328
539453
539481
539586
539960
540069
540189
540262
540461
540533
541046
541109
541212
541233
541338
541377
541484
542013
542054
542106
542156
542188
542293
542482
542711
542747
542798
542848
542999
543190
543239
543292
543341
543476
543671
543738
543776
543837
543898
543965
544023
544202
544305
544459
544632
544828
545103
545138
545190
545266
545498
545618
545827
545873
546193
546269
546411
546473
546634
546900
547589
547646
547980
548093
548115
548267
548305
548332
548384
548711
548784
548905
548958
549041
549228
549256
549300
549327
549425
549486
549618
549749
549894
549972
550048
550121
550393
550436
550478
550571
550596
550633
550672
550706
550767
550857
550882
551056
551145
551210
551328
551364
551424
551585
551626
551676
551772
551885
552058
552151
552354
552505
552676
552899
552990
553075
553198
553228
553324
553357
553422
553492
553546
553596
553667
553834
553920
554049
554461
554569
554626
554878
554971
555037
555095
555295
555388
555501
555635
555682
555718
555836
555958
556026
556357
556426
556511
556613
556650
556719
556757
556909
557143
557237
557381
557522
557545
557629
557807
557878
558043
558125
558346
558495
558606
558839
558912
558998
559053
559086
559164
559277
559377
559491
559620
559808
559904
560039
560096
560175
560207
560267
560398
560463
560673
560724
560785
560832
560917
561106
561138
561263
561328
561397
561441
561538
562273
562972
563126
563226
563362
563581
563771
563802
563838
563894
563989
564092
564142
564206
564375
564522
564685
564747
564841
564899
565037
565110
565160
565243
565333
565414
565460
565508
565652
565692
565726
565802
565848
565990
566112
566169
566222
566544
566655
566733
566830
566913
567000
567105
567196
567478
567819
567851
567898
567965
568189
568249
568340
568425
568752
568800
569010
569072
569163
569229
569278
569326
569374
569436
569568
569584
569698
569839
569988
570047
570127
570218
570496
570531
570594
570661
570703
570745
570856
570893
570985
571016
571081
571163
571253
571495
571616
571742
571995
572263
572310
572412
572468
572527
572634
572690
572787
572865
572905
572970
573241
573433
573472
573511
573546
573646
573821
573920
574001
574048
574111
574147
574218
574325
574386
574444
574518
574742
574987
575209
575261
575326
575410
575489
575684
575790
575872
575961
576065
576142
576269
576342
576533
576557
576636
576663
576713
576799
576887
576943
576999
577060
577170
577434
577464
577526
577603
577699
577740
577799
577844
577878
577919
578075
578126
578158
578233
578279
578354
578384
578435
578475
578539
578643
578699
578744
578800
578947
579027
579053
579076
579124
580338
580504
580718
580773
580831
580856
580895
580923
581004
581357
581420
581479
581586
581634
581686
581736
581791
581819
581904
581953
582024
582199
582297
582403
582554
582572
582602
582743
582777
582860
582946
582978
583031
583121
583166
583293
583360
583384
583419
583467
583564
583617
583785
583940
584197
584300
584358
584406
584443
584479
584535
584659
584788
584863
584940
584975
584997
585098
585186
585230
585310
585357
585422
585568
585682
585710
585893
585984
586048
586145
586215
586294
586383
586531
586609
586696
586797
586852
587156
587274
587412
587443
587483
587531
587615
587710
587757
587778
587828
587922
588036
588102
588232
588429
588477
588644
588729
588867
589030
589089
589295
589355
589434
589479
589564
589647
589688
589724
589762
589852
589917
589974
590049
590104
590237
590292
590401
590423
590537
590597
590677
590776
590847
590924
591023
591078
591123
591189
591272
591346
591575
591656
591697
591773
591813
591892
592020
592100
592172
592216
592357
592608
592723
592777
592864
593059
593106
593198
593344
593408
593515
593563
593626
593675
593794
593831
593864
593897
593961
594064
594178
594227
594265
594398
594439
594491
594739
594797
594888
594937
595048
595085
595188
595250
595323
595372
595512
595605
595641
595686
595827
595908
595978
596041
596215
596258
596325
596395
596466
596487
596618
596838
596927
597199
597269
597293
597345
597470
597578
597625
597938
598220
598348
598383
598439
598596
598714
598790
598828
598891
598958
599029
599107
599307
599374
599481
599568
599671
599872
599912
599955
600062
600103
600168
600335
600361
600400
600451
600529
600602
600638
600760
600813
600891
600927
600981
601033
601079
601140
601217
601528
601570
601620
601676
601752
601811
601889
602062
602262
602313
602363
602403
602441
602745
602878
602936
602972
603013
603075
603186
603235
603320
603426
603442
603471
603591
603652
603715
603767
603831
603871
603945
604001
604168
604370
604660
604689
604724
604770
604919
604950
604989
605035
605083
605132
605306
605344
605385
605436
605486
605511
605646
605678
605716
605957
606038
606092
606142
606221
606259
606405
606432
606571
606633
606918
606960
607023
607135
607196
607292
607343
607395
607449
607700
607732
607775
608151
608201
608240
608293
608335
608386
608434
608541
608805
608936
608997
609067
609106
609136
609180
609216
609249
609270
609498
609557
609664
609757
609834
609890
610002
610054
610085
610141
610213
610328
610465
610543
610715
610816
610971
611021
611131
611225
611279
611334
611398
611541
611587
611626
611701
611808
611852
611992
612077
612182
612230
612309
612346
612403
612456
612491
612496
612693
612768
612826
612891
612962
613091
613286
613315
613382
613582
613658
613733
613824
613997
614057
614128
614416
614538
614580
614626
614670
614708
614755
614789
614824
614893
614934
615273
615328
615372
615418
615460
615507
615539
615650
615681
615866
615959
615996
616043
616112
616256
616364
616399
616473
616595
616673
616794
616843
616934
617062
617128
617227
617329
617375
617495
617524
617578
617613
617689
617879
617939
617989
618054
618106
618171
618231
618464
618657
618821
618946
619023
619085
619302
619365
619441
619575
619683
619756
619912
620000
620098
620145
620412
620463
620570
620602
620658
620707
620798
620884
620991
621057
621158
621211
621273
621330
621390
621446
621478
621532
621609
621726
621803
621838
621908
621974
622012
622209
622440
622499
622567
622607
622650
622720
622772
622857
622896
622930
622980
623026
623049
623126
623178
623214
623520
623565
623606
623642
623708
623817
623870
624022
624223
624288
624336
624429
624473
624553
624692
624990
625082
625170
625386
625424
625551
625617
625701
625755
625823
625898
626046
626312
626385
626483
626629
626857
626865
626954
627139
627692
628061
629259
629349
629492
629658
629818
629865
629955
629986
630018
630065
630492
630587
630623
630664
630872
630921
630962
631055
631101
631528
631546
631598
631744
632020
632071
632163
632206
632284
632328
632600
632698
632965
633015
633244
633516
633591
633726
633815
633895
633940
634099
634164
634198
634313
634415
634710
634769
634899
635432
635536
635699
635741
635884
635920
635985
636044
636110
636140
636174
636255
636306
636394
636426
636526
636586
636666
636722
636806
637263
637338
637394
637481
637612
637749
637988
638151
638303
638357
638541
638591
638711
638941
639432
639467
639503
639709
639752
639821
639859
640026
640064
640254
640488
640612
640820
641004
641151
641356
641439
641491
641537
641617
641786
642082
642102
642175
642232
642497
642531
642563
642667
642739
642907
642997
643084
643232
643281
643329
643472
643535
643579
643634
643751
643898
644058
644133
644175
644244
644359
644566
644677
644760
644786
644824
645040
645117
645319
645355
645451
646096
646528
646624
646666
646734
646785
646822
646886
646987
647051
647113
647171
647360
647409
647483
647513
647651
648001
648178
648259
648398
648449
648493
648546
648715
648799
648932
648969
649277
649342
649380
649423
649739
649838
650012
650042
650089
650130
650174
650296
650358
650444
650555
650773
650868
651099
651155
651262
651346
651462
651487
651568
651614
651712
651751
651821
651921
652032
652133
652265
652358
652397
652498
652600
652636
652708
652786
652848
652978
653055
653110
653234
653276
653332
653426
653496
653651
653970
654064
654140
654283
654340
654422
654479
654538
654599
654677
654753
654902
655071
655155
655265
655353
655525
655624
655713
655810
655877
655940
656028
656113
656162
656483
656734
656832
656938
657090
657125
657150
657178
657240
657339
657377
657527
657684
657778
657906
657956
657987
658099
658129
658169
658248
658379
658528
658636
658737
658800
658843
659001
659025
659088
659162
659211
659248
659339
659392
659566
659717
659775
659801
659851
659966
660044
660098
660164
660238
660433
660541
660635
660950
661011
661133
661272
661372
661460
661573
661685
661735
661780
661951
662031
662185
662230
662271
662790
662836
663052
663091
663128
663318
663374
663412
663464
663577
663822
663918
664144
664177
664335
664407
664673
664733
664949
665052
665107
665169
665252
665321
665409
665623
665685
665757
665854
665884
665935
666009
666168
666274
666324
666360
666399
666505
666632
666756
666989
667112
667252
667525
667609
667878
667902
667957
668082
668122
668195
668558
668583
668622
668676
668719
668751
668816
668871
669353
669399
669451
669579
669874
670091
670162
670214
670429
670507
670763
670799
670864
671005
671186
671270
671485
671573
671644
671902
671967
672130
672152
672207
672261
672291
672418
672462
672600
672655
672696
672726
673046
673089
673421
673542
673832
673977
674126
674315
674415
674498
674585
674664
674834
675059
675125
675280
675331
675449
675535
675577
675774
675808
675836
675887
676067
676390
676457
676502
676529
676815
677156
677273
677325
677466
677919
677960
678044
678336
678375
678420
678700
678885
678962
679057
679079
679147
679171
679234
679269
679353
679403
679531
679664
679991
680035
680088
680121
680244
680307
680378
680577
680773
680811
680920
680977
681057
681116
681225
681228
681299
681489
681601
681690
681800
682011
682052
682212
682242
682296
682442
682474
682625
682655
682715
682792
682908
682959
683003
683051
683113
683171
683287
683332
683440
683505
683567
683725
683770
683955
684014
684074
684209
684809
684832
685040
685075
685349
685560
685583
685618
685667
685714
685830
685868
685973
686051
686099
686153
686209
686298
686363
686434
686458
686495
686564
686611
686677
686779
687016
687180
687291
687327
687386
687447
687689
687736
687828
687930
688002
688084
688133
688282
688346
688409
688464
688514
688663
688708
688776
688919
688961
689055
689090
689146
689177
689236
689327
689408
689491
689557
689596
689646
689706
689740
689796
689919
690002
690186
690226
690269
690340
690379
690522
690576
690633
690719
690762
690931
690988
691021
691138
691269
691342
691391
691450
691529
691650
691698
691952
692016
692050
692323
692386
692453
692533
692555
692599
692637
692699
692765
692889
692933
693015
693089
693166
693307
693343
693403
693633
693751
693884
694053
695035
695077
695115
695171
695243
695335
695377
695545
695624
695672
695737
695778
695816
695843
695888
695922
695957
696033
696102
696140
696190
696291
696351
696542
696576
696679
696756
696889
696934
696984
697028
697083
697129
697168
697276
697306
697328
697362
697421
697482
697560
697742
697824
697868
697991
698106
698162
698297
698396
698439
698559
698621
698688
698865
698885
699063
699194
699278
699351
699484
699522
699567
699645
699743
699801
699862
699910
700263
700332
700451
700537
700603
700711
700848
700951
701209
701271
701412
701500
701589
701632
701667
701851
702028
702152
702228
702305
702335
702461
702489
702538
702597
702633
702673
702719
702805
702832
702877
702968
703027
703074
703197
703286
703405
703636
703779
703862
704007
704079
704189
704220
704272
704312
704382
704813
704885
704918
704976
705086
705185
705243
705348
705398
705551
705667
705760
705791
705847
705881
705923
706019
706060
706191
706385
706513
706563
706627
706677
706750
706824
706912
707029
707074
707151
707183
707365
707407
707498
707541
707652
707692
707738
707774
707870
707980
708088
708114
708152
708282
708351
708519
708661
708712
708794
708879
708909
709045
709162
709219
709289
709338
709392
709493
709537
709610
709715
709756
709803
710151
710879
710959
711246
711693
711748
711896
711929
712041
712077
712118
712160
712228
712278
712314
712506
712592
712733
712768
713103
713155
713385
713466
713527
713589
713690
713736
714011
714056
714089
714135
714175
714260
714306
714354
714448
714562
714650
714784
714831
714917
715116
715192
715244
715336
715390
715484
715552
715608
715686
715727
715794
715910
715936
716009
716249
716356
716506
716622
716653
716718
716824
716865
716973
717010
717048
717094
717125
717178
717229
717283
717362
717459
717604
717655
717820
717924
718076
718149
718300
718392
718537
718584
718646
718769
718845
718882
718961
719008
719071
719106
719216
719269
719403
719536
719600
719664
719748
719851
719905
720073
720138
720291
720355
720469
720545
720619
720686
720775
720805
720925
721008
721061
721106
721174
721284
721363
721461
721555
721594
721647
721700
721767
721813
721857
722011
722150
722215
722292
722386
722521
722599
722646
722697
722811
722866
722916
723088
723233
723275
723342
723435
723474
723558
723607
723703
723738
723906
723992
724116
724201
724297
724343
724392
724464
724528
724577
724690
724796
724964
725014
725211
725289
725335
725365
725491
725520
725571
725726
725885
725938
726047
726096
726162
726298
726404
726429
726477
726517
726613
726733
726778
726823
726880
726926
726993
727097
727267
727292
727373
727446
727686
727786
727844
728003
728040
728174
728279
728315
728393
728551
728596
728789
728883
728901
728953
729015
729096
729137
729200
729310
729390
729419
729456
729521
729584
729646
729740
729806
729906
730012
730039
730070
730103
730148
730252
730396
730500
730578
730767
730805
730906
730983
731222
731278
731361
731425
731522
731566
731643
731696
731723
731796
731878
731972
732025
732168
732220
732313
732357
732551
732634
732680
732702
732760
733109
733185
733348
733584
733708
733909
733973
734287
734355
734404
734434
734514
734577
734825
735033
735137
735165
735220
735303
735383
735488
735619
735647
735752
735803
735904
736040
736180
736297
736387
736401
736430
736536
736620
736779
736975
737029
737113
737309
737367
737457
737500
737616
737813
737933
737982
738028
738112
738152
738207
738289
738385
738438
738476
738524
738571
738637
738741
738783
738858
738956
739087
739161
739221
739282
739372
739432
739476
739604
739663
739753
739923
740054
740103
740274
740327
740369
740412
740468
740542
740628
740683
740728
740805
740871
741125
741163
741264
741324
741487
741527
741579
741621
741659
742239
742331
742620
742801
742863
742890
742980
743066
743108
743136
743155
743210
743250
743287
743426
743524
743813
743846
743876
743925
743981
744049
744144
744232
744307
744448
744503
744725
744782
744875
744950
744998
745055
745115
745154
745210
745253
745333
745470
745556
745734
745773
745808
745947
746146
746265
746345
746405
746640
746677
746726
746930
747042
747236
747347
747446
747580
747638
747822
747909
747999
748067
748208
748224
748296
748371
748462
748529
748617
748666
748816
748917
748938
749025
749072
749141
749343
749391
749558
749755
749791
749864
749959
750087
750136
750167
750223
750459
750529
750614
750668
750792
750872
751159
751521
751565
751916
752002
752112
752176
752356
752436
752499
752923
753842
753877
753979
754119
754175
754250
754291
754543
754620
754654
754710
754774
754815
754854
755005
755046
755264
755296
755333
755531
755592
755805
755844
755943
756063
756118
756291
756339
756452
756480
756546
756641
756803
756868
756916
756971
757024
757095
757177
757281
757617
757661
757743
757782
757871
757939
758083
758145
758222
758262
758491
758596
758933
758963
759016
759075
759154
759262
759517
759585
759727
759879
759906
760105
760152
760200
760635
760661
760720
760771
760875
761088
761142
761223
761420
761528
761568
761660
761705
761764
761989
762303
762364
762412
762486
762611
762733
762805
762895
762933
763047
763293
763340
763413
763499
763690
763834
763981
764064
764098
764181
764254
764315
764475
764517
764560
764646
764724
764765
764801
764829
764876
764920
764972
765009
765125
765324
765657
765709
765787
765823
765971
765997
766110
766356
766395
766510
766622
766769
766813
766930
766953
767028
767210
767478
767619
767667
767724
767865
767942
768102
768273
768337
768465
768626
768798
768908
769087
769110
769160
769350
769403
769603
769625
769659
769700
769988
770064
770309
770333
770392
770521
770573
770607
770636
770708
770735
770779
770839
770955
771070
771127
771196
771404
771467
771535
771707
771741
771857
771917
771992
772155
772199
772259
772362
772409
772436
772705
772746
772802
772925
772985
773095
773190
773240
773275
773454
773519
773546
773600
773813
773974
774076
774079
774277
774339
774464
774567
774787
774849
774930
775037
775107
775169
775205
775260
775390
775528
775752
775841
775876
776150
776189
776247
776286
776408
776476
776626
776714
776796
776973
777296
777457
777505
777557
777621
777795
777809
777854
777895
777959
778125
778215
778239
778260
778362
778607
778667
778723
778763
778799
778855
778895
779109
779193
779490
779528
779576
779665
779704
779737
779802
780131
780201
780230
780472
780542
780594
780659
780703
780741
780778
780869
780901
780940
781054
781111
781378
781446
781531
781714
781741
781807
781918
781988
782021
782062
782168
782197
782280
782336
782446
782490
782624
782865
782917
783786
783902
784045
784118
784167
784171
784387
784463
784507
784777
784941
785002
785056
785112
785163
785329
785379
785417
785493
785520
785598
785648
785675
785714
785940
786124
786283
786354
786557
786624
786688
786736
786768
786800
786827
786879
786927
787077
787265
787297
787331
787363
787408
787478
787700
787843
788030
788413
788488
788532
788658
788781
788837
788922
789007
789052
789127
789186
789232
789344
789390
789416
789459
789532
789634
789684
789765
789815
789871
789919
790054
790078
790154
790204
790261
790343
790408
790487
790545
790625
790710
790754
790842
790983
791157
791248
791283
791415
791489
791512
791552
791642
791677
791720
791763
791813
791889
792056
792086
792125
792193
792358
792387
792417
792525
792630
792697
792812
792862
792932
792981
793063
793161
793200
793235
793281
793339
793479
793546
793604
793715
793786
793879
793914
794033
794072
794099
794134
794195
794335
794367
794410
794605
794674
794758
794872
794926
795116
795180
795231
795278
795348
795416
795472
795535
795585
795741
795771
795879
795995
796217
796276
796349
796488
796551
796574
796647
796789
796833
796903
797058
797113
797171
797266
797291
797468
797538
797622
797655
797751
797823
797891
797980
798059
798252
798358
798447
798478
798554
798603
798711
798750
798900
799038
799281
799404
799440
799540
799613
799678
799719
799788
799810
799876
800072
800129
800191
800252
800284
800370
800395
800565
800712
800778
800816
800855
800923
800974
801006
801043
801210
801284
801408
801534
801584
801763
801960
802058
802120
802193
802252
802348
802421
802471
802593
802627
802791
802821
802902
802953
803031
803081
803153
803206
803267
803329
803388
803453
803479
803717
803831
804087
804259
804309
804351
804410
804670
804689
804738
804803
804950
804973
805234
805655
805719
806036
806331
806445
806566
806754
806847
806900
806998
807087
807138
807209
807266
807300
807337
807433
807526
807580
807668
807795
807854
807998
808036
808110
808140
808226
808357
808412
808515
808566
808889
809035
809131
809200
809441
809475
809627
809677
809817
809909
809952
810027
810193
810318
810373
810438
810487
810563
810653
810706
810924
811027
811093
811163
811405
811499
811677
811793
811856
812116
812316
812393
812523
812570
812647
812791
812852
812894
812921
812956
812996
813091
813143
813197
813239
813315
813403
813498
813566
813662
813711
813857
813925
814020
814066
814216
814288
814434
814542
814611
814768
814835
814941
815077
815148
815194
815256
815278
815312
815384
815458
815546
815578
815655
815714
815749
816094
816127
816159
816205
816265
816357
816390
816545
816739
816769
816885
817055
817222
817332
817429
817501
817568
817921
817931
818081
818110
818154
818213
818285
818443
818492
818562
818682
818739
818814
818852
818924
818998
819059
819097
819182
819245
819453
819531
819664
819696
819835
820003
820075
820117
820155
820378
820431
820634
821253
821301
821346
821437
821469
821574
821663
821759
821781
821865
822035
822075
822218
822683
822789
822827
822875
823171
823445
823471
823543
823600
823778
823844
823918
823973
824026
824091
824146
824308
824416
824456
824564
824629
824712
824750
824895
825035
825118
825151
825208
825236
825323
825373
825440
825484
825550
825591
825624
825699
825740
825773
825827
825879
825955
826004
826086
826123
826258
826305
826345
826481
826644
826697
826848
827090
827274
827295
827394
827621
827689
827747
827877
827933
828000
828041
828205
828349
828417
828453
828574
828765
828842
828948
829036
829102
829161
829244
829283
829318
829515
829561
829626
829701
829888
830173
830256
830316
830345
830424
830492
830501
830648
830706
830787
830871
831080
831131
831188
831247
831309
831355
831495
831552
831666
831705
831812
831853
831914
831999
832102
832170
832481
832559
832832
832887
832934
833004
833075
833116
833187
833251
833283
833365
833440
833473
833547
833626
833663
833703
833751
833941
833999
834085
834157
834249
834313
834376
834437
834516
834607
834682
834738
834796
834869
834976
835017
835070
835174
835258
835451
835529
835593
835650
835695
835732
835788
835874
835954
836542
836579
836630
836681
836737
836793
836948
836971
837043
837198
837273
837330
837381
837494
837646
837710
837753
837797
837872
838011
838190
838212
838285
838336
838380
838437
838469
838495
838564
838599
838639
838693
838735
838794
838903
838976
839056
839134
839233
839291
839540
839600
839726
839771
839867
839917
839992
840119
840162
840166
840320
840470
840617
840674
840772
840812
840923
840983
841025
841139
841201
841316
841344
841526
841613
841681
841745
841821
841910
841956
842033
842118
842185
842258
842322
842432
842497
842615
842677
842705
842765
842786
842887
843025
843074
843143
843221
843290
843339
843425
843450
843532
843770
843798
843826
843879
843934
843962
843991
844038
844081
844153
844184
844282
844306
844342
844377
844448
844635
844680
844777
844861
844936
844970
845050
845129
845238
845303
845396
845498
845612
845914
845952
846009
846072
846123
846270
846352
846408
846450
846481
846503
846535
846572
846597
846624
846656
846708
846893
846971
847051
847091
847124
847295
847358
847481
847712
847786
847836
847895
847942
848004
848092
848205
848241
848301
848353
848402
848542
848582
848619
848705
848785
848845
848906
848934
848998
849100
849159
849229
849279
849310
849365
849505
849564
849644
849741
849794
849952
849998
850082
850151
850223
850278
850425
850584
850614
850648
850684
850724
850754
850848
850905
850968
851067
851136
851170
851226
851408
851531
851644
851688
851864
851901
851934
852008
852161
852243
852296
852365
852434
852545
852577
852644
852684
852771
852793
852941
853119
853151
853203
853302
853343
853426
853489
853535
853623
853786
853839
854062
854147
854167
854296
854444
854507
854559
854628
854836
854897
854972
855013
855056
855102
855146
855180
855326
855389
855486
855660
855716
855899
855955
855994
856028
856131
856177
856277
856371
856501
856620
856721
856758
856886
856928
856976
857018
857080
857133
857269
857346
857471
857505
857561
857622
857666
857752
858004
858050
858104
858177
858258
858303
858363
858455
858490
858550
858609
858653
858708
858747
858867
858941
859005
859243
859292
859383
859428
859491
859535
859615
859733
859822
859870
859917
859967
860032
860128
860155
860189
860228
860316
860367
860409
860528
860597
860688
860746
860825
860918
860991
861092
861184
861249
861294
861521
861563
861655
861817
861845
861867
861913
861942
861997
862029
862055
862079
862125
862156
862187
862223
862259
862371
862468
862538
862570
862622
862669
862725
862755
862872
862906
863053
863173
863214
863324
863417
863474
863526
863626
863720
864039
864082
864119
864179
864234
864313
864383
864478
864521
864572
864646
864713
864737
864769
864812
864862
864951
864994
865313
865649
865753
865898
866007
866051
866120
866211
866346
866482
866550
866583
866662
866709
866773
866878
866930
866993
867020
867058
867089
867138
867192
867238
867271
867340
867376
867515
867554
867599
867658
867703
867799
867843
867890
867928
868015
868106
868242
868287
868404
868520
868611
868647
868727
868777
868847
868914
868954
869011
869128
869184
869220
869265
869320
869391
869446
869543
869574
869635
869684
869715
869749
869801
869851
869949
870009
870113
870311
870345
870380
870423
870501
870583
870735
870828
870965
871022
871067
871142
871248
871312
871385
871463
871530
871613
871662
871696
871731
871759
871843
871888
871939
872036
872171
872327
872494
872596
872781
872826
872874
872909
872961
873036
873149
873282
873355
873394
873433
873507
873637
873707
873759
873793
873850
873889
873945
874011
874043
874124
874148
874208
874290
874492
874584
875163
875270
875335
875418
875469
875524
875666
875721
876802
876861
877022
877258
878046
878461
878588
878656
878825
878868
878930
878985
879299
879327
879490
879978
880019
880087
880124
880222
880395
880474
880541
880659
880688
880773
880839
880868
880925
880999
881406
881435
881509
881581
881729
881828
881847
881881
881949
882060
882157
882237
882277
882339
882494
882567
882708
882905
882975
883168
883225
883432
883486
883581
883789
883810
883929
884061
884280
884310
884356
884509
884541
884578
884663
884730
884871
884949
885003
885071
885151
885408
885500
885714
885863
886032
886124
886174
886411
886598
886669
886727
886813
886994
887475
887570
887768
887877
887913
887980
888025
888095
888156
888201
888363
888426
888533
888646
888707
888771
888820
888859
888998
889251
889370
889529
889711
889775
889929
889982
890046
890109
890184
890245
890299
890318
890364
890386
890463
890557
890625
890719
890781
890809
890857
891005
891041
891239
891717
891788
891901
891950
892009
892083
892153
892223
892261
892307
892404
892511
892629
892666
892725
892850
892931
893069
893162
893267
893312
893373
893516
893692
893808
893870
893933
894186
894240
894302
894374
894522
894557
894603
894761
894886
894916
895091
895226
895295
895405
895459
895547
895623
895677
895712
895836
896052
896096
896124
896160
896245
896399
896439
896484
896540
896687
896855
896934
897129
897167
897408
897444
897505
897539
897698
897799
897906
897948
897978
898292
898358
898463
898520
898612
898641
898756
898802
898854
898883
898945
898982
899103
899146
899186
899404
899708
899805
899891
899955
900083
900165
900399
900447
900550
900604
900670
900773
900968
901020
901141
901187
901237
901312
901454
901525
901558
901578
901603
901698
901737
901775
901826
901880
901922
901961
902024
902067
902130
902215
902291
902335
902400
902500
902579
902707
902738
902786
902837
902925
902972
903014
903067
903155
903202
903251
903302
903397
903495
903548
903642
903708
903804
903872
903894
903945
904004
904129
904238
904282
904341
904390
904441
904528
904574
904638
904712
904764
904820
904873
904996
905024
905051
905101
905226
905268
905307
905339
905372
905414
905528
905580
905768
905842
905879
905962
906029
906113
906277
906315
906417
906445
906479
906520
906601
906674
906720
906840
906865
906901
907071
907166
907191
907237
907433
907488
907532
907573
907627
907692
907739
907917
908570
908594
908684
908782
908852
908924
908955
909017
909067
909138
909177
909271
909460
909502
909519
909566
909645
909712
909821
909918
909959
909983
910201
910280
910321
910414
910442
910583
910620
910664
910772
910831
910907
911026
911054
911107
911145
911202
911246
911300
911344
911397
911527
911656
911703
911846
911902
911947
912053
912173
912269
912391
912434
912535
912592
912672
912739
912811
913201
913372
913448
913505
913559
913672
913705
913738
913858
913954
914030
914119
914173
914218
914252
914310
914369
914698
914769
914855
915028
915123
915267
915350
915452
915631
915683
915738
915810
915988
916051
916127
916210
916280
916334
916419
916474
916562
916602
916642
916870
916956
917026
917057
917095
917130
917209
917276
917326
917354
917453
917512
917548
917618
917646
917711
917791
917822
917872
918030
918104
918347
918600
918844
918886
918974
919042
919082
919126
919181
919235
919279
919300
919363
919582
919800
919954
920006
920099
920124
920176
920244
920314
920398
920447
920519
920559
920695
920743
920755
920837
920963
921037
921165
