1978
4943
8417
12141
15716
20648
23583
26638
30023
33607
36932
39947
43271
46307
50470
53595
56620
63549
66434
69749
75560
78165
82349
86312
92712
96127
99242
102836
108217
111782
114108
117203
120288
123233
126268
129783
133567
136222
139667
144829
148343
150010
153235
156061
159515
162540
166015
171905
174501
177836
181340
184934
188169
190925
194239
196985
202586
206160
208946
212231
215386
218790
222245
228385
231110
234585
238379
242003
244539
247804
250859
254183
257219
260613
264227
267352
270637
273433
276867
280162
283177
286242
289397
292542
295747
299002
302406
305282
308976
311761
314786
317742
320996
323872
326198
329493
332408
335643
339067
342262
345657
347694
350998
354513
357907
361232
364327
367552
370267
373612
377216
380561
385832
387859
391194
395078
398442
401537
404582
407737
411112
414437
421256
425838
428774
432308
436262
442841
445886
449470
453594
454852
456899
460323
463378
466413
469349
472504
475589
478744
484045
486471
499171
508296
515764
518450
522264
525788
529702
533955
538268
541603
549540
551786
556229
562629
568020
574570
580321
584145
588148
591623
595456
599640
602465
606119
609075
612060
614606
617351
620337
623821
627295
630560
634404
637160
640295
642791
645566
648531
651686
657357
660362
663537
666872
669767
672862
675868
678653
681958
684364
687170
692481
698032
701037
703943
707846
710053
713567
717072
719847
723332
726856
729442
732357
735582
738996
742531
745506
749310
751846
755031
758206
761151
764705
768319
771454
774679
777984
780919
783595
786850
790005
793000
796265
800208
802924
805909
809294
812828
817870
820666
824050
827515
831099
834234
836161
840474
843709
847033
853922
857726
861790
868399
871903
875238
879551
883655
887199
890743
893848
896784
899709
902345
905200
908415
912149
917041
919377
922912
925947
929082
932496
936270
939695
943219
946863
950677
954042
957037
960152
964625
966931
970346
973221
977684
981717
985342
988117
991761
995006
998670
1001895
1004691
1007826
1011320
1014295
1016542
1021564
1025118
1028582
1031877
1035911
1039994
1044976
1048750
1051835
1055589
1059064
1063397
1066222
1069097
1072073
1075268
1079201
1082526
1086669
1089994
1093678
1096863
1101246
1105160
1108554
1111629
1115224
1118938
1121893
1125377
1128792
1131927
1135421
1145235
1149019
1152584
1156378
1160211
1163446
1167050
1170515
1174169
1179770
1182226
1184792
1188856
1192070
1196064
1198859
