334
676
1393
1863
2210
2487
2762
3078
3323
3770
5241
5677
5903
6750
8425
9053
9239
9977
10364
10792
11073
11881
12198
12889
13848
14452
14782
15094
16387
16537
16888
17287
17569
18007
19496
20843
21247
21429
22460
23680
23982
24232
24405
24963
25377
25983
26973
27229
27420
28470
28919
29362
29974
30377
30750
31551
32181
32810
33161
33436
33619
33879
34323
34572
35020
35353
35739
36026
36111
36338
36453
36913
38213
38911
39224
39456
39944
40281
40761
41251
42451
42557
42896
43457
43703
43970
44116
44316
44482
44671
44840
45134
45504
45584
45792
45834
45972
46190
46239
46322
46522
46690
46900
47003
47077
47227
47607
47804
47921
48138
48165
48311
48420
48538
48699
48866
48922
49209
49346
49540
49672
49793
49984
50158
50383
50668
50811
51015
51188
51505
51709
51783
51974
52331
52736
52870
52996
53280
53499
53628
53900
54066
54140
54243
54385
54997
55194
55330
55444
55553
55777
55897
56022
56274
56376
56470
56550
56667
56743
56783
56854
56936
57250
57336
57353
57398
57429
57582
57723
57743
57837
58275
58384
58391
58417
58435
58521
58713
58905
58979
58982
59138
59487
60062
60130
60197
60277
60284
61606
61660
61740
61793
61823
61866
61960
61977
61987
62020
62175
62183
62213
62242
62270
62302
62324
62366
62380
62470
62489
62539
62635
62638
62709
62754
62809
62865
62892
63026
63055
63100
63135
63160
63204
63379
63441
63551
63570
63717
63862
64010
64203
64331
64455
64629
65039
65145
65358
65652
65697
65828
65839
65855
65899
66072
66115
66172
66262
66507
66740
66974
67183
67461
67550
67621
67677
67888
68012
68082
68219
68951
69211
69600
69905
70408
71303
71439
71830
72260
72375
72712
72939
73045
73266
73650
74005
74303
74542
75293
75520
76232
77110
77323
77903
78928
79111
79583
80040
80304
80522
80707
80846
80975
81175
81372
81630
81928
82173
82349
82602
82854
83068
83368
83661
83934
84252
84416
84580
84854
85036
85182
85525
86301
86996
87578
87982
89499
91024
91220
91443
91748
92013
92193
92652
92930
93220
93382
93553
93624
93806
94427
94625
94749
95092
95560
95714
95817
95905
96016
96658
97192
97823
97845
98180
98460
98531
98895
99155
99304
99418
99642
99752
99864
100012
100214
100358
100449
100600
100830
101153
101375
101436
101756
101944
102083
102293
102577
102714
102828
102962
103118
103248
103467
103611
103871
103970
104326
104459
104571
104729
104887
105003
105167
105430
105767
105878
106060
106246
106571
106691
106858
107129
107702
108021
108194
108551
109255
109350
109522
109684
109890
110107
110383
110652
110862
111183
111433
111614
111723
111919
112119
112242
112434
112507
112705
112879
113049
113190
113461
113768
113982
114116
114221
114461
114697
114860
114941
115092
115624
115737
116104
116242
116353
116815
117278
117392
117720
118229
118389
118652
118785
119078
119454
119651
119984
120419
120850
121012
121224
121413
122078
122537
122816
123401
123806
123900
124204
124456
124853
125148
125473
125867
126252
126662
126838
127155
127389
127534
127747
128209
128512
129073
129278
129455
129680
129934
130574
130878
131134
131317
131910
132075
132475
132724
133098
133293
133445
133568
133608
133650
133725
133820
133852
133888
133929
134009
134324
134421
134803
134928
135120
135393
135667
135977
136119
136356
136797
137310
137420
137699
138112
139110
139461
139817
140236
140801
141168
141482
141638
141964
142454
143101
143764
144133
144606
144690
144985
145157
145451
145639
146040
146346
146817
147107
147474
148262
148435
148727
149056
149591
149723
150078
150348
150662
150814
151048
151352
151462
151470
151504
151544
151597
151728
151873
152045
152201
152363
152622
153019
153154
153438
153608
153958
154532
154712
154880
155309
155504
155649
155834
155953
156065
156149
156343
156403
156609
156685
156891
157059
157345
157583
157719
157942
158069
158198
158299
158480
158615
158697
158805
158919
159006
159359
159456
159571
159854
160367
160479
160675
160898
161029
161165
161348
161649
161778
161913
162191
162327
162557
162737
163011
163206
163389
163642
163850
164001
164043
164176
164371
164534
164810
164993
165213
165453
165624
165875
166088
166204
166554
166699
166905
167049
167149
167306
168038
168146
168279
168439
168899
169279
169372
169782
169966
170062
170232
170460
170682
170878
171050
171202
171440
171647
171871
172105
172353
172509
172635
172866
172974
173158
173281
173422
173580
173718
173876
174221
174525
174662
175005
175143
175363
175483
175657
175918
176018
176323
176765
176889
177038
177216
177333
177566
177739
178300
178461
178642
178860
178989
179171
179329
179399
179534
179537
179594
179636
180009
180032
180142
180262
180352
180457
180547
180615
180713
180925
181036
181154
181330
181553
181721
181909
182210
182266
182490
182998
183259
184002
184544
184567
184727
185137
185412
185577
185834
186207
186815
187161
187525
187802
187988
188226
188372
188866
189026
189348
189757
190447
190716
191170
191481
191656
192109
192913
193703
194119
194365
194713
195030
195301
195625
195882
195885
196023
196312
196482
196752
197014
197247
197493
197597
197833
198177
199039
199471
199820
200195
200252
200402
200562
200599
200617
200701
200810
200920
201014
201111
201239
201256
201372
201587
201772
201965
202109
202173
202337
202527
202645
202766
203026
203101
203272
203879
204286
204369
204628
204813
205546
205738
205999
206225
206390
206847
207255
207426
207890
208304
208428
208695
208834
209902
209978
210443
210542
210865
211092
211367
211532
211663
211867
211993
212247
212532
213130
213380
213620
213853
214233
214548
214744
214969
215513
215730
216003
216427
216687
217138
217402
217475
217614
217689
217888
218089
218218
218326
218504
218622
218651
218792
218848
218885
218914
218962
219061
219143
219277
219432
219710
219921
220030
220339
220637
220995
221152
221462
221663
221788
221972
222103
222431
222629
222922
223015
223191
223297
223897
224215
225125
225288
225577
226477
226701
226887
227232
227556
227883
228027
228339
228522
228722
228896
229105
229335
229555
229754
230111
230273
230551
230804
230987
231339
231551
232141
232352
232578
233434
233679
234232
234541
234915
235058
235206
235445
235521
235873
236104
236865
237047
237207
237494
237756
237894
238076
238632
238807
239090
239267
239378
239723
239906
240316
240720
240973
241078
241203
241407
241778
242145
242468
242906
243238
243429
243534
243707
243820
244120
244335
244501
244714
244822
245090
245380
245719
245919
246260
246406
246697
246927
247033
247256
247372
247451
247582
247830
247954
248096
248375
248521
248706
248883
249217
249505
249797
249974
250331
250490
250668
250929
251090
251203
251309
251556
251806
252126
252270
252330
252543
252636
253269
253361
253612
253878
253987
254157
254288
254490
254558
254756
254859
254970
255105
255234
255333
255470
255846
256265
256375
256587
256669
256796
256965
257053
257209
257291
257554
257809
258072
258186
258605
258874
258976
259174
259302
259365
259565
259670
259821
259938
260052
260189
260384
260466
260641
260810
260982
261233
261360
261544
261770
261899
262095
262261
262426
262538
262689
262822
262889
263032
263633
263810
264180
264342
264413
264766
264890
264955
265083
265165
265359
265538
265631
265811
265957
266471
266608
266713
266938
267240
267342
267611
268032
268244
268383
268466
269104
269183
269366
269536
269661
269811
270035
270155
270389
270569
270868
270871
271007
271133
271229
271382
271508
271647
271801
272219
272442
272815
273010
273264
273401
273521
273602
273771
274083
274238
274503
274576
274730
274797
275004
275198
275357
275609
275795
275920
276155
276309
276448
276524
276822
276911
277165
277334
277469
277548
278186
278343
278490
278659
278776
279202
279465
279591
280053
280288
280427
280787
280961
281098
281275
281427
281737
281874
282020
282132
282373
282628
282934
283073
283336
283623
283793
284019
284187
284319
284489
284662
284736
284924
285112
285376
285599
285755
286062
286151
286440
286849
287195
287318
287517
287863
287962
288216
288637
288958
289022
289066
289089
289123
289172
289175
289204
289418
289623
289630
290253
290347
290541
290807
291025
291081
291314
291576
291679
291834
291951
292090
292266
292397
292569
292702
292742
292880
293103
293208
293360
293619
293765
293881
294075
294394
294552
294651
294723
294852
295003
295095
295640
295748
295920
296192
296261
296399
296593
296933
297064
297213
297304
297436
297598
297830
298067
298418
298639
298899
298997
299156
299291
299775
299901
300053
300493
300637
300701
300950
301112
301277
301492
301704
301835
301907
302101
302218
302372
302493
302619
302801
302886
302993
303096
303439
303556
303749
304021
304158
304374
304567
304657
304805
305016
305182
305344
305570
305711
305869
306021
306119
306199
306430
306534
306663
306844
307068
307184
307320
307559
307840
307908
308123
308599
308779
308925
309004
309163
309248
309341
309453
309515
309653
309768
310126
310245
310410
310695
310860
311066
311400
311572
311820
311943
312196
312364
312518
312737
312996
313153
313614
313763
313967
314094
314417
314486
314614
315082
315362
315540
315691
315976
316055
316210
316267
316539
316756
316872
317597
317710
317984
318162
318466
318638
318887
318969
319224
319391
319458
319595
319730
319932
320078
320281
320445
320776
320858
320953
321170
321243
321340
321471
321825
322155
322252
322472
322537
322642
322850
322967
323079
323123
323185
323230
323385
323515
323731
323942
323960
324036
324246
324341
324429
324650
324741
324892
325074
325142
325227
325481
325607
325741
325920
326471
326679
326963
327106
327165
327305
327521
327669
327845
327940
328047
328406
328574
328659
328834
328917
329082
329236
329359
329444
329644
329882
330000
330149
330336
330567
330647
330856
331023
331186
331542
331654
331805
331906
332316
332433
332608
332693
332959
333127
333455
333593
333814
333940
334083
334214
334379
334713
335223
335300
335370
335684
335744
335852
336037
336273
336470
336637
336718
336921
337232
337524
337619
337822
337965
338108
338204
338335
338439
338582
338762
338931
339101
339240
339493
339596
339760
339890
340048
340364
340456
340630
340800
340928
341214
341439
341878
341998
342307
342498
342662
342874
343012
343420
343527
343808
343995
344128
344240
344543
344714
345066
345475
345689
346203
346875
347097
347276
347419
347552
347663
347982
348115
348292
348462
348600
349040
349301
349495
349699
349908
350059
350304
350496
350658
351061
351348
351524
351721
351827
352032
352135
352464
352627
352813
353306
353401
353568
353736
353906
354027
354146
354346
354668
354886
355055
355376
355564
355740
355863
356141
356232
356492
356581
356759
356940
357240
357734
357833
358135
358333
358437
358949
359225
359712
359926
360092
360274
360842
360994
361576
361723
361885
362049
362150
362307
362432
362590
362721
362923
363009
363208
363410
363691
363829
364108
364293
364448
364665
365060
365205
365413
365777
365933
366100
366374
366507
366821
366890
367305
367470
367602
367723
367866
368022
368085
368146
368267
368301
368438
368467
368569
368625
368832
369050
369141
369326
369426
369554
369788
369858
370030
370291
370417
370586
371125
371344
371536
371701
371962
372947
373195
373921
374217
374366
374832
375147
375542
376001
376260
376593
376843
377203
377340
377586
377728
377905
378182
378475
378775
379151
379810
379938
380235
380456
380706
380855
381049
381396
381759
381902
382397
382961
383308
383875
384284
384424
385176
385417
385682
386013
386286
386768
386930
387190
387226
387400
387485
387753
387892
388058
388121
388223
388337
388352
388374
388452
388617
388771
388894
389185
389241
389377
389545
389651
389848
390125
390692
390847
391173
391384
391748
392006
392372
392826
392979
393201
393354
393876
394356
394786
395366
395967
396240
396597
396802
397228
397851
398331
398539
398947
399304
399805
400059
400204
400456
400725
401111
401365
401754
401913
402326
402501
402653
402877
403525
403876
404215
404518
404874
405485
405953
406173
406317
406556
406650
406801
406948
407076
407330
407591
408294
408614
409157
409525
409665
409854
410026
410350
410567
410989
411178
411327
411671
411888
412058
412349
412452
412762
412927
413121
413503
413621
413800
413953
414257
414668
414817
415039
415081
415269
415378
415532
415675
415888
416207
416740
416964
417039
417226
417440
417605
417745
417926
418171
418499
419032
419219
419333
419518
419909
420198
420293
420421
420631
420713
420860
421014
421243
421448
421729
421888
422131
422337
422709
422772
423044
423304
423400
423690
424035
424350
424530
424830
425107
425232
425537
425918
426007
426104
426458
426519
426691
426863
427180
427334
427464
427589
427733
427872
427964
428330
428431
428604
429135
429234
429455
429572
429850
430001
430093
430340
430673
430895
431045
431329
431419
432082
432280
432626
432899
433097
433555
433718
433932
434140
434537
434766
434820
434948
435072
435417
435575
435688
435902
436121
436443
436619
436851
437077
437315
437387
437571
437741
437968
438202
438305
438607
438826
439019
439197
439501
439720
440006
440171
440577
440757
440925
441087
441319
441462
441764
441970
442146
442240
442466
442597
442769
442875
443040
443171
443240
443305
443412
443461
443506
443647
443816
443826
443857
443907
443933
444082
444168
444255
444327
444338
444350
444403
444502
444535
444603
444654
444692
444950
445111
445144
445212
445312
445343
445456
445498
445671
445718
445848
445945
446020
446049
446122
446155
446187
446262
446328
446397
446440
446459
446493
446536
446544
446568
446612
446884
447296
447482
447830
447923
448186
448296
448377
448623
448727
448997
449468
449762
450422
450695
450803
451072
451363
451778
452300
452460
452647
452735
452753
452981
453075
453119
453384
453712
453762
453781
453862
454074
454340
454415
454485
454614
454680
454831
454944
455199
455405
455666
455765
455901
455980
456114
456174
457173
457225
457969
458601
458879
459217
459501
459644
460464
460798
461011
461315
461492
462271
462501
463094
464070
464327
464770
465017
465330
465524
465801
466292
466489
466885
467042
467382
467678
468069
468518
469077
469399
469603
469999
470132
470297
470809
471416
471783
471948
472231
472589
473066
473673
473826
474083
474213
474466
474584
474891
475258
475449
475680
476153
476369
477105
477483
478113
478394
478620
479209
479521
479931
480399
481080
481181
481228
481327
481393
481482
481488
481513
481602
481645
481705
481857
481887
481925
482075
482112
482190
482218
482315
482324
482364
482372
482389
482426
482499
482592
482663
482713
482871
483138
483266
483270
483302
483343
483345
483386
483423
483443
483588
483629
483735
483767
483928
483949
484040
484081
484089
484133
484137
484220
484298
484323
484353
484378
484400
484480
484496
484568
484660
484832
484906
484954
485081
485193
485253
485380
485704
486042
486102
486226
487044
487105
487184
487208
487369
487630
487715
487748
487788
487877
487938
488022
488023
488189
488327
488354
488419
488461
488486
488549
488552
488626
488655
488671
488701
488743
488805
488844
489043
489136
489321
489411
489598
489838
489885
489952
490040
490139
490687
490786
491151
491330
491801
493386
493530
493662
493695
493727
493774
493970
494033
494132
494228
494349
494369
494418
494525
494602
494699
494791
494886
495082
495248
495328
495439
496200
498899
499013
499190
499275
499357
499508
499660
499708
499756
499885
500070
500080
500151
500256
500604
500614
500638
500705
500813
500930
501035
501088
501169
501218
501353
501531
502247
502542
502699
502956
503006
503056
503562
503596
503725
503841
503893
503923
503940
503981
504360
504364
504412
504481
504549
504589
504660
504717
504924
506248
506816
508086
508238
508311
508345
508379
508453
508542
508706
508851
508911
508975
509003
509062
509081
509168
509300
509844
509938
510124
510425
510548
512345
513264
513487
513680
514016
514153
514262
514386
514585
514772
515183
515304
515737
515898
516103
516325
516533
516743
516925
517143
517335
517528
517748
517878
518187
518418
518591
518994
519238
519517
519843
520064
520213
520598
520764
521009
521121
521363
521624
521938
522038
522522
522736
522983
523181
523480
523661
523808
523962
524086
524286
524587
524847
525392
525908
526096
526356
526960
527081
527352
527432
527539
527721
527942
528258
528459
528753
529044
529279
529479
529977
530219
530386
530635
530700
530933
531182
531488
531659
531945
532152
532741
532963
533592
533714
534028
534169
534441
534657
534971
535411
535544
535770
536342
536529
536735
536884
537032
537272
537515
537721
537820
538005
538193
538712
538876
539108
539312
539520
539725
539859
540036
540310
540543
540613
540663
540734
540997
541046
541106
541172
541270
541348
541417
541461
541483
541571
541646
541718
541907
542103
542355
542549
542733
542959
543083
543191
543325
543429
543685
543732
544056
544328
544403
544516
544641
544891
544991
545102
545212
545575
545732
545814
545892
545992
546143
546268
546344
546444
546692
546826
546966
547210
547316
547453
547725
547855
548022
548072
548293
548473
548602
548802
548979
549125
549288
549439
549820
550134
550354
550542
550630
550791
550963
551290
551393
551568
551827
552257
552398
552798
552957
553027
553312
553520
553809
553930
554087
554191
554292
554528
554629
554825
554974
555186
555497
555700
555921
556027
556206
556523
556660
556764
556916
557120
557464
557582
557786
558002
558263
558502
558817
558931
559110
559168
559381
559529
559663
559864
560068
560211
560424
560553
560648
560860
560972
561171
561228
561548
561720
562033
562276
562404
562601
562832
562980
563131
563202
563424
563601
563744
563914
564042
564324
564551
564715
564853
565010
565523
565642
565734
565837
565930
566115
566231
566375
566474
567103
567276
567436
568160
568259
568384
568500
568629
568851
569054
569268
569423
569529
570458
570591
570672
570805
571076
571209
571369
571590
571947
572146
572254
572426
572551
572831
573224
573320
573513
573717
573834
574188
574272
574435
574569
575018
575185
575373
575482
575654
575817
575978
576109
576236
576519
576624
576753
576975
577148
577215
577443
577626
577822
577890
577985
578091
578160
578314
578450
578620
578818
579129
579456
579675
579916
580055
580150
580759
580962
581140
581257
581431
581617
581823
581938
582141
582510
582672
582907
583057
583371
583625
583813
584006
584532
584936
585458
585719
585903
586046
586209
586343
586484
586821
587440
587663
588175
588289
588458
588590
589076
589165
589424
589519
589722
589955
590157
590340
590432
590803
591136
591348
591392
591566
591732
591864
591991
592089
592241
592503
592676
593022
593349
593549
593651
593790
593960
594260
594422
594700
595066
595427
595655
595810
596240
596390
596479
596705
596834
597185
597353
597576
597712
597883
598102
598401
598817
599007
599131
599172
599359
600099
600211
600336
600453
600599
600847
600940
601178
601288
601422
601565
601773
601889
602064
602151
602351
602545
602736
603190
603325
603405
603690
603825
604127
604221
604411
604557
604830
604927
605295
605380
605515
605669
605915
606238
606464
606743
606943
607296
607694
607951
608126
608616
608806
608970
609086
609227
609327
609429
609688
609826
610025
610168
610210
610385
610397
610565
610618
610781
610845
610896
610982
611031
611322
611370
611697
611814
611907
612105
612209
612375
612467
612657
612799
612934
613102
613266
613670
614000
614234
614582
614738
615060
615348
615470
615726
615886
616190
616483
616703
617348
617701
617739
617850
618312
618730
618867
619084
619242
619622
619884
620086
620256
620451
620663
621018
621365
621615
621767
622107
622546
623011
623454
623645
623846
623913
623954
624265
624357
624391
624508
624578
624647
624755
624826
625149
625387
625593
626010
626187
626477
626606
626866
627212
627735
627963
628428
628655
629056
629360
629727
629913
629998
630224
630733
631231
631384
631697
632111
632287
632852
633117
633395
633633
634298
634764
635009
635278
635370
635956
636274
636499
636750
637557
637797
637903
638141
638338
638436
638727
638994
639092
639245
639361
640226
640397
640468
640627
640653
640686
640734
640756
640926
640964
641131
641187
641348
641429
641599
641719
642033
642180
642571
643122
643360
643474
643643
643896
644134
644358
644808
645308
645877
646102
646343
646472
646781
646921
647922
648856
649260
649556
649809
650170
650492
650741
651365
651640
651877
652274
653119
653429
653593
654039
654472
655267
655621
655776
655951
656111
656420
656554
656703
657117
657659
657901
658217
658485
658703
659009
659191
659445
659932
660304
660369
660753
660834
660856
661003
661050
661190
661217
661253
661396
661479
661624
661697
661750
661912
661943
662055
662286
662401
662623
662735
662945
663387
663702
663960
664330
664479
664648
664816
665198
665481
665714
666334
666699
666768
667030
667156
667284
667565
667685
668027
668536
668874
669204
669421
669869
670056
670323
670485
670812
671063
671566
671839
672089
672354
672601
672935
673329
674319
674716
675231
675470
675771
676009
676277
676465
676618
677060
677130
677443
677655
677725
677918
678162
678297
678379
678637
678900
679129
679250
679356
679534
679710
679823
680121
680931
681185
681475
681809
682161
682356
682479
682709
682871
683097
683348
684027
684132
684342
684489
684850
684953
685058
685428
685537
685834
686067
686267
686544
687116
687447
687557
687750
687919
688001
688270
688520
688735
689005
689317
689564
689764
689900
690165
690421
690587
690770
691003
691180
692017
692555
692759
692937
693134
693285
693450
693618
693816
694744
694890
695110
695351
695754
695930
696061
696371
696577
696906
697117
697421
697558
697974
698173
698370
698635
698844
699451
700295
700613
700897
701342
701544
701655
702047
702255
702560
702900
703214
703573
703736
704053
704327
704701
704891
705022
705171
705309
705604
705794
706000
706223
706415
706703
707263
707506
707698
707830
708097
708986
709199
709511
709717
709925
710059
710270
710418
710854
711030
711290
711636
712311
712548
713071
713267
713458
713757
714415
714687
714896
715345
715579
716094
716237
716341
716573
716686
716945
717080
717190
717291
717461
717590
717958
718050
718085
718102
718161
718283
718339
718442
718529
718545
718573
718676
718705
718829
718891
719093
719135
719200
719259
719293
719367
719776
719943
720053
720166
720320
720435
720527
720923
721035
721185
721953
722183
722330
722641
722815
723148
723364
723536
723707
723933
724111
724309
724447
724645
724927
725067
725613
725854
725992
726202
726432
726578
726686
727371
727645
727987
728299
728518
728753
728963
729054
729330
729496
729706
729959
730171
730364
730587
730741
731011
731259
731552
731656
732001
732112
732366
732599
732778
733212
733776
733986
734497
734721
734891
735244
735347
735712
735928
736086
736451
736853
737052
737206
737376
737617
737721
737802
737919
737964
738030
738081
738152
738415
738479
738768
738875
739043
739155
739454
739751
739879
739994
740165
740357
740601
740815
741174
741360
741603
741968
742186
742703
742983
743241
743512
743738
743904
744279
745223
745744
746186
746424
746597
746869
747030
747217
747437
747739
748176
748572
748823
749057
749393
749575
749740
749989
750108
750293
750580
750842
751221
751435
751662
752301
752453
752590
752843
752927
753167
753333
753638
754088
754496
754719
754852
755034
755199
755453
755858
755988
756214
756331
756642
756995
757386
757599
757723
757885
758210
758898
759106
759212
759433
759681
759895
760154
760285
760479
760678
761033
761456
761634
761757
762005
762099
762176
762377
762556
762813
762886
762952
763139
763208
763281
763298
763536
763566
763655
763725
763821
763865
763967
764318
764475
764688
764852
764937
765023
765048
765193
765280
765353
765458
765535
765609
765735
765856
766079
766219
766331
766496
766612
766807
766882
767079
767217
767239
767544
767640
767721
768145
768272
768419
768641
768787
768894
769010
769113
769215
769427
769514
769668
769825
770224
770350
770458
770711
771101
771268
771411
771553
771727
771821
772038
772321
772453
772533
772738
772861
773080
773193
773328
773505
773662
773749
773900
773995
774196
774316
774432
774541
774651
774769
774938
775187
775307
775354
775613
776119
776452
776596
776714
776861
777041
777156
777347
777476
777614
777713
777966
778160
778269
778359
778597
778757
779018
779172
779328
779533
779645
779891
780017
780130
780237
780692
780778
780998
781133
781301
781486
781695
781908
782009
782198
782396
782528
782702
782930
783106
783287
783382
783505
783600
783713
783982
784143
784254
784414
784551
784800
784990
785163
785323
785497
785649
785818
785956
786418
786525
786707
786816
787050
787303
787480
787633
787825
788041
788152
788270
788586
788732
788944
789047
789207
789580
789696
789798
789922
790020
790389
790507
790640
790799
790958
791099
791371
791637
791716
791873
792058
792229
792282
792379
792457
792566
792734
792809
792949
793070
793151
793240
793407
793706
793801
794127
794312
794644
794778
794917
795038
795191
795387
795512
795766
796368
796527
796687
796773
797137
797294
797495
797647
797869
798090
798342
798586
798726
798834
799081
799206
799471
799670
800222
800751
801032
801167
801722
802138
802295
802529
803344
803723
803995
804192
804433
804555
804774
805078
805233
805577
805734
805894
806284
806592
806807
807373
807578
807770
808066
808315
808386
808649
808905
809040
809170
809241
809424
809586
809754
809955
810216
810323
810476
810617
810817
810886
811431
811499
811552
811624
812240
812308
812399
812447
812654
812781
812940
813112
813465
813652
813911
814156
814289
814680
814932
815444
815668
815970
816179
816407
816610
816859
817196
817714
817870
818378
819003
819281
819925
820186
820406
820736
820903
821153
821228
821516
821716
822027
822520
822680
823074
824064
824137
824332
824525
824622
824756
825043
825564
825888
826566
826735
826918
827120
827336
827616
827779
827895
828415
828516
828695
828926
829085
829399
829607
829816
829936
830124
830240
830380
830502
830648
830830
831106
831249
831610
831753
831975
832230
832371
832576
832801
832978
833179
833267
833431
833670
833775
833968
834183
834343
834880
835063
835405
835479
835786
835960
836349
836532
836694
836776
836926
837070
837297
837385
837518
837632
837796
837931
838004
838107
838256
838390
838573
838843
839018
839395
839773
839904
840007
840223
840508
840642
841044
841159
841279
841888
841964
842177
842330
842882
843009
843272
843600
843882
844295
844936
845126
845315
845461
845577
845813
845984
846132
846325
846591
846738
847063
847219
847289
847462
847551
847661
847900
848391
848425
848633
848678
848703
848885
849087
849160
849496
849877
849900
850004
850208
850289
850437
850577
850673
851052
851188
851277
851412
851679
851780
852202
852602
852687
853074
853317
853371
853690
853854
853906
854054
854246
854476
854597
854760
855305
855653
855759
855948
856227
856301
856415
856528
856712
857008
857162
857322
857533
857681
857875
857962
858267
858438
858580
858757
858853
859012
859216
859300
859431
859532
859807
859928
859989
860197
860201
860244
860350
860623
860770
860828
860885
860954
861025
861262
861434
861599
861758
861956
862350
862443
862649
862943
863057
863244
863321
863571
863740
863899
864070
864397
864683
864819
865055
865264
865411
865629
865759
866060
866183
866539
866683
866884
867179
867412
867757
867898
868101
868701
868841
869002
869158
869314
869634
869753
869877
870181
870347
870742
870885
871081
871565
871889
872021
872120
872214
872551
872806
872962
873243
873424
873632
873831
874217
874607
874714
874828
875020
875143
875367
875627
875759
875878
876151
876345
876544
876763
877003
877238
877385
877701
877763
877869
878013
878171
878308
878448
878555
878828
878967
879415
879652
879768
879894
880009
880188
880287
880618
880721
880858
880957
881170
881464
881598
881815
882255
882496
883183
883367
883489
883677
884042
884170
884327
884593
884764
884902
885144
885509
885989
886177
886369
886486
886680
886939
887072
887281
887429
887604
887860
887999
888144
888344
888482
888767
888920
889135
889296
889436
889603
889711
889846
890163
890277
890652
890975
891418
891725
891929
892041
892243
892321
892540
892667
892854
892938
893131
893305
893484
893743
893875
893938
893983
894028
894055
894090
894161
894204
894258
894476
894595
894658
894715
894837
894873
894972
895195
895351
895509
895615
895750
896032
896192
896361
896822
897135
897409
897520
897655
897796
897982
898482
898775
898943
899254
899526
899964
900278
900592
901028
901322
901700
901962
902716
903123
903472
903864
904240
904539
904753
905271
905461
906071
906671
907088
907437
908288
908628
908877
909458
910228
910677
911094
911354
911545
911709
911970
912241
912855
913378
913985
914254
914386
914566
914657
914737
914844
914938
915030
915333
915602
915770
915950
916170
916478
916712
917154
917412
917774
917891
918118
918309
918467
919229
919834
920322
920364
920728
920847
921109
921245
921291
921336
921465
921505
921581
921595
921689
921808
921970
922022
922090
922233
922327
922389
922497
922738
922868
923167
923224
923363
923445
923531
923671
923911
924064
924471
924589
924801
924876
925107
925526
925783
925908
926173
926594
926632
926870
927130
927384
927800
928010
928181
928491
928756
929018
929146
929575
929830
929989
930464
930717
930887
931218
931387
931794
932062
932308
932524
932799
932872
933305
933625
933830
934049
934287
934517
934699
934843
935017
935214
935434
935695
935869
936457
936735
936914
937267
937482
937708
937823
938030
938229
938323
938531
938949
939002
939167
939350
939577
939835
939964
940048
940177
940259
940344
940407
940494
940690
941114
941254
941488
941567
941774
942640
942873
943112
943457
943642
944014
944447
944651
945070
945451
946339
946521
946803
947032
947771
948257
948449
949088
949380
949630
949798
949926
950164
950354
951032
951396
951601
951809
952072
952305
952493
952838
953043
953226
953466
953587
954007
954160
954535
954807
954978
955263
955600
955841
955980
956143
956275
956443
956610
956891
956979
957039
957096
957504
957539
957680
957829
957994
958246
958785
959020
959260
959437
959704
960010
960695
961179
961755
962210
962784
963385
964238
965126
965452
965819
966057
966692
966799
967314
967776
968030
968759
968916
969142
969336
969708
969787
970037
970266
970591
970761
971019
971317
971627
971984
972466
972586
972786
973044
973119
973199
973623
973811
974217
974517
974669
975275
975441
975744
976041
976496
976654
976871
977028
977452
977938
978333
978478
978925
979133
979586
979669
979815
980122
980411
980717
981041
981382
981683
981986
982151
982425
982640
982801
983283
983447
983682
984097
984471
984631
984827
985017
985221
985489
985685
985825
986118
986255
986491
986843
986990
987247
987600
987756
987922
988122
988568
988702
988848
989072
989230
989427
989925
990273
990530
990812
991188
991504
991695
991834
991994
992106
992372
992716
993072
993359
993443
993801
993905
995079
995302
995454
995776
996084
996311
996478
996670
996859
997033
997418
997560
998107
998365
998511
998739
999251
999623
999974
1000351
1000613
1000823
1001254
1001593
1001780
1002138
1002401
1002552
1002705
1002964
1003316
1003527
1003817
1003968
1004057
1004419
1004535
1004694
1004877
1005077
1005209
1005255
1005288
1005362
1005620
1005630
1005725
1005863
1006013
1006139
1006213
1006402
1006650
1006662
1006743
1006822
1006863
1006995
1007031
1007089
1007270
1007315
1007394
1007511
1007602
1007805
1007889
1007987
1008089
1008153
1008264
1008324
1008498
1008596
1008635
1008813
1008979
1009120
1009532
1009953
1010085
1010356
1010524
1010981
1011195
1011334
1011556
1011901
1012033
1012218
1012423
1012687
1012856
1013587
1013930
1014184
1014526
1014924
1015237
1015834
1015958
1016257
1016454
1016903
1017273
1017836
1018834
1018980
1019070
1019656
1019797
1020114
1021072
1021287
1021554
1021832
1021999
1022275
1022351
1022485
1022661
1022879
1023225
1023387
1023615
1024362
1024546
1024723
1024947
1025156
1025353
1025702
1025840
1026165
1026317
1026646
1026808
1027223
1027422
1027670
1028062
1028261
1028449
1028601
1028624
1028769
1029093
1029209
1029313
1029520
1029646
1030163
1030788
1031070
1031259
1031579
1031849
1032004
1032179
1032372
1032505
1032657
1032867
1033120
1033292
1033809
1034107
1034248
1034440
1034571
1034796
1034909
1035093
1035197
1035434
1035575
1035801
1036079
1036291
1036438
1036586
1036751
1036989
1037144
1037662
1038330
1038512
1038707
1038986
1039581
1039731
1039835
1039917
1040007
1040068
1040131
1040197
1040367
1040461
1040666
1040919
1041224
1041482
1041696
1042222
1042550
1042718
1043027
1043387
1043664
1044019
1044102
1044147
1044182
1044241
1044536
1044575
1044746
1044933
1044998
1045175
1045274
1045406
1045776
1045965
1046173
1046406
1046777
1046912
1047178
1047407
1047913
1048062
1048449
1048958
1049673
1049899
1050361
1050478
1050638
1050917
1051645
1052240
1052748
1053039
1053358
1053769
1053970
1054071
1054349
1054492
1054977
1055432
1055817
1056418
1056961
1057215
1057395
1057572
1057752
1058289
1058735
1058927
1059335
1059462
1059906
1060030
1060295
