84
161
287
414
519
654
707
863
948
1084
1232
1352
1465
1630
1709
1785
1864
2016
2171
2268
2456
2547
2701
2792
2884
2979
3125
3211
3281
3402
3471
3662
3776
3879
4164
4243
4353
4469
4578
4648
4739
4828
4918
5098
5182
5269
5343
5547
5706
5893
5989
6172
6392
6464
6549
6787
6881
6963
7063
7193
7283
7521
7673
7753
7935
8028
8144
8212
8357
8493
8593
9282
9538
9593
9657
9833
10058
10145
10307
10372
10454
10841
11046
11133
11244
11328
11496
11649
11865
11911
12042
12116
12241
12349
12412
12545
12755
12892
13096
13198
13312
13532
13728
13922
14003
14324
14671
14773
14836
14901
14989
15313
15409
15515
15651
15721
15798
16053
16164
16233
16662
16747
16820
17021
17111
17295
17561
17719
17858
18156
18409
18710
18796
18923
19072
19279
19420
19761
20069
20129
20188
20302
20482
20567
20638
20785
20846
21002
21397
21559
21717
21827
21978
22115
22345
22424
22549
22886
23012
23184
23247
23325
23401
23534
23684
24046
24342
24625
24786
25019
25158
25299
25444
25712
25884
26226
26287
26421
26602
26745
26828
27172
27247
27355
27493
27628
27688
27784
27900
28013
28199
28332
28573
28638
28748
28964
29134
29232
29341
29459
29673
30074
30158
30229
30603
30691
30799
30915
30986
31066
31271
31422
31589
31699
31804
32182
32336
32422
32590
32717
32802
32900
33028
33182
33294
33392
33486
33716
33799
33931
34061
34156
34226
34358
34448
34588
34754
34937
35073
35414
35743
36127
36201
36343
36662
36946
37029
37380
37512
37705
37788
37893
38136
38297
38603
38777
38894
39019
39088
39250
39349
39432
39502
39691
39756
39959
40166
40258
40430
40511
40607
40733
40994
41099
41277
41387
41469
41569
41658
41865
41994
42084
42485
42632
42689
42806
43073
43357
43702
43776
43872
44126
44280
44396
44470
44665
45025
45120
45393
45486
45591
45682
45738
45830
45964
46072
46188
46438
46525
46657
46726
46840
47023
47107
47227
47310
47887
47938
48055
48129
48463
48534
49066
49613
49803
49964
50051
50115
50315
50433
50537
50748
51050
51116
51267
51378
51661
51759
51829
52015
52091
52243
52353
52637
52767
52961
53166
53372
53435
53505
53805
53927
54148
54237
54310
54434
54646
54822
55212
55536
55614
55709
55858
56034
56161
56272
56385
56528
56671
56834
57126
57228
57657
57886
58065
58211
58309
58509
58647
58747
58946
59030
59218
59385
59451
59598
59701
59744
59851
60016
60103
60230
60335
60517
60578
60748
60999
61238
61692
62200
62264
62328
62537
62618
62701
62758
62833
62868
63161
63576
63804
65217
65433
65504
65810
65874
66006
66171
66251
66571
66694
66913
66965
67049
67127
67386
67454
67529
67747
67832
67890
68493
69196
69250
69304
69415
69472
69566
69651
69806
69975
70050
70546
70692
70758
70823
70891
71029
71153
71238
71312
71407
71507
71650
71748
71933
71985
72077
72250
72336
72406
72592
72662
72942
73257
73434
73809
74065
74274
74500
74654
74724
74825
74902
75003
75247
75328
75401
75588
75662
75725
75841
75972
76109
76201
76415
76523
76592
76784
77003
77085
77186
77252
77327
77504
77686
77774
77889
78136
78220
78339
78646
78755
78832
78933
79008
79213
79446
79547
79817
79910
79958
80139
80263
80358
80432
80519
80617
80673
80760
80820
80902
81005
81129
81236
81338
81459
81813
81965
82020
82098
82195
82301
82406
82594
82782
82880
82945
83052
83129
83221
83512
83629
83745
83839
83933
84105
84189
84322
84404
84635
84712
84804
84870
84928
85054
85142
85208
85270
85337
85472
85550
85647
85733
85867
86008
86134
86193
86298
86607
86701
86845
86963
87092
87166
87253
87362
87522
87630
87707
87831
87933
88171
88241
88369
88477
88581
88644
88811
88863
88927
89170
89272
89560
89722
89843
89968
90065
90168
90240
90354
90405
90637
90708
90766
90923
91057
91157
91309
91363
91472
91561
91693
91876
91958
92105
92202
92293
92379
92500
92586
92783
92960
93193
93263
93462
93649
93779
93873
93982
94134
94222
94377
94502
94622
94695
94787
94840
94911
95010
95130
95375
95508
95643
95765
95856
95964
96158
96412
96472
96548
96647
96855
96958
97107
97169
97234
97385
97490
97759
97851
97934
98033
98156
98220
98292
98462
98587
98678
98786
98927
99020
99094
99160
99246
99508
99577
99709
99896
100017
100090
100256
100316
100433
100513
100610
100691
100840
100959
101117
101212
101298
101403
101596
101734
101793
101941
102031
102115
102228
102340
102669
102755
102905
103000
103087
103156
103349
103712
103784
103865
104281
104367
104407
104468
104521
104597
104958
105535
106401
106555
106632
107034
107096
107343
107459
107872
108246
108315
108416
108766
108867
109027
109140
109331
109424
109577
109699
109935
110105
110172
110260
110379
110527
110633
110796
110896
111097
111364
111562
111675
111765
111850
111983
112127
112345
112498
112637
112831
112904
113079
113184
113407
113548
113751
113859
113961
114019
114206
114284
114383
114507
114821
114919
115015
115246
115323
115441
115533
115641
115887
116084
116296
116415
116507
116628
116754
116930
117007
117135
117240
117381
117486
117681
117730
117962
118056
118217
118302
118371
118462
118603
118789
118864
118936
119031
119298
119425
119528
119599
119693
119816
119915
120040
120211
120303
120404
120666
120749
120835
121145
121331
121401
121485
121568
121672
121747
121934
122017
122114
122185
122255
122339
122410
122509
122677
122764
122899
122974
123151
123244
123315
123803
123884
123973
124128
124305
124389
124461
124652
124725
124801
124882
124973
125084
125203
125302
125434
125504
125605
125682
125778
125840
126008
126079
126208
126310
126493
126559
126647
126702
126877
127192
127401
127497
127838
127948
128183
128261
128405
128601
128716
128948
129032
129106
129173
129244
129390
129493
129582
129670
129739
129826
129899
130032
130152
130251
130491
130585
130736
130880
131151
131227
131424
131512
131640
131752
131823
131987
132131
132282
132363
132467
132570
132651
132745
132897
133001
133110
133255
133372
133488
133566
133757
133853
134123
134252
134346
134478
134590
134678
134807
134902
135002
135087
135282
135384
135502
135670
135742
135890
135989
136061
136202
136317
136376
136560
136659
136761
136948
137029
137150
137196
137280
137394
137500
137696
137844
137901
137964
138062
138256
138364
138454
138541
138621
138701
138764
138907
139119
139247
139365
139396
139619
139707
139819
139902
139971
140072
140172
140276
140409
140638
140687
140758
140839
140924
141010
141088
141202
141311
141450
141675
141749
141814
141942
142016
142086
142224
142358
142449
142522
142722
142968
143118
143224
143296
143464
143644
143747
143815
143903
144007
144093
144178
144270
144352
144429
144516
144591
144656
144765
144837
144906
144971
145054
145139
145207
145299
145364
145459
145756
145949
146046
146127
146218
146307
146380
146471
146525
146611
146850
146954
147053
147135
147327
147395
147548
147622
147791
147857
147952
148076
148242
148374
148792
149057
149262
149421
149615
149682
149876
149941
150010
150069
150137
150244
150348
150441
150555
150622
150738
151003
151088
151177
151270
151434
151511
151624
151700
151756
151865
151959
152054
152246
152446
152506
152559
152619
152715
152781
152885
152969
153038
153177
153263
153483
153561
153756
153842
153984
154156
154361
154437
154512
154831
154892
154958
155040
155137
155204
155288
155391
155500
155580
155749
155839
155920
156041
156245
156342
156424
156703
156811
156923
157075
157169
157326
157407
157468
157630
157713
157796
157854
157914
158001
158085
158166
158241
158326
158439
158553
158640
158837
158928
159009
159092
159187
159307
159399
159525
159597
159733
159808
159869
160006
160128
160303
160432
160493
160623
160700
160890
160963
161130
161210
161310
161446
161532
161624
161717
161878
161962
162026
162120
162250
162383
162477
162590
162702
162774
162852
162928
163018
163096
163249
163342
163442
163526
163629
163730
163817
163978
164077
164163
164240
164310
164406
164488
164626
164727
164811
164935
165075
165182
165247
165330
165398
165488
165709
165776
165843
165939
166047
166190
166280
166380
166505
166576
166701
166824
166978
167063
167168
167232
167462
167553
167604
167672
167715
167818
167878
168213
168474
168584
168753
168833
168980
169074
169148
169218
169334
169417
169475
169551
169690
169804
169986
170088
170322
170395
170470
170577
170643
170759
170843
170946
171135
171196
171279
171400
171497
171592
171664
171781
171877
171961
172082
172195
172294
172380
172492
172636
172818
172946
173008
173146
173250
173318
173590
173687
173783
173920
174055
174191
174257
174430
174736
174809
174900
174988
175082
175202
175330
175452
175609
175809
175955
176099
176265
176378
176449
176552
176692
176779
176864
176927
177072
177146
177251
177397
177558
177666
177830
178010
178227
178402
178645
178724
178939
179047
179175
179309
179571
179647
179747
179857
180036
180274
180420
180490
180555
180667
180740
180831
180931
181000
181078
181200
181272
181358
181436
181522
181650
181744
181836
181973
182057
182151
182214
182299
182400
182517
182605
182814
182887
183119
183273
183345
183467
183558
183737
183830
183896
183980
184056
184163
184236
184308
184407
184487
184583
184715
184825
184945
185043
185199
185299
185529
185614
185684
185760
185833
185977
186066
186159
186332
186421
186539
186657
186751
186918
187079
187221
187365
187643
187803
187917
188040
188244
188337
188426
188505
188603
188742
188809
188903
188980
189116
189191
189265
189332
189551
189735
189972
190023
190120
190312
190448
190554
190624
190723
190840
190905
190975
191077
191197
191308
191374
191518
191595
191677
191745
191870
191987
192055
192162
192274
192347
192513
192558
192711
192875
192984
193061
193175
193361
193445
193561
193655
193714
193866
194007
194159
194255
194351
194472
194530
194619
194717
194847
194923
195010
195089
195218
195358
195450
195560
195699
195762
195857
196069
196205
196295
196547
196617
196753
196862
196935
197008
197111
197217
197287
197475
197680
197764
197872
197993
198129
198257
198449
198541
198774
198857
198960
199107
199176
199368
199443
199506
199604
199725
199805
199885
199992
200054
200153
200248
200293
200349
200444
200726
201170
201289
201391
201588
201950
202069
202185
202277
202397
202468
202535
202617
202684
202745
202806
202884
202983
203051
203126
203250
203315
203385
203468
203565
203657
203746
203949
204182
204271
204350
204425
204489
204573
204697
204776
204865
204939
205075
205161
205235
205297
205367
205485
205585
205667
205878
206136
206259
206361
206465
206591
206673
206815
206878
206990
207141
207249
207420
207495
207584
207666
207838
207956
208045
208149
208273
208349
208473
208542
208640
208753
208865
208944
209061
209302
209362
209555
209600
209720
209814
209976
210062
210159
210317
210415
210542
210608
210729
210838
210912
211021
211190
211328
211407
211481
211583
211693
211939
212035
212119
212185
212318
212439
212510
212608
212715
212914
213025
213161
213304
213377
213474
213555
213668
213752
213916
214008
214087
214193
214277
214510
214602
214673
214796
214857
214946
215001
215068
215262
215348
215413
215546
215728
215807
215919
216030
216148
216283
216377
216510
216639
216737
216845
216944
217014
217236
217321
217417
217575
217668
217754
217847
217980
218064
218198
218400
218461
218644
218803
218931
219030
219103
219220
219296
219407
219486
219567
219687
219774
219862
219957
220044
220252
220338
220401
220542
220638
220714
220777
220935
221027
221157
221288
221354
221483
221560
221618
221714
221799
221927
222014
222152
222256
222399
222516
222572
222646
222759
222832
222931
223055
223176
223250
223291
223414
223479
223647
224281
224577
224706
224782
224868
224958
225093
225199
225281
225394
225461
225534
225621
225680
225922
226019
226100
226245
226377
226582
226761
226857
227135
227222
227309
227402
227463
227638
227715
227835
227926
227999
228071
228174
228295
228373
228467
228569
228664
228806
228955
229086
229161
229268
229342
229428
229607
229711
229796
229859
229945
230066
230162
230220
230372
230440
230522
230668
230753
230875
231017
231148
231288
231366
231435
231516
231610
231768
231841
231996
232114
232242
232331
232418
232488
232628
232707
232806
232895
232980
233087
233154
233227
233300
233351
233462
233518
233581
233678
233763
233841
233953
234063
234123
234220
234288
234417
234530
234649
234786
234877
235010
235162
235253
235405
235575
235679
235816
235984
236045
236122
236231
236346
236432
236511
236709
236846
236961
237124
237223
237270
237426
237490
237657
237737
237808
237885
237973
238045
238120
238250
238342
238501
238713
238781
238972
239279
239357
239449
239543
239630
239721
239792
239894
239977
240078
240174
240246
240329
240490
240585
240758
240862
241034
241116
241275
241365
241459
241539
241635
241765
241834
241947
242042
242103
242159
242290
242387
242499
242571
242635
242876
242944
243082
243154
243323
243475
243549
243620
243684
243755
243895
244281
244599
245009
245087
245163
245262
245336
245433
245514
245633
245688
245768
246007
246082
246164
246242
246358
246559
246644
246726
246802
246875
246989
247062
247127
247201
247289
247377
247480
247578
247764
247834
247910
248006
248129
248319
248485
248547
248691
248786
248920
249008
249078
249168
249241
249307
249467
249716
249767
249881
250155
250350
250444
250593
250706
250813
250896
251214
251333
251450
251657
251766
251909
252132
252272
252392
252458
252611
252762
252824
253015
253074
253168
253232
253307
253454
253550
253647
253783
253873
254051
254159
254240
254356
254515
254616
254735
254896
255075
255153
255290
255410
255496
255648
255728
255906
256041
256106
256226
256299
256373
256432
256496
256585
256706
256802
256876
256978
257083
257178
257306
257395
257543
257615
257734
257841
257910
258017
258114
258198
258364
258423
258512
258606
258763
258881
259188
259271
259343
259430
259596
259671
259766
259867
259955
260047
260119
260257
260337
260427
260517
260618
260862
261111
261246
261404
261475
261647
261779
261924
261988
262068
262184
262252
262378
262461
262563
262693
262910
262984
263159
263265
263320
263393
263528
263676
263809
263987
264058
264232
264478
264566
264769
264870
265008
265086
265191
265287
265533
265645
265819
265948
266010
266102
266225
266355
266584
266678
266835
266913
267020
267139
267212
267311
267458
267532
267752
267840
267972
268152
268217
268287
268384
268556
268778
268857
268960
269186
269255
269325
269404
269479
269735
269957
270021
270137
270270
270348
270438
270509
270594
270711
270868
270956
271046
271146
271262
271361
271480
271542
271644
271748
271861
271913
271996
272192
272292
272358
272508
272606
272991
273131
273359
273433
273636
273720
273898
273961
274230
274416
274488
274609
274723
274831
274982
275100
275199
275295
275381
275665
275874
276021
276155
276244
276380
276483
276574
276740
276855
276986
277069
277182
277289
277393
277497
277586
277751
277886
278027
278160
278268
278414
278506
278627
278759
278859
278965
279079
279169
279301
279379
279454
279636
279763
279844
280022
280096
280200
280551
280687
280760
280903
281018
281183
281417
281542
281629
281705
281870
281951
282049
282214
282286
282446
282529
282660
282807
282924
283067
283163
283288
283507
283615
283793
283933
284003
284229
284446
284538
284717
284839
285125
285190
285273
285396
285516
285604
285668
285766
285838
286091
286203
286274
286339
286431
286603
286733
286799
287086
287605
287755
287894
288040
288236
288352
288446
288610
288761
288849
288960
289046
289189
289364
289426
289534
289718
289811
289909
290004
290078
290206
290280
290356
290556
290728
290798
290939
291151
291221
291316
291426
291598
291737
291829
291912
291984
292151
292249
292382
292466
292583
292662
292812
292963
293067
293140
293211
293286
293365
293419
293537
293669
293834
293995
294168
294241
294389
294458
294540
294623
294709
294789
294881
295022
295416
295479
295646
295741
295894
296143
296364
296606
296707
296823
296897
296981
297110
297170
297231
297457
297519
297618
297784
297946
298020
298175
298256
298405
298471
298621
298720
298798
298894
299045
299238
299459
299587
299672
299767
299864
299938
300034
300094
300145
300297
300557
300631
300712
300903
300997
301068
301159
301296
301442
301529
301663
301958
302087
302176
302374
302493
302560
302652
302862
303011
303068
303247
303359
303658
303821
303962
304084
304165
304251
304341
304411
304505
304583
304690
304818
305033
305110
305198
305314
305438
305565
305625
305741
305847
306038
306181
306278
306389
306594
306713
306826
306919
307099
307205
307352
307422
307678
307747
307909
307986
308100
308269
308377
308470
308574
308662
308744
308814
308907
309094
309222
309306
309372
309451
309524
309578
309695
309868
310056
310146
310314
310456
310542
310626
310726
310825
310918
311075
311207
311284
311381
311458
311571
311768
311913
312102
312178
312275
312341
312454
312538
312847
312938
313095
313145
313243
313367
313596
313682
313785
313935
314085
314152
314307
314485
314639
314716
314806
314916
315052
315127
315274
315407
315541
315652
315841
315938
316066
316190
316295
316421
316633
316750
316846
316926
317033
317151
317210
317318
317473
317648
317718
317822
317881
318109
318180
318297
318516
318621
318888
318976
319033
319201
319344
319418
319508
319677
319832
319941
320075
320211
320276
320410
320593
320655
320741
320863
320944
321099
321284
321430
321615
321697
321941
322083
322180
322283
322439
322623
322698
322808
323059
323114
323238
323309
323397
323504
323619
323721
323870
323961
324099
324205
324283
324348
324390
324623
325156
325234
325431
325726
326030
326115
326182
326303
326502
326571
326641
326736
326803
327058
327219
327315
327440
327545
327633
327742
327832
327914
328011
328081
328365
328469
328533
328639
328704
328803
328901
329073
329157
329361
329456
329588
329747
329836
329986
330102
330275
330385
330643
330741
330850
331234
331344
331413
331490
331601
331923
332111
332178
332360
332472
332595
333194
333345
333582
333813
333936
334094
334239
334464
334555
334629
334776
334899
334984
335204
335466
335542
335628
335739
335812
336002
336197
336391
336546
336670
336796
337368
337501
337779
338043
338333
338450
338579
338866
338966
339047
339183
339328
339744
339891
340097
340248
340342
340428
340606
340917
341117
341328
341418
341580
341726
341868
342098
342189
342287
342414
342562
342717
342795
342890
343022
343154
343239
343423
343526
343616
343723
343865
343984
344170
344236
344311
344435
344515
344645
344787
344859
344968
345190
345266
345413
345523
345614
345710
345812
345940
346034
346154
346253
346344
346431
347204
347283
347404
347638
347787
347876
347963
348045
348146
348275
348410
348562
348660
348756
348837
348928
349047
349123
349214
349480
349588
349714
349802
349880
350002
350174
350225
350316
350415
350524
350836
351066
351168
351265
351381
351689
351780
351953
352020
352169
352286
352382
352468
352594
352749
352820
352941
353075
353193
353248
353322
353432
353573
353808
353932
354090
354216
354362
354440
354526
354722
354870
355039
355178
355378
355484
355588
355718
355847
356025
356228
356373
356555
356650
356789
356856
356992
357080
357184
357264
357340
357436
357539
357666
357743
357822
357952
358310
358448
358547
358689
358764
358820
358901
358990
359077
359192
359397
359462
359610
359742
359981
360244
360343
360520
360660
360861
360989
361048
361119
361249
361334
361582
361730
361905
362061
362268
362373
362443
362532
362654
362803
362872
362958
363063
363210
363410
363518
363678
363725
363831
363954
364140
364381
365197
365291
365490
365613
365689
365775
365862
365935
366119
366211
366286
366537
366603
366707
366880
366971
367076
367239
367331
367440
367514
367708
367779
367878
368077
368177
368268
368378
368456
368872
368965
369034
369122
369234
369404
369594
369804
369969
370037
370145
370213
370302
370415
370557
370671
370760
370879
370975
371025
371208
371389
371472
371538
371629
371749
371941
372167
372319
372534
372633
372733
372829
373025
373122
373181
373264
373365
373447
373664
373735
373874
374062
374149
374212
374290
374491
374574
374630
374707
374849
374927
375004
375158
375230
375356
375430
375594
375739
375874
375983
376091
376321
376438
376524
376658
376727
376793
376934
377039
377157
377322
377418
377520
377671
377767
377870
377955
378065
378259
378409
378477
378643
378767
378854
378977
379048
379137
379461
379606
379671
379775
379885
379949
380053
380240
380328
380456
380531
380659
380758
380884
381005
381067
381170
381306
381551
381621
381776
381837
381909
381995
382221
382320
382400
382558
382670
382763
382837
382975
383035
383219
383340
383485
383585
383659
383729
383812
383954
384044
384125
384240
384331
384408
384578
384829
384901
385038
385195
385486
385582
385659
385770
385843
385944
386057
386223
386287
386400
386551
386639
386787
386869
386999
387075
387176
387284
387392
387465
387658
387803
388001
388089
388378
388468
388610
388692
389131
389222
389403
389507
389577
389678
389788
389923
389994
390089
390213
390297
390401
390457
390537
390615
390758
391072
391235
391319
391490
391582
391664
391811
391882
391959
392148
392256
392407
392499
392641
392709
392770
392846
393051
393176
393293
393375
393550
393619
393650
393884
393956
394081
394227
394292
394382
394535
394606
394689
394773
394930
395091
395164
395430
395592
395722
395799
395903
395994
396104
396212
396333
396367
396580
396688
396770
396905
397051
397160
397265
397342
397454
397540
397618
397700
397782
397866
397931
398035
398126
398208
398354
398457
398571
398671
398782
398894
398973
399079
399224
399288
399361
399464
399562
399637
399818
399993
400153
400309
400384
400476
400526
400598
400726
400805
400874
400938
401041
401129
401214
401402
401472
401576
401688
401766
401834
401910
402076
402171
402365
402542
402634
402785
402853
402956
403042
403174
403274
403413
403558
403666
403789
403889
404024
404232
404310
404400
404476
404655
404725
404814
404935
405119
405221
405303
405404
405498
405676
405751
405839
406017
406107
406245
406303
406389
406454
406594
406854
406949
407035
407137
407217
407369
407469
407580
407688
407818
407894
408031
408130
408219
408323
408403
408485
408603
408680
408816
408957
409095
409200
409318
409393
409478
409607
409899
410092
410186
410286
410436
410486
410555
410681
410723
410934
411012
411115
411194
411348
411449
411514
411906
412006
412201
412290
412410
412497
412583
412751
412879
413161
413351
413443
413639
413790
413905
414035
414095
414156
414213
414277
414340
414431
414550
414630
414749
414908
414982
415085
415185
415304
415586
415657
415712
415880
415968
416027
416099
416179
416426
416710
417154
417274
417351
417443
417567
417633
417730
417854
417919
418040
418106
418184
418284
418526
418657
418752
418847
418919
418998
419085
419231
419299
419472
419591
419661
419755
419940
420023
420097
420203
420279
420352
420442
420526
420598
420688
420772
420976
421059
421186
421277
421450
421554
421693
421774
421880
421960
422062
422176
422333
422474
422547
422634
422768
422835
422932
423025
423124
423230
423294
423413
423527
423655
423817
423894
424064
424136
424225
424360
424445
424560
424639
424738
424880
425055
425204
425323
425426
425499
425580
425700
425794
425950
426101
426204
426424
426483
426657
426727
426880
427046
427116
427205
427262
427399
427467
427583
427671
427937
428093
428171
428279
428413
428457
428532
428670
428777
429026
429104
429188
429523
429657
429783
429873
429972
430036
430116
430357
430443
430582
430691
430765
430948
431013
431127
431197
431313
431383
431448
431559
431656
431785
431955
432060
432256
432450
432531
432639
432714
432855
432926
433209
433308
433633
433754
433903
433997
434120
434350
434582
434696
434777
434901
434987
435096
435208
435324
435458
435554
435622
435716
435915
436067
436183
436256
436415
436504
436605
436692
436800
437041
437242
437331
437398
437481
437560
437769
437837
437948
438020
438139
438213
438281
438353
438405
438503
439183
439323
439531
439588
439686
439764
439836
439939
440146
440247
440362
440426
440527
440602
440670
440743
440832
441012
441218
441321
441381
441475
441543
441657
441735
441798
441884
441967
442081
442151
442218
442329
442432
442590
442695
442820
442911
443035
443161
443253
443369
443450
443558
443710
443793
443864
443963
444031
444125
444389
444479
444706
444789
444870
444965
445259
445366
445464
445538
445588
445667
445773
445855
446054
446249
446307
446414
446598
446682
446780
446897
447246
447319
447393
447469
447562
447732
447801
447912
448077
448176
448254
448482
448579
448686
448822
448950
449003
449345
449418
449542
449602
449790
449874
450002
450120
450234
450310
450427
450568
450696
450826
451139
451281
451357
451474
451550
451684
452027
452137
452288
452407
452547
452645
452717
452781
452865
452988
453119
453212
453304
453409
453500
453559
453656
453776
454228
454408
454534
454658
454767
454935
455015
455209
455385
455530
455601
455714
455866
455920
455983
456124
456224
456297
456400
456586
456658
456772
456849
456962
457041
457125
457285
457456
457652
457974
458125
458241
458331
458402
458629
458724
458949
459108
459218
459298
459365
459435
459495
459665
459828
459901
459983
460042
460107
460197
460321
460422
460542
460646
460740
460866
460962
461083
461202
461283
461503
461607
461747
461849
462126
462403
462623
462814
462906
462973
463048
463142
463205
463279
463390
463536
463668
463741
463849
463948
464107
464218
464303
464449
464683
464954
465021
465130
465236
465305
465394
465452
465563
465642
465735
465803
465913
465992
466082
466143
466298
466421
466499
466577
466665
466782
466862
466999
467168
467250
467311
467423
467477
467539
467733
467861
467943
468089
468290
468498
468610
468696
468807
468933
469008
469078
469176
469426
469505
469631
469761
469940
470014
470151
470219
470346
470540
470798
470951
471095
471166
471368
471471
471796
471900
472021
472339
472425
472552
472698
472823
472940
473055
473397
473546
473630
473696
473898
474007
474116
474179
474370
474436
474509
474648
474735
474824
475072
475392
475560
475646
475852
476011
476132
476255
476458
476528
476780
476890
476976
477098
477177
477284
477431
477607
477733
477860
477944
478006
478075
478171
478266
478384
478491
478578
478672
478898
478961
479118
479201
479447
479540
479631
479698
479938
480016
480105
480207
480269
480356
480433
480527
480605
480666
480748
480831
480929
481079
481243
481504
481636
481756
481842
481954
482052
482189
482567
482732
482961
483064
483179
483324
483424
483569
483682
483738
483814
483899
483969
484041
484138
484243
484318
484442
484526
484615
484697
484801
484930
484992
485087
485193
485572
485649
485842
485937
486046
486122
486235
486352
486445
486559
486661
486739
486851
486935
487086
487160
487225
487319
487402
487510
487599
487702
487832
487961
488077
488280
488480
488854
488947
489161
489229
489562
489641
489884
489956
490194
490288
490415
490636
490716
490833
490952
491109
491243
491352
491447
491589
491718
491791
491944
492062
492234
492309
492398
492481
492622
492702
492843
492910
493066
493153
493377
493550
493607
493816
494088
494178
494320
494403
494541
494610
494700
494797
494947
495104
495202
495339
495436
495512
495621
495717
495850
495992
496075
496307
496392
496484
496622
496780
496966
497033
497112
497227
497346
497456
497549
497686
497781
497982
498082
498155
498238
498444
498519
498711
498784
498940
499073
499168
499262
499408
499497
499698
499797
499875
500017
500131
500319
500404
500469
500598
500653
501005
501577
501657
502059
502096
502181
502280
502328
502409
502450
502585
502630
502725
502872
502921
502975
503801
503861
504271
504474
504539
504586
505142
505192
505227
505262
505314
505369
505448
505490
505535
505589
505640
505684
505742
505806
505921
506482
506963
507074
507369
507507
507596
507673
508035
508125
508253
508343
508494
508671
508807
508892
509026
509337
509513
509986
510063
510217
510275
510725
510966
511030
511118
511192
511293
511365
511482
511617
511735
512676
512824
512982
513193
513277
513448
513545
513668
513877
514012
514068
514188
514295
514369
514463
514590
514746
514854
515066
515187
515486
515536
515746
515850
515974
516340
516835
516986
517096
517302
517415
517500
517575
517702
517785
517888
517999
518111
518190
518276
518370
518459
518542
518658
518755
518863
518935
519014
519092
519232
519343
519452
519609
519860
519939
519990
520129
520392
520722
520864
520995
521057
521200
521290
521382
521498
521562
521674
521782
521854
522334
522429
522632
522729
522818
523051
523125
523304
523384
523516
523674
523764
523908
524012
524226
524378
524481
524774
524981
525069
525153
525227
525362
525467
525731
525824
525910
526009
526086
526402
526544
527022
527116
527193
527364
527768
527874
528091
528197
528362
528457
528632
528816
528903
529014
529115
529301
529397
529516
529609
529706
529958
530199
530345
530497
530588
530789
530961
531188
531284
531502
531734
531805
531869
531946
532022
532183
532322
532381
532495
532580
532657
532834
532925
532998
533099
533208
533309
533420
533505
533602
533720
533798
533881
534011
534111
534208
534587
534651
534837
534928
535087
535310
535428
535488
535657
535797
535868
535931
536044
536154
536221
536289
536364
536486
536555
536736
536874
537046
537127
537215
537292
537365
537455
537558
537681
537763
537864
537942
538041
538139
538220
538358
538432
538646
538739
538823
539017
539090
539292
539349
539733
539794
539928
539988
540140
540274
540403
540503
540599
540672
540789
540911
540958
541031
541118
541184
541276
541402
541559
541664
541991
542181
542259
542543
543155
543368
543521
543564
543776
543911
544031
544103
544183
544279
544402
544544
544765
545027
545103
545222
545353
545536
545576
545674
545820
545898
546000
546559
546640
546781
546915
546966
547053
547109
547163
547431
547701
547809
547867
548039
548088
548263
548562
548601
548706
548757
548861
548909
548962
549004
549067
549108
549179
549221
549260
549313
549359
549395
549449
549503
549538
549600
549721
550324
550375
550429
550488
550541
550597
550809
550864
551052
551237
551323
551398
551576
551624
551758
551893
551956
552044
552114
552192
552242
552288
552321
552369
552572
552661
552723
552776
552841
552914
553179
553355
553543
553619
553713
553795
553968
554386
554511
554636
554693
554834
555147
555292
555530
555663
555723
555834
555897
555962
556166
556282
556479
556593
556671
556804
556905
557064
557330
557473
557573
557645
557763
557853
557935
558199
558465
558541
558604
558658
558930
558997
559121
559404
559483
559640
559986
560041
560115
560188
560381
560571
560864
560946
561085
561147
561256
561311
561380
561432
561495
561555
561617
561689
561789
561838
561909
562153
562290
562374
562447
562507
562602
562656
562722
562784
562843
562963
563029
563127
563260
563410
563487
563539
563658
563789
563865
563955
564018
564151
564249
564310
564366
564425
564499
564564
564629
564784
564910
564955
565011
565082
565330
565520
565997
566543
568285
568436
568630
568795
568864
569153
569276
569378
569524
569664
571707
571819
571903
572161
572728
572794
572850
573032
573073
573223
573314
573802
573837
573877
573947
574067
574139
574183
574245
574288
574319
574404
574550
574605
574668
574702
574739
574776
574858
574973
575006
575143
575794
576996
577057
577158
577514
577596
577938
578012
578111
578251
578332
578403
578596
578826
578896
579124
579255
579308
579382
579500
579561
579625
579754
579818
580067
580270
580438
580506
581324
581779
581883
581954
582146
582212
582390
582470
582638
582830
583003
583477
583555
583630
583680
584044
584242
584962
585037
585364
586535
586664
586805
586865
587150
587307
587405
587501
587579
587774
587939
588227
588293
588651
588842
588930
589017
589829
590181
590363
590898
591208
591609
591703
592103
592356
592463
592587
593404
593530
593841
594279
594435
594632
594713
594801
595069
595128
595268
595342
595427
595848
595920
596172
596354
596597
596774
596916
597051
597266
597510
597681
597924
598025
598111
598253
598490
598681
598797
598884
599188
599334
599495
599795
600633
600755
601023
601121
601206
601572
601693
601892
601962
602153
602256
602370
602464
602549
602658
602758
602999
603134
603423
604023
604079
604189
604308
604871
605056
605130
605256
605383
605584
605652
605714
605819
605911
606009
606088
606162
606363
606581
606776
606929
607383
607485
607803
607914
608039
608127
608246
608338
608480
608554
608854
608909
609093
609224
609297
609430
609665
609796
609930
610089
610248
610413
610542
610671
610731
610921
611234
611372
611440
611640
612011
612471
612528
612674
612837
612934
612997
613089
613218
613339
613772
613931
614010
614113
614184
614309
614376
614549
614625
614907
615275
615524
615734
615858
616034
616096
616243
616326
616452
616839
616949
617005
617161
617302
617371
617625
617735
617867
617972
618328
618398
618511
618632
618836
618950
619010
619115
619203
619267
619413
619542
619748
620087
620161
620220
620303
620372
620513
620643
620723
620810
621085
621303
621807
621875
622173
622367
622469
622651
622710
622796
623029
623113
623282
623349
623551
623614
623857
623934
624123
624578
624778
624862
625053
625148
625234
625303
625490
625609
625765
625820
625895
625998
626092
626165
626361
626433
626526
626820
626922
626994
627134
627249
627308
627602
627708
627941
628054
628115
628221
628305
628539
628647
628778
628849
628983
629165
629251
629410
629472
629528
629621
629694
629987
630191
630631
630741
630807
631059
631331
631399
631486
631561
631663
631935
632047
632133
632315
632396
632588
632662
632743
632922
633013
633151
633391
633515
633819
633882
634151
634318
634447
634681
634783
634840
634950
635044
635129
635306
635504
635636
635692
635802
635894
636012
636111
636198
636362
636454
636584
636656
636803
636985
637047
637101
637288
637369
637434
637614
637697
637790
637928
637999
638102
638188
638266
638401
638479
638598
638750
638827
638964
639153
639249
639380
639527
639650
639764
639848
639952
640030
640316
640509
640578
640670
640741
640857
641138
641363
641685
641879
641999
642055
642174
642273
642369
642455
642513
642724
642885
642960
643089
643175
643263
643393
643457
643558
643625
643759
643966
644140
644237
644297
644384
644533
644709
644789
645042
645105
645305
645407
645543
645872
645960
646064
646128
646249
646341
646602
646762
646877
647011
647112
647183
647374
647494
647632
647689
647781
647864
647971
648151
648392
648465
648549
648643
648737
648958
649037
649255
649336
649437
649546
649621
649727
649973
650105
650250
650371
650460
650557
650668
650739
650810
650907
651255
651354
651430
651622
651890
652014
652102
652196
652289
652397
652631
652704
652806
653029
653102
653177
653273
653480
653538
653728
653802
653947
653999
654100
654207
654317
654550
654672
654858
654924
655472
655609
655690
655982
656046
656190
656259
656411
656512
656705
656878
657058
657326
657410
657539
657663
657721
657813
657897
658011
658152
658298
658413
658484
658561
658659
658798
658872
658942
659034
659187
659293
659412
659488
659648
659688
659731
659858
659938
660208
660353
660443
660503
660589
660727
660925
661027
661135
661199
661373
661449
661639
661739
661843
661999
662062
662168
662220
662279
662394
662545
662590
662663
662727
662816
662889
663215
663330
663457
663557
663795
663986
664035
664338
664452
664693
665001
665243
665666
665749
665885
665944
666007
666108
666308
666376
666516
666605
666785
666917
667171
667419
667588
667705
667819
667913
668115
668376
668467
668709
668836
669109
669203
669290
669348
669430
669730
670012
670104
670243
670373
670524
670625
670878
670960
671105
671327
671487
671552
671648
671718
671758
671969
672133
672197
672295
672391
672484
672572
672678
672784
672912
672992
673308
673395
673588
673655
673790
673878
674009
674113
674370
674479
674556
674634
674692
674774
674994
675095
675239
675314
675410
675486
675575
675714
675864
676093
676186
676383
676587
676659
676735
676819
676894
676991
677117
677329
677545
677683
677818
678001
678078
678180
678267
678392
678488
678820
678929
678990
679086
679151
679292
679392
679574
679649
679876
679940
680024
680100
680246
680383
680442
680541
680703
680903
680992
681181
681255
681362
681440
681507
681566
681689
681850
681920
682081
682438
682577
682677
682793
682893
683114
683329
683588
683677
683883
683950
684039
684117
684211
684430
684624
684774
684858
685012
685100
685205
685293
685390
685500
685570
685716
685811
685891
685973
686040
686155
686251
686314
686396
686493
686601
686855
686932
687066
687250
687347
687511
687603
687857
687954
688071
688158
688213
688524
688616
688702
688795
688867
688932
689002
689150
689215
689274
689342
689473
689576
689683
689752
689844
690050
690127
690217
690318
690439
690679
690842
690918
690979
691136
691206
691564
691790
691854
691931
692312
692784
692933
693011
693592
693799
693998
694449
695464
695544
695898
696085
696260
696508
696950
697107
697213
697393
697595
697841
697974
698006
698058
698213
698271
698406
698810
698949
699099
699202
699431
699533
700076
700169
700302
700353
700488
700557
700694
701253
701324
701406
701486
701548
701683
701902
702161
702227
702308
702388
702569
702790
702869
702952
703031
703196
703421
703518
703586
703677
703768
703865
703953
704162
704295
704479
704682
704908
705213
705278
705360
705466
705728
705878
706117
706193
706543
706649
706821
706913
707104
707400
708119
708206
708570
708713
708765
708947
709015
709072
709154
709511
709614
709765
709848
709961
710178
710236
710310
710367
710495
710586
710748
710909
711084
711192
711298
711401
711703
711776
711848
711971
712026
712093
712162
712226
712317
712437
712492
712696
712815
712910
713058
713124
713214
713405
713476
713556
713682
713825
714028
714151
714384
714565
714766
715019
715140
715255
715408
715468
715594
715657
715752
715852
715936
716016
716117
716314
716430
716589
717031
717169
717256
717538
717661
717757
717845
718075
718198
718341
718505
718582
718648
718796
718948
719046
719407
719506
719621
719753
719820
719919
719987
720169
720433
720557
720731
720902
720955
721069
721277
721378
721573
721685
721936
722115
722256
722519
722622
722738
722823
722886
722994
723137
723267
723411
723570
723788
723914
724079
724166
724275
724337
724427
724588
724683
724923
725004
725095
725172
725287
725506
725568
725723
725818
725917
725991
726118
726883
727612
727796
727926
728092
728341
728561
728622
728688
728774
728899
729032
729112
729206
729405
729582
729775
729867
729991
730079
730247
730350
730430
730543
730663
730774
730850
730928
731102
731172
731236
731342
731418
731590
731742
731829
731912
732264
732405
732513
732640
732753
732870
733005
733126
733438
733809
733871
733948
734045
734299
734389
734510
734625
734982
735060
735300
735392
735513
735609
735688
735766
735844
735936
736098
736144
736288
736459
736638
736727
736837
736958
737266
737331
737424
737521
737593
737665
737806
737873
737995
738056
738151
738263
738383
738655
738806
738962
739245
739543
739620
739752
739838
739927
740064
740150
740277
740385
740455
740550
740851
741073
741142
741211
741276
741406
741611
741740
741851
741928
742021
742087
742188
742325
742416
742504
742608
742862
743137
743389
743471
743566
743680
743789
744014
744150
744262
744381
744515
744622
744779
744882
745103
745157
745266
745323
745403
745519
745637
745723
745809
745900
746040
746334
746394
746486
746593
746719
746790
746879
746954
747018
747089
747275
747356
747418
747523
747599
747704
747764
747845
747915
748009
748143
748229
748304
748390
748567
748677
748733
748786
748864
750108
750304
750548
750633
750721
750776
750845
750903
751014
751397
751490
751579
751716
751794
751876
751956
752041
752099
752214
752293
752394
752599
752727
752863
753044
753092
753152
753323
753387
753500
753616
753678
753761
753881
753956
754113
754210
754264
754329
754407
754534
754617
754815
755000
755287
755420
755508
755586
755653
755719
755805
755959
756118
756223
756330
756395
756447
756578
756696
756770
756880
756957
757052
757228
757372
757430
757643
757764
757858
757985
758085
758194
758313
758491
758599
758716
758847
758932
759266
759414
759582
759643
759713
759791
759905
760030
760107
760158
760238
760362
760506
760602
760762
760989
761067
761264
761379
761547
761740
761829
762065
762155
762264
762339
762454
762567
762638
762704
762772
762892
762987
763074
763179
763264
763427
763512
763651
763703
763847
763937
764047
764176
764277
764384
764513
764598
764673
764769
764882
764986
765245
765356
765427
765533
765603
765712
765870
765980
766082
766156
766327
766608
766753
766837
766954
767179
767256
767378
767554
767648
767785
767863
767956
768035
768184
768251
768314
768377
768471
768604
768748
768827
768895
769058
769129
769211
769489
769577
769698
769777
769918
769985
770118
770210
770313
770392
770562
770685
770751
770826
770997
771108
771208
771301
771505
771578
771675
771775
771876
771927
772088
772338
772457
772759
772859
772913
772995
773150
773288
773365
773708
774020
774178
774243
774329
774516
774664
774770
774838
774931
775028
775129
775237
775467
775564
775701
775818
775951
776182
776252
776325
776462
776533
776628
776825
776881
776950
777031
777139
777242
777308
777460
777543
777651
777717
777801
777883
777959
778050
778157
778498
778570
778650
778736
778842
778931
779039
779242
779472
779553
779633
779703
779771
780105
780268
780356
780422
780493
780585
780726
780805
780920
781056
781102
781161
781311
781402
781495
781577
781671
781741
781845
781931
782128
782360
782680
782739
782804
782880
783059
783120
783189
783265
783343
783422
783626
783694
783765
783846
783926
783981
784146
784208
784276
784547
784658
784742
784822
784931
784999
785175
785232
785401
785493
785808
785880
785973
786115
786206
786332
786413
786495
786579
786860
786922
786995
787401
787481
787550
787633
787705
787786
787864
788001
788295
788456
788547
788647
788716
788776
788850
788916
788979
789030
789288
789377
789514
789637
789744
789830
789972
790054
790115
790201
790303
790448
790615
790723
790925
791056
791241
791321
791461
791585
791669
791754
791848
792021
792097
792166
792271
792408
792482
792652
792767
792902
792980
793089
793156
793243
793326
793391
793426
793653
793758
793846
793941
794042
794201
794426
794485
794582
794812
794918
795023
795144
795347
795437
795538
795856
796008
796080
796156
796230
796298
796375
796439
796504
796603
796674
797043
797128
797202
797278
797350
797427
797489
797630
797691
797906
798029
798096
798173
798272
798446
798584
798649
798753
798905
799013
799164
799243
799364
799522
799618
799747
799879
799955
800105
800164
800248
800313
800419
800639
800729
800809
800904
800986
801081
801171
801434
801657
801851
802006
802113
802205
802452
802545
802651
802815
802953
803056
803242
803360
803488
803565
803862
803943
804080
804142
804228
804307
804428
804544
804681
804777
804908
804991
805083
805170
805260
805346
805408
805492
805599
805746
805853
805918
806018
806114
806182
806409
806670
806759
806857
806927
807000
807100
807182
807297
807366
807430
807510
807586
807639
807746
807828
807894
808230
808305
808376
808442
808538
808677
808760
808942
809173
809268
809346
809469
809543
809653
809822
810150
810272
810390
810636
810704
810861
810957
811071
811155
811253
811358
811536
811832
811935
812063
812239
812497
812535
812654
812869
813452
813851
815079
815199
815372
815568
815758
815835
815955
816016
816078
816155
816612
816737
816803
816874
817112
817191
817262
817385
817461
817918
817966
818048
818224
818530
818611
818733
818806
818914
818988
819290
819418
819715
819795
820054
820356
820461
820626
820745
820855
820930
821119
821214
821278
821423
821555
821880
821969
822129
822692
822826
823019
823091
823264
823330
823425
823514
823610
823670
823734
823845
823926
824044
824106
824236
824326
824436
824522
824636
825123
825228
825314
825431
825592
825759
826028
826221
826403
826487
826701
826781
826931
827191
827712
827777
827843
828079
828152
828251
828319
828516
828584
828804
829068
829222
829460
829674
829851
830086
830199
830281
830357
830467
830666
830992
831042
831145
831232
831527
831591
831653
831787
831889
832087
832207
832324
832502
832581
832659
832832
832925
832999
833084
833231
833408
833598
833703
833775
833874
834019
834256
834397
834510
834566
834634
834880
834987
835219
835285
835411
836086
836548
836674
836746
836844
836925
836992
837086
837217
837311
837403
837491
837710
837789
837893
837953
838121
838501
838708
838819
838988
839069
839143
839226
839425
839539
839702
839769
840107
840202
840270
840343
840689
840818
841022
841082
841159
841230
841304
841456
841548
841664
841805
842053
842178
842439
842525
842662
842776
842922
842977
843088
843164
843292
843361
843461
843591
843732
843863
844025
844148
844217
844348
844480
844546
844648
844756
844848
845008
845115
845200
845354
845426
845512
845636
845736
845921
846270
846394
846500
846673
846760
846872
846959
847048
847139
847247
847353
847532
847731
847845
847985
848103
848305
848434
848553
848680
848777
848870
848988
849103
849182
849533
849814
849942
850078
850260
850325
850380
850438
850530
850659
850727
850907
851094
851218
851376
851456
851517
851659
851719
851789
851898
852059
852238
852376
852507
852600
852673
852861
852915
853008
853112
853191
853258
853379
853462
853666
853847
853935
853991
854071
854216
854324
854408
854504
854608
854833
854971
855095
855440
855531
855683
855852
855982
856100
856243
856385
856465
856540
856741
856851
857035
857110
857181
857730
857806
858052
858121
858188
858408
858494
858562
858644
858787
859062
859188
859444
859507
859695
859797
860093
860183
860429
860562
860647
860739
860852
860951
861069
861313
861405
861507
861634
861694
861775
861879
862068
862204
862284
862350
862419
862555
862712
862866
863129
863282
863452
863755
863869
864168
864222
864307
864462
864532
864635
865028
865083
865152
865236
865309
865371
865466
865551
866063
866139
866221
866379
866704
866951
867052
867134
867379
867487
867773
867839
867934
868105
868316
868430
868675
868793
868894
869182
869277
869470
869522
869607
869691
869751
869908
869982
870150
870235
870306
870366
870716
870789
871151
871302
871622
871797
871976
872195
872325
872438
872555
872664
872864
873119
873215
873400
873481
873629
873745
873817
874044
874108
874166
874247
874457
874810
874907
874982
875039
875355
875726
875873
875955
876126
876609
876680
876794
877116
877185
877260
877570
877785
877892
878017
878069
878167
878221
878314
878379
878493
878573
878731
878894
879251
879325
879408
879471
879624
879717
879818
880047
880273
880341
880480
880567
880677
880766
880905
880938
881039
881259
881401
881520
881660
881901
881972
882162
882222
882306
882482
882544
882725
882785
882875
882982
883128
883209
883283
883361
883453
883541
883687
883762
883900
883995
884087
884275
884350
884565
884654
884744
884909
885539
885592
885830
885895
886199
886440
886493
886558
886637
886714
886860
886928
887063
887171
887249
887333
887419
887538
887633
887734
887788
887855
887954
888031
888127
888259
888526
888720
888861
888927
889016
889107
889379
889456
889578
889710
889812
889924
890003
890182
890276
890369
890454
890534
890713
890788
890886
891059
891131
891255
891320
891406
891467
891556
891677
891788
891901
891997
892066
892146
892236
892300
892386
892539
892652
892866
892936
893009
893110
893179
893352
893436
893523
893639
893712
893911
893998
894061
894208
894369
894472
894551
894640
894749
894900
894978
895262
895356
895420
895723
895816
895913
896023
896075
896149
896217
896309
896405
896559
896633
896745
896849
896956
897127
897193
897283
897543
897691
897854
898053
899065
899137
899205
899291
899393
899515
899587
899785
899894
899972
900067
900138
900206
900263
900338
900402
900467
900573
900672
900740
900820
900951
901041
901262
901326
901459
901566
901729
901804
901884
901958
902043
902119
902188
902326
902386
902438
902502
902591
902682
902790
903002
903114
903188
903341
903486
903572
903737
903866
903939
904089
904181
904278
904485
904535
904743
904904
905018
905121
905284
905352
905427
905535
905663
905751
905842
905920
906303
906402
906551
906667
906763
906901
907068
907201
907489
907581
907752
907870
907989
908062
908127
908341
908548
908702
908808
908915
908975
909131
909189
909268
909357
909423
909493
909569
909685
909742
909817
909938
910027
910104
910257
910376
910525
910786
910959
911072
911247
911349
911489
911550
911632
911702
911802
912263
912365
912428
912516
912656
912785
912873
913008
913088
913271
913417
913540
913601
913687
913751
913823
913949
914020
914181
914405
914563
914643
914737
914817
914920
915024
915142
915289
915364
915471
915533
915745
915817
915938
916011
916152
916222
916298
916364
916490
916630
916768
916824
916892
917052
917151
917349
917521
917602
917714
917829
917889
918055
918202
918289
918389
918468
918552
918683
918757
918860
918995
919066
919143
919521
920279
920389
920706
921183
921268
921446
921509
921651
921717
921788
921860
921958
922038
922104
922326
922442
922613
922678
923043
923125
923385
923496
923587
923679
923810
923886
924191
924266
924329
924405
924475
924590
924666
924744
924868
925012
925130
925294
925371
925487
925716
925822
925904
926026
926110
926234
926332
926418
926526
926597
926694
926840
926896
926999
927269
927406
927586
927732
927793
927888
928024
928095
928233
928300
928368
928444
928505
928588
928669
928753
928862
928989
929164
929245
929440
929574
929756
929859
930040
930162
930337
930414
930506
930659
930765
930832
930941
931018
931111
931176
931316
931399
931563
931726
931820
931914
932028
932161
932245
932443
932538
932721
932815
932959
933065
933169
933266
933385
933445
933595
933708
933791
933866
933964
934104
934213
934341
934465
934534
934617
934700
934797
934873
934947
935131
935300
935395
935502
935626
935791
935899
935976
936057
936201
936286
936366
936568
936743
936815
936912
937035
937104
937218
937297
937423
937488
937686
937802
937956
938071
938197
938273
938352
938454
938548
938627
938770
938906
939104
939184
939411
939519
939595
939655
939811
939870
939951
940136
940325
940408
940547
940626
940722
940888
941024
941079
941157
941227
941353
941503
941578
941653
941740
941816
941913
942047
942247
942302
942413
942516
942786
942916
943004
943193
943260
943424
943559
943625
943733
943921
943996
944219
944343
944391
944473
944565
944676
944747
944840
944980
945090
945149
945216
945311
945404
945496
945620
945716
945846
945982
946039
946100
946163
946238
946372
946546
946680
946788
947007
947075
947206
947313
947582
947668
947781
947875
948002
948076
948183
948266
948323
948426
948538
948662
948745
948918
949000
949123
949197
949421
949534
949610
949662
949750
950129
950235
950428
950694
950848
951079
951173
951517
951615
951694
951754
951864
951957
952235
952473
952607
952665
952750
952863
952973
953108
953269
953327
953462
953543
953674
953840
954010
954157
954277
954321
954380
954516
954630
954819
955045
955129
955243
955469
955557
955677
955750
955896
956123
956273
956352
956428
956542
956612
956697
956809
956935
957018
957086
957164
957241
957337
957471
957543
957648
957776
957937
958041
958131
958222
958342
958432
958506
958664
958753
958873
959073
959234
959313
959514
959597
959669
959742
959828
959932
960048
960133
960208
960315
960411
960695
960763
960894
960984
961177
961247
961329
961401
961469
962079
962201
962520
962731
962823
962880
963000
963116
963188
963246
963295
963380
963450
963517
963686
963814
964133
964196
964256
964335
964421
964519
964644
964762
964867
965038
965123
965375
965462
965585
965690
965768
965855
965945
966014
966100
966173
966283
966450
966566
966774
966843
966908
967077
967306
967455
967565
967655
967920
967987
968066
968300
968442
968666
968807
968936
969100
969188
969402
969519
969639
969737
969908
969954
970056
970161
970282
970379
970497
970576
970756
970887
970938
971055
971132
971231
971463
971541
971738
971965
972031
972134
972259
972417
972496
972557
972643
972909
973009
973124
973208
973362
973472
973789
974181
974255
974636
974752
974892
974986
975196
975306
975399
975853
976802
976867
976999
977169
977255
977360
977431
977713
977820
977884
977970
978064
978135
978204
978385
978456
978704
978766
978833
979061
979152
979395
979464
979593
979743
979828
980031
980109
980252
980310
980406
980531
980723
980818
980896
980981
981064
981165
981277
981411
981777
981851
981963
982032
982151
982249
982423
982515
982622
982692
982951
983086
983453
983513
983596
983685
983794
983932
984217
984315
984487
984669
984726
984955
985032
985110
985575
985631
985720
985801
985935
986178
986262
986373
986600
986738
986808
986930
987005
987094
987349
987693
987784
987862
987966
988121
988273
988375
988495
988563
988707
988983
989060
989163
989279
989500
989674
989851
989964
990028
990141
990244
990335
990525
990597
990670
990786
990894
990965
991031
991089
991166
991240
991322
991389
991535
991764
992127
992209
992317
992383
992561
992617
992760
993036
993105
993250
993392
993569
993643
993790
993843
993948
994160
994458
994629
994707
994794
994965
995072
995262
995463
995557
995715
995906
996108
996248
996457
996510
996590
996810
996893
997123
997175
997239
997310
997628
997734
998009
998063
998152
998311
998393
998457
998516
998618
998675
998749
998839
998985
999130
999217
999316
999554
999647
999745
999947
1000011
1000157
1000247
1000352
1000545
1000619
1000709
1000842
1000919
1000976
1001275
1001346
1001432
1001585
1001675
1001815
1001940
1002020
1002085
1002294
1002389
1002446
1002530
1002773
1002964
1003096
1003129
1003357
1003449
1003604
1003737
1003987
1004079
1004190
1004327
1004427
1004519
1004585
1004670
1004830
1004998
1005252
1005371
1005436
1005740
1005809
1005897
1005966
1006118
1006216
1006396
1006514
1006626
1006833
1007186
1007377
1007455
1007537
1007631
1007835
1007879
1007954
1008025
1008119
1008315
1008435
1008489
1008540
1008672
1008947
1009037
1009123
1009193
1009259
1009345
1009415
1009659
1009773
1010100
1010168
1010246
1010365
1010434
1010497
1010592
1010951
1011051
1011110
1011382
1011482
1011564
1011659
1011733
1011801
1011868
1011989
1012051
1012120
1012264
1012351
1012648
1012746
1012861
1013074
1013131
1013227
1013368
1013468
1013531
1013602
1013738
1013797
1013910
1013996
1014136
1014210
1014374
1014645
1014727
1015626
1015772
1015945
1016048
1016127
1016161
1016407
1016513
1016587
1016887
1017081
1017172
1017256
1017342
1017423
1017619
1017699
1017767
1017873
1017930
1018038
1018118
1018175
1018244
1018500
1018714
1018903
1019004
1019237
1019334
1019428
1019506
1019568
1019630
1019687
1019769
1019847
1020027
1020245
1020307
1020371
1020433
1020508
1020608
1020860
1021033
1021250
1021663
1021768
1021842
1021998
1022151
1022237
1022352
1022467
1022542
1022647
1022736
1022812
1022954
1023030
1023086
1023159
1023262
1023394
1023474
1023585
1023665
1023751
1023829
1023994
1024048
1024154
1024234
1024321
1024433
1024528
1024637
1024725
1024835
1024950
1025024
1025142
1025313
1025517
1025638
1025703
1025865
1025969
1026022
1026092
1026212
1026277
1026350
1026423
1026503
1026609
1026806
1026866
1026935
1027033
1027228
1027287
1027347
1027485
1027620
1027717
1027862
1027942
1028042
1028121
1028233
1028361
1028430
1028495
1028571
1028659
1028829
1028926
1029014
1029155
1029256
1029379
1029444
1029593
1029662
1029719
1029784
1029875
1030045
1030107
1030180
1030405
1030504
1030618
1030762
1030846
1031066
1031160
1031241
1031318
1031418
1031516
1031602
1031695
1031775
1031961
1032021
1032159
1032305
1032557
1032646
1032749
1032918
1033011
1033064
1033167
1033339
1033413
1033513
1033698
1033783
1033871
1033996
1034051
1034258
1034358
1034472
1034535
1034661
1034763
1034861
1034980
1035089
1035312
1035448
1035567
1035628
1035734
1035813
1035951
1036020
1036200
1036368
1036641
1036794
1036860
1036990
1037093
1037188
1037259
1037358
1037410
1037506
1037732
1037819
1037911
1038002
1038064
1038180
1038235
1038435
1038612
1038708
1038776
1038845
1038943
1039024
1039086
1039153
1039350
1039454
1039608
1039764
1039844
1040053
1040280
1040408
1040500
1040603
1040692
1040818
1040921
1041001
1041153
1041217
1041411
1041471
1041582
1041663
1041771
1041851
1041953
1042036
1042127
1042219
1042308
1042403
1042459
1042727
1042871
1043157
1043359
1043439
1043511
1043600
1043890
1043939
1044018
1044113
1044290
1044343
1044634
1045085
1045179
1045526
1045851
1045995
1046146
1046364
1046487
1046570
1046698
1046817
1046898
1046999
1047086
1047150
1047217
1047343
1047466
1047550
1047668
1047825
1047914
1048088
1048156
1048260
1048320
1048436
1048597
1048682
1048815
1048896
1049249
1049425
1049551
1049650
1049921
1049985
1050167
1050247
1050417
1050539
1050612
1050717
1050913
1051068
1051153
1051248
1051327
1051433
1051553
1051636
1051884
1052017
1052113
1052213
1052485
1052609
1052817
1052963
1053056
1053346
1053576
1053683
1053843
1053920
1054027
1054201
1054292
1054364
1054421
1054486
1054556
1054681
1054763
1054847
1054919
1055025
1055143
1055268
1055366
1055492
1055571
1055747
1055845
1055970
1056046
1056226
1056328
1056504
1056642
1056741
1056928
1057025
1057161
1057327
1057428
1057504
1057596
1057648
1057712
1057814
1057918
1058036
1058098
1058205
1058294
1058359
1058734
1058797
1058859
1058935
1059025
1059147
1059210
1059395
1059619
1059679
1059825
1060025
1060222
1060362
1060489
1060591
1060688
1061071
1061111
1061291
1061350
1061424
1061513
1061615
1061803
1061882
1061982
1062132
1062219
1062324
1062392
1062494
1062598
1062689
1062757
1062872
1062965
1063203
1063311
1063474
1063536
1063705
1063903
1064005
1064077
1064145
1064398
1064481
1064714
1065363
1065441
1065516
1065637
1065699
1065834
1065953
1066079
1066131
1066245
1066445
1066515
1066688
1067183
1067319
1067387
1067465
1067791
1068095
1068151
1068253
1068340
1068548
1068644
1068748
1068833
1068916
1069011
1069096
1069288
1069426
1069496
1069634
1069729
1069842
1069910
1070085
1070255
1070368
1070431
1070518
1070576
1070693
1070773
1070870
1070944
1071040
1071111
1071174
1071279
1071350
1071413
1071497
1071579
1071685
1071764
1071876
1071943
1072108
1072185
1072255
1072421
1072614
1072697
1072878
1073150
1073364
1073415
1073544
1073801
1073899
1073987
1074147
1074233
1074330
1074401
1074595
1074769
1074867
1074933
1075084
1075305
1075412
1075548
1075666
1075762
1075851
1075964
1076033
1076098
1076325
1076401
1076496
1076601
1076818
1077133
1077246
1077336
1077395
1077504
1077602
1077641
1077818
1077906
1078017
1078131
1078370
1078451
1078538
1078627
1078719
1078795
1078965
1079052
1079196
1079265
1079402
1079473
1079564
1079679
1079812
1079910
1080251
1080359
1080662
1080747
1080824
1080924
1081025
1081096
1081197
1081291
1081353
1081465
1081570
1081633
1081737
1081846
1081913
1081983
1082061
1082281
1082369
1082485
1082587
1082709
1082803
1082896
1082987
1083096
1083217
1083322
1083408
1083496
1083599
1083736
1083807
1083890
1084024
1084138
1084361
1084469
1084563
1084650
1084725
1084792
1084878
1084994
1085104
1085722
1085789
1085870
1085951
1086037
1086123
1086308
1086361
1086463
1086648
1086753
1086840
1086921
1087064
1087246
1087340
1087413
1087487
1087592
1087761
1087970
1088022
1088125
1088206
1088280
1088367
1088429
1088485
1088584
1088649
1088719
1088803
1088875
1088964
1089103
1089206
1089316
1089424
1089553
1089641
1089920
1090010
1090166
1090241
1090367
1090447
1090552
1090709
1090782
1090816
1091000
1091180
1091357
1091444
1091572
1091642
1091783
1091873
1091945
1092089
1092181
1092326
1092384
1092596
1092713
1092811
1092905
1093011
1093130
1093206
1093313
1093428
1093525
1093628
1093722
1093862
1093957
1094105
1094197
1094255
1094345
1094396
1094527
1094695
1094774
1094873
1094981
1095080
1095159
1095275
1095330
1095442
1095710
1095768
1095826
1095909
1095994
1096052
1096111
1096188
1096261
1096363
1096424
1096552
1096606
1096672
1096737
1096838
1097055
1097130
1097257
1097371
1097476
1097540
1097650
1097759
1097898
1097993
1098116
1098248
1098392
1098724
1098792
1098879
1098972
1099053
1099230
1099342
1099428
1099500
1099561
1099613
1099675
1099742
1099797
1099854
1099916
1099998
1100213
1100321
1100431
1100501
1100564
1100765
1100858
1101011
1101272
1101376
1101456
1101545
1101622
1101714
1101832
1101975
1102041
1102131
1102213
1102292
1102462
1102532
1102599
1102715
1102825
1102915
1103006
1103064
1103158
1103290
1103379
1103479
1103559
1103620
1103705
1103875
1103964
1104074
1104201
1104284
1104472
1104548
1104662
1104761
1104863
1104948
1105125
1105314
1105374
1105438
1105504
1105574
1105634
1105758
1105845
1105938
1106067
1106166
1106230
1106316
1106528
1106681
1106824
1106898
1107104
1107171
1107234
1107338
1107521
1107633
1107716
1107815
1107914
1108055
1108117
1108214
1108284
1108401
1108453
1108631
1108839
1108901
1108983
1109112
1109183
1109296
1109389
1109465
1109583
1109776
1109859
1110112
1110227
1110277
1110436
1110614
1110707
1110789
1110888
1111126
1111217
1111322
1111393
1111466
1111542
1111616
1111680
1111856
1111949
1112076
1112280
1112366
1112579
1112665
1112734
1112798
1112931
1113007
1113137
1113261
1113421
1113570
1113701
1113768
1113926
1113998
1114076
1114148
1114240
1114323
1114489
1114596
1114751
1114815
1114901
1114992
1115066
1115182
1115464
1115540
1115624
1115727
1115838
1115913
1116003
1116125
1116190
1116280
1116369
1116443
1116528
1116597
1116747
1116851
1116945
1117213
1117292
1117413
1117488
1117581
1117655
1117765
1117913
1118032
1118110
1118187
1118267
1118362
1118488
1118545
1118609
1118678
1118796
1118877
1118949
1119098
1119197
1119318
1119406
1119515
1119638
1119741
1119872
1119994
1120089
1120164
1120421
1120493
1120615
1120807
1120865
1120917
1120993
1121052
1121137
1121199
1121255
1121309
1121385
1121446
1121507
1121573
1121639
1121781
1121908
1122008
1122070
1122152
1122229
1122315
1122375
1122522
1122586
1122763
1122913
1122984
1123124
1123247
1123334
1123416
1123546
1123670
1124019
1124092
1124159
1124249
1124334
1124443
1124543
1124668
1124741
1124822
1124926
1125023
1125077
1125139
1125212
1125292
1125411
1125484
1125833
1126199
1126333
1126508
1126647
1126721
1126820
1126941
1127106
1127272
1127370
1127433
1127542
1127619
1127713
1127848
1127930
1128023
1128080
1128148
1128209
1128288
1128372
1128448
1128511
1128610
1128676
1128845
1128914
1128989
1129078
1129153
1129279
1129353
1129430
1129498
1129615
1129736
1129902
1129977
1130124
1130270
1130391
1130457
1130567
1130647
1130747
1130844
1130914
1131001
1131148
1131234
1131300
1131375
1131460
1131561
1131646
1131773
1131834
1131925
1132004
1132065
1132129
1132211
1132291
1132419
1132509
1132643
1132871
1132935
1133000
1133073
1133181
1133293
1133475
1133598
1133765
1133852
1133927
1134032
1134168
1134262
1134365
1134473
1134570
1134683
1134762
1134826
1134891
1134949
1135063
1135138
1135219
1135346
1135511
1135697
1135894
1136026
1136241
1136316
1136394
1136459
1136541
1136646
1136789
1136952
1137055
1137124
1137193
1137297
1137457
1137557
1137639
1137703
1137790
1137859
1137945
1138041
1138103
1138214
1138268
1138358
1138470
1138702
1138824
1139433
1139570
1139665
1139778
1139859
1139944
1140116
1140201
1141312
1141401
1141592
1141858
1142676
1143121
1143278
1143376
1143575
1143648
1143740
1143825
1144169
1144227
1144420
1144938
1145009
1145107
1145174
1145302
1145505
1145614
1145711
1145859
1145918
1146033
1146129
1146188
1146275
1146379
1146816
1146875
1146979
1147081
1147259
1147388
1147437
1147501
1147599
1147740
1147867
1147977
1148047
1148139
1148324
1148427
1148598
1148825
1148925
1149148
1149235
1149472
1149556
1149681
1149919
1149970
1150119
1150281
1150530
1150590
1150666
1150849
1150911
1150978
1151093
1151190
1151361
1151469
1151553
1151651
1151761
1152048
1152170
1152414
1152593
1152792
1152914
1152994
1153261
1153478
1153579
1153667
1153783
1153994
1154505
1154630
1154858
1154997
1155063
1155160
1155235
1155335
1155426
1155501
1155693
1155786
1155923
1156066
1156157
1156251
1156330
1156399
1156568
1156851
1157000
1157189
1157401
1157495
1157679
1157762
1157856
1157949
1158054
1158145
1158229
1158278
1158354
1158406
1158513
1158637
1158735
1158859
1158951
1159009
1159087
1159265
1159331
1159559
1160067
1160168
1160311
1160390
1160479
1160583
1160683
1160783
1160851
1160927
1161054
1161191
1161339
1161406
1161495
1161650
1161761
1161929
1162052
1162187
1162262
1162353
1162526
1162732
1162878
1162970
1163063
1163346
1163430
1163522
1163624
1163802
1163867
1163943
1164131
1164286
1164346
1164551
1164716
1164815
1164955
1165039
1165157
1165263
1165347
1165412
1165566
1165812
1165886
1165944
1166010
1166125
1166309
1166379
1166454
1166540
1166717
1166915
1167024
1167249
1167317
1167588
1167654
1167745
1167809
1167998
1168129
1168266
1168338
1168398
1168742
1168838
1168973
1169060
1169182
1169241
1169386
1169462
1169544
1169603
1169695
1169762
1169913
1169986
1170056
1170304
1170638
1170765
1170881
1170975
1171133
1171245
1171509
1171587
1171720
1171804
1171900
1172033
1172258
1172340
1172491
1172567
1172647
1172752
1172924
1173025
1173088
1173138
1173193
1173318
1173387
1173455
1173536
1173620
1173692
1173761
1173854
1173927
1174020
1174135
1174241
1174315
1174410
1174540
1174649
1174807
1174868
1174946
1175027
1175145
1175222
1175294
1175377
1175495
1175572
1175651
1175732
1175857
1175985
1176068
1176192
1176288
1176414
1176512
1176564
1176645
1176734
1176889
1177028
1177102
1177191
1177270
1177351
1177468
1177544
1177638
1177742
1177824
1177910
1177993
1178146
1178204
1178261
1178341
1178496
1178568
1178637
1178699
1178762
1178834
1178978
1179060
1179278
1179382
1179449
1179562
1179659
1179773
1179967
1180035
1180167
1180225
1180289
1180360
1180471
1180574
1180650
1180800
1180855
1180921
1181121
1181246
1181301
1181377
1181603
1181688
1181762
1181833
1181917
1182012
1182089
1182297
1182980
1183034
1183154
1183282
1183382
1183484
1183545
1183637
1183717
1183818
1183887
1184011
1184230
1184302
1184349
1184426
1184535
1184632
1184771
1184898
1184969
1185023
1185271
1185380
1185451
1185574
1185632
1185803
1185870
1185944
1186082
1186171
1186277
1186426
1186484
1186567
1186635
1186722
1186796
1186880
1186954
1187037
1187197
1187356
1187433
1187606
1187692
1187767
1187903
1188053
1188179
1188331
1188404
1188535
1188622
1188732
1188829
1188931
1189351
1189552
1189658
1189745
1189829
1189972
1190035
1190098
1190248
1190374
1190480
1190599
1190683
1190758
1190822
1190910
1190999
1191358
1191459
1191575
1191778
1191903
1192077
1192190
1192322
1192531
1192613
1192698
1192800
1193008
1193101
1193207
1193320
1193420
1193504
1193619
1193704
1193822
1193892
1193962
1194220
1194336
1194436
1194497
1194565
1194630
1194739
1194836
1194916
1194974
1195103
1195192
1195258
1195358
1195416
1195511
1195621
1195682
1195762
1195950
1196054
1196327
1196610
1196884
1196956
1197074
1197172
1197242
1197316
1197401
1197485
1197559
1197610
1197703
1197952
1198200
1198384
1198466
1198589
1198644
1198726
1198824
1198924
1199038
1199117
1199219
1199289
1199455
1199533
1199575
1199687
1199843
1199947
1200105
