8
42
55
69
98
127
135
157
181
198
204
205
217
224
259
297
314
440
465
478
519
538
556
577
590
607
685
725
737
824
844
881
948
979
1018
1033
1070
1088
1097
1104
1125
1151
1168
1187
1198
1210
1213
1219
1224
1228
1229
1245
1254
1277
1491
1527
1547
1710
1757
1810
1830
1849
1861
1891
1972
2019
2050
2076
2110
2132
2190
2239
2249
2263
2270
2286
2296
2306
2324
2342
2410
2424
2528
2554
2593
2770
2809
2867
2879
2901
2953
2985
3019
3092
3126
3192
3210
3269
3283
3305
3341
3356
3392
3410
3460
3476
3495
3518
3558
3588
3696
3725
3732
3748
3780
3812
3819
3873
3898
3911
3943
4123
4129
4171
4182
4248
4319
4359
4403
4423
4490
4517
4639
4659
4726
4822
4913
5025
5102
5121
5217
5231
5259
5282
5338
5347
5368
5377
5386
5431
5443
5524
5567
5608
5631
5656
5673
5713
5907
5976
6000
6038
6054
6073
6107
6123
6158
6188
6222
6359
6370
6397
6446
6471
6495
6501
6503
6522
6535
6556
6583
6608
6631
6642
6649
6662
6672
6686
6729
6741
6756
6771
6798
6828
6835
6882
6899
6909
6932
6978
7073
7140
7165
7185
7202
7215
7231
7248
7290
7304
7321
7347
7378
7393
7447
7493
7546
7620
7661
7732
7761
7780
7813
7882
7919
8122
8141
8206
8344
8400
8481
8554
8722
8787
8807
8845
8892
9022
9037
9064
9171
9433
9452
9576
9689
9732
9832
9860
9888
9908
9921
9939
9961
10001
10045
10144
10176
10414
10440
10572
10759
10920
10949
10988
11025
11129
11193
11232
11259
11305
11316
11323
11346
11356
11368
11381
11389
11425
11504
11650
11718
11773
11805
11846
11990
12074
12117
12153
12205
12275
12304
12366
12401
12446
12463
12510
12581
12724
12734
12753
12770
12780
12787
12799
12807
12820
12862
12872
12883
12902
12920
12976
13043
13114
13139
13295
13321
13354
13381
13418
13496
13500
13548
13580
13590
13594
13615
13636
13659
13677
13730
13817
13861
13886
13915
13972
14026
14098
14191
14245
14312
14327
14339
14356
14386
14420
14479
14572
14590
14716
14734
14788
14899
14931
14949
14997
15028
15103
15112
15132
15148
15162
15234
15342
15368
15383
15394
15463
15471
15499
15750
15782
16014
16082
16094
16117
16147
16174
16219
16230
16260
16288
16370
16390
16419
16471
16488
16511
16529
16598
16627
16645
16669
16698
16723
16740
16832
16843
16880
16962
16989
17004
17025
17044
17074
17131
17157
17193
17221
17289
17325
17406
17581
17720
17795
18052
18088
18183
18250
18312
18407
18446
18512
18546
18695
18873
19217
19244
19311
19348
19412
19513
19701
19773
19877
20022
20112
20383
20412
20425
20447
20458
20475
20506
20510
20524
20537
20574
20639
20658
20699
20807
20822
20912
20960
21026
21109
21200
21241
21269
21994
22003
22026
22053
22084
22122
22153
22297
22335
22353
22441
22453
22458
22467
22532
22544
22645
22652
22657
22713
22738
22761
22817
22897
22922
23445
23473
23960
24026
24276
24302
24554
24964
25106
25166
25309
25439
25483
25549
25575
25745
25822
25976
26044
26072
26108
26139
26222
26255
26326
26714
26744
26795
26857
27038
27084
27118
27187
27276
27296
27321
27406
27457
27489
27533
27607
27625
27807
27876
27991
28061
28098
28177
28195
28442
28499
28527
28633
28671
28784
28888
28919
28968
29004
29029
29135
29174
29298
29414
29484
29522
29547
29570
29631
29753
29835
29878
29949
30034
30060
30093
30166
30213
30240
30286
30333
30419
30437
30466
30545
30574
30600
30665
30748
30776
30788
30796
30816
30832
30861
30873
30909
30961
30969
30994
31017
31049
31073
31173
31242
31354
31526
31578
31774
31824
31922
31929
31961
31973
31994
32013
32050
32179
32234
32300
32341
32349
32371
32380
32435
32453
32519
32551
32624
32642
32700
32724
33141
33226
33815
33890
33948
33976
34026
34075
34686
34786
34842
34923
34938
34970
34984
35032
35153
35167
35184
35268
35287
35323
35357
35400
35423
35471
35490
35525
35546
35585
35646
35693
35725
35744
35916
36038
36082
36120
36155
36242
36320
36456
36474
36493
36524
36719
36825
36867
36966
37273
37299
37358
37399
37435
37492
37501
37526
37604
37685
37720
37823
37932
37957
37972
38013
38080
38125
38154
38173
38217
38233
38267
38275
38291
38314
38352
38401
38436
38456
38559
38578
38582
38592
38639
38722
38738
38771
38792
38816
38888
38920
39070
39449
39582
39591
39612
39624
39636
39651
39682
39716
39879
40071
40218
40259
40325
40349
40393
40592
40627
40678
40716
40764
40940
40998
41089
41126
41152
41376
41431
41677
41799
41810
41838
41864
41902
41920
41938
41967
41997
42115
42137
42161
42177
42198
42251
42260
42270
42296
42316
42357
42403
42480
42609
42639
42683
42803
42816
42879
42924
42951
42974
43056
43099
43117
43137
43251
43283
43314
43418
43460
43553
43606
43724
43883
43927
43949
43989
44036
44103
44123
44155
44222
44273
44328
44343
44389
44414
44431
44474
44502
44606
44635
44651
44662
44700
44734
44771
44794
44813
44855
44873
44911
44953
45015
45118
45198
45222
45240
45289
45333
45383
45423
45472
45523
45542
45582
45625
45670
45677
45695
45738
45765
45825
45885
45915
45941
45949
46034
46064
46142
46248
46268
46277
46317
46332
46380
46417
46559
46606
46667
46716
46924
46974
46991
47008
47020
47042
47064
47101
47210
47363
47441
47465
47493
47695
47714
47793
47978
48034
48090
48184
48228
48269
48285
48301
48330
48363
48551
48609
48621
48655
48678
48728
48814
48890
48927
49017
49049
49225
49248
49279
49320
49386
49407
49443
49534
49553
49573
49590
49632
49654
49678
49708
49732
49773
49798
49836
50020
50124
50140
50189
50335
50399
50503
50535
50559
50622
50665
50765
50857
50966
51039
51072
51095
51164
51524
51669
51837
51931
51981
52004
52047
52080
52143
52189
52210
52308
52336
52380
52442
52463
52485
52526
52551
52581
52596
52643
52655
52680
52706
52835
52885
52899
53239
53289
53329
53364
53456
53470
53487
53524
53712
53784
53865
53929
54011
54137
54210
54232
54312
54336
54387
54491
54549
54813
54872
54933
54958
54985
55046
55110
55128
55197
55213
55264
55302
55343
55574
55602
55654
55700
55725
55760
55800
55840
55877
55929
56011
56057
56113
56207
56239
56364
56654
56668
56718
56744
56760
56799
56856
56893
56917
57031
57126
57193
57278
57377
57414
57509
57544
57602
57641
57720
57863
57904
57985
58036
58083
58107
58170
58308
58372
58481
58525
58562
58613
58661
58711
58727
58787
58813
58867
58955
58978
59007
59039
59136
59536
59557
59579
59600
59626
59645
59695
59745
59795
60004
60036
60120
60158
60185
60243
60383
60404
60443
60470
60483
60492
60545
60574
60603
60729
60829
60906
60970
61106
61173
61244
61317
61530
61585
61669
61753
61862
61929
61988
62053
62232
62365
62522
62545
63090
63277
63299
63388
63435
63473
63546
63674
63675
63778
64017
64404
64492
64577
64665
64721
64791
65021
65045
65637
65665
65834
65867
65927
65966
66217
66237
66269
66310
66390
66438
66482
66502
66557
66631
66666
66687
66708
66818
66841
66872
66921
67057
67136
67205
67261
67270
67290
67321
67331
67357
67396
67483
67503
67553
67587
67659
67715
67778
67803
67809
67880
68177
68271
68353
68437
68466
68683
68731
68743
68810
69130
69155
69192
69314
69427
69456
69476
69691
69729
69909
69925
69947
69974
70071
70157
70204
70211
70257
70344
70399
70439
70501
70521
70671
70763
70965
71018
71063
71126
71294
71546
71568
71625
71666
71684
71701
71763
71802
71894
71908
71943
72075
72136
72179
72226
72280
72317
72343
72402
72420
72434
72486
72582
72659
72762
72819
72861
72912
72980
73075
73110
73171
73317
73451
73538
73574
73655
73704
73762
73846
74185
74202
74256
74278
74285
74322
74365
74425
74455
74472
74585
74608
74874
74998
75065
75111
75126
75193
75228
75340
75356
75386
75398
75422
75545
75557
75706
75717
75735
75759
75778
75802
75830
75854
75876
75891
75904
75928
76014
76063
76136
76262
76342
76380
76433
76534
76567
76582
76604
76634
76677
76727
76741
76785
76820
77010
77023
77055
77130
77158
77708
77721
77743
77968
78027
78165
78536
78810
78829
78989
79127
79176
79254
79277
79305
79454
79476
79496
79536
79587
79613
79662
79684
79711
79793
80104
80133
80149
80186
80330
80366
80466
80498
80595
80657
80704
80738
80838
80876
80998
81032
81226
81557
81638
82404
82410
82487
82506
82581
82610
82664
82740
82824
82876
82984
83048
83114
83146
83251
83439
83539
83560
83578
83620
83663
83815
83929
84150
84192
84243
84262
84314
84355
84400
84415
84429
84521
84684
84703
84740
84751
84785
84803
84833
84856
84874
84890
84921
84949
85070
85098
85132
85149
85234
85240
85247
85303
85318
85546
85568
85604
85700
85828
85844
86018
86061
86079
86121
86189
86369
86555
86816
86922
86943
86985
87091
87166
87291
87357
87379
87456
87486
87552
87650
87819
87874
87877
87978
88160
88218
88261
88310
88355
88385
88476
88654
88718
88773
88839
88877
89079
89236
89808
89873
89923
90028
90100
90155
90421
90484
90563
90628
90721
90919
91442
91600
91617
91703
91768
91784
91839
91948
91987
92075
92120
92279
92303
92550
92721
92743
92806
93045
93101
93270
93308
93558
93580
93614
93629
93636
93738
93773
93814
93839
93871
94094
94238
94383
94458
94481
94528
94554
94616
94623
94635
94658
94843
94976
95128
95224
95496
95648
95683
95727
96010
96068
96105
96117
96146
96170
96192
96206
96238
96255
96274
96305
96351
96424
96448
96502
96530
96634
96665
96766
96791
97014
97096
97115
97128
97145
97267
97300
97314
97387
97428
97602
97703
97880
97908
98037
98133
98262
98404
98523
98560
98626
98775
98800
98836
98892
98912
98948
99005
99013
99060
99082
99102
99139
99161
99203
99212
99258
99306
99381
99412
99579
99644
99858
100048
100118
100231
100239
100253
100284
100300
100312
100322
100369
100442
100461
100549
100582
100603
100814
100847
100908
100945
100969
101056
101086
101166
101254
101279
101297
101320
101368
101418
101446
101467
101568
101571
101585
101616
101641
101668
101691
101714
101782
101801
101895
101916
101931
101995
102018
102046
102059
102086
102102
102191
102225
102311
102388
102433
102451
102467
102521
102554
102771
102804
102830
102940
103036
103060
103179
103313
103359
103442
103528
103648
103795
103880
103969
104307
104746
104800
104819
104870
104944
104991
105019
105065
105080
105094
105392
105504
105519
105563
105598
105614
105648
105715
105784
105926
106126
106160
106201
106206
106442
106736
106789
106859
106907
106968
106993
107010
107021
107197
107208
107220
107249
107279
107292
107338
107360
107392
107412
107434
107545
107670
107757
107872
107904
107938
107966
107985
108031
108209
108287
108442
108472
108522
108641
108735
108827
108883
108967
109008
109292
109710
109787
109816
109851
109907
110030
110227
110341
110363
110381
110416
110459
110517
110551
110566
110662
110715
110810
111137
111163
111312
111487
111517
111549
111575
111766
111890
112117
112152
112202
112237
112294
112459
112485
112525
112557
112613
112747
112779
112791
112813
112830
112836
112883
112922
112961
112971
112977
113018
113021
113054
113057
113075
113081
113084
113089
113181
113184
113188
113277
113298
113315
113351
113472
113515
113544
113572
113586
113593
113622
113650
113731
113811
113842
113867
113936
114010
114072
114250
114297
114392
114448
114521
114590
114688
114791
114861
114916
114943
115004
115050
115162
115183
115201
115298
115322
115376
115424
115484
115506
115671
115768
115812
115853
115865
115906
116007
116081
116131
116171
116213
116276
116302
116349
116522
116545
116569
116625
116647
116817
116844
117015
117047
117178
117201
117232
117256
117271
117291
117306
117351
117394
117423
117450
117459
117467
117494
117568
117575
117590
117623
117666
117670
117676
117706
117738
117774
117790
117843
117924
117965
117991
118080
118145
118178
118250
118275
118367
118396
118418
118532
118614
118706
118749
118779
118799
118829
118942
118990
119100
119115
119187
119232
119250
119295
119308
119324
119366
119382
119406
119433
119504
119528
119730
119866
119903
119948
120073
120114
120158
120325
120731
120969
121034
121096
121147
121202
121254
121294
121321
121398
121460
121568
121709
121827
121848
121892
121945
121988
122038
122087
122123
122139
122182
122274
122287
122360
122386
122453
122468
122512
122537
122560
122632
122718
122771
122796
122849
122936
122997
123021
123050
123081
123106
123197
123292
123321
123374
123393
123423
123554
123633
123662
123715
123811
123842
123862
123970
124003
124051
124073
124120
124234
124287
124400
124455
124611
124626
124729
124787
124807
124825
124886
124943
124960
125066
125190
125204
125242
125273
125316
125403
125523
125611
125643
125698
125713
125749
125771
125790
125797
125899
125913
125920
125936
126002
126130
126199
126286
126298
126313
126347
126365
126397
126523
126605
126630
126697
126768
126800
126829
126911
126974
127135
127240
127289
127697
127811
128105
128263
128283
128314
128379
128410
128524
128570
128670
128720
129026
129228
129249
129446
129488
129571
129614
129664
129695
129798
129888
130155
130338
130359
130393
130504
130527
130653
130728
130808
130837
130936
131008
131064
131088
131113
131128
131249
131326
131391
131439
131528
131714
131855
131963
132006
132033
132072
132119
132191
132246
132459
132485
132577
132604
132645
132713
132922
132947
132983
133118
133185
133260
133277
133319
133345
133376
133434
133503
133580
133669
133829
133920
134015
134057
134113
134172
134331
134357
134554
134650
134658
134831
134877
134918
134973
134989
135006
135046
135213
135231
135271
135316
135403
135424
135444
135482
135585
135654
136218
136250
136296
136346
136403
136466
136554
136644
136685
136740
136848
136925
137013
137067
137115
137143
137176
137261
137295
137332
137394
137466
137513
137703
137724
137806
138219
138259
138317
138354
138461
138542
138729
138946
138973
139034
139311
139366
139499
139577
139610
139627
139669
139711
139770
139907
140084
140128
140181
140213
140312
140376
140473
140536
140563
140667
140728
140768
140826
140907
140923
140995
141101
141247
141313
141355
141444
141606
141684
141788
141835
141849
141873
142194
142367
142430
142452
142488
142520
142560
142612
142667
142722
143227
143243
143436
143494
143547
143638
143857
144091
144351
144375
144424
144469
144601
144788
144860
144907
145053
145096
145233
145265
145412
145512
145684
145781
145902
146128
146150
146254
146428
146522
146585
146716
146766
146932
146964
146990
147114
147252
147347
147379
147401
147463
147590
147748
147765
147878
147937
148004
148026
148063
148146
148550
148623
148637
148755
149047
149114
149214
149231
149282
149402
149425
149547
149610
149828
149959
150223
150282
150339
150432
150606
150784
150831
150931
150994
151043
151117
151311
151367
151450
151630
151731
151898
152028
152209
152231
152347
152624
152658
152726
152791
152820
152854
153078
153128
153154
153192
153232
153324
153368
153447
153487
153578
153672
153751
153896
154039
154070
154116
154223
154309
154615
154641
154903
155085
155115
155127
155147
155182
155228
155275
155333
155444
155691
155805
155845
155884
155948
155995
156027
156108
156315
156343
157131
157164
157213
157255
157300
157369
157418
157461
157578
157751
157789
157823
157870
158036
158050
158079
158150
158192
158306
158382
158581
158611
158696
158738
158810
158850
158864
158965
159004
159050
159132
159440
159470
159488
159537
159579
159633
159671
159769
159962
160040
160064
160097
160282
160376
160413
160442
160461
160484
160544
160655
160683
160764
160831
160937
161020
161049
161231
161288
161532
161626
161632
161638
161686
161701
161715
161774
161804
161820
161831
161847
161926
161961
161974
161996
162028
162098
162169
162261
162288
162422
162445
162484
162552
162576
162605
162703
162721
162742
162815
162836
162855
162863
162883
162905
162981
163045
163099
163119
163143
163168
163297
163361
163412
163508
163524
163594
163626
163682
163691
163701
163713
163729
163744
163811
163843
163876
163958
163985
164032
164049
164074
164097
164110
164135
164212
164229
164240
164305
164316
164481
164587
164703
164782
164792
164845
164957
165041
165111
165127
165177
165248
165274
165466
165490
165508
165576
165610
165798
166004
166129
166240
166313
166378
166468
166488
166532
166620
166663
166695
166731
166804
166968
167023
167048
167088
167138
167170
167250
167595
167645
167689
167727
167856
167882
167907
168123
168130
168159
168234
168318
168549
168664
168712
168780
168807
168829
168898
168940
169052
169162
169215
169354
169376
169404
169434
169465
169495
169534
169600
169660
169777
169847
169885
169900
169990
170012
170054
170077
170148
170226
170252
170324
170495
170594
170676
170719
170767
170812
170856
170996
171058
171116
171146
171294
171324
171371
171418
171588
171646
171721
171760
171819
171952
172049
172071
172165
172202
172256
172288
172320
172384
172439
172543
172670
172703
172755
172803
172844
172891
172916
172967
173019
173061
173101
173117
173167
173248
173283
173374
173522
173542
173615
173910
173958
173989
174036
174171
174202
174300
174342
174397
174436
174616
174640
174702
174730
174775
174815
174893
174920
174978
175025
175127
175167
175251
175297
175315
175353
175428
175439
175485
175503
175512
175519
175529
175557
175596
175622
175643
175652
175664
175747
175778
175807
175873
175926
176017
176039
176051
176095
176131
176161
176251
176285
176326
176380
176433
176459
176484
176542
176581
176591
176602
176619
176693
176711
176768
176791
176846
176961
177091
177236
177275
177319
177361
177386
177449
177567
177598
177620
177640
177688
177740
177772
177809
177863
177885
178402
178585
178609
178642
178714
178787
178821
178872
178889
178987
179041
179269
179289
179320
179331
179410
179473
179599
179626
179640
179744
179769
179832
179925
180016
180076
180163
180197
180224
180264
180308
180377
180441
180589
180819
180841
180940
181011
181111
181180
181207
181494
181562
181620
181659
181696
181764
181796
181828
181898
182013
182049
182063
182127
182243
182708
182913
182949
183055
183171
183247
183337
183366
183501
183566
183674
183711
183732
183785
183919
184023
184066
184186
184211
184413
184435
184514
184546
184577
184605
184625
184665
184700
184838
185163
185656
185673
185706
185920
185929
185970
186043
186051
186069
186073
186081
186088
186163
186182
186190
186194
186225
186259
186265
186274
186289
186331
186348
186414
186426
186435
186465
186480
186579
186687
186705
186821
186863
186907
186943
186967
187015
187072
187118
187145
187209
187586
187711
187835
187948
187990
188019
188046
188124
188226
188326
188410
188411
188431
188495
188546
188566
188599
188622
188664
188800
189033
189130
189284
189355
189519
189594
189690
189731
189772
189868
189919
190205
190369
190441
190461
190527
190587
190637
190675
190727
190760
190888
190974
191000
191029
191048
191100
191221
191271
191303
191320
191352
191365
191394
191497
191586
191765
191816
191885
192011
192075
192094
192159
192245
192358
192426
192486
192568
192588
192622
192673
192772
192797
192867
192931
192975
193030
193055
193179
193203
193881
193960
193996
194122
194222
194296
194344
194389
194441
194530
194561
194683
194730
194784
194991
195125
195221
195301
195351
195575
195636
195653
195702
195748
195774
195906
195938
196022
196120
196170
196208
196359
196435
196507
196623
196812
196838
196865
196975
197148
197164
197228
197323
197386
197413
197494
197771
197791
197814
197874
197927
197970
198076
198158
198264
198455
198582
198672
198699
198746
198784
198864
198879
198913
198963
199009
199064
199105
199173
199305
199335
199358
199384
199431
199500
199599
199672
199703
199765
199791
199906
200047
200103
200265
200346
200407
200459
200651
200681
200911
201053
201079
201193
201250
201363
201431
201553
201616
201758
201843
201951
202039
202151
202191
202264
202580
202761
202781
202831
202918
202989
203022
203082
203111
203177
203235
203325
203343
203359
203415
203470
203525
203571
203617
203648
203669
203706
203720
203745
203758
203790
203798
203804
203835
203853
203902
203927
204070
204151
204175
204246
204377
204447
204612
204913
204965
204984
205045
205181
205285
205742
206152
206306
206360
206392
206457
206536
206598
206638
206644
206751
206810
206870
206877
206888
206902
206929
206979
206993
207019
207072
207083
207115
207148
207220
207297
207333
207398
207678
207709
207776
207818
207858
207893
207918
208181
208219
208253
208341
208368
208419
208518
208545
208640
208676
208725
208786
208815
208979
209080
209101
209122
209159
209168
209187
209234
209252
209320
209341
209358
209379
209410
209478
209505
209521
209534
209578
209604
209647
209676
209707
209854
209993
210024
210185
210216
210243
210294
210319
210359
210381
210426
210826
211061
211182
211244
211305
211391
211513
211596
211682
211775
211847
211876
211974
212101
212157
212188
212198
212230
212270
212344
212446
212463
213192
213457
213497
214065
214178
214199
214221
214273
214298
214416
214468
214520
214635
214810
214871
214895
214897
215077
215151
215189
215259
215354
215405
215450
215475
215569
215870
215959
215985
216010
216078
216134
216180
216214
216298
216354
216434
216603
216657
216793
216821
216930
217067
217105
217247
217257
217550
217595
217632
217668
217690
217720
217739
217756
217811
217833
218005
218334
218425
218609
218643
218792
218841
219049
219068
219132
219164
219181
219229
219307
219355
219470
219718
220024
220070
220122
220211
220254
220344
220443
220474
220533
220576
220610
220894
221154
221787
221824
222177
222219
222468
222529
222575
222642
222812
222847
223048
223080
223185
223214
223237
223274
223308
223346
223362
223417
223422
223428
223879
223888
224136
224290
224358
224390
224482
224556
224606
224655
224670
224784
224923
224982
225045
225100
225311
225482
225647
225733
225767
225792
225829
225910
225950
226011
226036
226129
226192
226230
226256
226495
226680
226712
226808
226972
226985
227022
227315
227342
227433
227498
227745
227913
227953
227984
228037
228127
228182
228225
228254
228548
228697
228855
228886
229022
229059
229091
229109
229141
229170
229293
229485
229570
229630
229670
229820
229963
230057
230129
230530
230579
230685
230727
230823
230872
230970
231020
231104
231200
231418
231516
231529
231574
231623
231652
231815
231868
231931
232007
232058
232137
232182
232254
232306
232443
232535
232602
232822
233389
233426
233539
233591
233629
233702
233739
233769
233788
233850
234037
234165
234333
234356
234383
234468
234650
234678
234723
234769
234813
234922
235000
235135
235195
235296
235383
235424
235446
235479
235682
235718
235876
235992
236093
236119
236381
236402
236449
236510
236563
236591
236616
236666
236697
236820
237097
237177
237287
237306
237414
237558
237594
237606
237630
237642
237655
237662
237665
237666
237669
237700
237740
237768
237781
237795
237804
237896
237931
237942
237950
237964
237972
238063
238077
238165
238191
238218
238225
238261
238274
238303
238320
238328
238343
238364
238416
238482
238531
238573
238636
238661
238873
238883
238901
238916
238934
238973
239046
239060
239069
239100
239125
239228
239347
239527
239562
239577
239640
239669
239713
239803
239843
239940
239969
240000
240026
240067
240138
240238
240263
240303
240319
240340
240377
240421
240523
240613
240683
240753
240830
240856
240899
241110
241134
241229
241256
241291
241421
241471
241505
241562
241616
241625
241711
241726
241739
241763
241792
241823
241962
242062
242088
242224
242293
242450
242492
242504
242535
242551
242575
242631
242644
242674
242845
242867
242909
242931
242958
242985
243029
243075
243238
243282
243313
243373
243458
243523
243562
243585
243638
243661
243690
243730
243821
243850
243948
244152
244253
244314
244347
244369
244395
244428
244469
244492
244555
244627
244752
244789
244807
244823
244865
244921
244974
245031
245078
245169
245195
245243
245402
245441
245466
245508
245591
245673
245854
245882
245952
245987
246058
246095
246127
246172
246230
246287
246497
246710
246738
246772
246800
246820
246866
246922
246976
247079
247098
247170
247184
247195
247222
247224
247300
247344
247416
247596
247600
247630
247663
247694
247723
247750
247811
247890
247978
248017
248070
248194
248224
248258
248292
248319
248390
248443
248478
248558
248598
248635
248744
248805
248952
249013
249090
249110
249138
249170
249188
249201
249216
249242
249278
249362
249474
249567
249595
249613
249719
249961
250004
250140
250226
250298
250429
250459
250485
250574
250791
250812
250836
250878
250928
251031
251088
251158
251318
251445
251818
251857
252240
252342
252408
252446
252541
252666
252686
252698
252720
252758
252807
252825
252872
252980
253055
253088
253238
253334
253376
253415
253452
253479
253491
253506
253547
253657
253723
253805
253863
253909
254132
254334
254405
254433
254482
254565
254598
254659
254686
254733
254869
254903
254993
255071
255183
255238
255268
255290
255475
255526
255692
255794
255914
255935
255963
256008
256036
256095
256194
256220
256348
256418
256445
256510
256536
256549
256565
256568
256581
256599
256628
256653
256694
256734
256864
256894
256947
257128
257233
257422
257436
257510
257648
257694
257728
257756
257805
257818
257824
257852
257867
257885
257903
257947
257963
257990
258016
258135
258286
258337
258453
258512
258644
258662
258779
258828
258946
258958
259037
259054
259073
259089
259096
259112
259145
259210
259238
259246
259263
259281
259303
259421
259450
259474
259532
259854
259887
259910
259957
259992
260048
260073
260144
260305
260326
260374
260407
260482
260514
260529
260569
260585
260607
260634
260644
260654
260680
260718
260732
260757
260783
260850
260913
260925
260955
260965
261002
261263
261388
261467
261494
261573
261686
261707
261802
261841
262048
262244
262266
262342
262474
262516
262542
262564
262649
262706
262751
262806
262847
263104
263320
263423
263434
263502
263522
263563
263662
263682
263721
263774
263852
263890
263901
264031
264084
264127
264154
264664
265110
265174
265224
265252
265275
265294
265339
265348
265376
265418
265533
265610
265631
265646
265696
265742
265807
265850
265878
265974
266000
266050
266100
266144
266181
266377
266638
266837
267318
267592
267702
267721
267741
268078
268265
268307
268355
268392
268455
268482
268528
268578
268613
268823
268842
268881
268963
268998
269023
269042
269075
269122
269205
269228
269265
269293
269392
269454
269511
269561
269602
269726
269765
269792
269829
269851
269935
269961
270028
270061
270153
270172
270188
270239
270486
270535
270660
270787
270853
270897
270932
270960
271124
271172
271254
271305
271402
271448
271471
271550
271591
271624
271640
271696
271737
271789
271828
271901
271964
272032
272082
272136
272207
272242
272262
272313
272353
272402
272478
272528
272733
272792
272842
272924
273069
273282
273380
273424
273486
273511
273528
273589
273631
273729
273766
273805
273826
273910
273931
273993
274128
274340
274428
274491
274529
274616
274644
274750
274770
274796
274824
274849
274883
274915
274944
274973
275011
275063
275121
275185
275257
275287
275344
275401
275456
275495
275536
275603
275851
276002
276123
276163
276185
276217
276250
276397
276409
276446
276507
276580
276637
276762
276793
276873
277017
277047
277084
277184
277220
277267
277330
277392
277407
277501
277719
277885
277944
277965
278012
278039
278078
278101
278140
278215
278300
278326
278464
278481
278514
278598
278632
278697
278716
278730
278862
278989
279057
279142
279277
279303
279348
279413
279427
279443
279459
279498
279542
279573
279816
280186
280278
280317
280361
280520
280590
280625
280770
280802
280854
281056
281124
281155
281209
281249
281361
281494
281530
281549
281612
281728
281757
281858
281869
282203
282431
282450
282567
282623
282640
282730
282788
282820
282866
282921
283002
283121
283640
283715
283738
283768
284021
284061
284080
284127
284205
284277
284351
284386
284442
284470
284507
284527
284642
284669
284704
284770
284853
284901
284961
284997
285130
285186
285227
285295
285354
285413
285670
285921
286070
286144
286164
286244
286278
287401
288346
288382
288481
288519
288561
288636
288854
288869
288885
289058
289084
289138
289196
289271
289304
289371
289382
289478
289660
289807
289884
289906
289943
290027
290106
290137
290162
290174
290200
290236
290250
290290
290361
290433
290443
290458
290570
290621
290643
290704
290765
290969
291014
291054
291099
291264
291342
291380
291407
291515
291562
291602
291620
291632
291650
291662
291735
291748
291755
291781
291842
291886
291928
291954
291981
292006
292113
292141
292263
292273
292305
292373
292389
292432
292501
292704
292866
292889
292991
293153
293235
293262
293297
293334
293396
293418
293453
293649
293705
294118
294151
294311
294603
294661
294701
294838
294936
295008
295037
295068
295088
295146
295248
295345
295360
295427
295442
295470
295534
295596
295622
295672
295697
295734
295820
295851
295900
296067
296168
296286
296304
296324
296365
296436
296497
296542
296738
296797
296915
297111
297175
297241
297288
297332
297387
297447
297490
297553
297615
297633
297748
297855
297917
297971
298020
298112
298183
298268
298429
298458
298657
298884
298925
299186
299221
299327
299402
299609
299704
299857
299891
299920
300021
300053
300107
300176
300260
300504
300643
300741
300774
300888
300942
301061
301087
301143
301246
301362
301385
301409
301509
301568
301597
301614
301692
301755
301821
301848
301951
301987
302030
302064
302176
302274
302338
302387
302425
302465
302613
302660
302802
302884
302928
303013
303083
303166
303229
303343
303375
303443
303514
303720
304204
304313
304460
304554
304578
304618
304682
304701
304759
304817
304877
304966
305012
305049
305298
305368
305438
305473
305503
305572
305760
305795
306050
306272
306348
306408
306453
306583
306607
306695
306727
306746
306802
306891
306908
306956
306972
307123
307157
307302
307354
307553
307734
307935
308095
308192
308247
308316
308362
308416
308483
308596
308672
308713
308847
308928
309006
309038
309204
309360
309566
309700
309795
309828
309889
309973
310012
310058
310078
310138
310182
310333
310405
310490
310531
310553
310669
310803
310869
310920
311041
311349
311367
311385
311403
311414
311443
311470
311536
311655
311667
311703
311885
311908
311952
312377
312395
312514
312519
312560
312612
312725
312829
312898
312905
312957
312996
313020
313055
313108
313233
313267
313308
313463
313512
313556
313587
313657
313740
313780
313851
313867
313910
314178
314234
314345
314440
314476
314602
314634
314691
314742
314764
314983
315048
315118
315207
315268
315324
315552
315585
315621
315653
315699
315762
315835
315869
315884
316121
316151
316189
316214
316323
316405
316444
316535
316902
316975
317046
317104
317274
317292
317353
317402
317441
317470
317496
317525
317551
317614
317634
317693
317735
317763
318008
318073
318108
318174
318206
318282
318358
318382
318402
318436
318465
318545
318605
318740
318796
318841
318865
318937
319063
319112
319180
319276
319315
319345
319394
319416
319438
319574
319632
319711
319759
319792
319817
319882
319895
319947
319957
320098
320127
320160
320162
320165
320202
320213
320242
320276
320280
320315
320345
320357
320421
320432
320438
320476
320487
320499
320511
320612
320625
320648
320691
320793
320806
320888
320910
320984
321004
321022
321046
321074
321138
321214
321277
321374
321378
321387
321395
321520
321526
321529
321595
321616
321637
321693
321755
321769
321836
321858
321932
321999
322020
322077
322202
322214
322249
322355
322363
322378
322413
322434
322445
322473
322490
322499
322512
322523
322536
322574
322600
322658
322707
322770
322798
322821
322852
322876
322928
323029
323049
323158
323185
323271
323296
323317
323332
323361
323408
323462
323494
323537
323565
323602
323673
323697
323737
323766
323790
323808
323820
323914
323935
324025
324067
324148
324164
324241
324285
324317
324326
324395
324439
324536
324544
324570
324591
324783
324805
324914
324930
324974
324994
325087
325165
325203
325216
325294
325318
325334
325368
325383
325386
325389
325390
325394
325408
325437
325452
325472
325494
325616
325631
325694
325713
325722
325747
325760
325776
325797
325807
326012
326085
326110
326187
326256
326277
326366
326389
326403
326420
326449
326465
326538
326551
326573
326582
326591
326618
326631
326677
326701
326722
326781
326790
326838
326860
326985
327023
327107
327137
327174
327235
327292
327316
327422
327526
327580
327626
327660
327727
327796
327815
327907
327924
327964
327991
328009
328053
328081
328091
328120
328152
328223
328287
328317
328336
328361
328376
328387
328404
328430
328503
328615
328674
328694
328736
328747
328773
328793
328813
328833
328871
328892
328916
329026
329089
329100
329112
329143
329160
329174
329192
329225
329281
329313
329354
329391
329404
329426
329470
329491
329512
329539
329590
329629
329721
329793
329841
329860
329881
330020
330061
330084
330104
330128
330154
330186
330195
330230
330257
330296
330327
330356
330365
330389
330400
330429
330479
330543
330564
330616
330633
330655
330676
330698
330724
330819
330851
330952
331025
331197
331217
331265
331309
331353
331388
331418
331502
331561
331572
331600
331611
331632
331679
331725
331792
331879
331922
331944
331971
331987
332007
332036
332053
332076
332098
332225
332294
332345
332399
332415
332428
332474
332502
332519
332552
332571
332713
332776
332797
332824
332877
332910
332975
332997
333093
333116
333169
333253
333428
333470
333599
333734
333764
333794
333811
333825
333840
333856
333859
333894
333907
334004
334039
334070
334095
334122
334160
334183
334203
334233
334259
334300
334328
334381
334524
334545
334567
334613
334642
334668
334742
334756
334776
334809
334822
334906
334924
334934
334943
334958
334982
335066
335095
335156
335208
335220
335221
335230
335242
335259
335278
335349
335434
335503
335553
335770
336192
336216
336419
336500
336554
336624
336750
336794
336839
336914
336954
336985
337002
337029
337066
337105
337166
337191
337321
337383
337460
337612
337635
337653
337692
337711
337760
338046
338073
338154
338209
338252
338317
338340
338394
338500
338625
338693
338783
338908
338962
339038
339139
339168
339299
339332
339369
339406
339510
339525
339588
339620
339674
339687
339714
339734
339794
339851
339917
339982
340076
340198
340237
340254
340321
340360
340413
340447
340474
340483
340598
340650
340845
340894
340909
340939
340945
340947
340953
340958
340964
340975
340988
341085
341106
341136
341144
341159
341166
341184
341222
341244
341292
341307
341329
341371
341430
341515
341545
341584
341633
341733
341782
341958
341988
342006
342021
342070
342124
342204
342226
342360
342393
342408
342507
342523
342558
342615
342630
342673
342704
342771
342813
342843
342956
343120
343176
343197
343225
343304
343366
343390
343443
343468
343531
343590
343625
343647
343701
343727
343772
343803
343836
343857
343902
343989
344000
344025
344162
344196
344405
344434
344897
344925
345014
345031
345144
345167
345203
345214
345236
345311
345419
345692
345736
345759
345784
345860
345903
345949
345976
346290
346339
346437
346463
346519
346553
346597
346635
346696
346718
346762
346919
346937
346965
346986
347016
347030
347128
347169
347290
347501
347605
347649
347674
347702
347735
347749
347768
347861
347963
348001
348017
348215
348241
348545
348585
348635
348845
348986
349179
349237
349447
349696
349736
349753
349787
349820
349887
349924
349987
350110
350130
350157
350193
350329
350408
350438
350483
350538
350582
350694
350736
350752
350762
350772
350796
350837
350861
350884
350949
350961
350983
351002
351035
351053
351143
351196
351230
351307
351477
351755
351763
351820
351874
351903
351971
352007
352040
352063
352080
352139
352243
352307
352335
352376
352399
352461
352538
352558
352587
352673
352693
352702
352826
352871
352966
352989
353023
353237
353426
353646
353743
353751
353788
353862
353960
353995
354080
354130
354156
354181
354248
354337
354369
354386
354445
354512
354533
354614
354660
354738
354941
355078
355437
355509
355533
355650
355685
355711
355743
355863
356039
356095
356418
356689
356725
356791
356953
357231
357384
357407
357517
357573
357616
357735
357862
357935
358010
358028
358074
358288
358313
358349
358561
358707
358769
358781
358805
358807
358810
358813
358824
358839
358846
358897
358917
359055
359088
359129
359170
359242
359269
359291
359312
359454
359508
359532
359602
359644
359704
359758
359799
360050
360165
360483
360588
360607
360674
360849
360929
360993
361041
361155
361182
361204
361228
361286
361302
361410
361475
361625
361658
361681
361709
361742
361761
361771
361792
361881
362001
362029
362055
362103
362129
362183
362256
362313
362351
362372
362382
362401
362487
362518
362533
362560
362588
362627
362670
362976
363021
363032
363075
363124
363251
363272
363304
363324
363344
363422
363503
363527
363539
363560
363580
363638
363658
363729
363747
363837
364010
364030
364069
364105
364197
364293
364369
364397
364422
364518
364553
364609
364624
364641
364681
364715
364758
364777
364836
364870
364905
365008
365047
365139
365221
365356
365383
365579
365602
365633
365643
365674
365711
365729
365787
365920
366140
366195
366297
366419
366523
366630
366657
366713
366734
366783
366877
366915
367024
367098
367132
367295
367377
367465
367527
367593
367634
367664
367714
367872
367931
367953
367984
368047
368085
368161
368544
368578
368671
368679
368726
368767
368810
368824
368863
368905
368983
369237
369245
369473
369555
369655
369735
369889
369975
369992
370026
370073
370406
370418
370431
370462
370486
370514
370597
370642
370714
370736
370760
370777
370795
370823
370864
370880
370894
370900
370918
370975
371011
371032
371057
371091
371126
371148
371171
371181
371222
371248
371285
371304
371368
371393
371423
371440
371544
371573
371636
371664
371712
371752
371768
371779
371799
371828
371854
371913
371987
372009
372084
372110
372151
372260
372373
372416
372470
372496
372516
372603
372620
372633
372713
372729
372759
372788
372797
372888
372943
372987
373011
373082
373110
373186
373239
373278
373304
373381
373400
373445
373517
373539
373638
373656
373696
374103
374137
374148
374190
374215
374230
374261
374341
374364
374395
374542
374672
374710
374806
374856
374894
374934
375240
375332
375400
375549
375570
375696
375791
376047
376093
376214
376256
376306
376431
376494
376702
376760
376819
376865
376888
376994
377075
377255
377291
377350
377655
377711
377737
377775
377853
377937
378019
378047
378163
378191
378232
378285
378301
378331
378445
378456
378476
378516
378570
378602
378631
378747
378886
378984
379307
379396
379560
379563
379642
379680
379734
379760
379891
379910
379958
380042
380197
380307
380374
380389
380454
380484
380543
380593
380653
380671
380704
380808
380866
380917
380967
381009
381058
381071
381099
381170
381316
381474
381633
381685
381715
381746
381838
381938
382142
382235
382332
382398
382427
382445
382472
382500
382563
382711
382724
382735
382755
382769
382828
382842
382851
382861
382878
382929
382936
382963
382987
383004
383102
383130
383172
383235
383372
383521
383738
383888
384007
384063
384108
384172
384380
384487
384549
384644
384748
384834
385084
385139
385187
385209
385240
385309
385398
385521
385635
385686
385806
385838
385860
385920
385930
385972
386118
386174
386213
386254
386375
386423
386459
386499
386739
386909
386938
387027
387069
387112
387213
387258
387300
387412
387489
387528
387566
387596
387666
387720
387774
387900
387951
388174
388340
388404
388463
388577
388603
388664
388712
389021
389071
389148
389176
389263
389299
389356
389432
389467
389928
390009
390066
390164
390217
390243
390301
390379
390422
390441
390487
390603
390644
390665
390803
390936
390960
391020
391090
391348
391535
391584
391647
391716
391739
391785
391800
391861
391959
392103
392237
392256
392363
392513
392597
392627
392689
392799
392902
393049
393097
393194
393231
393315
393390
393413
393481
393523
393578
393647
393666
393723
393793
393830
393850
393885
393921
394009
394085
394183
394275
394394
394467
394504
394556
394740
394946
395219
395246
395376
395397
395658
395714
395737
395769
395824
395850
395883
395900
395930
395981
396033
397407
397589
397762
397865
397927
397951
397981
398306
398801
398969
399385
399794
400141
400182
400544
400576
400723
401203
401256
401812
402306
402497
402572
402603
402700
402880
403170
403336
403378
403477
403524
403830
403872
404079
404186
404257
404565
404651
404813
404858
404994
405146
405215
405274
405277
405577
405644
406076
406105
406188
406221
406317
406456
406707
406755
406834
407052
407231
407270
407307
407360
407465
407507
407571
407768
407898
408016
408214
408533
408738
408847
408873
408918
408942
409012
409098
409177
409231
409304
409378
409548
409761
409898
409918
409946
409973
410019
410038
410067
410180
410233
410253
411218
411292
411327
411357
411421
411754
411911
411967
412060
412195
412228
412268
412299
412321
412389
412414
412453
412484
412526
412556
412578
412603
412662
412695
412714
412827
412877
412907
412993
413009
413047
413074
413125
413164
413273
413350
413585
413637
413753
413876
413957
414023
414137
414164
414229
414533
414618
414656
414701
414767
414964
415014
415035
415172
415297
415372
415723
415839
415989
416097
416352
416593
416639
416778
417290
417461
417491
417615
417631
417641
417673
417767
417935
417984
418002
418016
418023
418027
418042
418070
418083
418112
418193
418214
418232
418293
418339
418455
418497
418516
418735
418804
418967
418992
419157
