2360
4676
5944
7621
9379
11515
14470
17176
19802
21789
25133
26861
28907
31913
34129
36555
38841
41238
43544
45690
48296
50453
52809
54786
56044
58590
61246
64031
66837
69133
71140
74025
76791
79526
81962
84538
86695
89440
92815
94632
97457
99784
101471
104077
106423
108759
111485
113232
117575
120710
122687
123725
124774
128787
130794
131973
136635
142495
144782
147717
153388
157162
159149
162733
163611
164899
167725
170940
173526
183699
185846
187923
189730
192325
194831
197767
200492
203957
206403
208629
213721
215878
218454
220999
224045
226201
233380
236355
242485
244632
246818
250662
253438
255684
258459
260846
263461
266656
270300
272836
275492
278907
281882
284947
288202
291337
293463
295860
298136
300881
302868
305863
307900
313621
316996
322517
325203
329605
332081
337643
343094
345780
348725
351331
354705
356852
359478
362852
364939
367595
370210
372976
376191
378837
380943
384448
386824
389489
392435
394611
396339
400232
401590
402848
405314
407421
409138
412972
416117
417255
422027
425691
428926
431432
434427
437532
441406
443413
445649
448625
452229
454615
456382
458020
464060
465488
467904
471278
471977
473924
477798
480843
485935
489160
491476
493034
494921
497037
498804
500042
502219
503307
507780
510446
512912
515428
517145
518543
520120
522137
524114
525811
530114
532221
535975
538251
540837
543343
546817
549503
552428
554345
557450
560056
562293
564848
567874
570290
572796
575571
577738
581092
582850
585435
587772
590527
593403
595719
597706
