1845
9174
18632
19794
25348
31458
32518
35171
41623
44989
47845
57151
59362
66540
73160
76968
84962
91755
99501
108307
110891
113229
113995
115421
116280
134024
138125
146928
152530
161197
162866
165069
180731
181550
185152
193381
202969
214049
221285
231217
241347
247483
252875
259531
266531
268501
276362
280014
295280
296950
306357
310232
314100
326202
326902
335053
337348
339090
342617
349991
359174
367608
371148
381009
386237
387822
402652
406456
407102
407955
414127
419524
423680
439152
444059
445582
448579
450825
456745
467134
476341
478157
483097
486251
486544
491036
493374
495633
498818
505074
515298
517067
521371
528410
528474
545164
552445
554929
561237
562542
570280
571238
577682
585652
