1192
3099
5175
7092
8600
10617
12903
15878
18943
21060
23556
25992
27949
29986
33230
35217
37364
40309
42526
44672
47188
49245
51551
53957
55804
57352
59578
62593
65309
68214
70321
72737
75333
78318
80854
83130
85816
88302
90888
93803
96339
98695
100992
102879
105485
107431
110117
112563
115678
120291
121070
123017
124384
128328
130225
131572
133849
139820
143514
145660
152759
153877
158270
160756
163362
164490
166087
168693
173106
180105
185037
186934
189061
191217
193783
196738
199724
202369
205295
207910
212693
215119
217815
220341
222547
224594
227968
235386
241706
243563
245880
248675
251640
254666
256862
259727
261954
264939
269652
271748
274424
277569
280774
283809
286784
289719
291936
295031
297108
298985
302080
304336
307321
309588
316267
318473
323615
328387
330993
333529
341676
344282
347157
350242
352229
355923
358739
360795
363162
366127
367864
371898
374354
377209
380105
382061
385825
388012
390727
392794
395670
399493
400741
401989
405075
406392
408369
409547
415867
416955
419072
423924
427179
430494
433469
436424
439330
442455
444951
447936
451041
453167
456083
457041
462043
464799
466526
469801
471638
472566
475891
479266
484507
487263
490518
492454
494302
496358
498125
499074
501520
502568
503806
510026
511793
514469
516526
517974
519012
521188
522596
524962
526979
531562
533698
537243
539679
541945
544880
548245
551250
553676
555933
558638
561045
563670
566686
569201
571757
574433
576959
579665
582001
584637
586793
589838
591815
594651
596797
