8
72
115
159
218
277
315
367
421
468
504
535
577
614
679
747
794
950
1005
1048
1119
1168
1216
1267
1310
1357
1465
1535
1577
1694
1744
1811
1908
1969
2038
2083
2150
2198
2237
2274
2325
2381
2428
2477
2518
2560
2593
2629
2664
2698
2729
2775
2814
2867
3111
3177
3227
3420
3497
3580
3630
3679
3721
3781
3892
3969
4030
4086
4150
4202
4290
4369
4409
4453
4490
4536
4576
4616
4664
4712
4810
4854
4988
5044
5113
5320
5389
5477
5519
5571
5653
5715
5779
5882
5946
6042
6090
6179
6223
6275
6341
6386
6452
6500
6580
6626
6675
6728
6798
6858
6996
7055
7092
7138
7200
7262
7299
7383
7438
7481
7543
7753
7789
7861
7902
7998
8099
8169
8243
8293
8390
8447
8599
8649
8746
8872
8993
9135
9242
9291
9417
9461
9519
9572
9658
9697
9748
9787
9826
9901
9943
10054
10127
10198
10251
10306
10353
10423
10647
10746
10800
10868
10914
10963
11027
11073
11138
11198
11262
11429
11470
11527
11606
11661
11715
11751
11783
11832
11875
11926
11983
12038
12091
12132
12169
12212
12252
12296
12369
12411
12456
12501
12558
12618
12655
12732
12779
12819
12872
12948
13073
13170
13225
13275
13322
13365
13411
13458
13530
13574
13621
13677
13738
13783
13867
13943
14026
14130
14201
14302
14361
14410
14473
14572
14639
14872
14921
15016
15184
15270
15381
15484
15682
15777
15827
15895
15972
16132
16177
16234
16371
16663
16712
16866
17009
17082
17212
17270
17328
17378
17421
17469
17521
17591
17665
17794
17856
18124
18180
18342
18559
18750
18809
18878
18945
19079
19173
19242
19299
19375
19416
19453
19506
19546
19588
19631
19669
19735
19844
20020
20118
20203
20265
20336
20510
20624
20697
20763
20845
20945
21004
21096
21161
21236
21283
21360
21461
21634
21674
21723
21770
21810
21847
21889
21927
21970
22042
22082
22123
22172
22220
22306
22403
22504
22559
22745
22801
22864
22921
22988
23096
23130
23208
23270
23310
23344
23395
23446
23499
23547
23630
23747
23821
23876
23935
24022
24106
24208
24331
24415
24512
24557
24599
24646
24706
24770
24859
24982
25030
25186
25234
25318
25459
25521
25569
25647
25708
25813
25852
25902
25948
25992
26094
26232
26288
26333
26374
26473
26511
26569
26850
26912
27174
27272
27314
27367
27427
27484
27559
27600
27660
27718
27830
27880
27939
28021
28068
28121
28169
28268
28327
28375
28429
28488
28543
28590
28712
28753
28820
28932
28989
29034
29085
29134
29194
29281
29337
29403
29461
29559
29625
29736
29941
30110
30215
30502
30568
30693
30790
30882
31007
31076
31172
31236
31415
31623
31997
32054
32151
32218
32312
32443
32661
32763
32897
33072
33192
33493
33552
33595
33647
33688
33735
33796
33830
33874
33917
33984
34079
34128
34199
34337
34382
34502
34580
34676
34789
34910
34981
35039
35794
35833
35886
35943
36004
36072
36133
36307
36375
36423
36541
36583
36618
36657
36752
36794
36925
36962
36997
37083
37138
37191
37277
37387
37442
37995
38053
38570
38666
38946
39002
39284
39724
39896
39986
40159
40319
40393
40489
40545
40745
40852
41036
41134
41192
41258
41319
41432
41495
41596
42014
42074
42155
42247
42458
42534
42598
42697
42816
42866
42921
43036
43117
43179
43253
43357
43405
43617
43716
43861
43961
44028
44137
44185
44462
44549
44607
44743
44811
44954
45088
45149
45228
45294
45349
45485
45554
45708
45854
45954
46022
46077
46130
46221
46373
46485
46558
46659
46774
46830
46893
46996
47073
47130
47206
47283
47399
47447
47506
47615
47674
47730
47825
47938
47996
48038
48076
48126
48172
48231
48273
48339
48421
48459
48514
48567
48629
48683
48813
48912
49054
49256
49338
49564
49644
49772
49809
49871
49913
49964
50013
50080
50239
50324
50420
50491
50529
50581
50620
50705
50753
50849
50911
51014
51062
51150
51204
51651
51766
52385
52490
52578
52636
52716
52795
53436
53566
53652
53763
53808
53870
53914
53992
54143
54187
54234
54348
54397
54463
54527
54600
54653
54731
54780
54845
54896
54965
55056
55133
55195
55244
55446
55598
55672
55740
55805
55922
56030
56196
56244
56293
56354
56579
56715
56787
56916
57253
57309
57398
57469
57535
57622
57661
57716
57824
57935
58000
58133
58272
58327
58372
58443
58540
58615
58674
58723
58797
58843
58907
58945
58991
59044
59112
59191
59256
59306
59439
59488
59522
59562
59639
59752
59798
59861
59912
59966
60068
60130
60310
60719
60882
60921
60972
61014
61056
61101
61162
61226
61419
61641
61818
61889
61985
62039
62113
62342
62407
62488
62556
62634
62840
62928
63049
63116
63172
63426
63511
63787
63939
63980
64038
64094
64162
64210
64258
64317
64377
64525
64577
64631
64677
64728
64811
64850
64890
64946
64996
65067
65143
65250
65409
65469
65543
65693
65736
65829
65904
65961
66014
66126
66199
66247
66297
66441
66503
66564
66698
66770
66893
66976
67124
67313
67387
67439
67509
67586
67683
67733
67795
67892
67973
68058
68103
68179
68234
68281
68354
68412
68546
68605
68651
68692
68760
68824
68891
68944
68993
69065
69113
69181
69253
69345
69478
69588
69642
69690
69769
69843
69923
69993
70072
70153
70202
70272
70345
70420
70457
70505
70578
70635
70725
70815
70875
70931
70969
71084
71144
71252
71388
71438
71477
71547
71592
71670
71737
71909
71986
72077
72156
72394
72474
72521
72568
72610
72662
72714
72781
72920
73103
73211
73265
73323
73555
73604
73713
73928
74014
74100
74224
74298
74369
74415
74461
74520
74583
74801
74889
74931
74995
75048
75128
75244
75350
75417
75537
75599
75805
75858
75919
75990
76086
76137
76203
76324
76373
76423
76470
76542
76594
76648
76708
76762
76833
76888
76956
77170
77304
77350
77429
77605
77699
77833
77895
77949
78042
78115
78245
78367
78506
78609
78672
78725
78824
79214
79389
79587
79711
79791
79844
79917
79980
80073
80149
80200
80328
80386
80460
80552
80603
80655
80726
80781
80841
80886
80963
81005
81060
81116
81275
81355
81399
81769
81849
81919
81984
82106
82150
82197
82264
82482
82584
82695
82789
82901
83057
83160
83212
83322
83376
83457
83591
83679
83973
84062
84153
84208
84265
84356
84450
84498
84597
84643
84724
84792
84863
85124
85182
85264
85340
85395
85460
85530
85600
85667
85749
85861
85937
86023
86147
86209
86364
86684
86728
86808
86864
86910
86979
87066
87133
87187
87331
87456
87553
87668
87797
87864
87989
88054
88142
88211
88320
88493
88564
88675
88756
88833
88887
88980
89148
89242
89381
89455
89522
89603
89681
89761
89807
89897
89953
90037
90155
90208
90267
90329
90456
90886
90937
90989
91040
91096
91145
91225
91305
91385
91624
91686
91800
91868
91925
92013
92183
92234
92303
92360
92403
92442
92525
92584
92643
92799
92929
93036
93130
93296
93393
93494
93597
93840
93925
94039
94153
94292
94389
94478
94573
94782
94945
95132
95185
95760
95977
96029
96148
96225
96293
96396
96554
96585
96718
96987
97404
97522
97637
97755
97841
97941
98201
98255
98877
98935
99134
99197
99287
99356
99637
99687
99749
99820
99930
100008
100082
100132
100217
100321
100386
100437
100488
100628
100681
100742
100821
100987
101096
101195
101281
101320
101370
101431
101471
101527
101596
101713
101763
101843
101907
102009
102095
102188
102243
102279
102380
102707
102831
102943
103057
103116
103363
103441
103483
103580
103930
103985
104052
104204
104347
104406
104456
104701
104769
104979
105025
105077
105134
105261
105377
105454
105491
105567
105684
105769
105839
105931
105981
106161
106283
106515
106598
106673
106766
106964
107246
107298
107385
107456
107504
107551
107643
107712
107834
107878
107943
108105
108196
108269
108346
108430
108497
108553
108642
108690
108734
108816
108942
109049
109182
109269
109341
109422
109520
109645
109710
109801
109977
110141
110258
110324
110435
110514
110602
110716
111085
111132
111216
111268
111305
111372
111445
111535
111595
111642
111785
111838
112134
112288
112385
112461
112506
112603
112668
112810
112856
112916
112958
113012
113165
113207
113386
113427
113475
113529
113578
113632
113690
113744
113796
113841
113884
113938
114054
114133
114236
114392
114502
114570
114653
114784
114847
114892
114944
115004
115077
115157
115201
115275
115340
115560
115603
115665
115770
115828
116408
116451
116503
116758
116847
117015
117416
117720
117769
117959
118127
118206
118314
118367
118425
118604
118656
118706
118776
118857
118913
118992
119044
119101
119213
119554
119613
119659
119726
119900
119966
120096
120158
120285
120377
120454
120518
120648
120716
120868
120932
121156
121517
121628
122424
122460
122567
122616
122721
122780
122864
122970
123084
123166
123304
123398
123494
123556
123691
123909
124039
124090
124138
124210
124283
124465
124609
124860
124932
125013
125062
125144
125215
125290
125335
125379
125501
125694
125743
125810
125851
125915
125963
126023
126076
126124
126170
126231
126289
126440
126498
126562
126609
126724
126760
126797
126883
126928
127186
127238
127304
127430
127588
127634
127838
127911
127959
128031
128129
128339
128555
128846
128982
129033
129105
129241
129346
129501
129597
129649
129756
129816
129912
130040
130239
130324
130357
130488
130700
130788
130861
130940
131015
131075
131196
131404
131498
131583
131679
131747
131979
132166
132768
132863
132943
133078
133180
133265
133561
133654
133763
133858
133981
134209
134762
134950
134997
135113
135208
135254
135339
135478
135547
135665
135740
135929
135983
136260
136461
136513
136606
136875
136961
137160
137228
137508
137560
137624
137669
137706
137838
137903
137974
138029
138091
138344
138518
138693
138798
138851
138928
138984
139076
139113
139155
139208
139423
139586
139768
139894
140196
140378
140443
140517
140830
140918
140985
141027
141086
141140
141192
141236
141298
141345
141394
141455
141531
141634
141688
141772
141830
141964
142025
142156
142211
142464
142576
142625
142668
142715
142867
142930
142974
143077
143148
143352
143483
143690
143748
143907
144033
144192
144364
144513
144580
144676
144855
144910
144976
145062
145112
145178
145265
145303
145380
145432
145482
145549
145601
145673
145712
145788
145866
145971
146032
146229
146324
146568
146788
146888
147031
147069
147113
147174
147220
147262
147302
147379
147482
147531
147649
147712
147763
148004
148067
148158
148225
148279
148396
148456
148566
148684
148739
148787
148840
148918
148998
149056
149107
149238
149271
149315
149376
149431
149488
149541
149594
149692
149741
149865
149916
149961
150055
150108
150166
150209
150266
150312
150431
150495
150611
150718
150793
150841
150887
150971
151034
151281
151344
151400
151540
151666
151720
151869
152033
152109
152222
152338
152488
152665
152780
152899
153267
153736
153820
153869
153950
154054
154131
154189
154265
154310
154354
154682
154824
154869
154943
155008
155054
155118
155215
155314
155486
155716
155780
155851
155886
156152
156476
156559
156659
156737
156828
156883
156930
156971
157177
157218
157260
157319
157379
157422
157498
157550
157612
157662
157714
157855
158010
158127
158272
158334
158398
158456
158505
158581
158789
158897
159082
159142
159222
159371
159495
159617
159703
159817
159888
160202
160650
160757
160816
160881
160967
161120
161347
161491
161543
161591
161656
161729
161817
161881
161926
162052
162135
162260
162617
162673
162852
163057
163117
163179
163235
163456
163610
163867
163932
164012
164077
164164
164359
164415
164485
164547
164633
164797
164859
164901
164953
165000
165036
165113
165182
165251
165291
165327
165398
165431
165494
165527
165575
165611
165644
165679
165801
165834
165868
165987
166038
166085
166151
166302
166375
166434
166492
166536
166573
166632
166690
166801
166911
166972
167027
167126
167230
167322
167530
167607
167732
167818
167921
168020
168148
168281
168381
168466
168523
168614
168690
168832
168883
168931
169058
169112
169196
169274
169364
169416
169611
169738
169812
169883
169925
169996
170127
170231
170311
170381
170453
170546
170602
170679
170882
170935
170989
171075
171127
171327
171384
171585
171647
171808
171861
171922
171976
172021
172071
172116
172191
172264
172323
172380
172419
172457
172514
172618
172655
172700
172763
172836
172870
172906
172966
173028
173094
173140
173223
173334
173405
173461
173580
173675
173738
173840
173895
174017
174076
174128
174272
174384
174506
174579
174639
174689
174749
174892
174970
175110
175155
175257
175332
175380
175455
175498
175544
175616
175662
175716
175773
175874
175928
176160
176326
176393
176468
176623
176694
176768
176965
177401
177669
177764
177856
177937
178022
178104
178174
178231
178338
178430
178568
178739
178887
178938
179012
179095
179168
179248
179327
179393
179439
179512
179634
179677
179780
179836
179933
179978
180052
180107
180160
180262
180378
180461
180516
180599
180716
180807
180861
180920
180981
181036
181157
181282
181341
181424
181473
181533
181694
181803
181862
181945
182071
182132
182182
182320
182383
182461
182513
182590
182734
182817
182960
183045
183231
183276
183409
183497
183547
183595
183686
183773
183820
183956
184110
184154
184222
184283
184356
184473
184623
184741
184803
184888
184933
184999
185051
185100
185137
185269
185313
185350
185396
185492
185650
185749
185866
185908
185953
186017
186065
186127
186283
186395
186450
186547
186648
186710
186769
186881
186974
187165
187300
187379
187817
187961
188285
188473
188523
188584
188679
188740
188884
188960
189090
189170
189506
189738
189789
190016
190088
190201
190274
190354
190415
190548
190668
190965
191178
191229
191293
191434
191487
191643
191748
191858
191917
192046
192148
192234
192288
192343
192388
192539
192646
192741
192819
192938
193154
193325
193463
193536
193593
193662
193739
193841
193926
194169
194225
194347
194404
194475
194573
194812
194867
194933
195098
195195
195300
195347
195419
195475
195536
195624
195723
195830
195949
196139
196260
196385
196457
196543
196632
196821
196877
197104
197230
197268
197471
197547
197618
197703
197749
197796
197866
198063
198111
198181
198256
198373
198424
198474
198542
198675
198774
199368
199430
199506
199586
199673
199766
199884
200004
200075
200160
200298
200405
200523
200607
200685
200743
200806
200921
200985
201052
201144
201246
201323
201543
201594
201706
202149
202219
202307
202374
202511
202622
202839
203086
203143
203234
203541
203626
203789
203897
203960
204007
204079
204151
204240
204407
204614
204688
204771
204833
204962
205056
205183
205276
205333
205467
205558
205628
205716
205827
205873
205975
206111
206287
206383
206455
206574
206766
206874
207008
207085
207129
207183
207534
207737
207830
207882
207948
208010
208080
208162
208247
208332
208867
208913
209136
209224
209307
209428
209677
209941
210231
210285
210364
210439
210601
210818
210920
210997
211173
211246
211413
211475
211652
211782
211984
212111
212262
212518
212570
212704
212908
213032
213125
213286
213366
213562
213624
213680
213834
214002
214127
214189
214241
214333
214490
214678
214725
214868
214957
215054
215106
215173
215286
215720
215823
215867
216015
216337
216434
216564
216611
216692
216842
216895
217047
217140
217388
217549
217843
217932
218019
218142
218346
218554
218631
218761
218854
218933
219037
219261
219347
219460
219670
219801
219998
220158
220369
220421
220567
220874
220938
221036
221131
221190
221254
221508
221588
221644
221712
221782
221904
221978
222087
222157
222278
222402
222511
222686
222859
222920
222996
223133
223249
223585
223641
223933
224145
224205
224247
224297
224362
224438
224515
224603
224744
225021
225165
225235
225304
225398
225475
225537
225648
225885
225943
226761
226824
226903
226975
227050
227149
227228
227301
227448
227651
227719
227783
227860
228056
228100
228159
228260
228332
228476
228582
228811
228871
228986
229058
229160
229230
229274
229405
229474
229550
229662
230000
230060
230108
230187
230259
230343
230411
230539
230762
230870
230924
230987
231202
231326
231393
231452
231501
231554
231644
231785
231843
231954
232051
232187
232300
232359
232571
232658
232932
233056
233092
233128
233206
233251
233295
233384
233444
233490
233531
233577
233686
233751
233794
233846
233908
234008
234109
234231
234288
234452
234505
234574
234672
234726
234785
234913
234961
235012
235115
235166
235215
235253
235303
235355
235461
235555
235639
235689
235743
235798
235957
236051
236132
236258
236304
236404
236466
236552
236591
236631
236673
236719
236764
236861
236923
236986
237098
237155
237232
237279
237334
237387
237430
237485
237592
237639
237680
237775
237816
238011
238147
238293
238402
238442
238525
238667
238781
238881
238927
239007
239108
239164
239386
239440
239488
239586
239650
239868
240104
240259
240400
240503
240598
240718
240768
240842
240960
241033
241095
241161
241264
241458
241543
241598
241668
241748
241810
241920
242295
242375
242449
242517
242676
242732
242787
243033
243070
243129
243234
243348
243609
243754
243832
243930
243987
244039
244138
244210
244352
244492
244575
244744
244796
244854
244914
244975
245035
245104
245200
245290
245437
245537
245605
245650
245770
245822
245894
245947
246048
246156
246212
246314
246515
246644
246756
246829
246907
246982
247056
247226
247318
247406
247466
247644
247704
247781
247858
248058
248146
248251
248320
248409
248572
248699
248751
248875
248942
249026
249088
249150
249244
249329
249463
249620
249683
249765
249843
249914
249991
250046
250127
250209
250281
250351
250397
250477
250588
250653
250774
250952
251002
251105
251430
251508
251569
251646
251811
251872
252000
252072
252157
252226
252436
252490
252582
252640
252715
252785
252893
252950
253038
253115
253247
253317
253431
253507
253555
253623
253728
253769
253845
253893
253932
253969
254009
254067
254136
254192
254243
254282
254324
254437
254498
254557
254653
254736
254857
254909
254951
255025
255091
255151
255271
255335
255406
255490
255573
255629
255684
255772
255841
255881
255922
255969
256073
256121
256208
256261
256346
256491
256651
256826
256895
256969
257041
257096
257189
257337
257398
257450
257500
257578
257660
257722
257789
257873
257925
258472
258685
258739
258802
258904
259007
259071
259152
259199
259327
259411
259669
259719
259780
259821
259930
260023
260179
260236
260280
260414
260469
260562
260685
260806
260896
261013
261077
261134
261204
261278
261377
261471
261649
261909
261961
262090
262191
262321
262420
262477
262794
262892
262980
263049
263116
263214
263276
263338
263438
263583
263649
263693
263787
263933
264428
264663
264729
264865
265011
265117
265237
265296
265461
265556
265694
265761
265812
265895
266059
266193
266266
266416
266471
266703
266755
266864
266926
266987
267045
267095
267165
267230
267398
267753
268276
268323
268386
268630
268669
268740
268843
268881
268929
268963
269001
269038
269143
269192
269230
269264
269325
269389
269425
269464
269509
269581
269628
269724
269766
269805
269865
269910
270039
270177
270225
270371
270443
270517
270583
270637
270715
270802
270878
270935
271029
271436
271591
271745
271888
271960
272019
272076
272184
272316
272446
272560
272591
272641
272735
272816
272866
272929
272982
273054
273220
273483
273610
273794
273895
274089
274194
274320
274391
274462
274588
274669
274985
275179
275281
275331
275427
275517
275597
275665
275747
275810
275968
276084
276140
276199
276248
276330
276481
276561
276623
276670
276732
276775
276834
276967
277086
277295
277376
277475
277631
277725
277774
277869
277985
278128
278226
278316
278428
278478
278542
278623
278752
278807
278907
279001
279075
279160
279215
279369
279423
280131
280240
280306
280462
280592
280696
280774
280849
280931
281050
281111
281263
281340
281424
281661
281825
281951
282061
282141
282395
282486
282533
282612
282688
282744
282906
282968
283082
283210
283290
283358
283539
283645
283747
283893
284112
284168
284225
284365
284568
284614
284708
284833
284926
284983
285094
285401
285451
285504
285594
285677
285750
285886
285998
286134
286355
286512
286632
286689
286766
286834
286944
286989
287053
287133
287209
287294
287365
287463
287625
287685
287738
287794
287871
287970
288099
288202
288263
288355
288411
288556
288727
288813
289005
289116
289207
289289
289511
289571
289831
290003
290059
290203
290290
290433
290531
290683
290776
290948
291063
291201
291319
291461
291531
291634
291980
292191
292241
292321
292438
292539
292602
292692
292751
292847
292935
293055
293103
293149
293235
293320
293405
293481
293557
293618
293669
293736
293780
293835
293878
293940
293978
294014
294075
294123
294202
294257
294430
294541
294595
294696
294857
294957
295152
295483
295565
295614
295705
295871
296005
296492
296932
297116
297200
297262
297357
297466
297558
297628
297664
297801
297890
297980
298017
298058
298102
298159
298239
298283
298339
298422
298463
298525
298588
298690
298797
298863
298958
299268
299329
299426
299498
299568
299633
299688
299981
300049
300113
300231
300288
300369
300498
300555
300680
300746
300825
300916
300975
301169
301300
301351
301402
301469
301508
301557
301634
301682
301780
301831
301878
301929
301990
302088
302145
302191
302234
302308
302364
302437
302496
302557
302734
302903
302964
303155
303216
303273
303354
303409
303479
303531
303606
304036
304301
304452
304544
304635
304751
304903
305016
305132
305255
305357
305416
305544
305701
305787
305848
305888
305950
306020
306124
306256
306303
307062
307357
307427
308025
308168
308219
308271
308353
308408
308556
308638
308720
308865
309070
309161
309215
309247
309457
309561
309629
309729
309854
309935
310010
310065
310189
310520
310639
310695
310750
310848
310934
311010
311074
311188
311274
311384
311583
311667
311833
311891
312030
312197
312265
312437
312477
312800
312875
312942
313008
313060
313120
313169
313216
313301
313353
313555
313914
314035
314249
314313
314492
314571
314809
314858
314952
315014
315061
315139
315247
315325
315470
315748
316084
316160
316242
316361
316434
316554
316683
316744
316833
316906
316970
317284
317574
318237
318304
318687
318759
319038
319129
319205
319302
319502
319567
319798
319860
319995
320054
320107
320174
320238
320306
320352
320437
320472
320508
320989
321028
321306
321490
321588
321650
321772
321876
321956
322035
322080
322224
322393
322482
322575
322660
322901
323102
323297
323413
323477
323532
323599
323710
323780
323871
323926
324049
324142
324210
324266
324535
324750
324812
324938
325132
325175
325242
325565
325622
325743
325838
326115
326313
326383
326444
326527
326647
326732
326805
326864
327188
327367
327555
327616
327782
327849
327911
327959
328021
328080
328233
328455
328570
328660
328730
328910
329083
329207
329309
329740
329819
329955
330027
330153
330232
330360
330440
330554
330680
330928
331056
331099
331174
331253
331312
331505
331588
331681
331787
331868
331977
332052
332154
332236
332403
332525
332622
332872
333469
333536
333679
333761
333829
333932
333999
334059
334108
334200
334417
334575
334773
334826
334883
334998
335210
335268
335343
335419
335493
335632
335740
335905
335995
336126
336243
336314
336366
336429
336662
336728
336916
337062
337193
337249
337541
337592
337669
337760
337843
337901
337956
338036
338097
338250
338557
338667
338807
338856
338994
339168
339234
339276
339330
339372
339415
339452
339485
339516
339549
339610
339680
339738
339781
339825
339864
339986
340051
340092
340130
340174
340212
340333
340377
340495
340551
340608
340645
340711
340754
340813
340860
340898
340943
340994
341076
341172
341251
341323
341416
341471
341713
341753
341801
341846
341894
341963
342066
342110
342149
342210
342265
342398
342547
342757
342822
342867
342960
343019
343093
343213
343283
343410
343469
343530
343586
343657
343758
343888
343943
344013
344059
344110
344177
344251
344383
344503
344603
344703
344810
344866
344939
345180
345234
345359
345416
345481
345641
345721
345785
345872
345956
345995
346111
346156
346199
346253
346312
346373
346542
346672
346728
346894
346993
347180
347252
347294
347355
347401
347455
347541
347584
347644
347845
347897
347969
348021
348078
348135
348209
348285
348478
348552
348613
348703
348818
348913
348982
349035
349118
349171
349230
349300
349421
349480
349608
349842
349973
350064
350127
350179
350235
350298
350369
350422
350515
350617
350772
350839
350887
350933
351005
351091
351174
351261
351338
351459
351515
351593
351782
351851
351906
351978
352091
352203
352414
352472
352572
352637
352738
352805
352867
352942
353030
353117
353357
353600
353658
353722
353780
353830
353906
353992
354076
354209
354258
354360
354404
354445
354502
354534
354640
354714
354816
355026
355060
355120
355183
355244
355303
355360
355451
355560
355678
355747
355830
355984
356044
356108
356172
356229
356330
356413
356478
356588
356658
356725
356864
356955
357132
357223
357330
357380
357438
357500
357548
357591
357636
357692
357758
357872
358014
358137
358195
358243
358379
358651
358724
358890
359006
359108
359269
359329
359385
359504
359751
359802
359856
359928
360008
360141
360228
360328
360518
360675
361078
361147
361560
361692
361788
361856
361981
362136
362186
362228
362280
362348
362427
362475
362552
362690
362795
362858
363038
363164
363236
363305
363372
363429
363471
363516
363587
363727
363823
363935
364023
364099
364352
364584
364685
364743
364822
364935
364998
365089
365146
365223
365389
365453
365573
365681
365823
365908
365968
366020
366235
366316
366512
366644
366794
366845
366903
366978
367036
367125
367254
367310
367468
367568
367625
367720
367776
367819
367865
367898
367941
367989
368048
368103
368174
368244
368404
368464
368547
368758
368893
369112
369156
369260
369428
369504
369568
369626
369705
369748
369784
369842
369887
369935
369983
370057
370103
370160
370216
370365
370546
370627
370773
370862
371024
371072
371219
371298
371446
371488
371597
371644
371693
371739
371776
371822
371885
371980
372038
372076
372123
372171
372223
372371
372430
372484
372572
372924
372987
373040
373117
373182
373268
373323
373424
373615
373666
373744
373807
373912
373974
374019
374089
374135
374187
374244
374284
374324
374380
374448
374492
374547
374603
374700
374793
374835
374895
374935
375002
375293
375448
375557
375614
375723
375866
375917
376042
376111
376348
376574
376626
376732
376894
376966
377022
377074
377189
377276
377351
377436
377507
377794
378040
378173
378214
378312
378362
378433
378562
378612
378681
378764
378872
378940
378981
379141
379224
379297
379354
379894
380370
380464
380544
380602
380655
380704
380779
380818
380876
380948
381093
381200
381251
381296
381376
381452
381547
381620
381678
381804
381860
381940
382020
382094
382161
382387
382678
382907
383418
383722
383862
383911
383961
384328
384545
384617
384695
384762
384855
384912
384988
385068
385133
385373
385422
385491
385603
385668
385723
385772
385835
385912
386025
386078
386145
386203
386332
386424
386511
386591
386662
386816
386885
386942
387009
387061
387175
387231
387328
387391
387513
387562
387608
387689
387966
388045
388200
388357
388453
388527
388592
388650
388844
388922
389034
389115
389242
389318
389371
389480
389551
389614
389660
389746
389817
389899
389968
390071
390164
390262
390342
390426
390527
390592
390642
390723
390793
390872
390978
391058
391293
391382
391462
391574
391749
391992
392120
392194
392286
392341
392388
392479
392551
392679
392746
392815
392866
392980
393031
393123
393288
393530
393648
393741
393809
393926
393984
394120
394170
394226
394284
394339
394403
394465
394524
394583
394651
394733
394821
394915
395017
395077
395164
395251
395336
395405
395476
395573
395851
396032
396183
396253
396305
396367
396430
396607
396649
396716
396807
396910
396997
397152
397213
397323
397497
397557
397624
397754
397820
397897
397990
398082
398127
398251
398499
398695
398784
398835
398912
398969
399038
399091
399160
399265
399380
399436
399604
399651
399714
399828
399892
399987
400036
400080
400242
400399
400497
400612
400777
400833
400908
401003
401047
401093
401139
401208
401282
401343
401616
402016
402138
402207
402281
402470
402570
402635
402810
402872
402954
403186
403284
403345
403429
403499
403641
403804
403870
403919
404012
404158
404217
404348
404389
404753
405011
405060
405207
405293
405340
405460
405548
405610
405686
405771
405882
406031
406580
406685
406738
406798
407081
407151
407200
407277
407385
407487
407591
407656
407742
407800
407867
407917
408062
408119
408184
408280
408393
408471
408561
408627
408790
408876
408947
409045
409134
409223
409510
409791
409970
410074
410124
410234
410298
411451
412426
412492
412621
412689
412761
412866
413114
413159
413205
413408
413464
413548
413636
413741
413804
413901
413942
414068
414280
414457
414564
414616
414683
414797
414906
414967
415022
415064
415120
415186
415230
415300
415401
415503
415543
415588
415730
415811
415863
415954
416045
416279
416354
416424
416499
416694
416802
416870
416927
417065
417142
417212
417260
417302
417350
417392
417495
417538
417575
417631
417722
417796
417868
417924
417981
418036
418173
418231
418383
418423
418485
418583
418629
418702
418801
419034
419226
419279
419411
419603
419715
419772
419837
419904
419996
420048
420113
420339
420425
420868
420931
421121
421443
421531
421601
421768
421896
421998
422057
422118
422168
422256
422388
422515
422560
422657
422702
422760
422854
422946
423002
423082
423137
423204
423320
423381
423460
423657
423788
423936
423984
424034
424105
424206
424297
424372
424598
424687
424835
425061
425155
425251
425328
425402
425487
425577
425650
425743
425835
425883
426028
426165
426257
426341
426420
426542
426643
426758
426949
427008
427237
427494
427565
427856
427921
428057
428162
428399
428524
428707
428771
428830
428961
429023
429107
429206
429320
429594
429763
429891
429954
430098
430182
430331
430387
430473
430606
430752
430805
430859
430989
431078
431137
431184
431292
431385
431481
431538
431671
431737
431810
431874
432016
432144
432238
432317
432385
432455
432633
432710
432882
432994
433068
433183
433283
433396
433489
433633
433695
433793
433894
434130
434644
434783
434960
435084
435138
435208
435302
435351
435439
435527
435617
435736
435812
435879
436158
436258
436358
436423
436483
436582
436800
436865
437150
437402
437508
437598
437673
437833
437887
438005
438067
438116
438202
438321
438368
438446
438492
438673
438737
438912
438994
439223
439434
439665
439855
439982
440067
440166
440242
440326
440423
440566
440672
440743
440907
441018
441126
441188
441384
441570
441806
441970
442095
442158
442249
442363
442432
442508
442558
442648
442722
442903
443005
443120
443191
443243
443389
443553
443649
443730
443881
444219
444267
444315
444363
444404
444463
444520
444616
444765
444807
444873
445085
445138
445212
445667
445715
445864
445899
445970
446052
446195
446329
446428
446465
446547
446616
446670
446735
446818
446973
447037
447108
447293
447372
447446
447507
447607
447720
447790
447891
447937
448010
448308
448394
448535
448660
448726
448882
448944
449031
449112
449164
449413
449508
449608
449727
449818
449904
450162
450225
450291
450353
450429
450522
450625
450689
450734
451001
451061
451129
451184
451323
451435
451504
451625
452022
452125
452226
452314
452514
452562
452653
452732
452801
452860
452916
452975
453031
453124
453174
453263
453335
453393
453668
453763
453828
453924
453986
454092
454198
454252
454302
454366
454425
454535
454625
454790
454876
454951
455005
455107
455263
455342
455440
455566
455635
455695
455774
455826
455878
456044
456132
456241
456319
456382
456437
456532
456575
456657
456697
456868
456927
456990
457022
457055
457122
457163
457222
457286
457320
457385
457445
457487
457581
457622
457658
457726
457767
457809
457851
457982
458025
458078
458151
458283
458326
458438
458490
458594
458644
458692
458746
458804
458898
459004
459097
459224
459258
459297
459335
459490
459526
459559
459655
459706
459757
459843
459935
459979
460076
460128
460232
460329
460380
460467
460622
460664
460729
460865
460903
460948
461013
461064
461105
461163
461210
461249
461292
461333
461376
461444
461500
461588
461667
461760
461818
461871
461932
461986
462068
462199
462249
462388
462445
462561
462616
462667
462712
462771
462848
462932
462994
463067
463125
463192
463293
463347
463417
463476
463530
463578
463620
463744
463795
463915
463987
464098
464144
464251
464325
464387
464426
464525
464599
464726
464764
464820
464871
465093
465145
465284
465330
465404
465454
465577
465685
465753
465796
465904
465958
466004
466068
466113
466146
466179
466210
466244
466288
466347
466392
466442
466494
466646
466691
466784
466833
466872
466927
466970
467016
467067
467107
467342
467445
467500
467607
467706
467757
467876
467929
467973
468020
468079
468125
468228
468271
468323
468362
468401
468458
468501
468577
468631
468682
468771
468810
468888
468940
469095
469163
469277
469337
469404
469495
469582
469636
469772
469906
469990
470066
470130
470227
470326
470375
470497
470544
470614
470671
470719
470793
470851
470891
470950
471012
471113
471207
471267
471316
471371
471416
471457
471504
471560
471663
471805
471894
471944
472016
472057
472113
472163
472213
472263
472331
472382
472436
472576
472669
472710
472752
472813
472860
472904
472952
473015
473101
473163
473234
473301
473344
473396
473470
473521
473572
473629
473710
473779
473901
474003
474081
474130
474181
474350
474421
474474
474524
474578
474634
474696
474735
474800
474857
474926
474987
475046
475085
475139
475180
475239
475319
475413
475464
475546
475593
475645
475696
475748
475804
475929
475991
476122
476225
476427
476477
476555
476629
476703
476768
476828
476942
477031
477072
477130
477171
477222
477299
477375
477472
477589
477662
477714
477771
477817
477867
477926
477973
478026
478078
478235
478334
478415
478499
478545
478588
478664
478722
478769
478832
478881
479053
479146
479197
479254
479337
479400
479495
479547
479673
479726
479809
479923
480128
480200
480359
480524
480584
480644
480691
480735
480780
480826
480859
480924
480967
481094
481159
481220
481275
481332
481400
481453
481503
481563
481619
481690
481748
481831
482004
482055
482107
482183
482242
482298
482402
482446
482496
482559
482602
482716
482764
482804
482843
482888
482942
483056
483115
483206
483288
483330
483361
483400
483442
483489
483538
483639
483754
483853
483933
484180
484632
484686
484919
485030
485114
485214
485370
485444
485519
485624
485694
485755
485802
485859
485926
485995
486086
486141
486301
486393
486500
486682
486735
486783
486852
486901
486980
487296
487353
487464
487549
487622
487717
487770
487854
487990
488145
488243
488363
488518
488602
488708
488839
488898
489059
489122
489189
489256
489390
489435
489528
489590
489674
489717
489774
489824
489914
490001
490097
490192
490316
490468
490537
490584
490681
490750
490833
490897
490954
490993
491138
491220
491445
491524
491569
491629
491665
491697
491733
491768
491804
491845
491888
492015
492066
492126
492164
492209
492246
492294
492362
492414
492492
492537
492589
492661
492750
492865
492925
492994
493073
493203
493282
493488
493548
493596
493641
493720
493804
493914
493966
494130
494193
494238
494367
494413
494478
494565
494610
494683
494744
494841
494913
494973
495116
495310
495396
495447
495505
495614
495706
495760
495843
495898
495991
496080
496145
496197
496281
496337
496412
496473
496536
496587
496662
496779
496820
496875
497042
497106
497345
497404
497897
497955
498074
498121
498264
498317
498383
498424
498476
498581
498719
499022
499096
499149
499204
499310
499383
499459
499516
499860
499939
500067
500123
500209
500273
500347
500415
500506
500558
500632
500819
500867
500925
500976
501036
501080
501208
501279
501430
501671
501805
501879
501934
501992
502055
502099
502148
502271
502403
502471
502517
502745
502801
503135
503205
503285
503525
503696
503919
504007
504247
504526
504596
504643
504707
504770
504867
504934
505027
505180
505230
505287
505353
505519
505628
505688
505763
505848
505922
506064
506136
506182
506222
506262
506316
506387
506441
506494
506589
506631
506683
506732
506795
506843
506963
507046
507110
507217
507417
507725
507763
507850
507934
507993
508091
508157
508220
508273
508320
508409
508543
508637
508695
508766
508819
508911
509018
509068
509127
509243
509293
509332
509486
509561
509686
509739
509803
510047
510266
510516
510643
510681
510748
510852
510980
511045
511160
511240
511296
511351
511448
511567
511629
511676
511765
511862
511913
512024
512100
512208
512441
512608
512997
513099
513153
513300
513365
513421
513483
513633
513839
513925
514278
514579
514645
514741
514933
515241
515424
515477
515617
515703
515776
515925
516082
516185
516290
516338
516414
516658
516713
516779
517021
517197
517289
517331
517385
517417
517450
517483
517524
517569
517606
517687
517737
517905
517968
518039
518110
518212
518269
518321
518372
518544
518628
518682
518782
518854
518944
519028
519099
519380
519525
519873
520008
520057
520154
520359
520469
520563
520641
520785
520842
520894
520948
521036
521082
521220
521315
521495
521558
521611
521669
521732
521781
521821
521872
521991
522141
522199
522255
522333
522389
522473
522576
522663
522731
522782
522822
522871
522987
523048
523093
523150
523208
523277
523350
523686
523761
523802
523875
523954
524111
524162
524224
524274
524324
524432
524543
524597
524639
524690
524740
524828
524878
524979
525027
525147
525350
525400
525469
525535
525657
525783
525889
525947
526002
526128
526193
526279
526324
526371
526441
526505
526578
526627
526716
526780
526845
526978
527047
527169
527281
527446
527503
527729
527782
527843
527883
527944
528011
528059
528147
528310
528560
528645
528777
528929
529063
529200
529257
529343
529394
529473
529597
529665
529804
529908
529972
530165
530277
530395
530487
530583
530654
530714
530794
530982
531071
531123
531184
531277
531345
531451
531864
531928
532051
532089
532166
532237
532310
532354
532423
532495
532603
532887
532925
533183
533295
533425
533535
533719
533835
533882
533946
534023
534386
534428
534471
534532
534586
534644
534757
534832
534934
534986
535040
535087
535135
535193
535264
535310
535354
535390
535438
535525
535591
535642
535697
535761
535826
535878
535931
535971
536042
536098
536165
536214
536308
536363
536423
536470
536604
536663
536756
536814
536892
536962
537008
537049
537099
537158
537214
537303
537407
537459
537564
537620
537691
537830
537973
538046
538130
538186
538236
538353
538400
538443
538553
538599
538659
538718
538757
538878
538963
539037
539091
539192
539250
539356
539439
539508
539564
539671
539720
539795
539897
539949
540078
540126
540196
540633
540697
540738
540810
540865
540910
540971
541081
541134
541195
541372
541532
541600
541726
541806
541874
541944
542280
542402
542500
542679
542730
542886
543011
543297
543373
543524
543596
543676
543831
543924
544162
544250
544339
544415
544468
544604
544715
544925
544991
545080
545415
545501
545557
545625
545733
545847
545959
546017
546163
546221
546292
546375
546421
546481
546625
546666
546716
546786
546870
546932
546991
547137
547306
547434
547787
547906
548100
548133
548242
548310
548394
548450
548611
548660
548738
548852
549037
549177
549274
549319
549414
549474
549563
549643
549733
549781
549844
549978
550066
550147
550227
550299
550378
550421
550479
550580
550756
550944
551133
551215
551275
551336
551458
551588
551822
551945
552072
552168
552227
552275
552332
552390
552483
552661
552704
552745
552795
552839
552928
552972
553011
553051
553098
553179
553216
553273
553327
553374
553502
553560
553632
553725
553892
554071
554318
554498
554647
554733
554808
554902
555140
555277
555369
555494
555628
555744
556024
556109
556187
556239
556300
556399
556518
556671
556815
556896
557046
557108
557160
557250
557290
557362
557538
557624
557693
557764
557915
557993
558059
558129
558399
558599
558658
558777
558849
558922
559053
559128
559200
559342
559449
559518
559586
559646
559746
559830
559914
560070
560151
560404
560600
560694
560783
560927
560983
561074
561152
561491
561571
561678
561736
561853
561919
562006
562112
562177
562668
562779
562866
562994
563077
563133
563221
563329
563402
563451
563527
563673
563744
563795
563963
564126
564180
564270
564370
564658
564875
564954
565047
565146
565199
565275
565320
565411
565539
565713
565877
565926
566063
566243
566357
566417
566509
566649
566782
566959
567037
567164
567231
567345
567450
567503
567601
567673
567758
567857
567906
567993
568093
568160
568210
568275
568341
568459
568565
568693
568815
568964
569067
569134
569216
569430
569666
569969
570026
570186
570237
570528
570614
570667
570729
570814
570870
570933
570980
571040
571121
571203
572607
572819
573022
573155
573247
573301
573361
573716
574241
574439
574885
575324
575701
575772
576164
576226
576403
576913
576996
577582
578106
578327
578432
578493
578620
578830
579150
579346
579418
579547
579624
579960
580032
580269
580406
580507
580845
580961
581153
581228
581394
581576
581675
581764
581797
582127
582224
582686
582745
582858
582921
583047
583216
583497
583575
583684
583932
584141
584210
584277
584360
584495
584567
584661
584888
585048
585196
585424
585773
586008
586147
586203
586278
586332
586432
586548
586657
586741
586844
586948
587148
587391
587558
587608
587666
587723
587799
587848
587907
588050
588133
588183
589178
589282
589347
589407
589501
589864
590051
590137
590260
590425
590488
590558
590619
590671
590769
590824
590893
590954
591026
591086
591138
591193
591282
591345
591394
591537
591617
591677
591793
591839
591907
591964
592045
592114
592253
592360
592625
592707
592853
593006
593117
593213
593357
593414
593509
593843
593958
594026
594101
594197
594424
594504
594555
594722
594877
594982
595363
595509
595689
595827
596112
596383
596459
596628
597170
597371
597431
597585
597631
597671
597733
597857
598055
598134
598182
598226
598263
598297
598342
598400
598443
598502
598613
598664
598712
598803
598879
599025
599097
599146
599395
599494
599687
599742
599937
