4033
5261
7657
9115
13627
20466
21914
23691
26317
30580
33416
35103
37090
39965
42351
44777
50089
53703
57217
62974
81199
89815
96275
98272
100698
103334
105989
109783
123142
129138
131788
134773
137299
139961
142970
145376
147992
153244
161420
165963
168076
170472
173202
175598
178073
180816
183555
186172
188627
191284
195606
198431
201093
203374
208725
211410
213617
215733
217121
218908
224580
226087
228263
236117
242277
252251
258081
260292
262419
265300
267990
270616
272742
275078
281618
284324
286230
290404
295422
299845
301955
303623
305290
312688
314895
317786
319477
321554
324270
326596
329751
332147
333650
336760
339171
341352
354311
359829
363207
365563
370036
376226
378674
380789
387039
389245
394966
397392
399755
402105
406634
408950
411450
415553
417650
421643
425348
428662
436565
441967
444608
447193
449625
452135
455000
459223
466737
480329
482566
485461
488037
492440
497144
499495
502204
504710
507486
510311
512887
515882
518348
521074
526026
528722
531607
534053
540453
542639
544417
550573
563428
574059
579311
583504
585960
588786
591571
594027
596533
598979
601525
603762
606008
608314
619197
621563
623809
626327
628582
632875
635091
642969
644777
647422
650114
652749
654880
660047
662398
664944
667076
669366
672078
676585
679291
680998
686050
688446
690842
693614
697817
700423
706128
707925
712058
714874
717565
721892
724738
727164
729849
732885
735467
743154
749588
761798
764395
769961
774907
777355
779750
782525
785157
787708
790492
793228
795564
798180
800802
803292
806008
808444
810820
822022
823899
829536
834871
839993
842399
850766
856626
860340
863002
865622
868108
870674
873179
875816
878378
880927
883304
885820
888275
890408
893567
895764
898000
900117
902543
904858
907235
909502
912028
914354
918897
921413
923859
926025
928278
930568
932930
935300
937676
939713
942599
944625
946622
949788
951930
954739
958224
960839
963435
966092
968687
971283
973649
976534
978950
981546
984028
986395
988890
991490
993916
996512
998759
1001260
1004110
1006807
1009398
1012057
1014513
1017338
1019976
1022291
1023848
1026484
1029350
1032051
1034791
1037437
1041241
1044126
1046622
1049048
1051564
1054190
1056676
1059282
1062047
1064473
1067198
1069695
1072301
1074847
1077313
1080128
1082754
1084911
1087353
1089294
1091869
1094535
1097071
1099926
1102848
1105733
1108343
