1274
15806
21308
30523
35593
38108
47762
55392
58981
72667
73674
85088
91723
97161
115683
123381
132466
136694
155452
158868
176832
184727
192013
199819
208668
211234
221076
231336
234774
242724
250367
252041
259470
263146
276537
282190
285996
289886
296121
305753
308946
323862
328150
343342
369084
381987
389803
405160
416611
417671
424344
434677
460359
469563
483897
496249
521566
528630
539582
553287
563452
581148
584352
602008
609484
625712
636215
639318
657496
677368
680654
690889
700986
702151
705539
718601
728850
737048
751812
757794
777049
779391
780665
789839
793749
800253
804370
813199
823926
844631
861395
875820
877699
916644
937319
975051
976927
990881
1001721
1011121
1012882
1020530
1023336
1028950
1029935
1034217
1041669
1051162
1054744
1064739
1070757
1078176
1082846
1086905
1095193
1104959
1110802
