2156
4708
6315
8471
10153
16299
21341
22902
24759
29682
31479
34224
36427
38547
41059
43546
48382
50774
56560
58066
80111
86820
94458
97489
99440
101578
104258
108795
110462
127561
130252
133545
135977
138757
141539
143839
146929
151656
154118
164116
166852
169144
171530
174266
177015
179418
182433
184913
187518
190151
192846
196655
200024
202231
204997
209513
212289
215075
216203
218485
220196
225647
227325
231058
239691
245027
256268
259220
261390
264032
266522
269224
271700
274321
279901
282417
285034
287026
294407
296464
300438
302944
304571
307946
314047
315683
318565
320205
322542
326276
327315
330516
333055
335072
337388
340370
341918
355525
361566
364201
368090
371435
377176
379806
383554
388047
392377
396035
398680
400936
403313
407676
410567
412668
416192
418899
424226
426016
431498
437348
443149
445805
448676
451006
453413
457037
460667
476088
481228
483894
486819
489142
494646
498201
500383
503482
506178
508813
511815
514161
517310
519862
521979
527071
529810
532835
535840
542130
543240
546044
557146
567436
578208
580690
585002
587219
590113
592869
594966
597577
600253
602585
604672
606887
613148
620495
622631
625403
627533
631687
633925
637723
644157
645954
648991
651465
653987
655544
661210
663642
665738
668278
671134
673356
677869
680504
681817
687167
690000
692496
694596
698735
704400
707192
710437
713466
716203
718368
723017
725936
728318
730898
733964
736858
744168
752313
763122
766380
772337
775981
778631
781317
783963
786489
789085
792185
794196
797811
799095
801754
804510
807176
809581
812267
823340
824847
832914
838765
841007
848130
853651
858933
861489
864414
867026
869266
871942
874408
877363
879610
881728
884318
886908
889424
891770
894516
896882
899008
901325
903601
906117
908453
910975
913056
915372
920410
922840
925147
927133
929349
931916
934172
936548
938715
940881
943737
946009
948280
951124
953208
955618
959551
962097
964583
967146
969885
972471
974633
977648
980248
982824
985220
987347
990083
992778
995104
997627
999933
1002762
1005165
1008280
1010410
1013315
1015881
1018717
1021154
1023249
1024846
1027688
1030958
1033464
1036248
1038396
1042545
1045394
1047740
1050282
1053098
1055088
1057914
1060801
1063046
1065312
1068647
1070859
1073529
1075971
1078531
1081386
1084158
1085905
1088301
1090321
1092928
1095769
1098554
1101184
1104180
1107131
1109691
