8089
10655
13160
15797
18359
20908
23285
25801
28256
30389
33548
35745
37981
40098
42524
44839
47216
49483
52009
54335
58878
61394
63840
66006
68259
70549
72911
75281
77657
79694
82580
84606
86603
89769
91911
94720
98205
100820
103416
106073
108668
111264
113630
116515
118931
121527
124009
126376
128871
131471
133897
136493
138740
141241
144091
146788
149379
152038
154494
157319
159957
162272
163829
166465
169331
172032
174772
177418
181222
184107
186603
189029
191545
194171
196657
199263
202028
204454
207179
209676
212282
214828
217294
220109
222735
224892
227334
229275
231850
234516
237052
239907
242829
245714
248324
