39
71
108
165
204
418
551
677
757
792
929
1053
1099
1151
1261
1338
1434
1469
1577
1618
1671
1712
1748
1900
1981
2036
2125
2165
2205
2342
2397
2438
2474
2559
2599
2634
2722
2771
2804
2846
3051
3127
3171
3346
3437
3482
3585
3627
3696
3774
3827
3861
3892
3970
4086
4132
4205
4326
4378
4420
4480
4521
4596
4634
4674
4725
4786
4820
4876
4912
4951
5028
5085
5136
5182
5223
5268
5305
5447
5502
5548
5594
5646
5744
5808
5849
6201
6248
6314
6352
6392
6518
6601
6645
6751
6797
6852
6919
6981
7019
7107
7202
7282
7381
7415
7527
7591
7632
7678
7723
7773
7827
7874
7907
7938
8034
8080
8199
8290
8335
8512
8643
8694
8780
8903
8952
8993
9078
9112
9163
9458
9531
9571
9623
9725
9818
9965
10035
10081
10117
10197
10352
10441
10528
10702
10751
10796
10964
11031
11073
11125
11181
11250
11290
11422
11467
11516
11667
11780
11839
11934
12013
12051
12148
12199
12255
12293
12335
12463
12512
12596
12647
12692
12772
12809
12906
12949
13021
13067
13110
13193
13297
13427
13466
13530
13582
13627
13673
13755
13895
13944
14022
14100
14216
14260
14350
14395
14438
14609
14692
14731
14854
14988
15024
15115
15149
15183
15221
15303
15341
15379
15424
15475
15510
15553
15704
15754
15975
16011
16058
16136
16181
16257
16337
16445
16525
16664
16717
16780
16861
16917
17009
17055
17088
17129
17166
17239
17284
17417
17571
17783
17909
17993
18039
18108
18272
18341
18392
18452
18520
18592
18675
18747
18799
18842
18893
18934
19000
19123
19170
19247
19298
19419
19473
19525
19564
19616
19687
19798
19839
19948
19990
20052
20114
20162
20201
20257
20307
20351
20420
20461
20549
20608
20710
20805
20969
21172
21257
21392
21431
21469
21513
21759
21879
21935
22000
22048
22088
22191
22228
22265
22389
22429
22516
22575
22625
22685
22835
22893
22935
23046
23106
23151
23210
23269
23311
23421
23473
23541
23581
23676
23728
23841
23882
23952
24001
24058
24117
24158
24206
24250
24288
24336
24427
24466
24594
24649
24754
24799
24957
24990
25064
25108
25197
25250
25304
25351
25392
25433
25493
25562
25663
25723
25765
25843
25896
26039
26104
26242
26303
26362
26497
26546
26661
26706
26753
26818
26864
26924
27070
27122
27183
27233
27279
27351
27399
27445
27485
27528
27574
27666
27702
27740
27875
27965
28053
28256
28304
28412
28504
28546
28590
28673
28740
28819
28924
28970
29106
29175
29232
29276
29310
29350
29421
29558
29623
29702
29826
29886
29930
29965
29998
30038
30079
30117
30150
30197
30248
30289
30352
30415
30473
30539
30602
30642
30750
30790
30898
30991
31097
31145
31189
31253
31289
31442
31485
31576
31628
31673
31716
31757
31843
32059
32079
32092
32130
32172
32339
32379
32434
32483
32604
32733
32875
32953
33002
33041
33151
33190
33277
33350
33435
33494
33557
33598
33776
33932
34017
34070
34125
34159
34226
34265
34330
34394
34473
34535
34576
34654
34880
35129
35217
35230
35269
35342
35386
35503
35596
35654
35726
35782
35823
35880
35922
36130
36171
36256
36413
36552
36619
36663
36720
36767
36799
36843
36889
36932
37028
37079
37166
37320
37362
37409
37469
37652
37701
37745
37782
37833
37884
38020
38066
38420
38474
38526
38681
38757
38807
38842
38928
38974
39012
39051
39093
39137
39190
39262
39355
39435
39502
39580
39644
39706
39777
39835
39887
39926
39978
40125
40188
40228
40302
40430
40530
40585
40633
40737
40863
40936
41029
41086
41131
41180
41254
41293
41417
41600
41647
41691
41734
41786
41834
41871
41908
41950
42007
42046
42143
42185
42227
42297
42368
42415
42509
42548
42593
42651
42687
42783
42834
42928
43053
43104
43177
43275
43340
43398
43445
43485
43528
43577
43744
43794
43830
43863
43936
43979
44042
44106
44149
44227
44257
44294
44337
44422
44512
44546
44580
44629
44670
44727
44789
44830
44871
45064
45132
45222
45297
45361
45464
45524
45561
45688
45732
45815
45857
45897
45936
45977
46020
46122
46241
46310
46356
46395
46436
46559
46678
46726
46770
46898
47012
47086
47123
47210
47279
47400
47460
47559
47743
47795
47910
47971
48026
48074
48134
48210
48246
48279
48327
48408
48446
48485
48520
48561
48595
48631
48664
48704
48737
48763
48779
48809
48881
48919
48964
48999
49038
49086
49164
49225
49330
49384
49474
49548
49606
49676
49715
49766
49838
49887
49951
50006
50049
50158
50222
50348
50425
50475
50507
50558
50625
50671
50720
50945
51001
51049
51164
51214
51259
51311
51398
51619
51712
51755
51812
51869
51950
52004
52059
52182
52251
52310
52356
52405
52469
52533
52566
52647
52712
52792
52845
52903
52976
53065
53161
53284
53350
53398
53436
53486
53639
53712
53777
53865
53917
53983
54049
54102
54240
54278
54311
54324
54416
54463
54504
54551
54626
54663
54706
54782
54827
54881
55013
55166
55215
55264
55322
55385
55432
55546
55592
55804
55850
55884
55907
55972
56078
56151
56187
56222
56294
56341
56391
56533
56583
56739
56816
56860
56986
57023
57076
57187
57230
57280
57326
57363
57532
57638
57673
57869
58040
58074
58128
58172
58210
58255
58299
58391
58436
58621
58665
58706
58765
58812
58949
58993
59036
59073
59131
59283
59360
59450
59491
59532
59617
59724
59842
59889
59971
60008
60046
60082
60114
60150
60223
60269
60305
60350
60393
60520
60555
60639
60673
60716
60750
60879
60915
60957
60991
61028
61065
61108
61154
61197
61249
61294
61373
61412
61452
61491
61531
61655
61798
61843
61943
62098
62150
62229
62291
62338
62378
62454
62491
62628
62723
62761
62796
62846
62907
62958
62993
63038
63078
63260
63331
63371
63413
63513
63601
63705
63751
63832
63872
64048
64109
64329
64371
64409
64496
64620
64707
64745
64788
64904
64975
65074
65137
65178
65220
65269
65322
65405
65443
65482
65550
65638
65686
65729
65896
65944
65983
66016
66095
66179
66265
66299
66386
66428
66506
66687
66750
66839
66984
67066
67180
67507
67543
67583
67627
67702
67747
67786
67876
67924
67965
68077
68123
68196
68275
68390
68513
68582
68645
68684
68773
68813
68852
68956
69058
69123
69286
69614
69654
69745
69797
69960
70008
70113
70152
70194
70232
70274
70321
70370
70413
70455
70505
70619
70759
70811
70869
70921
71025
71062
71155
71378
71432
71485
71574
71633
71713
71854
71925
71964
72106
72153
72198
72319
72377
72479
72519
72561
72612
72669
72731
72791
73010
73090
73146
73199
73285
73338
73394
73436
73518
73573
73605
73879
73911
73946
74003
74184
74228
74310
74546
74709
74762
74811
74899
74957
75011
75048
75159
75217
75264
75298
75334
75413
75487
75613
75662
75702
75775
75977
76045
76140
76211
76314
76362
76432
76479
76663
76796
76898
76944
76988
77022
77070
77155
77206
77246
77418
77522
77586
77663
77749
77855
77899
77978
78022
78061
78107
78222
78285
78425
78468
78510
78554
78646
78685
78774
78841
78875
78908
79022
79068
79118
79156
79244
79285
79320
79359
79462
79511
79610
79648
79691
79726
79801
79854
79892
79929
79977
80061
80144
80211
80273
80340
80401
80463
80530
80575
80620
80686
80770
80820
80877
80971
81038
81169
81293
81361
81447
81586
81711
81815
81855
81893
81969
82081
82128
82184
82280
82363
82473
82561
82603
82662
82712
82992
83099
83144
83199
83269
83347
83578
83686
83745
83784
83832
83874
83985
84162
84203
84245
84289
84346
84384
84419
84474
84509
84562
84658
84766
84804
84846
84887
85122
85186
85236
85288
85379
85422
85482
85758
85784
85812
85858
85911
85957
86006
86072
86152
86235
86278
86387
86429
86465
86511
86545
86597
86644
86687
86731
86853
86902
87029
87068
87105
87144
87186
87241
87335
87441
87567
87603
87677
87714
87795
87830
87925
88020
88060
88316
88359
88403
88459
88621
88675
88730
88797
88868
88887
88951
89121
89167
89268
89307
89345
89382
89427
89463
89566
89605
89815
89863
89940
89994
90083
90166
90205
90313
90483
90590
90626
90682
90780
90849
90887
90939
90977
91030
91119
91207
91248
91310
91403
91450
91500
91543
91648
91683
91745
91797
91879
91927
92031
92077
92151
92201
92301
92385
92454
92570
92624
92698
92888
92943
92983
93028
93071
93182
93220
93298
93336
93391
93456
93503
93556
93592
93681
93720
93760
93823
93880
93937
93973
94064
94138
94222
94279
94353
94414
94466
94626
94753
94791
94991
95032
95220
95410
95482
95764
95819
95862
95919
96110
96151
96264
96360
96428
96471
96606
96755
96790
96831
96881
96955
96994
97088
97127
97159
97193
97229
97266
97389
97432
97466
97515
97559
97703
97751
97795
97833
97878
97918
98025
98069
98119
98158
98268
98312
98385
98561
98741
98850
98977
99016
99092
99128
99184
99227
99316
99465
99532
99576
99673
99737
99775
99836
99982
100037
100142
100195
100252
100300
100408
100449
100623
100662
100729
100775
100812
100907
101124
101156
101208
101269
101307
101362
101420
101464
101537
101616
101652
101702
101835
101873
102046
102116
102194
102247
102300
102338
102388
102431
102466
102549
102601
102649
102686
102719
102829
102876
102928
102984
103045
103126
103202
103269
103309
103355
103421
103462
103542
103576
103647
103691
103734
103776
103843
103958
104025
104086
104129
104201
104260
104306
104403
104468
104515
104601
104638
104680
104725
104782
104884
104931
104971
105009
105038
105132
105175
105225
105281
105321
105441
105483
105705
105781
105820
105933
105981
106015
106052
106082
106130
106174
106215
106336
106392
106488
106595
106638
106844
106904
106984
107033
107102
107248
107330
107434
107499
107612
107674
107722
107801
107838
107883
107928
107967
108006
108058
108104
108151
108197
108271
108302
108421
108462
108559
108727
108771
108856
108895
108988
109026
109065
109121
109208
109410
109467
109523
109593
109714
109824
109903
109950
109994
110047
110086
110131
110274
110317
110378
110417
110458
110511
110703
110777
110812
110856
110917
110958
111122
111233
111379
111466
111511
111555
111646
111707
111752
111886
111926
111973
112024
112080
112149
112340
112396
112463
112509
112586
112641
112685
112726
112802
112845
112929
112970
113018
113149
113187
113227
113263
113359
113403
113536
113655
113778
113982
114073
114115
114242
114370
114461
114600
114640
114687
114749
114784
114826
114866
114905
114958
114992
115130
115167
115217
115259
115301
115338
115439
115491
115546
115581
115705
115755
115806
115952
116176
116255
116295
116350
116395
116489
116581
116626
116756
116821
117087
117238
117279
117337
117495
117549
117693
117823
117863
117911
117956
118020
118107
118223
118276
118355
118412
118465
118528
118587
118622
118638
118706
118757
118845
118880
118989
119149
119210
119422
119602
119665
119890
119934
119976
120033
120068
120138
120257
120308
120375
120477
120545
120584
120633
120695
120738
120813
120872
121011
121069
121128
121200
121244
121293
121363
121459
121495
121540
121617
121695
121828
121904
122004
122049
122096
122143
122195
122258
122303
122355
122444
122571
122650
122707
122769
122826
122869
122980
123020
123066
123118
123180
123225
123301
123349
123465
123514
123572
123614
123655
123693
123745
123810
123856
123957
124074
124178
124280
124335
124396
124446
124485
124624
124668
124736
124799
124864
124885
124943
124986
125191
125239
125348
125436
125493
125581
125607
125687
125734
125777
125822
125883
125924
125990
126027
126102
126199
126283
126365
126400
126562
126779
126831
126902
126959
127004
127070
127096
127151
127194
127282
127355
127483
127558
127601
127693
127739
127789
127839
127997
128072
128105
128154
128193
128247
128289
128325
128372
128416
128450
128529
128569
128623
128673
128720
128772
128832
128944
129032
129170
129257
129424
129487
129535
129601
129652
129698
129870
129939
129977
130018
130055
130103
130176
130219
130256
130319
130385
130482
130614
130695
130740
130826
130925
130973
131041
131082
131136
131193
131290
131325
131377
131477
131514
131581
131635
131781
131837
131927
131966
132084
132232
132293
132449
132508
132555
132622
132681
132762
132867
132923
133015
133123
133185
133233
133290
133338
133412
133449
133487
133599
133657
133701
133746
133853
133920
134084
134142
134276
134353
134402
134471
134529
134627
134771
134865
134953
134989
135039
135139
135182
135231
135306
135346
135380
135451
135507
135544
135580
135640
135690
135801
135835
135883
135920
135980
136027
136069
136168
136266
136356
136409
136477
136528
136578
136616
136704
136757
136828
136973
137017
137066
137112
137289
137336
137389
137427
137474
137508
137615
137663
137702
137758
137857
137894
137946
138001
138045
138112
138171
138214
138286
138327
138405
138478
138562
138597
138683
138721
138775
138829
138874
138920
138972
139011
139150
139184
139222
139266
139352
139390
139424
139471
139571
139693
139744
139797
139846
139994
140051
140093
140132
140284
140346
140554
140595
140640
140704
140753
140801
140863
140923
140974
141104
141180
141288
141354
141406
141532
141598
141644
141800
141898
141964
142037
142081
142167
142225
142277
142355
142409
142542
142607
142668
142708
142750
142793
142916
142957
143015
143101
143142
143194
143232
143270
143307
143401
143487
143575
143683
143829
143877
143927
143980
144030
144094
144183
144224
144273
144322
144363
144409
144514
144636
144781
144825
144926
144960
145045
145066
145114
145153
145215
145260
145295
145336
145390
145428
145467
145607
145642
145716
145781
145860
145922
146037
146079
146188
146229
146281
146326
146450
146509
146576
146653
146725
146775
146863
146910
146950
147013
147066
147139
147245
147308
147463
147516
147551
147589
147637
147678
147727
147774
147823
147875
148028
148091
148168
148219
148291
148470
148518
148562
148622
148702
148739
148795
148846
148927
148991
149193
149336
149368
149414
149522
149576
149651
149700
149752
149807
149853
149957
150007
150054
150102
150143
150312
150374
150428
150479
150516
150562
150609
150663
150716
150817
150859
150978
151020
151203
151257
151295
151332
151434
151498
151536
151577
151645
151694
151775
151865
151904
151984
152031
152076
152149
152258
152313
152377
152445
152532
152688
152736
152778
152987
153025
153063
153126
153162
153224
153286
153387
153453
153511
153583
153658
153709
153791
153839
153896
153932
153977
154020
154065
154109
154146
154223
154313
154414
154504
154559
154607
154715
154768
154843
154890
154948
155012
155056
155189
155226
155346
155386
155495
155551
155728
155886
155960
156001
156038
156076
156116
156158
156221
156340
156387
156453
156545
156670
156720
156779
156822
156904
156967
157089
157139
157193
157236
157271
157312
157371
157465
157507
157552
157597
157667
157876
157949
158004
158100
158171
158212
158265
158302
158422
158478
158530
158622
158693
158746
158841
158907
159032
159077
159116
159171
159209
159268
159350
159393
159459
159512
159622
159663
159700
159740
159788
159827
159905
160063
160101
160146
160231
160305
160350
160604
160646
160787
160851
160903
160985
161026
161111
161159
161294
161384
161421
161475
161560
161598
161643
161705
161786
161875
161912
161964
162006
162086
162126
162173
162213
162255
162291
162345
162389
162429
162475
162517
162574
162634
162745
162844
162971
163089
163139
163188
163239
163477
163540
163590
163631
163686
163719
163754
163808
163859
163896
164049
164171
164286
164377
164424
164473
164718
164766
164816
164864
164962
165009
165055
165098
165140
165177
165251
165282
165317
165426
165528
165568
165631
165676
165716
165932
165966
166015
166057
166163
166209
166262
166308
166360
166400
166447
166492
166558
166739
166830
166888
166945
166989
167033
167075
167309
167365
167430
167484
167525
167639
167744
167885
168070
168123
168166
168213
168311
168354
168395
168429
168530
168574
168615
168654
168698
168737
168789
168861
168988
169023
169057
169104
169165
169217
169256
169294
169356
169398
169492
169624
169691
169786
169873
170002
170040
170085
170128
170226
170310
170364
170423
170486
170525
170564
170637
170714
170791
170829
170877
170920
170965
171075
171110
171147
171186
171221
171273
171337
171370
171411
171457
171511
171585
171629
171672
171711
171754
171800
171868
171912
171960
172007
172158
172233
172279
172347
172388
172437
172486
172701
172763
172807
172862
172880
172923
172994
173128
173219
173275
173314
173349
173413
173453
173499
173607
173659
173751
173846
173930
173974
174024
174260
174297
174353
174408
174440
174498
174573
174664
174713
174788
174906
174999
175045
175106
175159
175208
175273
175391
175428
175478
175578
175670
175746
175792
175840
175887
175933
175973
176013
176060
176329
176384
176449
176497
176536
176576
176639
176680
176755
176803
176874
176956
177004
177049
177114
177175
177226
177278
177434
177497
177539
177597
177726
177764
177804
177987
178026
178063
178198
178295
178427
178565
178621
178724
178844
178928
179026
179194
179257
179336
179471
179757
179884
179966
180009
180099
180262
180305
180504
180544
180664
180739
180784
180838
180910
180968
181076
181247
181375
181450
181595
181740
181861
181903
181956
181996
182077
182122
182170
182212
182256
182297
182341
182381
182509
182572
182691
182740
182837
182877
182953
183070
183114
183164
183213
183364
183442
183502
183552
183600
183696
183755
183810
183868
184080
184128
184218
184423
184456
184496
184634
184694
184756
184808
184904
184962
185002
185093
185141
185182
185222
185270
185320
185378
185411
185485
185533
185608
185662
185748
185791
185863
185929
185971
186076
186194
186281
186398
186437
186494
186529
186569
186630
186681
186732
186844
186910
186970
187025
187105
187171
187230
187308
187368
187435
187537
187686
187889
187927
188037
188119
188213
188325
188361
188410
188500
188552
188588
188666
188773
188812
189037
189112
189193
189247
189327
189413
189451
189517
189557
189634
189874
189924
189981
190046
190117
190207
190251
190290
190339
190394
190432
190479
190620
190681
190748
190787
190837
190904
190948
190995
191053
191100
191320
191357
191396
191434
191518
191556
191597
191637
191677
191731
191778
191902
192049
192120
192222
192251
192306
192362
192454
192527
192577
192652
192697
192765
192804
192849
192996
193046
193227
193265
193409
193459
193512
193626
193669
193732
193794
193854
193922
193978
194079
194128
194184
194296
194343
194419
194546
194645
194687
194832
194878
194918
195051
195106
195150
195233
195277
195319
195421
195488
195577
195708
195795
195844
196032
196067
196111
196213
196323
196472
196524
196617
196662
196721
196914
196964
197032
197111
197172
197217
197275
197441
197512
197583
197620
197691
197738
197858
197946
198001
198062
198162
198210
198273
198346
198382
198457
198470
198566
198665
198734
198772
198818
198860
198937
198971
199005
199086
199236
199297
199367
199410
199450
199684
199759
199863
199918
199964
200025
200143
200230
200276
200362
200399
200444
200556
200603
200664
200721
200789
200831
200867
200937
200986
201028
201094
201139
201223
201265
201304
201345
201388
201448
201487
201534
201578
201629
201679
201827
201905
201951
201998
202064
202105
202255
202316
202393
202535
202609
202703
202745
202796
202839
202880
202962
203029
203073
203223
203278
203354
203411
203454
203507
203544
203659
203696
203751
203844
203888
203943
203998
204256
204300
204350
204385
204430
204516
204556
204648
204781
204817
204859
204909
204996
205038
205092
205324
205366
205419
205474
205524
205559
205623
205761
205798
205919
205964
206005
206049
206104
206183
206278
206335
206393
206579
206716
206815
206864
206913
206952
206993
207081
207124
207194
207311
207404
207488
207513
207632
207675
207853
207889
207932
208036
208173
208229
208396
208437
208522
208558
208592
208715
208885
208927
208972
209020
209104
209135
209229
209286
209360
209472
209532
209576
209630
209691
209739
209793
209840
209905
209978
210019
210134
210204
210251
210295
210359
210402
210437
210579
210798
210844
210886
210929
210997
211171
211263
211331
211375
211417
211512
211546
211654
211697
211769
211811
211851
211884
211922
211960
211999
212080
212224
212259
212293
212357
212384
212411
212500
212559
212620
212663
212707
212802
212909
212950
212999
213064
213202
213335
213395
213452
213658
213701
213769
213815
213874
213982
214155
214228
214294
214342
214417
214462
214508
214552
214601
214689
214768
214887
214938
214984
215026
215075
215129
215186
215235
215351
215570
215662
215738
215820
215861
215904
215948
215988
216119
216190
216271
216305
216356
216446
216485
216593
216634
216730
216782
216845
216924
217035
217074
217182
217228
217303
217349
217492
217546
217588
217647
217721
217784
218021
218106
218245
218295
218337
218397
218444
218535
218575
218610
218693
218754
218843
218948
218989
219154
219206
219244
219288
219340
219403
219522
219570
219616
219654
219692
219743
219809
219855
219901
219955
220012
220070
220141
220212
220249
220329
220383
220445
220529
220655
220729
220781
220832
220895
221043
221084
221152
221195
221297
221405
221455
221489
221542
221709
221777
221817
221852
221894
221944
222011
222065
222099
222197
222385
222429
222516
222592
222659
222741
222787
222934
223056
223229
223275
223378
223500
223562
223607
223658
223755
223845
223894
223955
224030
224074
224130
224215
224258
224301
224348
224435
224474
224531
224574
224621
224686
224749
224836
224878
225013
225062
225113
225168
225254
225346
225390
225435
225477
225519
225583
225643
225687
225803
225847
225897
225985
226159
226216
226264
226312
226353
226453
226504
226561
226635
226670
226718
226790
227236
227356
227410
227511
227552
227594
227650
227800
228081
228126
228218
228259
228315
228376
228424
228476
228577
228624
228684
228748
228801
228838
228907
229000
229050
229095
229146
229186
229247
229293
229390
229477
229569
229665
229786
229841
229889
230008
230054
230121
230172
230251
230310
230381
230459
230578
230633
230694
230737
230786
230822
230865
230909
230949
230989
231047
231111
231168
231214
231288
231326
231366
231406
231453
231533
231605
231652
231694
231735
231804
231846
231942
232000
232060
232114
232193
232255
232336
232462
232509
232554
232612
232659
232697
232745
232792
232855
232970
233036
233160
233200
233244
233286
233356
233403
233469
233535
233574
233618
233664
233736
233817
233870
233960
234021
234072
234122
234185
234229
234287
234330
234371
234412
234499
234542
234608
234724
234760
234845
234884
234933
235005
235053
235094
235139
235261
235313
235419
235451
235539
235632
235694
235732
235833
235983
236024
236101
236216
236250
236325
236425
236549
236603
236650
236732
236814
236881
236923
237140
237182
237225
237276
237328
237389
237443
237629
237736
237810
237859
237897
237995
238056
238105
238172
238284
238325
238402
238452
238495
238556
238598
238645
238700
238767
238809
238863
238916
238967
239002
239070
239110
239157
239193
239227
239264
239314
239409
239453
239495
239658
239821
239870
239915
239973
240138
240183
240225
240368
240408
240447
240486
240523
240569
240628
240747
240799
240843
240914
240995
241083
241121
241176
241225
241292
241331
241401
241515
241572
241628
241691
241738
241797
241891
241934
241981
242027
242178
242289
242334
242377
242425
242477
242577
242617
242656
242694
242731
242776
242824
242880
242937
243042
243085
243138
243197
243295
243350
243392
243454
243520
243557
243630
243708
243746
243789
243838
243898
243948
243994
244027
244067
244133
244224
244264
244376
244449
244485
244543
244632
244721
244758
244794
244846
244884
245082
245125
245160
245269
245441
245474
245516
245551
245597
245645
245705
245754
245800
245843
245881
245916
245958
246018
246102
246140
246213
246253
246341
246396
246490
246647
246753
246789
246827
246866
246915
246955
247041
247101
247151
247242
247346
247396
247475
247530
247575
247666
247711
247747
247782
247820
247860
247948
248055
248096
248141
248244
248347
248391
248513
248668
248763
248812
248864
248958
249030
249112
249150
249204
249247
249294
249337
249459
249506
249555
249625
249673
249709
249747
249815
249850
249885
249924
249965
250006
250041
250085
250130
250185
250222
250258
250307
250348
250382
250416
250461
250556
250601
250645
250696
250740
