7404
22485
37926
46070
50659
60075
67321
70380
85875
98227
107428
109982
120856
123938
132007
140326
147380
156665
171668
176366
191928
202376
203781
208721
227105
228515
229959
241352
241996
249409
261493
271827
278444
280038
286023
288428
289058
297180
298572
313106
320018
323952
341481
343598
347492
348180
355471
356556
362732
366592
368160
368237
369071
378068
388170
400743
401376
407205
413264
429268
436588
452182
455126
460683
463676
470190
471399
478224
490170
493999
495749
498328
502149
505955
511965
513827
519856
541365
551120
555272
564174
567641
591634
598241
608154
614891
620851
642792
649854
665010
679801
680152
683589
697630
700486
705788
709070
716263
728765
733785
735711
741040
749386
760723
775345
785386
796910
803090
820615
839477
844955
853942
856405
860783
868718
873750
876524
885798
891106
901895
907085
910781
926319
941342
945208
953323
967152
970808
977613
990983
995660
1006702
1020065
1026268
1028063
1029652
1032623
1037622
1047503
1053987
1061355
1064080
1070619
1085454
1101181
1104608
1108044
1117218
1123182
1128609
1149304
1156890
1171661
1174822
1187788
1188188
1188666
1188757
1188809
1188896
1188926
1189362
1189890
1189950
1189981
1193253
1199752
