596
2422
4688
7598
10574
13662
16845
17959
19532
21535
23229
26183
31681
35833
38963
42108
45712
49418
52217
55006
57823
61025
64235
67698
70609
73352
76075
79183
82908
87242
91650
95413
98620
101900
105129
107675
110264
113506
116951
120582
124111
127892
131618
134950
137889
140622
144076
147108
150403
153483
156721
160297
163797
167073
170106
173270
175422
178015
179130
183313
184811
186636
188404
190773
192289
194105
196005
203615
207134
209109
210129
210999
211749
213312
217280
222765
225161
227455
228896
230197
231676
235804
240680
242693
244977
246802
248383
249909
251547
253307
255123
261057
262620
264324
267253
270230
276464
279820
282922
286086
289006
291889
294004
297383
300959
304909
307455
310534
313286
316758
321073
324808
328346
331922
335460
339045
341647
343843
346027
348011
349415
350717
353085
356426
359132
363278
366647
370140
373892
377748
381782
385275
388643
390843
393810
397188
400746
403872
407213
410237
413850
417116
421216
425363
429125
432991
436931
440507
443615
446460
449717
452441
455371
457651
460247
463785
467089
471554
475055
478256
481850
486118
489872
493569
497004
500542
503547
506205
509060
512027
515509
519431
523446
527358
530962
533424
536222
539629
543336
546902
550870
554952
559594
563947
567503
570049
573391
576836
580065
583781
587562
591371
594881
598317
601987
604569
607078
609848
612778
616194
619040
621557
624974
628549
631236
634465
640063
642402
645978
649815
652904
656199
659456
662434
666523
671053
675799
679814
683371
686572
689717
692132
694565
697589
701202
704730
708858
713164
717366
721775
726053
728608
731490
733934
735122
739418
743780
753093
755555
759543
761884
763062
764382
774987
775801
778309
781211
784403
787557
791432
793810
796927
800118
803048
806820
810498
813578
816751
820289
823892
827104
830249
832391
834226
835995
838775
840385
845243
847695
850278
852937
854612
856428
860556
864824
868680
871713
873894
876720
879603
882664
885790
888261
891219
894270
898099
901908
905371
907786
910632
913815
917062
920778
924522
928481
932599
936035
938543
941145
943738
946602
949906
953426
956571
959453
962505
965856
968065
971022
973924
977518
980757
984819
988909
992747
996557
999673
1003230
1006459
1009726
1012646
1016549
1020219
1023214
1026209
1029419
1032518
1035870
1038705
1041587
1045210
1048570
1052033
1055496
1058576
1062208
1066597
1071053
1075283
1079131
1082266
1085738
1089267
1093096
1097130
1100828
1104543
1107632
1110505
1114058
1117469
1120745
1123656
1126136
1128972
1133484
1137958
1142273
1145942
1149462
1153271
1157109
1160862
1165373
1168200
1171326
1174434
1177738
1181651
1185544
1189204
1193182
1196795
