1411
3442
6072
8842
12418
15451
17248
18848
20861
22049
24380
30277
34414
37456
40657
44083
47612
50831
53695
56335
59536
62531
66051
69102
72116
74550
77639
81289
85136
89573
93700
96677
100196
103697
106505
108723
111746
115256
118851
122220
126179
129933
133059
136401
139199
142269
145573
148615
151854
154868
158387
161992
165117
168197
171454
174234
176106
178427
180851
183903
185887
187372
189930
191437
192785
194938
200226
205945
207873
209409
210466
211281
212254
215549
220837
223861
226154
228091
229317
230749
233726
238743
241673
243807
245903
247500
248983
250209
252090
253878
257126
261843
263406
265634
268667
274348
277924
281471
284242
287949
290664
292686
295689
299283
303215
306453
308896
311854
315167
319080
323292
326464
329956
333522
337210
340439
342536
345157
347001
348517
349968
351259
355078
357540
361537
365056
368613
372291
376129
379910
383392
386911
389719
392032
395420
399005
401476
405549
408711
412165
415553
419307
423350
427328
431008
435191
438869
441789
444822
447873
450934
453968
456391
458759
461951
465386
470188
473529
476655
479884
484115
487709
491847
495001
498502
501871
504717
507515
510464
513872
517624
521443
525346
529099
532413
535053
538019
541801
545283
549448
553173
558087
562458
565631
568861
571603
574973
578333
581768
585568
589368
592851
596418
599777
602987
605627
608304
611308
614613
617804
620351
623177
627333
629691
633389
636870
640755
644321
647794
651388
654420
657818
660813
665007
669518
674254
677839
681434
684878
688116
691009
693330
696063
699339
703345
706846
711329
715242
719472
724068
727250
729843
732765
734421
735543
740457
745343
754666
758569
760703
762238
763427
773395
775277
776756
779816
782652
785891
789850
792312
795532
798593
801606
805042
808776
811977
815160
818323
822049
825493
828376
831343
833337
835106
837390
839215
843024
845898
849137
851711
853667
855548
858384
863176
867482
870318
872527
875382
878106
880829
884190
887232
889881
892632
896039
899793
903330
906485
908947
912279
915031
918532
921967
925786
929633
933817
936999
939432
942091
944858
947987
951488
954848
957796
960857
963956
967353
969431
972531
975974
979175
982573
987150
990575
994769
997792
1001789
1004662
1008097
1011008
1014649
1018384
1021707
1024590
1027791
1030983
1034081
1037039
1040446
1043559
1047072
1050395
1053858
1056947
1060392
1065044
1069237
1073777
1077492
1080609
1083998
1087433
1091018
1095276
1098880
1102624
1105909
1109008
1112097
1115513
1119210
1122271
1124732
1127634
1131440
1136302
1140757
1144407
1147402
1151090
1154928
1158410
1163932
1166506
1169445
1172627
1175857
1179208
1183298
1187164
1191245
1194595
1198236
