1925
5935
9335
13420
16099
17061
18216
19438
22459
24708
25843
29037
38314
38912
40258
42056
42931
43514
44460
46061
47558
49659
50244
51068
52915
54403
55929
56634
58120
58666
59768
62146
63272
64817
66308
69647
70336
70954
72083
73209
75464
77594
79478
82216
85765
86318
86952
88413
89110
90273
91682
93742
94598
113438
115421
116878
117985
119114
123459
124131
125101
126138
126872
127739
128997
131184
133106
143005
155670
164618
165430
166482
167486
168335
171899
172815
173559
175559
176761
177300
178475
179800
180555
184447
185158
187137
191158
194692
203019
203945
205029
213996
216321
216866
218138
218937
242525
245063
267104
268319
270449
271874
275640
291813
301117
305535
308601
312064
312741
314351
315169
316346
317115
318022
319413
319925
320971
323824
345787
346467
354485
358649
366853
372028
372701
374050
375455
376692
377497
378318
379424
380195
380718
381540
382636
383788
384496
385021
385697
386238
386958
387629
388369
389510
390073
390712
391384
391960
392476
393620
394195
395840
397863
399469
400070
401304
401824
402619
403212
403819
404454
405115
405714
406371
406995
408265
408977
410012
410541
411325
412600
413292
414806
417118
417898
418697
419320
419923
420850
421411
422178
423034
423586
424228
425092
427342
428520
429479
430378
431260
431866
432946
434017
435254
436650
441319
443139
443962
445325
446689
448001
448782
449401
