3
3827
7551
11245
14830
18184
21369
24235
27839
31733
35966
39300
41167
44622
48386
52769
56683
60496
63741
67435
71748
75872
80205
84099
87563
92885
97058
101211
105325
109508
113791
118434
122058
126041
129855
133559
137024
141347
145311
149634
154116
158150
162134
166267
170131
174344
178318
182271
185836
189600
193773
197737
202060
206353
211065
215298
219322
223276
226970
231063
235206
239619
243783
247786
251770
255584
259797
264080
268283
272636
276750
280943
285017
288990
293583
297876
301779
304735
307401
311075
313970
315827
319252
324224
328866
333759
338321
342794
347137
351520
355673
359657
363621
367774
371169
373275
374653
378996
380274
382690
383888
384947
386354
387542
388860
390028
395150
399094
400791
402159
404016
405144
406372
407700
417205
418712
420390
422267
427269
431971
434168
