28
137
174
313
415
541
899
1205
1482
1537
1651
1765
1811
2004
2259
2418
2519
3256
3444
3520
3606
3655
3727
3814
3992
4086
4229
4265
4306
4354
4419
4464
4545
4613
4962
5031
5211
5379
5564
5758
6164
6229
6290
6329
6372
6433
6570
6739
6916
7038
7108
7141
7294
7406
7672
7706
7738
8088
8132
8431
8610
8860
8910
9051
9094
9371
9469
9739
9875
10049
10147
10231
10291
10420
10450
10526
10591
10656
11067
11179
11289
11390
11458
11757
11961
12054
12279
12362
12474
12526
12563
12668
12838
13253
13478
13612
13809
13918
14104
14210
14793
14999
15224
15301
15403
15483
15541
15706
15787
15840
16254
16367
16513
16549
16630
16688
16797
16884
17106
17140
17269
17444
17656
17708
18022
18241
18624
18790
18981
19119
19256
19407
19571
19677
19949
20605
20777
20944
21146
21364
21631
21852
22039
22097
22213
22323
22416
22572
22682
22747
22935
23053
23141
23200
23397
23563
23779
23846
23919
24002
24258
24567
24658
24758
24849
25080
25112
25182
25353
25419
25577
25691
25937
25997
26063
26112
26214
26276
26562
26938
27034
27450
27554
27719
27987
28281
28483
28720
28918
28955
29073
29154
29310
29376
29445
29508
29550
30156
30221
30375
30635
30776
30897
31018
31391
31640
31716
31820
32593
32703
32992
33031
33101
33201
33382
33493
33575
33812
33866
34010
34064
34284
34357
34539
34994
35054
35091
35232
35596
35821
35878
36038
36105
36175
36599
36631
36681
36748
36822
36905
36955
37057
37104
37173
37234
37305
37502
37752
37850
37937
38029
38179
38358
38499
38562
38770
38855
38963
39035
39095
39142
39267
39299
39407
39448
39518
39615
39719
39772
39820
39884
40086
40223
40317
40417
40569
40773
40811
41057
41102
41137
41234
41332
41438
41554
41668
41821
41937
42077
42195
42244
42386
42626
43161
43237
43346
43464
43588
43650
43707
43898
43938
44092
44145
44236
44312
44489
44568
44617
44653
44957
45016
45069
45359
45415
45451
45603
45874
45974
46021
46155
46189
46226
46329
46503
46596
46859
47035
47140
47221
47343
47426
47635
48210
48451
48551
48690
48789
48993
49080
49126
49232
49336
49391
49737
49898
49973
50152
50249
50337
50398
50470
50502
50714
50779
50822
50864
50910
51011
51621
51786
52024
52132
52189
52273
52375
52513
52604
52714
52855
53004
53212
53280
53458
53538
53587
53667
53717
53828
53872
53919
54185
54274
54379
54426
54477
54655
54720
54752
54861
55067
55225
55367
55414
55470
55578
55664
55726
55953
55987
56024
56268
56470
56637
56679
56893
56989
57057
57126
57203
57254
57318
57353
57439
57505
57668
57769
57898
57976
58141
58172
58360
58587
58931
58969
59022
59081
59116
59160
59496
59615
59809
59902
60075
60309
60396
60467
60630
60711
60839
60876
61123
61160
61197
61274
61335
61542
61650
61686
61735
61888
61955
62082
62345
62381
62528
62656
62789
62938
63015
63062
63210
63274
63339
63372
63628
63723
63924
64132
64292
64352
64435
64549
64617
64711
64791
65065
65200
65337
65510
65556
65637
65855
65925
66485
66613
67260
67400
67550
67757
67898
68083
68186
68222
68363
68714
68768
68827
69049
69135
69220
69377
69476
69512
69606
69672
69776
69851
69965
70028
70147
70189
70253
70458
70671
70708
70969
71001
71186
71255
71360
71486
71546
71602
71717
71872
71931
72023
72058
72092
72271
72507
72687
72833
72901
73058
73108
73228
73485
73630
73747
73892
74059
74160
74214
74356
74388
74683
74782
74823
74857
74905
74958
75212
75283
75345
75495
75612
75666
75748
76021
76108
76576
76616
76666
76727
76937
77201
77631
77696
77822
77868
77939
78212
78367
78451
78639
78922
79065
79332
79660
79752
79860
79905
80016
80135
80321
80440
80586
80646
80895
80935
81275
81409
81693
81949
82079
82121
82245
82278
82435
82677
82782
82857
83168
83224
83344
83432
83632
83742
83936
83981
84057
84320
84427
84598
84691
84770
85027
85177
85227
85617
85828
85881
85981
86070
86108
86297
86385
86416
86448
86507
86547
86697
86863
86972
87038
87242
87301
87423
87493
87538
87609
87836
87874
87953
88042
88161
88330
88372
88562
88596
88658
88695
88730
88770
88883
89010
89215
89477
89650
89743
89914
90025
90282
90380
90453
91101
91198
91319
91434
91840
91894
92011
92275
92323
92764
92938
93006
93141
93635
93776
93859
93957
93999
94183
94294
94343
94483
94569
94611
94716
95051
95091
95185
95453
95767
95817
95898
96010
96112
96189
96220
96390
96733
97028
97110
97171
97625
98128
98543
98679
98928
99266
99304
99440
99523
99692
99769
100241
100427
100627
100731
100873
100907
101054
101142
101339
101397
101446
101546
101931
101976
102061
102276
102329
102517
102699
102787
102961
103073
103253
103458
103500
103649
104033
104079
104231
104376
104455
104687
104814
104945
105289
105457
106055
106196
106261
106647
106989
107258
107449
107688
107764
107935
108043
108166
108201
108245
108350
108420
108552
108604
108678
108871
109002
109045
109446
110216
110363
110632
110809
111220
111369
111633
111695
111726
111916
112051
112096
112230
112278
112724
113016
113172
113360
113438
113591
113670
113836
113958
114008
114061
114142
114245
114407
114520
114750
115158
115254
115377
115457
115542
115882
116216
116276
116335
116367
116563
116596
116853
116929
116961
117325
117793
118034
118072
118120
118157
118243
118560
118692
118849
119280
119593
119665
119898
119980
120085
120138
120301
120334
120531
120657
120790
121048
121168
121386
121523
121634
121769
121980
122063
122162
122235
122918
123019
123106
123287
123349
123583
123842
123934
124132
124189
124278
124336
124418
124516
124572
124679
124722
124858
124899
124998
125076
125209
125449
125563
125733
125862
126038
126163
126202
126311
126456
126489
126590
126803
126858
126903
126939
126992
127137
127230
127266
127325
127707
127860
128052
128093
128248
128279
128382
128418
128705
128966
129122
129373
129466
129669
129736
129896
129976
130092
130283
130601
130992
131102
131220
131357
131403
131703
131893
132330
132391
132451
132655
132833
132934
133699
133769
133868
133987
134314
134549
134651
134683
134936
135035
135294
135762
135938
136079
136279
136449
136783
136877
137179
137301
137620
137652
137746
137895
137942
138025
138135
138398
138469
138754
138957
139341
139437
139627
139947
140022
140092
140183
140234
140308
140381
140452
140502
140589
140994
141079
141325
141616
141765
141818
141859
142008
142114
142206
142344
142708
142861
142991
143145
143369
143501
143627
143826
144045
144108
144293
144657
144781
144969
145066
145147
145213
145336
145431
145983
146047
146318
146628
146759
146854
147009
147271
147339
147376
147460
147513
147607
147661
147719
147896
148205
148253
148695
148739
148880
148950
149223
149451
149609
149708
149832
149890
150196
150269
150324
150480
150571
150702
150858
150920
150971
151049
151224
151506
151598
151749
151927
152099
152612
152645
152803
152859
152953
153045
153575
153718
153818
153980
154016
154193
154238
154720
154755
154885
155156
155226
155415
155520
155745
155892
156002
156432
156473
156718
156800
156849
156941
157111
157251
157359
157416
157493
157547
157643
157704
157757
157806
157876
158044
158124
158192
158263
158472
158535
158729
158849
159164
159267
159299
159399
159793
159979
160231
160290
160358
160399
160772
160875
161002
161045
161184
161299
161424
161470
161653
161717
161807
161857
161952
162304
162357
162408
162522
162677
163071
163238
163272
163369
163414
163591
163722
163805
163900
163991
164208
164490
164631
164831
164907
164948
165028
165075
165343
165503
165609
165918
166080
166179
166234
166384
166552
166591
166670
166739
167146
167230
167277
167415
167450
167515
167654
167688
167849
168244
168351
168632
168774
169148
169199
169597
170043
170325
170375
170629
171128
171225
171412
171515
171593
171642
171960
172100
172302
172633
172687
172767
172858
172905
173291
173463
173684
173756
173796
173849
174210
174468
174591
174626
174702
174887
174971
175052
175139
175240
175394
175498
175610
175676
175744
175921
175991
176057
176123
176344
176398
176503
176575
176862
176900
177207
177312
177497
177916
177982
178072
178193
178263
178310
178573
178711
178870
179049
179108
179444
179695
179778
179941
180002
180099
180321
180355
180518
180577
180918
181035
181113
181181
181357
181393
181479
181644
181760
181887
181943
182125
182158
182320
182592
182761
182872
183019
183050
183167
183292
183373
183504
183567
183635
183717
183868
183902
183973
184450
184529
184570
184609
184669
184769
184970
185084
185304
185389
185582
185616
185793
185885
185969
186059
186096
186259
186338
186403
186551
186612
186704
186747
186843
186881
187009
187046
187124
187339
187458
187514
187622
187763
187827
187911
187943
188315
188509
188675
189123
189330
189489
189790
190003
190081
190163
190330
190404
191156
191191
191356
191671
191738
191864
191957
192133
192347
192498
192621
192668
192941
193095
193173
193337
193378
193744
193844
193925
194108
194441
194575
194701
194807
194876
195064
195173
195278
195389
195488
195646
195736
195800
196042
196129
196279
196673
196914
197200
197264
197403
197614
197663
197893
197979
198027
198101
198198
198486
198688
198767
198964
199159
199330
199384
199503
199679
199830
199891
199934
200208
200243
200323
200469
200640
201103
201170
201268
201299
201447
201507
201607
201730
201830
202062
202185
202247
202449
202780
202833
202890
203022
203055
203132
203211
203246
203338
203580
203622
203900
204145
204277
204332
204367
204452
204527
204692
204972
205030
205099
205397
205454
205548
205666
205725
205878
206019
206091
206175
206312
206532
206591
206988
207242
207510
207666
207861
207918
208030
208193
208376
208417
208894
208960
209501
209604
209676
209868
209953
210098
210131
210250
210304
210366
210402
210501
211082
211125
211199
211320
211656
211891
212071
212262
212356
212476
212528
212600
212668
212820
212909
212950
213069
213139
213337
213520
213562
213640
213797
213841
213904
214018
214118
214211
214251
214412
214515
214592
214740
214790
214872
214934
215036
215205
215278
215328
215427
215479
215521
215604
215810
215857
215988
216251
216328
216365
216408
216610
216881
217073
217181
217283
217346
217445
217484
217611
217683
217844
217991
218037
218217
218262
218351
218470
218620
218690
218756
218918
219053
219094
219146
219228
219323
219477
219640
219766
219839
220014
220050
220097
220180
220425
220496
220532
220576
220686
220746
220800
220834
220969
221040
221179
221212
221409
221454
221611
221800
221887
222126
222282
222388
222627
222796
223112
223360
223547
223683
223735
223878
224348
224394
224747
225025
225399
225503
225570
225686
225813
225864
226413
226782
226875
227069
227194
227459
227502
227728
228041
228110
228171
228209
228496
228604
228664
228723
228757
228977
229279
229325
229384
229455
229605
229658
229707
229796
229976
230596
231007
231306
231538
231760
231814
232105
232155
232311
232473
232743
233025
233102
233195
233332
233441
233686
233889
233998
234526
234702
235297
235465
235607
235691
235892
236186
236275
236508
236654
236799
236838
236908
236982
237076
237111
237399
237454
237508
237632
237804
237887
237935
238000
238143
238276
238354
238454
238562
238619
239626
239701
239820
239883
240170
240397
240594
240853
240928
241043
241077
241113
241495
241638
241708
241999
242081
242157
242234
242276
242414
242500
242590
242717
242899
243539
243663
243722
243867
243942
243994
244064
244207
244257
244556
244616
244664
244756
244798
244862
244917
244949
245032
245251
245351
245462
245647
245880
246076
246276
246366
246555
246752
246860
246916
246981
247339
247409
247639
247695
247899
248204
248368
248532
248647
248817
248849
248965
249023
249147
249180
249227
249587
249682
249721
249938
249982
250226
250316
250429
250598
250675
250827
250896
250929
251066
251101
251133
251329
251881
251922
252098
252134
252188
252230
252266
252372
252490
252812
252888
252990
253169
253234
253310
253352
253441
253632
253731
253886
254022
254110
254275
254352
254384
254474
254818
254924
255037
255505
255570
255670
255848
255964
256041
256164
256370
256502
256728
256851
257000
257038
257342
257465
257626
257998
258096
258160
258200
258246
258297
258331
258418
258545
258597
258705
258887
258935
258989
259057
259317
259408
259454
259542
259585
259859
260045
260132
260233
260549
260730
260900
261451
261700
262276
262389
262464
262728
262791
262836
262882
263043
263128
263160
263201
263326
263435
263506
263559
263697
263735
264005
264132
264421
264492
264688
264824
265039
265131
265222
265487
265532
266011
266095
266198
266251
266550
266592
266716
266770
266864
266976
267052
267152
267291
267324
267640
267798
267900
268044
268140
268288
268390
268449
268602
268761
268869
268914
268968
269007
269120
269275
269329
269545
269674
269816
269946
270225
270299
270442
270498
270573
270670
270724
270808
270851
271017
271225
271465
271512
271542
271752
271921
272159
272208
272248
272307
272404
272486
272551
272692
272808
273072
273151
273628
273711
273796
273901
274104
274214
274271
274325
274541
274690
274745
274873
275162
275217
275277
275308
275363
275420
275483
275654
275689
275865
276042
276140
276195
276392
276475
276513
276725
276844
276910
276969
277136
277185
277308
277364
277503
277586
277677
277776
278016
278178
278270
278544
278693
279061
279127
279315
279360
279802
279956
280052
280352
280480
280866
281083
281137
281395
281541
281703
281735
281781
282465
282592
282689
282720
283182
283502
283637
283774
283822
283963
284150
284262
284319
284361
284693
285020
285159
285221
285570
285722
285894
285942
286545
286885
286927
287020
287329
287489
287556
287665
287742
287864
287946
288038
288163
288195
288350
288515
288643
288807
288911
288962
289157
289295
289328
289480
289554
289594
289783
289914
289990
290055
290145
290191
290262
290296
290567
290670
290924
291017
291122
291241
291332
291366
291431
291492
291572
291620
291698
291746
291805
291949
292396
292507
292596
292669
292747
292950
293050
293104
293213
293346
293511
293556
293611
293702
293917
294106
294168
294222
294388
294475
294754
294848
294918
294979
295081
295122
295173
295217
295270
295488
295574
295818
296058
296097
296238
296276
296495
296535
296598
296794
296970
297052
297414
297478
297585
297869
297973
298098
298194
298294
298381
298509
298616
298780
298994
299229
299293
299364
299474
299533
299721
299813
300012
300338
300433
300465
300596
300679
300813
301025
301110
301166
301287
301389
301426
301763
301801
301982
302056
302169
302249
302281
302504
302607
302759
303048
303208
303325
303358
303448
303538
303832
303876
304176
304259
304326
304418
304547
304659
304845
304973
305029
305077
305238
305295
305387
305446
305518
305729
305855
305964
305998
306085
306140
306189
306383
306434
306614
306749
306780
306831
306875
306970
307153
307194
307249
307385
307454
307581
307618
307763
307847
307997
308279
308611
308675
308834
309344
309428
309571
309992
310212
310283
310325
310378
310427
310820
310899
311119
311391
311447
311482
311642
311712
311922
312035
312092
312190
312315
312375
312598
312672
312818
313013
313051
313105
313258
313326
313358
313420
313534
313959
314027
314189
314390
314578
314791
314876
314907
314994
315078
315141
315185
315312
315515
315595
315651
315698
315818
315912
315958
316155
316187
316307
316344
316442
316491
316577
316662
316730
316841
317014
317087
317175
317237
317287
317444
317588
317715
318336
318434
318529
318587
318649
318681
318721
318789
318898
319093
319677
319908
319947
320046
320146
320230
320571
320976
321016
321047
321337
321501
321553
321603
321709
321775
321838
321869
322126
322215
322451
322567
322815
323193
323284
323447
323560
323601
323636
323738
324170
324459
324492
324549
324580
324749
325032
325154
325203
325447
325508
325633
325788
325843
325908
326141
326273
326430
326485
326820
327193
327328
327556
327729
327806
327847
327884
328022
328159
328218
328291
328361
328396
328645
328888
328962
329024
329174
329315
329357
329398
329597
329713
329818
329942
330006
330059
330170
330210
330303
330344
330493
330524
330578
330694
331052
331110
331192
331264
331295
331465
331523
331582
331754
332318
332376
332480
332603
332715
332758
332795
332920
333026
333073
333283
333350
333455
333587
333646
333709
333900
333948
334036
334193
334494
334598
334650
334810
334844
334914
335086
335159
335564
335690
335779
335913
335963
336052
336277
336371
336668
336837
337087
337169
337450
337900
338023
338087
338345
338394
338471
338653
338708
338764
338998
339293
339387
339531
339578
339634
339743
339781
339925
340314
340354
340443
340474
340608
340726
340761
340819
340883
341039
341232
341311
341418
341607
341682
341858
341926
342065
342151
342307
342433
342588
342898
342941
343158
343202
343233
343274
343384
343517
343748
343786
343863
344211
344295
344466
344523
344608
344680
344983
345119
345200
345352
345412
345607
345782
345912
345949
346222
346296
346363
346489
346588
346932
347038
347155
347193
347277
347975
348118
348162
348217
348455
348967
349188
349292
349379
349614
349788
349905
349962
350134
350273
350330
350489
350568
350613
350669
350824
351051
351101
351577
351668
351716
351845
351931
351999
352036
352107
352379
352718
353047
353469
353613
353662
353744
353895
354083
354455
354748
354892
355014
355208
355411
355502
355704
355753
355826
355916
356144
356298
356418
356493
356569
356635
356671
356806
356859
357063
357096
357199
357383
357493
358023
358112
358176
358290
358363
358486
358561
358952
359024
359144
359416
359539
359615
359663
359727
359764
359835
359875
359956
360129
360336
360526
360571
360698
360744
361059
361126
361310
361444
362024
362057
362161
362275
362339
362380
362583
362749
362824
362909
363051
363142
363280
363450
363522
363693
363914
363966
364180
364221
364265
364377
364418
364516
364653
364736
364841
364996
365100
365262
365345
365401
365466
365629
365794
366072
366250
366316
366480
366511
366576
366640
366671
366863
366915
366982
367831
367904
367977
368080
368430
368471
368649
368805
368910
368963
369197
369336
369663
369734
370061
370186
370291
370323
370469
370610
370696
370863
370929
371036
371149
371183
371290
371337
371491
371539
371600
371771
371880
371917
372003
372131
372183
372250
372286
372488
372545
372714
372787
372854
372963
373027
373083
373175
373236
373366
373555
373594
373646
373759
373864
373899
374071
374140
374261
374302
374378
374415
374455
374497
374554
374866
375060
375103
375307
375380
375452
375497
375569
375702
375821
375862
376015
376106
376144
376206
376246
376331
376466
376555
376632
376708
376741
376878
377032
377095
377276
377503
377565
377627
377682
377869
378288
378339
378509
378568
378617
378667
378719
378847
378908
378982
379018
379133
379233
379286
379535
379611
379658
379768
379867
379960
380029
380687
380808
380891
381052
381102
381178
381417
381519
381559
381660
381703
381743
381802
382101
382272
382569
382743
382927
383035
383145
383305
383441
383602
383726
383845
383922
384276
384392
384518
384622
384796
384851
384951
385090
385133
385312
385393
385540
385619
385709
385827
385893
385940
386036
386217
386285
386318
386389
386479
386546
386594
386628
386661
386705
386781
386890
386968
387071
387160
387230
387271
387375
387431
387519
387594
387694
387765
387904
387940
388012
388288
388334
388369
388428
388474
388533
388620
388760
388896
388970
389073
389139
389203
389476
389643
389706
389755
389802
389906
389941
390007
390067
390322
390359
390660
390786
390857
390899
391011
391264
391412
391510
391674
391955
392260
392316
392351
392510
392752
392905
393081
393157
393313
393456
393490
393592
393681
393816
393937
393992
394062
394334
394406
394438
394511
394542
394935
394977
395038
395072
395104
395201
395242
395356
395487
395582
395688
395735
395782
396075
396407
396538
396624
396833
397026
397172
397352
397434
397560
398093
398256
398325
398407
398467
398631
398678
398820
399140
399316
399496
399883
399946
400171
400222
400305
400400
400559
400817
400941
400974
401268
401862
402119
402215
402344
402503
402747
402809
402968
403105
403758
403836
403967
404161
404245
404885
404964
405023
405247
405289
405326
405447
405491
405696
405766
405878
406144
406195
406247
406278
406422
406497
406721
406841
407042
407130
407427
407566
407626
407689
407790
407940
408262
408579
408792
408835
409016
409167
409332
409743
409847
410115
410218
410796
410865
410926
410966
411021
411205
411237
411328
411560
411718
411811
411902
411961
412107
412280
412403
412528
412683
412739
412964
413221
413506
413659
414044
414287
414680
414770
415237
415458
415747
416005
416050
416588
416647
416713
416781
416879
416929
417067
417162
417310
417529
417589
417622
417979
418031
418167
418249
418298
418443
418509
418768
418878
419101
419172
419438
419718
419760
419817
419956
420052
420106
420176
420386
420667
420757
420849
421059
421097
421452
421552
421811
421927
422037
422152
422222
422283
422330
422381
422536
422874
422949
423541
424847
425921
426609
426688
426774
427351
427869
427961
428112
428161
428230
428363
428520
428637
428706
428784
429363
429449
429487
429580
429611
429642
429843
429951
430050
430094
430147
430190
430340
430375
430466
430534
430678
430725
430817
431095
431672
431781
431898
431962
432045
432304
432419
432461
432528
432705
432786
432819
433064
433153
433272
433375
433435
433508
433567
433686
433953
434006
434346
434485
434591
434638
434958
435000
435122
435325
435443
435617
435655
435805
436089
436275
436404
436506
437534
437809
437850
438517
438589
438633
438751
438982
439059
439131
439563
439795
439838
439928
440024
440136
440215
440357
440448
440635
440706
440753
440800
441046
441136
441196
441300
441418
441449
441514
441606
441664
441731
441794
442035
442142
442234
442299
442820
442948
443039
443124
443160
443255
443363
443663
443753
443809
443865
443900
444002
444177
444382
444441
444505
444583
444640
444678
444765
444864
445079
445205
445301
445448
445560
445684
445790
445910
445977
446025
446118
446519
446564
446666
446798
446882
446976
447075
447130
447190
447278
447361
447629
448135
448228
448280
448428
448468
448686
448794
448852
448890
449157
449419
449452
449706
449743
449891
449981
