28
107
114
223
295
391
719
995
1242
1267
1351
1435
1451
1614
1839
1968
2039
2746
2904
2950
3006
3025
3067
3124
3272
3336
3449
3455
3466
3484
3519
3534
3585
3623
3942
3981
4131
4269
4424
4588
4964
4999
5030
5039
5052
5083
5190
5329
5476
5568
5608
5611
5734
5816
6052
6056
6058
6378
6392
6661
6810
7030
7050
7161
7174
7421
7489
7729
7835
7979
8047
8101
8131
8230
8230
8276
8311
8346
8727
8809
8889
8960
8998
9267
9441
9504
9699
9752
9834
9856
9863
9938
10078
10463
10658
10762
10929
11008
11164
11240
11793
11969
12164
12211
12283
12333
12361
12496
12547
12570
12954
13037
13153
13159
13210
13238
13317
13374
13566
13570
13669
13814
13996
14018
14302
14491
14844
14980
15141
15249
15356
15477
15611
15687
15929
16555
16697
16834
17006
17194
17431
17622
17779
17807
17893
17973
18036
18162
18242
18277
18435
18523
18581
18610
18777
18913
19099
19136
19179
19232
19458
19737
19798
19868
19929
20130
20132
20172
20313
20349
20477
20561
20777
20807
20843
20862
20934
20966
21222
21568
21634
22020
22094
22229
22467
22731
22903
23110
23278
23285
23373
23424
23550
23586
23625
23658
23670
24246
24281
24405
24635
24746
24837
24928
25271
25490
25536
25610
26353
26433
26692
26701
26741
26811
26962
27043
27095
27302
27326
27440
27464
27654
27697
27849
28274
28304
28311
28422
28756
28951
28978
29108
29145
29185
29579
29581
29601
29638
29682
29735
29755
29827
29844
29883
29914
29955
30122
30342
30410
30467
30529
30649
30798
30909
30942
31120
31175
31253
31295
31325
31342
31437
31439
31517
31528
31568
31635
31709
31732
31750
31784
31956
32063
32127
32197
32319
32493
32501
32717
32732
32737
32804
32872
32948
33034
33118
33241
33327
33437
33525
33544
33656
33866
34371
34417
34496
34584
34678
34710
34737
34898
34908
35032
35055
35116
35162
35309
35358
35377
35383
35657
35686
35709
35969
35995
36001
36123
36364
36434
36451
36555
36559
36566
36639
36783
36846
37079
37225
37300
37351
37443
37496
37675
38220
38431
38501
38610
38679
38853
38910
38926
39002
39076
39101
39417
39548
39593
39742
39809
39867
39898
39940
39942
40124
40159
40172
40184
40200
40271
40851
40986
41194
41272
41299
41353
41425
41533
41594
41674
41785
41904
42082
42120
42268
42318
42337
42387
42407
42488
42502
42519
42755
42814
42889
42906
42927
43075
43110
43112
43191
43367
43495
43607
43624
43650
43728
43784
43816
44013
44017
44024
44238
44410
44547
44559
44743
44809
44847
44886
44933
44954
44988
44993
45049
45085
45218
45289
45388
45436
45571
45572
45730
45927
46241
46249
46272
46301
46306
46320
46626
46715
46879
46942
47085
47289
47346
47387
47520
47571
47669
47676
47893
47900
47907
47954
47985
48162
48240
48246
48265
48388
48425
48522
48755
48761
48878
48976
49079
49198
49245
49262
49380
49414
49449
49452
49678
49743
49914
50092
50222
50252
50305
50389
50427
50491
50541
50785
50890
50997
51140
51156
51207
51395
51435
51965
52063
52680
52790
52910
53087
53198
53353
53426
53432
53543
53864
53888
53917
54109
54165
54220
54347
54416
54422
54486
54522
54596
54641
54725
54758
54847
54859
54893
55068
55251
55258
55489
55491
55646
55685
55760
55856
55886
55912
55997
56122
56151
56213
56218
56222
56371
56577
56727
56843
56881
57008
57028
57118
57345
57460
57547
57662
57799
57870
57894
58006
58008
58273
58342
58353
58357
58375
58398
58622
58663
58695
58815
58902
58926
58978
59221
59278
59716
59726
59746
59777
59957
60191
60591
60626
60722
60738
60779
61022
61147
61201
61359
61612
61725
61962
62260
62322
62400
62415
62496
62585
62741
62830
62946
62976
63195
63205
63515
63619
63873
64099
64199
64211
64305
64308
64435
64647
64722
64767
65048
65074
65164
65222
65392
65472
65636
65651
65697
65930
66007
66148
66211
66260
66487
66607
66627
66987
67168
67191
67261
67320
67328
67487
67545
67546
67548
67577
67587
67707
67843
67922
67958
68132
68161
68253
68293
68308
68349
68546
68554
68603
68662
68751
68890
68902
69062
69066
69098
69105
69110
69120
69203
69300
69475
69707
69850
69913
70054
70135
70362
70430
70473
71091
71158
71249
71334
71710
71734
71821
72055
72073
72484
72628
72666
72771
73235
73346
73399
73467
73479
73633
73714
73733
73843
73899
73911
73986
74291
74301
74365
74603
74887
74907
74958
75040
75112
75159
75160
75300
75613
75878
75930
75961
76385
76858
77243
77349
77568
77876
77884
77990
78043
78182
78229
78671
78827
78997
79071
79183
79187
79304
79362
79529
79557
79576
79646
80001
80016
80071
80256
80279
80437
80589
80647
80791
80873
81023
81198
81210
81329
81683
81699
81821
81936
81985
82187
82284
82385
82699
82837
83405
83516
83551
83907
84219
84458
84619
84828
84874
85015
85093
85186
85191
85205
85280
85320
85422
85444
85488
85651
85752
85765
86136
86876
86993
87232
87379
87760
87879
88113
88145
88146
88306
88411
88426
88530
88548
88964
89226
89352
89510
89558
89681
89730
89866
89958
89978
90001
90052
90125
90257
90340
90540
90918
90984
91077
91127
91182
91492
91796
91826
91855
91857
92023
92026
92253
92299
92301
92635
93073
93284
93292
93310
93317
93373
93660
93762
93889
94290
94573
94615
94818
94870
94945
94968
95101
95104
95271
95367
95470
95698
95788
95976
96083
96164
96269
96450
96503
96572
96615
97268
97339
97396
97547
97579
97783
98012
98074
98242
98269
98328
98356
98408
98476
98502
98579
98592
98698
98709
98778
98826
98929
99139
99223
99363
99462
99608
99703
99712
99791
99906
99909
99980
100163
100188
100203
100209
100232
100347
100410
100416
100445
100797
100920
101082
101093
101218
101219
101292
101298
101555
101786
101912
102133
102196
102369
102406
102536
102586
102672
102833
103121
103482
103562
103650
103757
103773
104043
104203
104610
104641
104671
104845
104993
105064
105799
105839
105908
105997
106294
106499
106571
106573
106796
106865
107094
107532
107678
107789
107959
108099
108403
108467
108739
108831
109120
109122
109186
109305
109322
109375
109455
109688
109729
109984
110157
110511
110577
110737
111027
111072
111112
111173
111194
111238
111281
111322
111342
111399
111774
111829
112045
112306
112425
112448
112459
112578
112654
112716
112824
113158
113281
113381
113505
113699
113801
113897
114066
114255
114288
114443
114777
114871
115029
115096
115147
115183
115276
115341
115863
115897
116138
116418
116519
116584
116709
116941
116979
116986
117040
117063
117127
117151
117179
117326
117605
117623
118035
118049
118160
118200
118443
118641
118769
118838
118932
118960
119236
119279
119304
119430
119491
119592
119718
119750
119771
119819
119964
120216
120278
120399
120547
120689
121172
121175
121303
121329
121393
121455
121955
122068
122138
122270
122276
122423
122438
122890
122895
122995
123236
123276
123435
123510
123705
123822
123902
124302
124313
124528
124580
124599
124661
124801
124911
124989
125016
125063
125087
125153
125184
125207
125226
125266
125404
125454
125492
125533
125712
125745
125909
125999
126284
126357
126359
126429
126793
126949
127171
127200
127238
127249
127592
127665
127762
127775
127884
127969
128064
128080
128233
128267
128327
128347
128412
128734
128757
128778
128862
128987
129351
129488
129492
129559
129574
129721
129822
129875
129940
130001
130188
130440
130551
130721
130767
130778
130828
130845
131083
131213
131289
131568
131700
131769
131794
131914
132052
132061
132110
132149
132526
132580
132597
132705
132710
132745
132854
132858
132989
133354
133431
133682
133794
134138
134159
134527
134943
135195
135215
135439
135908
135975
136132
136205
136253
136272
136560
136670
136842
137143
137167
137217
137278
137295
137651
137793
137984
138026
138036
138059
138390
138618
138711
138716
138762
138917
138971
139022
139079
139150
139274
139348
139430
139466
139504
139651
139691
139727
139763
139954
139978
140053
140095
140352
140360
140637
140712
140867
141256
141292
141352
141443
141483
141500
141733
141841
141970
142119
142148
142454
142675
142728
142861
142892
142959
143151
143155
143288
143317
143628
143715
143763
143801
143947
143953
144009
144144
144230
144327
144353
144505
144508
144640
144882
145021
145102
145219
145220
145307
145402
145453
145554
145587
145625
145677
145798
145802
145843
146290
146339
146350
146359
146389
146459
146630
146714
146904
146959
147122
147126
147273
147335
147389
147449
147456
147589
147638
147673
147791
147822
147884
147897
147963
147971
148069
148076
148124
148309
148398
148424
148502
148613
148647
148701
148703
149045
149209
149345
149763
149940
150069
150340
150523
150571
150623
150760
150804
151526
151531
151666
151951
151988
152084
152147
152293
152477
152598
152691
152708
152951
153075
153123
153257
153268
153604
153674
153725
153878
154181
154285
154381
154457
154496
154654
154733
154808
154889
154958
155086
155146
155180
155392
155449
155569
155933
156144
156400
156434
156543
156724
156743
156943
156999
157017
157061
157128
157386
157558
157607
157774
157939
158080
158104
158193
158339
158460
158491
158504
158748
158753
158803
158919
159060
159493
159530
159598
159599
159717
159747
159817
159910
159980
160182
160275
160307
160479
160780
160803
160830
160932
160935
160982
161031
161036
161098
161310
161322
161570
161785
161887
161912
161917
161972
162017
162152
162402
162430
162469
162737
162764
162828
162916
162945
163068
163179
163221
163275
163382
163572
163601
163968
164192
164430
164556
164721
164748
164830
164963
165116
165127
165574
165610
166121
166194
166236
166398
166453
166568
166571
166660
166684
166716
166722
166791
167342
167355
167399
167490
167796
168001
168151
168312
168376
168466
168488
168530
168568
168690
168749
168760
168849
168889
169057
169210
169222
169270
169397
169411
169444
169528
169598
169661
169671
169802
169875
169922
170040
170060
170112
170144
170216
170355
170398
170418
170487
170509
170521
170574
170750
170767
170868
171101
171148
171155
171168
171340
171581
171743
171821
171893
171926
171995
172004
172101
172143
172274
172391
172407
172557
172572
172631
172720
172840
172880
172916
173048
173153
173164
173186
173238
173303
173427
173560
173656
173699
173844
173850
173867
173920
174135
174176
174182
174196
174276
174306
174330
174334
174439
174480
174589
174592
174759
174774
174901
175060
175117
175326
175452
175528
175737
175876
176162
176380
176537
176643
176665
176778
177218
177234
177557
177805
178149
178223
178260
178346
178443
178464
178983
179322
179385
179549
179644
179879
179892
180088
180371
180410
180441
180449
180706
180784
180814
180843
180847
181037
181309
181325
181354
181395
181515
181538
181557
181616
181766
182356
182737
183006
183208
183400
183424
183685
183705
183831
183963
184203
184455
184502
184565
184672
184751
184966
185139
185218
185716
185862
186427
186565
186677
186731
186902
187166
187225
187428
187544
187659
187668
187708
187752
187816
187821
188079
188104
188128
188222
188364
188417
188435
188470
188583
188686
188734
188804
188882
188909
189886
189931
190020
190053
190310
190507
190674
190903
190948
191033
191037
191043
191395
191508
191548
191809
191861
191907
191954
191966
192074
192130
192190
192287
192439
193049
193143
193172
193287
193332
193354
193394
193507
193527
193796
193826
193844
193906
193918
193952
193977
193979
194032
194221
194291
194372
194527
194730
194896
195066
195126
195285
195452
195530
195556
195591
195919
195959
196159
196185
196359
196634
196768
196902
196987
197127
197129
197215
197243
197337
197340
197357
197687
197752
197761
197948
197962
198176
198236
198319
198458
198505
198627
198666
198669
198776
198781
198783
198949
199471
199482
199628
199634
199658
199670
199676
199752
199840
200132
200178
200250
200399
200434
200480
200492
200551
200712
200781
200906
201012
201070
201205
201252
201254
201314
201628
201704
201787
202225
202260
202330
202478
202564
202611
202704
202880
202982
203178
203271
203390
203398
203672
203765
203896
204238
204306
204340
204350
204366
204387
204391
204448
204545
204567
204645
204797
204815
204839
204877
205107
205168
205184
205242
205255
205499
205655
205712
205783
206069
206220
206360
206881
207100
207646
207729
207774
208008
208041
208056
208072
208203
208258
208260
208271
208366
208445
208486
208509
208617
208625
208865
208962
209221
209262
209428
209534
209719
209781
209842
210077
210092
210541
210595
210668
210691
210960
210972
211066
211090
211154
211236
211282
211352
211461
211464
211750
211878
211950
212064
212130
212248
212320
212349
212472
212601
212679
212694
212718
212727
212810
212935
212959
213145
213244
213356
213456
213705
213749
213862
213888
213933
214000
214024
214078
214091
214227
214405
214615
214632
214632
214812
214951
215159
215178
215188
215217
215284
215336
215371
215482
215568
215802
215851
216298
216351
216406
216481
216654
216734
216761
216785
216971
217090
217115
217213
217472
217497
217527
217528
217553
217580
217613
217754
217759
217905
218052
218120
218145
218312
218365
218373
218555
218644
218680
218709
218846
218865
218958
218984
219093
219146
219207
219276
219486
219618
219680
219924
220043
220381
220417
220575
220590
221002
221126
221192
221462
221560
221916
222103
222127
222355
222471
222603
222605
222621
223275
223372
223439
223440
223872
224162
224267
224374
224392
224503
224660
224742
224769
224781
225083
225380
225489
225521
225840
225962
226104
226122
226695
227005
227017
227080
227359
227489
227526
227605
227652
227744
227796
227858
227953
227955
228080
228215
228313
228447
228521
228542
228707
228815
228818
228940
228984
228994
229153
229254
229300
229335
229395
229411
229452
229456
229697
229770
229994
230057
230132
230221
230282
230286
230321
230352
230402
230420
230468
230486
230515
230629
231046
231127
231186
231229
231277
231450
231520
231544
231623
231726
231861
231876
231901
231962
232147
232306
232338
232362
232498
232555
232804
232868
232908
232939
233011
233022
233043
233057
233080
233268
233324
233538
233748
233757
233868
233876
234065
234075
234108
234274
234420
234472
234804
234838
234915
235169
235243
235338
235404
235474
235531
235629
235706
235840
236024
236229
236263
236304
236384
236413
236571
236633
236802
237098
237163
237165
237266
237319
237423
237605
237660
237686
237777
237849
237856
238163
238171
238322
238366
238449
238499
238501
238694
238767
238889
239148
239278
239365
239368
239428
239488
239752
239766
240036
240089
240126
240188
240287
240369
240525
240623
240649
240667
240798
240825
240887
240916
240958
241139
241235
241314
241318
241375
241400
241419
241583
241604
241754
241859
241860
241881
241895
241960
242113
242124
242149
242255
242294
242391
242398
242513
242567
242687
242939
243241
243275
243404
243884
243938
244051
244442
244632
244673
244685
244708
244727
245090
245139
245329
245571
245597
245602
245732
245772
245952
246035
246062
246130
246225
246255
246448
246492
246608
246773
246781
246805
246928
246966
246968
247000
247084
247479
247517
247649
247820
247978
248161
248216
248217
248274
248328
248361
248375
248472
248645
248695
248721
248738
248828
248892
248908
249075
249077
249167
249174
249242
249261
249317
249372
249410
249491
249634
249677
249735
249767
249787
249914
250028
250125
250716
250784
250849
250877
250909
250911
250921
250959
251038
251203
251757
251958
251967
252036
252106
252160
252471
252846
252856
252857
253117
253251
253273
253293
253369
253405
253438
253439
253666
253725
253931
254017
254235
254583
254644
254777
254860
254871
254876
254948
255350
255609
255612
255639
255640
255779
256032
256124
256143
256357
256388
256483
256608
256633
256668
256871
256973
257100
257125
257430
257773
257878
258076
258219
258266
258277
258284
258392
258499
258528
258571
258611
258616
258835
259048
259092
259124
259244
259355
259367
259378
259547
259633
259708
259802
259836
259859
259940
259950
260013
260024
260143
260144
260168
260254
260582
260610
260662
260704
260705
260845
260873
260902
261044
261578
261606
261680
261773
261855
261868
261875
261970
262046
262063
262243
262280
262355
262457
262486
262519
262680
262698
262756
262883
263154
263228
263250
263380
263384
263424
263566
263609
263984
264080
264139
264243
264263
264322
264517
264581
264848
264987
265207
265259
265510
265930
266023
266057
266285
266304
266351
266503
266528
266554
266758
267023
267087
267201
267218
267244
267323
267331
267445
267804
267814
267873
267874
267978
268066
268071
268099
268133
268259
268422
268471
268548
268707
268752
268898
268936
269045
269101
269227
269323
269448
269728
269741
269928
269942
269943
269954
270034
270137
270338
270346
270393
270711
270765
270906
270933
270988
271030
271303
271409
271460
271582
271612
271777
271922
272022
272029
272272
272316
272353
272449
272518
272832
272908
272995
273003
273057
273725
273838
273852
273877
274085
274567
274758
274832
274889
275094
275238
275325
275352
275494
275603
275630
275759
275808
275823
275849
275974
276171
276191
276637
276698
276716
276815
276871
276909
276916
276957
277199
277508
277807
278199
278313
278332
278384
278505
278663
279005
279268
279382
279474
279638
279811
279872
280044
280063
280106
280166
280364
280488
280578
280623
280669
280705
280711
280816
280839
281013
281016
281089
281243
281323
281823
281882
281916
282000
282043
282136
282181
282542
282584
282674
282916
283009
283055
283073
283107
283114
283155
283165
283216
283359
283536
283696
283711
283808
283824
284109
284146
284300
284404
284954
284957
285031
285115
285149
285160
285333
285469
285514
285569
285681
285742
285850
285990
286032
286173
286364
286386
286570
286581
286595
286677
286688
286756
286863
286916
286991
287116
287190
287322
287375
287401
287436
287569
287704
287952
288100
288136
288270
288271
288306
288340
288341
288503
288525
288562
289381
289424
289467
289540
289860
289871
290019
290145
290220
290243
290447
290556
290853
290894
291191
291286
291361
291363
291479
291590
291646
291783
291819
291896
291979
291983
292060
292077
292201
292219
292250
292391
292470
292477
292533
292631
292653
292690
292696
292868
292895
293034
293077
293114
293193
293227
293253
293315
293346
293446
293605
293614
293636
293719
293794
293799
293941
293980
294071
294082
294128
294135
294145
294157
294184
294466
294630
294643
294817
294860
294902
294917
294959
295062
295151
295162
295285
295346
295354
295386
295396
295451
295556
295615
295662
295708
295711
295818
295942
295975
296126
296323
296355
296387
296412
296569
296958
296979
297119
297148
297167
297187
297209
297307
297338
297382
297388
297473
297543
297566
297785
297831
297848
297928
297997
298060
298099
298727
298818
298871
299002
299022
299068
299277
299349
299359
299430
299443
299453
299482
299751
299892
300159
300303
300457
300535
300615
300745
300851
300982
301076
301165
301212
301536
301622
301718
301792
301936
301961
302031
302140
302153
302302
302353
302470
302519
302579
302667
302703
302720
302786
302937
302975
302978
303019
303079
303116
303134
303138
303141
303155
303201
303280
303328
303401
303460
303500
303511
303585
303611
303669
303714
303784
303825
303934
303940
303982
304228
304244
304249
304278
304294
304323
304380
304490
304596
304640
304713
304749
304783
305026
305163
305196
305215
305232
305306
305311
305347
305377
305602
305609
305880
305976
306017
306029
306111
306334
306452
306520
306654
306905
307180
307206
307211
307340
307552
307675
307821
307867
307993
308106
308110
308182
308241
308346
308437
308462
308502
308744
308786
308788
308831
308832
309195
309207
309238
309242
309244
309311
309322
309406
309507
309572
309648
309665
309682
309945
310247
310348
310404
310583
310746
310862
311012
311064
311160
311663
311796
311835
311887
311917
312051
312068
312180
312470
312616
312766
313123
313156
313351
313372
313425
313490
313619
313847
313941
313944
314208
314772
314999
315065
315164
315293
315507
315539
315668
315775
316398
316446
316547
316711
316765
317375
317424
317453
317647
317659
317666
317757
317771
317946
317986
318068
318304
318325
318347
318348
318462
318507
318701
318791
318962
319020
319287
319396
319426
319459
319530
319650
319942
320229
320412
320425
320576
320697
320832
321213
321287
321525
321598
322146
322185
322216
322226
322251
322405
322407
322468
322670
322798
322861
322922
322951
323067
323210
323303
323398
323523
323549
323744
323971
324226
324349
324704
324917
325280
325340
325777
325968
326227
326455
326470
326978
327007
327043
327081
327149
327169
327277
327342
327460
327649
327679
327682
328009
328031
328137
328189
328208
328323
328359
328588
328668
328861
328902
329138
329388
329400
329427
329536
329602
329626
329666
329846
330097
330157
330219
330399
330407
330732
330802
331031
331117
331197
331282
331322
331353
331370
331391
331516
331824
331869
332431
333707
334751
335409
335458
335514
336061
336549
336611
336732
336751
336790
336893
337020
337107
337146
337194
337743
337799
337807
337870
337871
337872
338043
338121
338190
338204
338227
338240
338360
338365
338426
338464
338578
338595
338657
338905
339452
339531
339618
339652
339705
339934
340019
340031
340068
340215
340266
340269
340484
340543
340632
340705
340735
340778
340807
340896
341133
341156
341466
341575
341651
341668
341958
341970
342062
342235
342323
342467
342475
342595
342849
343005
343104
343176
344174
344419
344430
345067
345109
345123
345211
345412
345459
345501
345903
346105
346118
346178
346244
346326
346375
346487
346548
346705
346746
346763
346780
346996
347056
347086
347160
347248
347249
347284
347346
347374
347411
347444
347655
347732
347794
347829
348320
348418
348479
348534
348540
348605
348683
348953
349013
349039
349065
349070
349142
349287
349462
349491
349525
349573
349600
349608
349665
349734
349919
350015
350081
350198
350280
350374
350450
350540
350577
350595
350658
351029
351044
351116
351218
351272
351336
351405
351430
351460
351518
351571
351809
352285
352348
352370
352488
352498
352686
352764
352792
352800
353037
353269
353272
353496
353503
353621
353681
