26
992
1489
2220
2624
2970
3539
4267
5290
6179
6571
6814
7810
8321
8773
9041
10133
10415
10820
11505
11896
12056
12593
13292
13807
14083
14564
15201
15477
15873
16151
16725
17159
17798
18108
18344
18980
19438
19587
20079
20416
20798
21388
21677
22269
22847
23202
23526
23770
23997
24314
25151
25768
26104
26504
26863
27128
27512
28019
28234
29022
30406
30736
31008
31290
31528
31876
32180
33578
33813
34008
34580
34911
35131
35661
36046
36487
38358
38970
40322
40662
40802
41239
41400
41839
42004
42393
42660
42908
43330
43656
43969
44259
44972
45122
46172
46709
47029
47354
47573
47890
48255
48490
48824
49191
49517
49744
49919
50158
50421
50949
51415
51987
52337
52857
53027
53147
53377
58337
58813
59660
60050
60399
60847
61346
61694
62017
62394
62745
63302
63520
63807
64069
64511
64748
65322
65802
66177
66516
67591
68153
68326
68775
69106
69358
69704
70302
71068
71528
71828
72096
72353
72566
72684
76055
76764
77090
77598
78157
78536
79060
79682
80103
80413
80790
81831
82083
82317
82601
82866
83099
83934
84168
84449
84637
84837
85003
85266
85580
86227
86375
86790
87009
87244
87405
87728
88266
88591
88941
89214
89391
89658
90080
90216
91016
91180
91310
91852
92025
92182
92393
92614
92863
92982
93231
93474
94127
94256
94572
94817
95492
95715
95806
95909
96867
98426
98928
99206
99521
99757
99966
100135
100279
100512
100747
101251
101410
101631
102245
102906
102997
103133
103367
103522
103697
103966
104181
104395
104570
104805
104954
105146
105567
105726
105954
106063
106219
106505
106640
106959
107149
107545
107675
107834
108087
108509
108667
108849
109019
109208
109374
109637
109815
110042
110270
110641
110828
110982
111163
111286
111884
112055
112229
112405
112571
112730
112831
112984
113205
113399
113546
113788
114093
114249
114436
114681
114773
115015
115190
115339
115423
115608
115785
115874
115982
116325
116601
116723
116926
117123
117456
117864
118045
118207
118648
118792
119282
119455
119668
120509
120720
120979
121380
121853
122050
122262
122377
122482
125449
126172
126885
127163
127316
128520
128989
129165
129552
129830
130211
130809
130937
131202
131794
132011
132536
132806
133861
134342
134567
134858
135203
135911
136177
136587
137167
137639
137840
138041
138467
139075
139301
139576
140225
140470
141049
141213
141493
142061
142274
142559
143250
143471
143713
143859
143991
144375
144536
144768
144920
145105
145336
145641
145994
146269
146474
146764
147497
148042
148255
149722
149880
150078
150413
150669
150845
151079
151375
151498
151849
152664
152859
153113
153330
153680
154226
154417
162278
162358
162473
162588
162834
162931
176871
179160
179611
182771
185527
186087
186384
187310
187980
188357
189354
189996
190872
191155
191451
191764
193445
193948
195214
196679
197434
197831
198259
198862
199775
200255
200691
201141
201787
202190
202529
205770
206287
207497
208217
210343
212603
215189
215580
216516
216973
218601
219220
219948
220595
220998
221198
222826
223541
224198
224452
224779
225646
225951
226619
227041
228195
229184
229394
230024
230674
231096
231316
231648
232026
232663
233228
233727
233916
234195
234391
234618
235322
235525
235679
236427
236743
236952
237377
237543
237873
238219
238459
238579
238856
239245
239886
240067
240245
240544
240734
240951
241127
241323
241465
241687
241875
242619
242807
243054
243395
243993
244479
244795
245377
245616
246112
246410
246600
246948
247126
247595
247788
248035
249130
249361
249701
250413
250770
250913
251099
251403
251569
251825
252066
252314
252791
252964
253251
253414
253707
254112
254461
254628
254848
255125
255509
256206
256464
256660
257212
257671
257900
258066
258378
259055
259348
259861
260462
260674
260875
261095
261360
261704
261978
262191
262630
263160
263466
263872
264487
264871
265286
266224
266511
267767
268364
268650
269033
269182
269490
270801
271515
271636
272235
272528
272847
273071
273398
274137
274323
274585
275526
276086
276321
276593
276762
277143
277398
277754
278227
278568
279139
279325
279683
279951
280152
280493
280747
281186
281327
281877
282039
282423
282644
283017
283201
283528
283707
283960
284202
284468
284625
285635
286236
286585
287111
287400
287657
287874
288850
289041
289428
289574
290009
290127
290675
290842
291280
291646
292147
292763
293873
294425
295034
295242
295981
296297
297076
297455
297891
298639
298918
299106
299318
299814
299980
300658
300866
301131
302620
304555
320521
320899
321791
322084
322328
322911
323074
323702
324009
324854
325159
325393
325590
325823
325966
326448
326717
326945
327248
327865
328058
328199
328725
329115
329569
329687
329832
330688
330834
331027
331468
331613
331765
332289
332900
333428
334138
334383
334581
334806
335122
335322
335966
336588
336816
337240
337403
337736
338216
338559
338777
339288
339852
340276
340437
341050
341186
341373
342213
342720
342870
343422
344069
344315
344745
344890
345204
345762
345929
346312
346481
346633
347203
347426
347735
348359
349702
349932
350115
350700
351073
351269
351428
351665
351880
352095
352884
353523
353712
354175
354532
354691
354943
355408
355631
356857
357123
357434
357866
358028
358229
358495
358630
358767
359006
359257
359801
360021
360500
360906
361230
361536
361822
362506
362983
363468
363628
363938
364172
364654
365931
366099
366638
366803
367159
367699
368203
368423
368864
369065
369582
370189
370307
370697
370850
371116
371551
372324
372454
372675
372954
373081
373299
373544
374529
374926
375208
375629
375868
376208
376472
376862
377172
377330
377647
378196
378453
378823
379116
379472
380303
380545
380796
381062
381850
383225
383576
383724
384708
384937
385811
386271
386444
386657
387053
389831
390560
391681
391947
393193
393687
394292
398087
398478
398922
399197
399895
400188
400988
401431
401581
401837
402840
403536
403730
403969
404187
404964
405193
406036
407611
409130
409487
410154
410828
411404
412675
412931
414782
420057
420357
420733
421235
421681
422046
422763
423052
423385
423760
425792
426044
426408
426618
426827
427515
427828
428112
428428
428649
429700
429824
430019
430480
430896
431421
431597
432485
433044
433264
433752
434272
434686
434911
435079
435392
436981
437553
437694
438266
438663
439115
439607
440219
440575
440799
441639
441855
442540
444349
444725
444976
445412
445693
445987
446282
446460
446916
447080
447710
447962
448116
448319
448532
448914
456791
468816
469546
470068
472118
473406
475697
475964
476339
476489
476813
477013
477287
477560
477828
478080
478280
479032
479569
479810
480639
481041
481180
481481
482043
483133
483764
484417
490493
491106
491381
491602
492113
492377
492604
493798
493899
494847
495001
495150
495378
495806
495967
496147
496986
497325
497642
498306
498604
498726
499064
499145
499289
499629
500214
500453
500543
500761
501146
501572
502911
503801
504386
504548
504803
505927
506347
506795
507516
507631
508687
509241
509373
509898
510119
510733
510984
511159
511354
511577
511973
512186
512473
512604
512796
512960
513203
513836
514149
514328
514492
514598
515175
515298
515915
516253
516452
516864
517552
517807
517998
518353
518759
519055
519183
523101
525042
526172
526560
526693
527109
528516
529599
530436
531096
533056
533692
534883
537178
537403
537806
538313
538477
538747
538978
539331
541065
541833
542164
542727
543182
543495
543634
544043
544254
544545
545008
545225
545427
546165
546350
546456
546684
546897
547276
547469
547669
547908
548284
549098
549431
549638
550101
550243
550378
550631
551096
551525
552048
552354
552519
552715
553471
553567
553744
554117
554969
555668
555956
556239
556440
556883
557825
558368
558522
558683
560370
560669
560801
560978
561197
561600
561822
563235
563581
563920
564750
565340
565510
565787
566328
566966
567606
568224
568911
569062
569614
570001
570213
570731
571280
572065
572296
572488
573064
573608
574621
574845
575832
576371
578093
580098
580330
581094
581989
582185
582406
584080
584400
584789
585182
585627
585856
586073
586577
586844
588582
589168
589500
590193
590518
591074
591305
592828
593550
593786
594350
594612
595155
595331
596296
596507
596658
596792
597078
597478
598114
598461
599157
599608
