26
962
1429
2130
2504
2820
3359
4057
5050
5909
6271
6484
7450
7931
8353
8591
9653
9905
10280
10935
11296
11426
11933
12602
13087
13333
13784
14391
14637
15003
15251
15795
16199
16808
17088
17294
17900
18328
18447
18909
19216
19568
20128
20387
20949
21497
21822
22116
22330
22527
22814
23621
24208
24514
24884
25213
25448
25802
26279
26464
27222
28576
28876
29118
29370
29578
29896
30170
31538
31743
31908
32450
32751
32941
33441
33796
34207
36048
36630
37952
38262
38372
38779
38910
39319
39454
39813
40050
40268
40660
40956
41239
41499
42182
42302
43322
43829
44119
44414
44603
44890
45225
45430
45734
46071
46367
46564
46709
46918
47151
47649
48085
48627
48947
49437
49577
49667
49867
54797
55243
56060
56420
56739
57157
57626
57944
58237
58584
58905
59432
59620
59877
60109
60521
60728
61272
61722
62067
62376
63421
63953
64096
64515
64816
65038
65354
65922
66658
67088
67358
67596
67823
68006
68094
71435
72114
72410
72888
73417
73766
74260
74852
75243
75523
75870
76881
77103
77307
77561
77796
77999
78804
79008
79259
79417
79587
79723
79956
80240
80857
80975
81360
81549
81754
81885
82178
82686
82981
83301
83544
83691
83928
84320
84426
85196
85330
85430
85942
86085
86212
86393
86584
86803
86892
87111
87324
87947
88046
88332
88547
89192
89385
89446
89519
90447
91976
92448
92696
92981
93187
93366
93505
93619
93822
94027
94501
94630
94821
95405
96036
96097
96203
96407
96532
96677
96916
97101
97285
97430
97635
97754
97916
98307
98436
98634
98713
98839
99095
99200
99489
99649
100015
100115
100244
100467
100859
100987
101139
101279
101438
101574
101807
101955
102152
102350
102691
102848
102972
103123
103216
103784
103925
104069
104215
104351
104480
104551
104674
104865
105029
105146
105358
105633
105759
105916
106131
106193
106405
106550
106669
106723
106878
107025
107084
107162
107475
107721
107813
107986
108153
108456
108834
108985
109117
109528
109642
110102
110245
110428
111239
111420
111649
112020
112463
112630
112812
112897
112972
115909
116602
117285
117533
117656
118830
119269
119415
119772
120020
120371
120939
121037
121272
121834
122021
122516
122756
123781
124232
124427
124688
125003
125681
125917
126297
126847
127289
127460
127631
128027
128605
128801
129046
129665
129880
130429
130563
130813
131351
131534
131789
132450
132641
132853
132969
133071
133425
133556
133758
133880
134035
134236
134511
134834
135079
135254
135514
136217
136732
136915
138352
138480
138648
138953
139179
139325
139529
139795
139888
140209
140994
141159
141383
141570
141890
142406
142567
150398
150448
150533
150618
150834
150901
164811
167070
167491
170621
173347
173877
174144
175040
175680
176027
176994
177606
178452
178705
178971
179254
180905
181378
182614
184049
184774
185141
185539
186112
186995
187445
187851
188271
188887
189260
189569
192780
193267
194447
195137
197233
199463
202019
202380
203286
203713
205311
205900
206598
207215
207588
207758
209356
210041
210668
210892
211189
212026
212301
212939
213331
214455
215414
215594
216194
216814
217206
217396
217698
218046
218653
219188
219657
219816
220065
220231
220428
221102
221275
221399
222117
222403
222582
222977
223113
223413
223729
223939
224029
224276
224635
225246
225397
225545
225814
225974
226161
226307
226473
226585
226777
226935
227649
227807
228024
228335
228903
229359
229645
230197
230406
230872
231140
231300
231618
231766
232205
232368
232585
233650
233851
234161
234843
235170
235283
235439
235713
235849
236075
236286
236504
236951
237094
237351
237484
237747
238122
238441
238578
238768
239015
239369
240036
240264
240430
240952
241381
241580
241716
241998
242645
242908
243391
243962
244144
244315
244505
244740
245054
245298
245481
245890
246390
246666
247042
247627
247981
248366
249274
249531
250757
251324
251580
251933
252052
252330
253611
254295
254386
254955
255218
255507
255701
255998
256707
256863
257095
258006
258536
258741
258983
259122
259473
259698
260024
260467
260778
261319
261475
261803
262041
262212
262523
262747
263156
263267
263787
263919
264273
264464
264807
264961
265258
265407
265630
265842
266078
266205
267185
267756
268075
268571
268830
269057
269244
270190
270351
270708
270824
271229
271317
271835
271972
272380
272716
273187
273773
274853
275375
275954
276132
276841
277127
277876
278225
278631
279349
279598
279756
279938
280404
280540
281188
281366
281601
283060
284965
300901
301249
302111
302374
302588
303141
303274
303872
304149
304964
305239
305443
305610
305813
305926
306378
306617
306815
307088
307675
307838
307949
308445
308805
309229
309317
309432
310258
310374
310537
310948
311063
311185
311679
312260
312758
313438
313653
313821
314016
314302
314472
315086
315678
315876
316270
316403
316706
317156
317469
317657
318138
318672
319066
319197
319780
319886
320043
320853
321330
321450
321972
322589
322805
323205
323320
323604
324132
324269
324622
324761
324883
325423
325616
325895
326489
327802
328002
328155
328710
329053
329219
329348
329555
329740
329925
330684
331293
331452
331885
332212
332341
332563
332998
333191
334387
334623
334904
335306
335438
335609
335845
335950
336057
336266
336487
337001
337191
337640
338016
338310
338586
338842
339496
339943
340398
340528
340808
341012
341464
342711
342849
343358
343493
343819
344329
344803
344993
345404
345575
346062
346639
346727
347087
347210
347446
347851
348594
348694
348885
349134
349231
349419
349634
350589
350956
351208
351599
351808
352118
352352
352712
352992
353120
353407
353926
354153
354493
354756
355082
355883
356095
356316
356552
357310
358655
358976
359094
360048
360247
361091
361521
361664
361847
362213
364961
365660
366751
366987
368203
368667
369242
373007
373368
373782
374027
374695
374958
375728
376141
376261
376487
377460
378126
378290
378499
378687
379434
379633
380446
381991
383480
383807
384444
385088
385634
386875
387101
388922
394167
394437
394783
395255
395671
396006
396693
396952
397255
397600
399602
399824
400158
400338
400517
401175
401458
401712
401998
402189
403210
403304
403469
403900
404286
404781
404927
405785
406314
406504
406962
407452
407836
408031
408169
408452
410011
410553
410664
411206
411573
411995
412457
413039
413365
413559
414369
414555
415210
416989
417335
417556
417962
418213
418477
418742
418890
419316
419450
420050
420272
420396
420569
420752
421104
428951
440946
441646
442138
444158
445416
447677
447914
448259
448379
448673
448843
449087
449330
449568
449790
449960
450682
451189
451400
452199
452571
452680
452951
453483
454543
455144
455767
461813
462396
462641
462832
463313
463547
463744
464908
464979
465897
466021
466140
466338
466736
466867
467017
467826
468135
468422
469056
469324
469416
469724
469775
469889
470199
470754
470963
471023
471211
471566
471962
473271
474131
474686
474818
475043
476137
476527
476945
477636
477721
478747
479271
479373
479868
480059
480643
480864
481009
481174
481367
481733
481916
482173
482274
482436
482570
482783
483386
483669
483818
483952
484028
484575
484668
485255
485563
485732
486114
486772
486997
487158
487483
487859
488125
488223
492111
494022
495122
495480
495583
495969
497346
498399
499206
499836
501766
502372
503533
505798
505993
506366
506843
506977
507217
507418
507741
509445
510183
510484
511017
511442
511725
511834
512213
512394
512655
513088
513275
513447
514155
514310
514386
514584
514767
515116
515279
515449
515658
516004
516788
517091
517268
517701
517813
517918
518141
518576
518975
519468
519744
519879
520045
520771
520837
520984
521327
522149
522818
523076
523329
523500
523913
524825
525338
525462
525593
527250
527519
527621
527768
527957
528330
528522
529905
530221
530530
531330
531890
532030
532277
532788
533396
534006
534594
535251
535372
535894
536251
536433
536921
537440
538195
538396
538558
539104
539618
540601
540795
541752
542261
543953
545928
546130
546864
547729
547895
548086
549730
550020
550379
550742
551157
551356
551543
552017
552254
553962
554518
554820
555483
555778
556304
556505
557998
558690
558896
559430
559662
560175
560321
561256
561437
561558
561662
561918
562288
562894
563211
563877
564298
