992
4526
7641
10736
14221
17845
21529
25233
28957
32751
36465
40309
43754
47478
51002
53987
57262
60736
64570
68085
72008
75632
79177
82741
86285
90079
93504
97048
100702
104207
107901
111505
115349
119003
122657
125902
129556
133140
136784
140089
143933
147457
151161
154336
157951
161554
165249
169113
172727
176401
179895
183550
186934
190389
193803
197138
200482
204077
207351
211385
214500
218074
221579
224963
228797
232172
235596
239330
243034
246788
250882
254516
258260
261864
265458
268973
272537
276181
277958
279885
283190
287024
290868
294651
298525
302229
305744
309518
313032
316636
320310
323845
327219
330714
334018
337073
339969
343703
347028
350732
354496
358030
360905
361844
365408
369402
372976
376540
379735
383359
386924
390588
393932
397407
400791
404286
407830
411354
415168
418443
422137
425761
428956
432650
436055
439829
443493
446199
447417
451211
454965
458429
461544
464988
468822
472237
476031
479685
482930
486564
490468
494371
498085
502658
505843
509787
515817
519381
522626
526630
530633
534497
538261
542474
546558
550611
554465
558499
562063
565757
568782
570260
572057
575611
579016
582790
586823
589998
593802
597366
600831
604385
608099
611334
614848
618413
622117
625571
629165
633249
636494
639938
643393
647047
650651
654615
658418
662222
665907
669181
672486
675471
679006
682520
686284
690168
693962
697775
701210
704804
708548
712003
715287
719051
722995
726819
730084
733189
737202
740447
743732
747506
750591
754305
758199
762032
764838
768272
771587
774912
778097
780503
785255
789209
792923
797226
800980
805313
809197
812741
816575
820069
823803
827298
830862
834147
837112
840617
844011
847266
850960
854634
858428
862082
865906
868652
872915
876459
880253
883588
887162
890596
894640
898084
901858
905722
909576
913350
916874
918861
922256
923594
926259
928845
931721
934626
937761
941415
945229
949572
953076
956641
960425
964169
968072
972046
975361
978935
982659
986563
990127
993342
996307
999572
