10
44
212
228
304
368
430
482
623
661
742
808
844
863
976
1128
1319
1349
1455
1559
1757
1898
2083
2285
2490
2541
2876
3060
3131
3186
3244
3343
3432
3448
3559
3666
3911
4009
4334
4421
4469
4756
4829
4875
4937
5325
5388
5413
5575
5586
5681
5740
6109
6330
6473
6569
6643
6705
6856
6980
7069
7342
7466
7518
7588
7931
7960
8059
8112
8226
8292
8322
8429
8562
8611
8647
8689
8753
8990
9026
9117
9158
9182
9282
9392
9434
9463
9496
9574
9658
9706
9872
9914
9974
10096
10192
10262
10497
10670
10835
10918
11003
11206
11382
11539
11622
11708
11759
11970
12210
12480
12663
12720
12873
12990
13023
13100
13447
13490
13576
13613
13640
13771
13943
14003
14070
14092
14116
14163
14255
14357
14393
14468
14713
14758
14780
14854
14962
15043
15090
15289
15319
15372
15400
15413
15700
15764
15876
15931
16021
16235
16490
16620
16687
16754
16825
16929
17080
17104
17270
17345
17748
17806
17884
17949
17972
18117
18202
18418
18449
18485
18566
18722
18862
18999
19054
19142
19189
19460
19542
19553
19638
19670
19753
19891
19941
20084
20119
20161
20280
20317
20381
20461
20674
20724
20746
20843
20889
21079
21120
21216
21305
21414
21601
21686
21710
21831
21848
21922
21955
22043
22134
22162
22406
22755
23016
23073
23238
23477
23743
23802
23834
23859
24358
24390
24606
24720
24958
25279
25434
25469
25597
25637
25684
25722
25856
25885
26036
26099
26212
26297
26335
26368
26475
26710
26744
26756
27126
27196
27304
27384
27550
27948
28016
28059
28118
28143
28194
28273
28540
28643
28880
29061
29135
29149
29209
29281
29332
29386
29667
29699
29773
29997
30062
30183
30395
30435
30935
31080
31202
31295
31438
31474
31874
31892
32003
32096
32254
32285
32353
32671
32734
32923
33013
33030
33093
33241
33307
33405
33497
33711
33911
33991
34206
34225
34371
34423
34447
34520
34554
34634
34702
34751
34804
34874
35025
35102
35165
35229
35310
35399
35473
35523
35834
35882
35996
36172
36206
36282
36330
36538
36587
36854
36929
36942
37063
37360
37422
37618
37643
37822
37887
37907
38099
38123
38304
38406
38510
38593
38639
38675
38701
38740
38804
38831
38938
39033
39083
39134
39339
39399
39454
39517
39579
39990
40038
40178
40250
40378
40557
40963
41009
41025
41082
41119
41271
41320
41362
41485
41538
41600
41643
41719
41835
41889
42003
42090
42183
42245
42442
42566
42602
42658
42761
42924
42955
43102
43153
43233
43280
43459
43580
43670
43709
43878
44089
44203
44301
44915
45012
45105
45143
45300
45376
45470
45486
45517
45581
45693
45723
45754
45823
45863
45974
46228
46352
46406
46582
46768
47424
47501
47577
47817
48025
48081
48166
48298
48461
48535
48559
48681
48712
48811
48956
49088
49344
49390
49467
49596
49712
50032
50090
50155
50442
50462
50536
50563
50629
50836
50888
51003
51063
51123
51135
51201
51296
51340
51499
51569
51634
51683
51740
51762
52063
52306
52435
52492
52725
52796
52885
53036
53237
53254
53273
53332
53374
53426
53514
53793
54070
54144
54326
54430
54464
54991
55009
55213
55268
55459
55671
55710
55803
55921
55996
56346
56543
56556
56639
56757
56883
56904
56961
57151
57306
57328
57341
57499
57620
57679
57714
57897
58236
58311
58356
58451
58552
58680
58762
58967
59063
59156
59257
59426
59568
59671
59703
59886
59983
59997
60046
60140
60636
60676
60689
60751
60905
60929
61047
61087
61146
61160
61337
61413
61437
61489
61546
61595
61650
61713
61777
61891
61942
62108
62253
62308
62343
62406
62573
63125
63322
63503
63561
63608
63624
63678
63733
63911
64324
64420
64499
64523
64618
64682
64767
64818
64952
65036
65096
65184
65305
65370
65435
65484
65552
65666
65805
65866
65966
66054
66069
66374
66389
66471
66565
66644
66668
66753
66893
66920
67058
67085
67215
67316
67394
67420
67476
67524
67574
67618
67709
67760
67798
67990
68086
68168
68191
68499
68934
69015
69066
69187
69206
69348
69375
69464
69663
69721
69771
69848
69930
70072
70164
70409
70462
70510
70583
70755
70807
70870
70936
71002
71095
71177
71219
71303
71341
71507
71608
71653
71833
71955
72025
72036
72119
72200
72235
72319
72426
72672
72753
72859
72872
73097
73131
73287
73356
73411
73493
73558
73605
73621
73969
74307
74407
74428
74478
74564
74668
74899
74931
75055
75256
75308
75331
75401
75558
75630
75674
75905
75976
76125
76216
76261
76464
76529
76568
76657
76930
76974
77153
77222
77286
77320
77460
77475
77585
77781
77804
77820
77886
78103
78129
78159
78232
78381
78725
78785
78812
78877
79018
79090
79116
79170
79233
79514
79589
79631
79710
79841
79890
79916
79966
80016
80038
80093
80218
80257
80352
80418
80551
80580
80634
80669
80800
80877
80969
81152
81315
81433
81480
81510
81738
81809
81841
81941
81982
82052
82123
82142
82202
82234
82310
82327
82465
82534
82600
82620
82947
82986
83114
83231
83412
83627
83679
83754
83793
83818
83868
83972
84029
84121
84198
84227
84274
84348
84379
84400
84519
84606
84678
84737
84796
84859
84957
85124
85200
85277
85351
85458
85787
85830
85876
85903
85934
85989
86058
86090
86240
86485
86599
86746
86815
86835
86920
87063
87098
87130
87456
87513
87612
87830
87843
87910
87948
88003
88103
88218
88238
88321
88362
88409
88439
88813
88855
88923
88940
89001
89075
89147
89351
89396
89870
89932
90076
90304
90387
90423
90461
90495
90523
90545
90560
90660
90699
90757
90799
90852
90874
90958
91001
91062
91148
91225
91265
91341
91413
91492
91643
91673
91840
91927
91994
92034
92073
92156
92182
92259
92339
93000
93089
93144
93238
93302
93487
93503
93618
93830
93863
93887
94171
94234
94292
94469
94621
94707
94744
94764
94863
94942
95009
95252
95288
95343
95435
95478
95555
95672
95729
95808
95960
96031
96071
96368
96415
96598
96727
96800
96939
96978
97014
97101
97412
97653
97748
97827
97888
97981
98020
98068
98227
98251
98399
98467
98530
98586
98645
98828
98943
99027
99082
99227
99311
99407
99540
99585
99698
99732
99868
100112
100207
100373
100402
100442
100512
100585
100688
100760
100802
101270
101316
101370
101406
101465
101498
101583
101623
101857
101871
101935
101979
102073
102214
102352
102422
102498
102614
102627
102644
102698
102794
102927
102976
103022
103058
103238
103787
103882
103959
104045
104112
104153
104170
104190
104250
104361
104655
104755
104807
104906
104962
105004
105137
105325
105362
105410
105513
105545
105596
105627
105731
105808
105886
105969
106045
106137
106246
106354
106413
106453
106519
106619
106813
107188
107253
107273
107324
107423
107584
107603
107661
107751
107835
108040
108058
108105
108142
108189
108242
108427
108469
108663
108749
108782
108829
109043
109065
109168
109382
109523
109545
109625
109970
110147
110230
110272
110373
110430
110614
110697
110720
110757
110798
110954
111057
111224
111321
111423
111493
111551
111664
111686
111750
111908
112077
112119
112156
112170
112202
112284
112355
112439
112502
112552
112738
112788
113258
113340
113490
113587
113633
113721
113802
113847
113883
114008
114151
114204
114281
114400
114477
114521
114608
114880
114941
114991
115050
115181
115283
115429
115699
115766
115796
115880
116076
116092
116192
116268
116413
116459
116659
116824
116934
117204
117507
117735
117807
118041
118116
118161
118255
118432
118520
118745
118874
119127
119279
119383
119540
119726
119939
120405
120470
120506
120704
120726
120804
120848
120990
121150
121280
121361
121526
121618
121706
121803
121849
121895
121941
121976
122073
122118
122160
122261
122424
122487
122569
122853
122941
122986
123033
123090
123111
123180
123261
123291
123309
123466
123582
123639
123672
123716
123880
123899
123965
124041
124120
124215
124228
124307
124422
124463
124553
124579
124650
124781
125031
125048
125131
125457
125473
125724
125774
125844
125876
126059
126110
126290
126333
126366
126437
126509
126536
126781
126919
127014
127033
127112
127247
127295
127518
127528
127557
127631
127686
127825
127863
128151
128360
128396
128448
128547
128607
128704
128835
128871
128957
129167
129227
129448
129542
129570
130024
130092
130722
130806
130955
131001
131055
131130
131248
131308
131392
131600
131656
131695
131755
131799
131857
131887
132008
132060
132167
132352
132397
132452
132671
132722
132825
132981
133097
133220
133374
133432
133477
133574
133685
133754
133798
133903
133950
134046
134099
134237
134353
134448
134597
134632
134851
135171
135333
135367
135586
135706
135781
135908
135977
136077
136147
136195
136286
136336
136377
136789
136922
136995
137042
137110
137313
137637
137743
137797
137945
138141
138199
138257
138473
138590
138830
138950
139004
139069
139204
139236
139419
139520
139588
139634
139720
139735
139877
140056
140087
140148
140187
140222
140283
140506
140607
140631
140695
140901
140949
141029
141098
141145
141190
141217
141335
141406
141430
141483
141507
141615
141866
142143
142239
142312
142339
142682
142721
142764
142923
143008
143118
143168
143233
143303
143397
143516
143796
143854
143892
143956
144103
144224
144282
144617
144640
144707
144737
144786
144813
144934
144986
145095
145113
145207
145237
145415
145519
145592
145885
146033
146069
146142
146211
146290
146309
146374
146412
146466
146786
146888
146951
147055
147215
147281
147415
147490
147595
147692
147774
147973
148033
148131
148153
148167
148232
148427
148464
148501
148640
148683
148724
148851
149025
149096
149138
149210
149272
149315
149400
149774
149802
149928
150037
150121
150166
150249
150271
150285
150401
150546
150559
150614
150651
150780
150825
150943
151127
151220
151246
151427
151638
151925
152101
152117
152540
152970
153097
153177
153224
153411
153628
153740
153838
153860
153895
153963
154388
154447
154483
154509
154633
154660
154742
154918
155029
155160
155223
155275
155373
155461
155490
155645
155876
156000
156040
156177
156274
156388
156495
156599
156657
156713
156745
156876
157069
157196
157330
157501
157593
157631
157720
157749
157825
157899
157982
158023
158074
158092
158168
158220
158300
158478
158634
158678
158766
158867
158919
159302
159372
159560
159746
160037
160165
160270
160304
160395
160679
160934
161100
161147
161299
161317
161382
161410
161484
161514
161569
161607
161786
161880
161914
161947
161982
162036
162264
162319
162354
162524
162703
162754
162788
162846
162964
163153
163233
163254
163293
163481
163594
163674
163868
163909
164087
164252
164297
164371
164556
164633
164647
164706
164810
164913
164963
165148
165289
165364
165495
165556
165594
165635
165726
165776
165990
166114
166185
166245
166365
166507
166553
166670
166777
166887
167187
167437
167645
167752
167856
167985
168432
168546
168576
168672
168766
168961
169000
169116
169153
169430
169510
169875
169910
169956
170033
170093
170105
170312
170337
170438
170471
170638
170692
170760
170862
171289
171368
171409
171438
171481
171614
171809
171875
171981
172201
172573
172855
172890
173122
173250
173411
173487
173561
173618
173697
173785
173846
174025
174062
174113
174183
174265
174692
174742
175078
175456
175470
175517
175583
175772
175815
175901
175967
176050
176199
176280
176357
176406
176528
176797
176815
176939
177273
177406
177417
177519
177531
177680
177703
177872
178041
178090
178344
178417
178764
178898
179549
179596
179722
179796
180287
180343
180449
180463
180537
180687
180771
180823
180904
181000
181030
181121
181158
181510
181599
181649
181797
182161
182423
182577
182664
182740
182849
182936
182985
183155
183343
183394
183693
184095
184137
184196
184589
184631
184776
185062
185203
185244
185422
185442
185486
185569
185608
186133
186211
186354
186368
186720
186732
186790
186803
187032
187110
187442
187534
187603
187644
187866
188113
188205
188245
188344
188770
189004
189090
189290
189352
189475
189532
189869
189953
190265
190400
190429
190645
190684
191284
191363
191587
191848
191922
192023
192056
192163
192318
192354
192447
192459
192567
192617
192702
193039
193199
193279
193351
193464
193664
193752
193791
194017
194077
194148
194263
194344
194619
194751
194808
194873
194954
194988
195024
195154
195351
195382
195457
195531
195674
195862
195892
196242
196300
196364
196451
196480
196748
196939
197167
197387
197553
197670
197696
197767
197780
198066
198269
198370
198628
198668
199081
199114
199229
199367
199432
199540
199780
199865
199970
200022
200288
200757
200926
200968
201019
201313
201363
201419
201457
201530
201608
201705
202059
202158
202246
202348
202380
202922
202969
203078
203139
203182
203238
203321
203516
203586
203695
203758
203948
204001
204368
204449
204496
204560
204812
205023
205146
205427
205538
205606
205879
206123
206209
206249
206357
206400
206515
206572
206629
206709
206737
206985
207096
207161
207225
207330
207462
207750
207803
207830
207946
208257
208341
208448
208477
208506
208715
208753
208918
208967
209149
209215
209262
209429
209547
209602
209717
209769
209814
209988
210182
210353
210448
210534
210657
210912
210926
211056
211169
211233
211308
211882
212107
212182
212232
212267
212432
212480
212559
212578
212632
212699
212768
212839
212928
213021
213143
213408
213484
213917
214045
214170
214400
214606
214994
215017
215583
215837
215881
216088
216226
216302
216500
216550
216681
216778
216907
216983
217057
217126
217187
217279
217335
217390
217750
217803
217837
217903
218112
218180
218566
218578
218713
218804
218855
218947
219024
219160
219345
219490
219568
219681
219769
219858
219963
219992
220081
220162
220329
220409
220443
220677
220724
220756
220844
220976
221041
221127
221182
221250
221337
221582
221612
221663
222035
222171
222233
222292
222582
222693
222893
223184
223280
223725
223774
224119
224298
224481
224519
224571
224759
224842
224877
224942
225108
225259
225326
225555
225608
225670
225750
225795
225863
225931
226179
226482
226557
226608
226658
226715
226888
226961
227130
227220
227284
227344
227390
227453
227530
227555
227609
227776
228113
228160
228561
228599
228837
228875
228974
229011
229030
229080
229182
229255
229836
229919
229988
230056
230191
230383
230562
230687
230770
230870
230965
230982
231233
231271
231403
231413
231500
231818
231860
231895
231959
232189
232314
232417
232748
232810
232877
233339
233621
233711
233797
233868
234056
234106
234199
234294
234339
234472
234518
234577
234685
234727
234891
234916
234933
235125
235240
235386
235447
235519
235564
235770
235811
235853
235901
235984
236514
236611
236624
236786
236824
236912
237023
237073
237523
237724
237806
237847
237905
237956
238281
238343
238454
238624
238689
238741
238851
238887
238951
239078
239143
239210
239232
239257
239567
239641
239736
239841
240228
240306
240695
240755
240828
240913
241062
241626
241759
241808
241863
242019
242127
242190
242239
242311
242369
242729
242919
242941
243181
243356
243380
243479
243842
243937
244019
244100
244137
244174
244274
244295
244753
244843
244901
245263
245360
245769
245820
245909
246225
246422
246451
246504
246528
246735
246798
246929
247138
247188
247212
247306
247339
247396
247445
247462
247535
247648
247683
247899
248094
248229
248289
248421
248542
248601
248633
248941
249080
249211
249354
249561
249596
249837
249850
249938
250045
250102
250210
250528
250708
250783
250963
251041
251088
251331
251363
251432
251544
251633
251665
251734
251862
251939
252332
252402
252452
252642
252709
252948
253223
253517
253583
253839
254005
254205
254713
254740
254818
254911
254987
255027
255119
255224
255270
255350
255387
255526
255566
255627
255850
255897
256016
256376
256451
256535
256814
256915
256978
257011
257045
257118
257153
257355
257409
257464
257482
257501
257562
257627
257776
257878
257955
258077
258157
258231
258469
258591
258851
258878
258922
259092
259139
259190
259301
259368
259387
259460
259483
259581
259618
259717
259784
259868
259928
259986
260501
260611
260738
260839
261031
261280
261357
261379
261539
261705
261736
261815
261877
262067
262151
262238
262875
263079
263163
263378
263420
263431
263658
263725
264077
264202
264282
264420
264534
264570
264687
264753
264913
265036
265094
265311
265379
265635
265855
265901
266108
266271
266366
266468
266595
266686
267155
267200
267235
267542
267781
268344
268398
268511
268621
268767
268780
268975
269077
269091
269152
269227
269330
269511
269658
269730
269844
269884
270050
270069
270203
270256
270339
270353
270558
270641
270761
270803
270849
270904
271020
271074
271193
271290
271672
271776
271789
271933
271984
272055
272106
272157
272447
272544
272584
272649
272859
272922
272964
273012
273072
273103
273242
273325
273353
273451
273566
273659
273719
273775
273917
274240
274311
274476
274534
274588
275040
275102
275258
275399
275696
275887
276216
276346
276404
276430
276528
276617
276640
276710
276800
276860
276929
276969
277030
277186
277231
277308
277486
277561
277647
277693
277727
277793
277881
277922
277962
277986
278043
278078
278128
278146
278470
278485
278593
278707
278888
278968
279039
279101
279297
279367
279419
279465
279500
279814
280035
280167
280205
280367
280459
280562
280615
280681
280749
280977
281018
281098
281252
281383
281453
281689
281730
281827
281953
282030
282055
282163
282188
282297
282401
282528
282614
282789
282909
283044
283077
283160
283718
283758
283823
284160
284173
284273
284359
284461
284501
284595
284633
284923
284978
285053
285255
285350
285364
285474
285539
285770
285889
286045
286124
286190
286233
286410
286498
286569
286584
286746
286802
286889
286901
287032
287084
287139
287210
287229
287243
287300
287334
287443
287586
287972
288039
288357
288486
288599
288641
288705
288791
288936
289019
289299
289348
289444
289562
289677
289882
290006
290180
290227
290253
290449
290496
290550
290638
290698
290780
290836
290952
290971
291077
291118
291197
291291
291534
291579
291626
291665
291727
291775
291810
291899
291953
292067
292154
292586
292738
292781
292852
292997
293109
293256
293278
293321
293396
293624
293683
293839
294157
294213
294400
294471
294707
294763
294801
294886
295015
295077
295427
295491
295572
295734
295775
296077
296125
296213
296261
296341
296424
296812
296927
296987
297014
297060
297095
297122
297168
297457
297729
297779
297869
297980
298076
298200
298271
298362
298473
298534
298600
298775
299042
299147
299214
299238
299481
299551
299579
299619
299819
299997
300240
300802
300857
300896
300960
301106
301225
301322
301352
301400
301565
301731
301808
301951
302153
302262
302303
302427
302543
302620
303165
303490
303608
303737
303769
303908
304072
304123
304402
304601
304735
304808
304821
305444
305528
305787
305811
305979
306006
306047
306149
306297
306381
306465
306532
306722
306819
307071
307149
307608
307653
308303
308699
308770
308859
309169
309271
309328
309421
309506
309596
310007
310053
310170
310242
310436
310534
310627
310679
310776
311001
311069
311332
311447
311570
311660
311737
311805
311911
311978
312170
312237
312468
312512
312548
312747
312843
312879
312976
313060
313108
313171
313314
313460
313509
313562
313661
313810
314030
314160
314224
314348
314470
314653
314686
314721
314768
314986
315045
315127
315375
315655
315739
315858
315967
316060
316344
316467
316550
316660
316724
316957
317220
317276
317368
317640
317673
317736
318124
318429
318497
318890
318945
319194
319253
319406
319474
319490
319625
319805
319961
319995
320196
320230
320511
320568
320637
320675
321013
321074
321321
321361
321855
321943
322234
322574
322727
322978
323202
323315
323450
323518
323613
323702
323800
323853
323876
324304
324450
324494
324712
324909
324923
325161
325222
325265
325326
325425
325712
325855
325910
326117
326332
326599
326688
326745
326784
326854
327314
327330
327448
327561
327594
327765
327835
327859
327980
328043
328288
328340
328457
328692
328853
329086
329203
329403
329459
329725
330019
330269
330361
330420
330487
330570
330650
330736
330828
330915
330993
331095
331140
331176
331237
331357
331475
331616
331724
332228
332240
332374
332645
332759
332896
332996
333312
333555
333762
333810
333872
334216
334303
334389
334409
334660
334672
334748
335026
335036
335070
335116
335274
335319
335419
335462
335642
335809
336374
336536
336566
336611
336626
336791
336807
336831
337146
337455
337638
337668
337712
337849
338078
338115
338335
338394
338487
338547
338623
338874
338888
338980
339075
339122
339371
339476
339579
339624
339852
340018
340132
340262
340426
340506
340522
340553
340599
340693
340777
340830
341575
341763
341812
341852
341912
341991
342020
342128
342303
342371
342452
342506
342705
342795
342883
343171
343198
343306
343420
343575
343740
343828
343884
343956
344061
344129
344165
344707
344794
344823
344890
345152
345255
345389
345486
345775
346077
346127
346241
346263
346382
346483
346556
346746
346890
346908
347078
347103
347295
347428
347547
347608
347750
348002
348053
348101
348495
348523
348594
348638
348736
348980
349110
349155
349386
349463
349526
349884
349942
350083
350252
350300
350373
350505
350539
350651
350722
350759
350919
351171
351277
351370
351435
351530
351634
351698
352144
352208
352408
352554
352609
352761
352823
352874
352915
353098
353486
353804
353847
354016
354137
354212
354242
354494
354549
354610
354754
354898
354955
355090
355106
355263
355336
355471
355526
355890
356047
356244
356387
356515
356686
356712
356773
356892
356929
356967
357054
357179
357354
357467
357678
357782
357946
358052
358134
358557
358605
358680
358908
359198
359453
359970
360031
360088
360175
360568
360652
360846
360875
361028
361144
361260
361340
361357
361559
361648
361728
361790
361931
362033
362184
362305
362345
362410
362464
362601
362648
362787
362830
362851
362887
362995
363371
363443
363523
363702
363827
364192
364274
364321
364419
364590
364708
364875
365168
365222
365291
365682
365769
365806
365868
365951
366018
366135
366223
366291
366309
366336
366435
366573
366666
366709
366822
366902
367053
367714
367829
367840
368000
368082
368253
368617
368936
369015
369086
369165
369262
369324
369468
369611
369668
369725
369754
370012
370103
370151
370186
370312
370481
370530
370816
370992
371032
371295
371398
371583
371728
371756
371831
371873
371943
372055
372171
372181
372353
372631
372812
373266
373310
373751
373826
373946
374142
374158
374367
374527
374617
374634
374731
374845
374961
375199
375289
375344
375687
375730
375899
375948
376048
376089
376186
376397
376434
376627
377170
377218
377450
377594
377760
377816
377894
377985
378045
378058
378181
378454
378721
378743
378868
378929
378988
379010
379065
379168
379309
379422
379498
379521
379614
379660
379980
380157
380461
380729
380795
380827
380939
381021
381074
381662
381769
381819
382153
382269
382326
382389
382567
382603
382709
382724
382741
382990
383113
383266
383310
383379
383448
383539
383577
383618
383657
383789
383847
383972
384068
384116
384225
384416
384503
384531
384869
385213
385467
385513
385940
385976
386108
386444
386509
386588
386734
387254
387388
387566
387652
387845
387968
388137
388202
388267
388429
388526
388717
388897
388995
389089
389254
389272
389333
389387
389436
389654
389710
389777
389809
390170
390243
390340
390730
390825
390911
391053
391083
391337
391368
391497
391563
391588
391825
391876
392293
392477
392918
393034
393061
393408
393491
393788
393950
394187
394207
394334
394631
394942
395427
395544
395715
395943
396045
396179
396282
396415
396607
396663
396690
396820
396908
397022
397218
397267
397553
397644
397826
397914
398093
398125
398557
398632
398830
399012
399037
399170
399327
399386
399540
399627
399877
400157
400193
400354
400398
400453
400520
400619
400689
400985
401110
401312
401411
401508
401591
401687
401807
401912
402022
402150
402181
402311
402380
402467
402675
402702
402925
403249
403346
403674
404149
404210
404347
404434
404585
405226
405304
405510
405589
405785
405834
405909
405999
406098
406281
406416
406543
406597
406625
406684
406761
406832
406954
406994
407112
407321
407402
407482
407649
407709
407747
407863
407898
408020
408102
408184
408306
408388
408465
409007
409312
409363
409382
409479
409599
409966
410016
410080
410161
410283
410311
410558
410582
410801
410918
410944
411017
411057
411134
411193
411226
411347
411579
411896
411910
412028
412140
412510
412706
412839
412907
412979
413011
413086
413263
413343
413465
413536
413729
413763
413806
413868
413996
414041
414135
414214
414258
414302
414425
414510
414628
414755
414920
414965
415114
415176
415357
415590
415603
415782
416009
416205
416216
416599
416634
416690
416712
416817
416901
417170
417233
417273
417431
417461
417525
417599
417764
417815
417935
417962
418230
418402
418439
418459
418587
418702
418721
418780
418878
419055
419147
419447
419494
419568
419661
419728
419761
419948
420002
420137
420317
420411
420423
420589
420768
420782
420947
421080
421123
421422
421498
421614
421641
421801
421814
422066
422214
422403
422452
422552
422773
422957
423064
423109
423145
423191
423293
423364
423483
423691
423745
423844
423989
424346
424404
424463
424560
424818
424881
425149
425173
425642
425929
426000
426475
426567
426672
426808
426840
426924
426939
427140
427472
427540
427589
427712
427901
428080
428523
428536
429144
429193
429276
429368
429437
429668
429702
430025
430256
430289
430545
430634
431014
431125
431147
431182
431210
431404
431426
431546
431632
431701
431736
431798
431868
432057
432150
432216
432417
432594
432729
432991
433186
433396
433439
433506
433607
433665
433743
433784
433800
433854
433977
434142
434154
434293
434375
434422
434475
434771
434887
434972
435242
435309
435381
435570
435608
435629
435718
435810
435916
436084
436145
436185
436237
436266
436335
436510
436522
436978
437193
437352
437420
437760
437785
437892
438056
438180
438278
438322
438491
438525
438626
438755
439118
439146
439217
439551
439676
439740
439964
440298
440356
440421
440495
440635
440836
440861
440895
441009
441135
441178
441426
441558
441649
441700
441843
442371
442420
442653
442714
442772
442865
442951
443073
443544
443968
444156
444320
444428
444497
444582
444640
444723
444795
444828
444841
445173
445246
445449
445482
445514
445731
445777
445997
446043
446281
446352
446452
446506
446824
447039
447130
447150
447225
447338
447405
447501
447561
447766
447777
448123
448224
448331
448537
448600
448753
448953
449087
449186
449263
449583
449660
449777
449891
450249
450325
450514
450636
450779
450904
450984
451062
451246
451261
451354
451404
451500
451570
451620
451736
451823
451887
451926
452058
452077
452144
452217
452337
452386
452486
452576
452741
452822
452845
452927
453022
453054
453103
453290
453688
453863
453953
454075
454319
454514
454608
454694
454768
454866
454884
455004
455040
455081
455154
455278
455681
456110
456184
456316
456359
457192
457387
457485
457539
457969
458040
458073
458325
458349
458421
458491
458747
458944
458977
459083
459129
459189
459218
459362
459429
459600
459633
459900
459961
460032
460172
460288
460489
460521
460596
460671
460758
460841
461031
461181
461544
461648
461753
461839
461912
461970
462136
462214
462338
462497
462651
462753
462821
463094
463376
463504
463581
463640
463751
463817
463935
463985
464273
464383
464427
464508
464578
464590
464886
465191
465225
465296
465418
465747
465811
465874
465966
466071
466142
466217
466663
466755
466825
466870
466953
467005
467058
467176
467252
467408
467524
467683
467833
467904
467957
468007
468272
468392
468614
468852
469004
469253
469345
469436
469548
469570
469614
469815
469883
469906
470018
470080
470305
470360
471105
471207
471287
471413
471640
471942
472212
472258
472786
472826
472854
472904
473075
473086
473187
473293
473325
473380
473556
473697
473858
474163
474391
474523
474590
474960
475248
475284
475406
475519
475953
476027
476178
476288
476634
476810
476946
477158
477197
477240
477271
477337
477415
477502
477603
477637
477916
477978
478234
478302
478328
478424
478473
478655
478698
478719
478833
478966
478987
479093
479105
479180
479211
479320
479469
479489
479538
479904
479976
480110
480156
480227
480383
480457
480520
480684
480899
480968
481006
481207
481661
481731
481807
482052
482135
482152
482173
482237
482298
482397
482475
482842
482892
482933
482955
483044
483066
483184
483263
483317
483346
483435
483514
483742
483759
483812
484148
484308
484530
484748
484850
485441
485519
485607
486060
486157
486430
486502
486546
486857
486977
487067
487265
487327
487418
487466
487926
487955
488019
488074
488118
488289
488322
488342
488478
488580
488858
488961
488990
489107
489144
489401
489599
489626
489761
489888
489978
490266
490335
490504
490634
490718
490901
491038
491127
491292
491400
491484
491577
491647
491840
492761
492873
493067
493331
493373
493412
493519
493643
493687
493705
493803
493920
493947
494010
494254
494309
494348
494548
494851
494944
495243
495275
495337
495442
495459
495546
495613
495779
496169
496480
496516
496658
496728
496812
496889
497137
497185
497260
497360
497587
497842
497867
497948
498006
498197
498253
498310
498475
498647
498794
498824
498895
499030
499129
499164
499233
499336
499437
499499
499663
499740
499869
499919
500016
500042
500559
500720
500794
500818
501039
501113
501148
501266
501633
501703
501998
502088
502213
502270
502559
502720
502855
502971
503397
503424
503498
503631
503724
503781
503820
503904
503957
504183
504298
504346
505181
505834
505952
506108
506184
506722
506734
506799
506816
507047
507259
507389
507486
507574
507864
507896
508031
508107
508144
508258
508316
508376
508407
508523
508619
508908
508990
509150
509188
509268
509287
509337
509745
509811
509840
509904
509944
510219
510292
510316
510373
510516
510603
510676
510703
510746
511056
511084
511109
511202
511250
511307
511346
511618
511642
511716
511750
511784
511884
511932
512096
512185
512350
512409
512694
512763
512859
512997
513074
513192
513321
513339
513360
513484
513575
513628
513738
513842
513942
513988
514024
514099
514137
514186
514219
514240
514550
514640
514665
514973
515310
515367
515526
515610
515742
515940
515991
516061
516105
516134
516209
516386
516484
516654
516705
516970
517000
517130
517189
517227
517403
517667
517687
517844
517897
517949
518061
518120
518168
518291
518521
518541
518613
518790
518922
518999
519058
519110
519230
519385
519465
519587
519703
519823
519987
520069
520220
520359
520491
520509
520596
520673
520723
520955
520970
521115
521175
521321
521381
521474
521500
521589
521615
521698
521718
521800
521840
521951
522272
522441
522646
522808
523023
523144
523243
523318
523367
523399
523486
523881
523978
524388
524415
524501
524740
524828
525068
525116
525147
525223
525299
525631
525781
525897
526018
526051
526255
526585
526613
526779
526895
526976
527166
527274
527701
527791
528285
528362
528600
528986
529271
529320
529487
529677
530041
530053
530227
530262
530403
530448
530549
531057
531322
531365
531379
532071
532112
532190
532327
532668
532687
532736
532813
532958
533078
533130
533241
533342
533453
533549
533882
533976
534049
534074
534135
534174
534245
534273
534453
534649
534854
535069
535122
535257
535343
535360
535488
535708
535737
535858
535938
536040
536100
536144
536228
536372
536506
536586
536722
536828
537113
537291
537357
537405
537448
537502
537655
537780
537860
537883
538093
538225
538264
538528
538598
538647
538693
538920
538938
538984
539019
539295
539367
539548
539579
539766
539954
540066
540372
540506
540713
540965
541069
541123
541496
541573
541617
541776
541825
541936
541956
542108
542492
542561
542821
543009
543055
543174
543457
543506
543609
543839
544058
544235
544379
544399
544500
544558
544829
544983
545065
545566
545601
545684
545775
546053
546064
546217
546442
546483
546565
546671
546712
546733
546776
546846
546951
547040
547218
547264
547493
547681
547717
547797
547827
548047
548171
548272
548831
548908
549635
549823
549882
549971
550205
550309
550401
550533
550853
550952
550987
551046
551487
551592
551630
551686
551818
551939
552037
552297
552337
552423
552438
552487
552537
552591
552640
552674
552933
553313
553390
553465
553503
553681
553764
554240
554643
554738
554949
555045
555180
555233
555268
555879
555975
556331
556381
556483
556587
557034
557111
557232
557318
557393
557413
557681
557801
557932
558099
558320
558368
558567
558593
558718
558809
558935
558963
559093
559330
559413
559447
559503
559562
559631
559727
559755
559814
559904
559993
560033
560115
560366
560414
560790
560925
561017
561158
561299
561532
561647
561657
561735
561841
561889
562146
562220
562244
562340
562484
562596
562658
562735
562799
562811
562922
563209
563474
563531
563622
563698
563828
563923
563942
564117
564235
564382
564418
564678
564975
565289
565316
565375
565472
565535
565663
565713
565819
565994
566330
566397
566721
566787
566958
567027
567082
567186
567305
567622
567686
567822
567895
568009
568111
568274
568340
568369
568488
568565
569094
569108
569183
569596
569624
569795
570232
570681
571230
571316
571635
571789
571843
571894
571960
572072
572248
572359
572661
572845
573058
573141
573579
573687
573730
573894
574035
574166
574216
574337
574476
574592
574687
574920
574965
575081
575166
575268
575428
575586
575641
575754
576028
576114
576146
576329
576571
576732
576808
577052
577202
577380
577457
578085
578309
578576
578656
578824
578928
579018
579116
579159
579410
579586
579662
579775
579826
579861
579955
580046
580183
580218
580482
580545
580599
580755
580828
580874
581013
581287
581387
581804
581890
581927
581990
582006
582127
582153
582439
582451
582656
582793
582860
583457
583512
583816
584002
584049
584102
584395
584541
584684
584774
584859
585158
585230
585321
585438
585745
585787
585873
585936
586117
586146
586188
586241
586263
586322
586337
586347
586638
586681
586750
586773
586870
586972
587204
587219
587413
587485
587525
587573
587756
588050
588098
588148
588202
588291
588368
588633
588771
588850
589098
589177
589403
589452
589514
589600
589639
589752
589800
589871
589978
590172
590218
590386
590438
590540
590554
590701
590880
591084
591109
591160
591285
591354
591484
591522
591602
591719
591827
591863
591956
592151
592287
592384
592500
592589
592704
592921
593026
593110
593378
593446
593595
593677
593767
593972
594098
594191
594384
594417
594558
594579
594800
594837
594917
594954
595005
595119
595453
595508
595675
595796
595862
595991
596041
596199
596243
596390
596442
596473
596952
596999
597545
597610
597721
597887
598224
598322
598556
598836
598969
599210
599334
599525
599632
599909
600019
600160
600305
600411
600578
600658
600713
600800
600814
600946
601066
601144
601290
601404
601447
601573
601803
601887
601973
602019
602260
602416
602467
602531
602646
602731
602880
603284
603351
603434
603523
603939
603990
604116
604175
604227
604251
604300
604580
604659
604699
604741
604774
604863
604953
605010
605110
605167
605215
605271
605354
605438
605521
605635
606046
606184
606260
606323
606431
606620
606757
607159
607763
608011
608067
608093
608201
608327
608527
608542
608699
608931
609035
609134
609230
609353
609486
610064
610266
610522
610636
610710
610808
610858
610907
611130
611226
611260
611339
611429
611459
611515
611620
611886
611925
612051
612089
612132
612177
612215
612464
612486
612645
612767
612839
613113
613143
613236
613606
613658
613760
613909
613939
613991
614098
614146
614312
614455
614502
614695
614712
614811
614863
614985
615038
615095
615159
615174
615371
615515
615582
615689
615852
616031
616216
616453
616479
616723
617031
617179
617611
617841
618057
618119
618178
618240
618336
618946
619124
619266
619335
619489
619572
619684
620262
620324
620580
620691
620829
620971
621177
621214
621241
621384
621496
621548
621642
621717
621967
622043
622133
622190
622230
622303
622665
622843
622893
622952
622984
623102
623239
623505
623671
624224
624354
624374
624708
624784
625479
625661
625687
625743
625774
625852
626027
626095
626307
626389
626531
626572
626740
626774
626825
626914
627124
627180
627679
627888
628029
628158
628386
628418
628514
628664
628912
629014
629151
629219
629278
629392
629418
629481
629646
629681
629767
629968
630196
630303
630337
630453
630463
630600
630747
630804
630855
630913
630955
631019
631382
631524
631552
631898
631936
632394
632467
632780
632802
632896
633247
633298
633508
633543
633634
633749
633829
633861
633889
634068
634112
634434
634595
634666
634762
634794
634911
634945
635018
635165
635231
635323
635461
635753
635925
635959
636073
636161
636253
636359
636485
636653
636705
636907
636951
637034
637302
637370
637627
637876
637935
637957
638066
638140
638406
638483
638533
638624
638925
639016
639029
639106
639166
639240
639303
639365
639518
639635
639720
639755
639769
640003
640093
640202
640251
640338
640385
640585
640603
640628
640694
640730
640895
640951
641252
641358
641430
641656
641734
642163
642274
642373
642385
642486
642515
642598
642686
642824
643045
643336
643350
643511
643643
643675
643742
643799
644042
644100
644210
644286
644396
644434
644616
644655
644836
644967
645226
645378
645873
646026
646174
646273
646492
646566
646701
646780
647285
647338
647387
647709
647720
648073
648187
648463
648563
648946
649036
649280
649389
649399
649799
649985
650252
650339
650515
650674
650810
651031
651073
651141
651176
651380
651417
651462
651740
652219
652313
652325
652501
652645
652750
652844
652881
652934
652976
653471
653546
653583
653678
653752
653861
653914
654068
654334
654414
654425
654677
655011
655130
655163
655549
655727
655911
655933
656192
656234
656431
656673
656904
657174
657203
657288
657429
657503
658257
658278
658373
658650
658693
658803
658980
659026
659090
659216
659332
659444
659633
659824
659957
660050
660077
660155
660328
660463
660543
660655
660762
661144
661288
661529
661729
661999
662216
662249
662444
662578
662613
662782
662835
662937
662975
663021
663089
663333
663431
663453
663551
663602
663684
663948
664043
664180
664206
664532
664563
665334
665407
665428
665699
665733
665831
665845
665913
665982
666083
666124
666158
666435
666564
666589
666886
666974
667197
667293
667544
667982
668205
668286
668616
668694
668764
669007
669187
669423
669535
669725
669746
670074
670125
670182
670209
670352
670385
670445
670580
670661
670713
670859
671017
671076
671638
671701
671783
671851
671988
672113
672365
672497
672521
672612
672633
672795
672962
673000
673057
673113
673204
673244
673283
673585
673633
673677
673783
673850
673896
673940
674057
674083
674216
674283
674512
674624
674671
674764
674793
674926
675029
675122
675298
675347
675387
675541
675594
675773
675846
675893
675987
676054
676160
676174
676466
676645
676934
676994
677139
677173
677484
677782
677950
678000
678088
678211
678268
678548
678585
678704
678746
678774
679035
679125
679334
679452
679592
679674
679710
679783
679905
679923
680018
680041
680411
681028
681137
681282
681435
681562
681678
681837
682000
682048
682150
682197
682351
682382
682516
682728
682883
683142
683252
683343
683480
683545
683613
683696
683811
683952
684234
684293
684403
684417
684509
684813
684877
685199
685440
685504
685884
685929
686011
686023
686119
686269
686320
686537
686821
686916
686942
687140
687239
687497
687561
687674
687788
687861
688061
688273
688368
688410
688622
688717
688753
688864
688925
689182
689293
689358
689413
689525
689610
689789
689824
689901
690314
690363
690624
690641
690730
691166
691280
691470
691606
691649
691769
691810
692071
692111
692310
692426
692581
692625
692919
692974
693036
693125
693343
693460
693547
693598
694275
694389
694563
694823
695094
695260
695285
695382
695790
695876
695979
696057
696156
696522
696604
696718
696823
696878
697062
697089
697210
697264
697359
697410
697461
697486
697668
697758
697874
697967
698008
698052
698156
698209
698300
698469
698526
698579
698768
698878
698908
698984
699233
699442
699603
699650
699753
699896
700152
700241
700263
700385
700407
700742
700783
700907
700974
701024
701070
701110
701181
701209
701456
701605
701675
701840
702039
702078
702168
702194
702223
702520
702606
702639
702730
702809
702985
703050
703168
703287
703357
703425
703472
703537
703916
704021
704138
704389
704519
704610
704663
704723
704830
704902
704983
705129
705224
705591
705800
705893
706056
706088
706163
706247
706526
706684
706750
707040
707175
707271
707306
707364
707385
707509
707521
707985
708015
708063
708121
708151
708238
708248
708345
708437
708601
708640
708699
708887
708916
709208
709437
709601
709721
710108
710160
710280
710367
710440
710554
710755
710881
710892
711386
711420
711467
711560
711643
711707
711812
711937
711978
712015
712057
712273
712394
712452
712594
712723
712835
712895
713063
713192
713222
713276
713403
713879
714039
714175
714311
714343
714413
714577
714605
714729
714779
714812
714925
714992
715221
715451
715685
715748
715989
716063
716185
716364
716599
716662
716796
716956
717039
717173
717205
717323
717654
717805
717847
717891
718036
718219
718250
718367
718435
718464
718551
718803
718853
719080
719172
719228
719618
719642
719856
720133
720179
720315
720948
721220
721245
721520
721581
721673
721725
722100
722243
722288
722375
722542
722593
722688
722796
722827
722960
723078
723106
723293
723449
723572
723773
723828
723945
724011
724149
724219
724262
724379
724506
724560
724678
724847
724991
725044
725161
725475
725561
725665
725770
725810
725928
725974
726044
726140
726212
726285
726335
726402
726415
726440
726556
727024
727351
727435
727760
727802
727940
728015
728223
728440
728470
728635
728926
729005
729023
729122
729297
729345
729432
729464
729710
729905
730009
730130
730313
730408
730482
730577
730824
730895
730934
731039
731089
731149
731214
731299
731507
731880
731994
732075
732181
732772
732997
733071
733125
733299
733402
733504
733685
733735
733900
734017
734044
734122
734181
734257
734334
734639
734731
734813
735013
735030
735131
735198
735267
735319
735469
735491
735585
735643
735763
735831
735956
736003
736115
736179
736402
736441
736898
736998
737562
737589
737684
737751
737851
737929
738038
738070
738489
738500
738643
738735
739306
739371
739419
739632
739692
739783
739952
740044
740075
740152
740232
740307
740378
740435
740837
740921
741205
741394
741432
741508
741568
741842
741938
742060
742280
742710
742803
742889
742948
743006
743077
743148
743259
743316
743506
743541
743679
743728
744121
744134
744271
744373
744499
744550
744616
744666
744752
744823
745057
745439
745547
745704
745907
746032
746087
746219
746427
746574
746619
746977
747020
747156
747251
747303
747456
747510
747573
747633
747699
747760
747790
747902
747984
748227
748297
748521
748798
748881
749187
749405
749511
749655
750126
750277
750384
750403
750486
750528
750627
750735
751138
751188
751280
751466
751661
751766
751788
752176
752531
752593
752640
752822
752866
752916
752965
753242
753374
753645
753799
753850
753992
754100
754244
754329
754367
754747
755057
755138
755264
755477
755568
755676
755848
755900
756096
756528
756692
756790
756850
757070
757118
757235
757378
757528
757639
757702
757714
757870
757925
758348
758422
758516
758568
758701
758941
758972
759118
759230
759413
759564
759666
759793
759927
760001
760040
760146
760200
760559
760666
760767
760978
761059
761157
761168
761260
761302
761364
761401
761449
761500
761542
761809
761834
761877
761963
762062
762093
762317
762370
762543
762598
762618
762701
762728
762782
762831
762890
762977
762993
763044
763063
763195
763223
763273
763311
763526
763623
763724
764064
764122
764239
764286
764337
764393
764466
764510
764588
764747
764785
764893
764944
765078
765152
765215
765299
765464
765494
765589
765640
765775
765848
765955
766040
766214
766270
766332
766380
766729
766882
766976
767299
767345
767405
767780
767810
767973
768106
768208
768237
768300
768717
768746
768853
768928
768973
769154
769201
769322
769359
769600
769742
769829
770459
770472
770597
770743
770851
770900
771462
771571
771618
771733
771783
771860
771979
772054
772082
772652
772883
772941
773034
773161
773369
773439
773576
773649
773971
774203
774222
774298
774378
774613
774672
774759
774815
774827
774917
774993
775195
775242
775354
775520
775610
775664
775708
775782
775947
776009
776197
776228
776280
776291
776332
776377
776447
776724
776749
776802
776922
777037
777088
777451
777769
777805
777858
777894
778078
778180
778402
778442
778630
778773
778877
778970
779024
779059
779177
779404
779576
779671
779715
780065
780091
780118
780205
780360
780393
780435
780482
780503
780605
780902
781170
781248
781342
781485
781539
781579
781697
781751
781948
782013
782228
782372
782436
782577
782680
782766
782884
783085
783125
783186
783198
783374
783591
783634
783657
783685
783771
783897
783996
784101
784239
784298
784352
784445
784584
784751
784942
785006
785393
785843
786288
786305
786368
786621
786739
786841
786968
786996
787104
787266
787344
787438
787841
787930
788065
788171
788277
788356
788446
788765
788857
788920
789001
789232
789526
789791
789882
790115
790211
790550
790890
791122
791158
791191
791368
791641
791717
791787
792118
792220
792308
792645
792687
792792
792858
792871
793034
793182
793275
793495
793558
793578
793639
793674
793700
793742
793798
793841
793938
794075
794107
794210
794394
794543
794620
794843
794908
795017
795265
795345
795667
795829
796207
796288
796530
796556
796668
796727
796897
796912
796988
797061
797185
797245
797350
797414
797462
797582
797861
797894
797950
797995
798157
798432
798485
798576
798708
799327
799401
799420
799516
799790
800117
800220
800730
800793
801100
801181
801300
801427
801501
801619
801689
801828
802397
802606
802740
802941
803041
803112
803133
803307
803493
803522
803684
803712
803858
803926
804322
804431
804469
804560
804596
804718
804849
804916
805072
805229
805270
805346
805449
805718
805797
805923
806005
806182
806295
806537
806646
806912
807071
807168
807389
807537
807581
807876
808082
808111
808233
808341
808421
808577
808877
809319
809645
809759
809844
809868
809994
810109
810119
810328
810624
810812
810836
810973
811101
811179
811262
811383
811509
811571
811614
811662
811935
812018
812097
812195
812232
812281
812333
812520
812648
812662
812905
813246
813278
813354
813542
813595
813746
813849
814000
814238
814283
814322
814381
814664
814717
814793
814840
815164
815273
815305
815481
815535
815652
815736
815857
815936
816130
816195
816267
816367
816402
816438
816582
816910
817095
817164
817217
817301
817905
817944
818098
818202
818411
818692
818986
819188
819408
819495
819610
819647
819670
819859
820005
820367
820604
820717
821176
821191
821247
821501
821543
821713
821919
821961
822011
822066
822231
822295
822432
822461
822534
822549
822617
822698
822865
822927
823219
823659
823687
823935
824176
824243
824309
824561
824593
824721
824833
825128
825514
825575
825606
825832
825928
826101
826176
826222
826248
826446
826503
826634
826768
826793
827099
827140
827376
827679
827929
828004
828033
828087
828105
828290
828388
828477
828591
828810
828918
829031
829201
829471
829562
829629
829733
829902
829969
830083
830227
830307
830358
830375
830487
830544
830619
830688
830720
830776
830848
830859
831220
831249
831366
831402
831455
831487
831673
831753
831806
831817
832094
832181
832275
832323
832397
832438
832596
832737
832791
832924
833060
833099
833168
833413
833502
833529
833769
833899
833973
834055
834241
834539
834607
834820
834901
835169
835402
835491
835536
835585
835725
835994
836078
836130
836329
836491
836638
836667
836709
836734
836834
836943
837008
837126
837206
837328
837532
837773
837950
838031
838138
838175
838547
838901
838960
839110
839124
839211
839240
839337
839411
839755
840004
840071
840248
840344
840424
840546
840617
840670
840737
840913
840959
841107
841205
841251
841358
841466
841534
841638
841722
841790
842042
842424
842598
842616
842706
842931
842972
843092
843407
843605
843707
843748
844129
844190
844286
844313
844507
844540
844680
844715
844861
845033
845195
845284
845351
845487
845546
845680
845753
845828
846070
846233
846590
846666
846802
846846
846986
847367
847416
847473
847676
847851
847937
848043
848688
848729
848858
849018
849176
849272
849546
849742
849940
850111
850468
850548
850586
850696
850775
851026
851063
851288
851329
851426
851847
851970
852599
852622
852797
852923
853048
853165
853231
853268
853336
853489
853595
853672
853724
853811
853882
854008
854242
854406
854550
854583
854719
854777
854967
855141
855207
855257
855629
855906
855946
856070
856087
856147
856261
856501
856688
856774
856851
856900
856998
857222
857262
857322
857533
857606
857639
857704
857792
857834
857989
858010
858295
858344
858362
858688
859093
859236
859427
859515
859877
860043
860144
860757
860858
860901
860996
861077
861122
861300
861316
861398
861665
861703
861875
862025
862039
862121
862233
862318
862410
862489
862539
862616
862702
862800
862851
862877
862938
863106
863253
863297
863412
863522
863635
863683
863710
863814
863916
864339
864434
864683
864843
864903
864963
865026
865109
865315
865366
865735
865974
866087
866124
866187
866607
866638
867102
867142
867191
867237
867363
867434
868191
868211
868303
868313
868427
868612
868714
868860
868888
868951
869025
869394
869445
869504
869543
869583
869763
869806
869863
869896
869944
870119
870202
870615
870627
870697
870981
871062
871238
871351
871551
871629
871799
871895
872040
872113
872192
872235
872701
872719
872789
872892
873050
873348
873487
873596
873676
873710
873746
873835
873882
873928
873968
874033
874127
874257
874365
874477
874647
874727
874834
875056
875161
875226
875254
875373
875475
875530
875586
875912
876067
876108
876230
876303
876327
876507
876616
876656
876942
877041
877134
877158
877228
877439
877735
877775
877868
877946
878416
878466
878552
879071
879127
879222
879285
879395
879442
879592
879692
879852
879893
880226
880270
880301
880463
880550
880761
881145
881198
881248
881335
881483
881967
882026
882088
882161
882604
882722
882855
883142
883173
883428
883454
883511
883556
883577
883642
883678
883774
883824
883893
884253
884374
884579
884793
884804
884821
884938
885021
885139
885163
885352
885397
885779
885818
885896
885982
886008
886051
886138
886205
886240
886313
886350
886706
886895
887299
887387
887436
887530
887625
887844
887890
887993
888086
888364
888552
888745
888792
888824
889070
889158
889279
889324
889354
889517
889691
889768
890099
890115
890223
890476
890500
890884
890964
891275
891517
891838
892048
892212
892349
892587
892763
892907
892989
893452
893466
893584
893700
893904
893991
894121
894189
894273
894377
894502
894577
894685
894696
894855
894869
894966
895055
895262
895435
895840
895853
895998
896300
896631
896752
897106
897405
897813
898007
898051
898134
898374
898436
898597
898672
898753
898820
898972
898991
899241
899320
899390
899512
899537
899639
900063
900494
900614
900717
900801
900988
901107
901231
901275
901427
901513
901641
901652
901833
902063
902321
902491
902557
902721
902804
902877
903305
903388
903458
903606
903866
903915
904000
904194
904314
904378
904812
904871
905022
905060
905121
905225
905284
905437
905582
905621
905681
905742
905813
905968
906072
906219
906265
906359
906413
906713
906812
906986
907037
907091
907412
907491
907551
907741
907924
908014
908123
908200
908381
908467
908482
908672
908851
909093
909773
909903
909990
910095
910150
910495
910568
910640
910700
910979
911099
911159
911349
911359
911497
911559
911850
912155
912212
912252
912492
912559
912818
912903
912940
912998
913118
913249
913486
913557
913741
913790
913863
914044
914132
914200
914228
914329
914899
915276
915330
915467
915654
915702
915861
915953
916116
916181
916319
916340
916428
916504
916624
916719
916763
916800
916883
916932
916976
917060
917118
917232
917406
917476
917575
917627
917654
917741
917775
918035
918104
918188
918232
918287
918311
918433
918523
918548
918610
918736
918882
918986
919309
919365
919416
919495
919518
919620
919685
919966
919996
920519
920800
920977
921354
921494
921569
921711
922281
922311
922348
922409
922590
922796
922847
923075
923140
923253
923314
923663
923703
923773
924344
924433
924510
924602
924681
924737
924824
924834
925015
925131
925196
925264
925432
925468
925499
925541
925575
925617
925798
925809
925855
925910
925960
926014
926255
926382
926435
926477
926529
926642
926660
926711
926772
926802
926888
926991
927068
927093
927273
927502
927600
927646
927674
927769
927860
928006
928056
928290
928376
928420
928512
928552
928588
928798
928962
929052
929145
929316
929494
929595
929647
929678
929784
929799
929827
929872
929904
929989
930037
930137
930239
930258
930334
930374
930396
930529
930644
930766
930778
930854
930965
930980
931017
931367
931458
931502
931696
931760
931825
932025
932091
932158
932205
932273
932302
932365
932404
932501
932672
932736
932944
933006
933147
933200
933226
933340
933383
933494
933602
934043
934197
934286
934339
934358
934415
934451
934604
934692
934789
934804
934926
934966
935183
935225
935284
935322
935408
935578
935611
936045
936165
936351
936528
936539
936565
936595
936641
936808
937088
937401
937511
937579
937688
937712
937854
937958
938061
938137
938194
938227
938335
938419
938573
938600
938667
938705
938756
938797
938845
938909
939014
939169
939245
939387
939406
939559
939807
939850
939880
940036
940269
940355
940454
940568
940638
940912
940952
941154
941494
941621
941905
942071
942146
942323
942336
942388
942680
942809
942893
942973
942990
943237
943451
943517
943742
943918
943939
944066
944111
944319
944407
944624
944700
944721
944947
945120
945254
945354
945481
945560
945600
945703
945915
945945
946202
946274
946350
946464
946494
946976
947050
947198
947242
947392
947667
947716
947787
947944
947996
948065
948205
948329
948363
948466
948507
948547
948643
948660
948735
948890
948972
948994
949109
949693
949936
950018
950082
950116
950179
950254
950396
950597
950660
950714
950779
950855
950894
951080
951144
951218
951314
951389
951484
951535
951757
951823
952055
952105
952210
952276
952330
952421
952460
952768
952843
952946
953026
953115
953187
953260
953385
953416
953563
953607
953681
953786
953834
953985
954117
954167
954214
954332
954431
954563
954688
954869
954994
955139
955157
955334
955461
955765
955897
956682
956745
957017
957098
957673
957768
957886
958128
958326
958470
958513
958625
958662
958779
959073
959254
959295
959389
959471
959536
959645
959727
959779
959841
959903
960211
960501
960611
960925
960936
961151
961240
961291
961400
961441
961574
962117
962174
962260
962297
962451
962563
962591
962878
962972
963017
963028
963092
963182
963247
963311
963432
963494
963521
963660
964001
964206
964281
964394
964462
964544
964579
964843
964946
965027
965058
965178
965378
965441
965643
965704
965923
965971
966058
966105
966181
966259
966357
966386
966473
966543
966808
966905
966921
967029
967113
967187
967775
967826
967975
968421
968514
968720
968767
968882
968956
969127
969184
969241
969311
969399
969488
969505
969602
969666
970126
970179
970240
970267
970582
970853
970921
970934
971116
971172
971261
971295
971387
971451
971500
971680
971765
971939
972040
972171
972273
972372
972444
972814
973030
973734
973781
974049
974149
974211
974311
974326
974395
974423
974536
974903
975306
975430
975478
975524
975604
975710
975779
975827
975980
976029
976072
976175
976223
976267
976562
976603
976737
976971
977231
977485
977524
977764
977881
977907
977962
978031
978060
978101
978215
978270
978305
978381
978397
978466
978639
978678
979010
979081
979140
979306
979568
979593
979731
979809
979859
980088
980126
980317
980386
980442
980534
980585
980805
980850
980983
981057
981085
981131
981270
981327
981457
981545
981631
981680
981813
982044
982199
982216
982302
982340
982426
982478
982542
982594
982677
983327
983885
984342
984452
984719
984769
985079
985204
985579
985649
985702
985833
986047
986120
986142
986220
986417
986450
986572
986793
986826
986942
986967
987110
987150
987365
987466
987477
987648
987691
987834
987980
988082
988116
988517
988560
988653
988736
988880
988996
989215
989266
989307
989477
989594
989723
989842
989889
990072
990129
990168
990196
990283
990432
990542
990611
990767
990805
990955
991110
991174
991434
991531
991647
991778
991827
991863
991982
992031
992189
992251
992744
992843
993037
993105
993261
993316
993373
993528
993668
993945
993958
994016
994078
994111
994265
994423
994522
994604
994645
994662
994723
994842
994855
994881
994939
995022
995065
995160
995226
995466
995483
995678
995718
995878
996197
996260
996362
996415
996456
996541
996672
996761
996821
997341
997406
997472
997713
997805
997878
998022
998281
998328
998381
998425
998635
998680
998748
998802
999006
999113
999143
999250
999388
999481
999691
999757
