129
322
455
763
918
1050
1203
1370
1926
2092
2231
2612
2788
3273
3445
3806
3939
4056
4210
4400
4718
4821
5106
5255
5454
5624
5782
5965
6247
6355
6493
6631
6744
7334
7456
7591
7746
8595
9304
9697
10131
10328
10615
11011
11173
11565
11699
11843
11995
12136
12321
12747
13013
13133
13287
13485
13627
14013
14112
14250
14726
14891
15324
15440
15607
15777
16082
16375
16555
16692
16953
17124
17259
17403
17592
17828
17984
18155
18334
18480
18641
18789
19050
19205
19603
19770
19926
20070
20222
20467
20595
20767
21271
21406
21512
21655
21841
21985
22329
22697
22811
22932
23131
23297
23461
23621
23746
24063
24195
24320
24437
24871
25015
25169
25421
25800
26137
26265
26385
26545
26828
27117
27414
27557
27709
27848
28025
28398
28563
28710
28847
29018
29178
29323
29560
29835
29979
30261
30670
30836
31205
31335
31648
31810
32002
32169
32315
32614
32750
32912
33053
33156
33778
33883
34040
34151
34406
35010
35325
35481
35633
35776
35938
36233
36395
36811
36924
37063
37172
37372
37545
37698
38098
38422
38559
38699
38848
39166
39323
39701
39842
39960
40063
40194
40317
40462
40845
41279
41422
41565
41736
41873
42078
42207
42500
42572
42785
42997
43120
43261
43690
43813
44333
44719
44893
45002
45107
45322
45533
45802
45951
46171
46331
46488
46650
46775
46916
47048
47226
47402
47642
47798
47949
48070
48392
48522
48652
48798
48949
49090
49256
49391
49570
49676
49846
50025
50321
50435
50566
50838
50978
51143
51239
51385
51685
51812
52754
53014
53172
53313
53431
53829
54086
54379
54516
54810
54965
55095
55370
55652
55834
56088
56249
56394
56515
56941
57059
57219
57350
57487
57628
57804
57918
58038
58215
58340
58488
58634
58832
58952
59456
59713
60054
60180
60313
60575
61128
61260
61559
61694
62112
62563
62695
62933
63120
63430
63588
63796
64044
64189
64350
64496
64809
64956
65327
65459
65603
65799
66591
66896
67358
67594
67707
67852
67996
68190
68337
68464
68633
68763
68915
69112
69380
69687
70014
70151
70303
70670
70841
71430
71572
71732
71880
72052
72378
72538
72641
73079
73442
73620
73784
74138
74491
74687
74947
75095
75255
75704
75853
75999
76247
76601
76746
77220
77365
77728
77903
78029
78225
78419
78569
78784
78921
79070
79188
79374
79490
79790
79948
80125
80397
80756
80874
81009
81154
81459
81621
81774
82104
82213
82301
82472
82564
82906
83502
83969
84189
84857
85072
85314
85635
86290
86674
86884
87084
87923
88350
89196
89346
89749
89888
90523
90670
91209
91390
91783
92112
92291
92463
92627
92799
92966
93281
93436
93586
93709
93882
93984
94442
94560
94683
94979
95144
95635
95921
96105
96272
96373
96502
96965
97110
97289
97461
97599
97862
98020
98211
98336
98468
98580
98913
99107
99189
99361
99659
99828
99971
100409
100585
100726
100859
100969
101121
101255
101538
101935
102235
102399
102736
102836
103074
103245
103411
103697
103848
104001
104181
104493
104742
104900
105081
105238
105504
105965
106158
106435
106568
106962
107106
107296
107531
107861
107959
108441
108726
109107
109235
109347
109475
109895
110017
110290
110416
110538
110730
110867
110993
111112
111398
111506
111636
111780
112089
112383
112499
112637
112784
112930
113092
113219
113392
113519
113838
114020
114172
114355
114690
114845
114971
115128
115318
115468
115596
115829
115982
116147
116269
116425
116541
116715
116835
117157
117346
117479
117587
117685
117802
117923
118034
118477
119058
119329
119444
119558
119826
120257
120391
120629
120786
121135
121409
121667
122004
122144
122295
122427
122602
123029
123433
123559
123716
123908
124038
124214
124368
124498
124637
125080
125332
125445
125565
125729
125888
125994
126158
126293
126432
126546
126719
126862
127004
127431
127697
127813
127956
128124
128268
128479
128627
129003
129184
129445
129869
129987
130278
130382
130515
130678
130797
130931
131206
131382
131672
131819
132265
132409
132605
132763
133049
133340
133539
133818
133975
134083
134403
134548
134810
135343
135637
135800
135929
136290
136446
136749
137206
137514
137710
137909
138042
138203
138660
138819
139271
139508
139668
139828
139976
140132
140271
140436
140561
140744
140887
141452
142050
142476
142642
142789
142925
143268
143414
143918
144069
144237
144383
144661
144986
145184
145289
145642
145820
146152
146330
146417
146930
147650
148112
149125
149255
149364
149493
150236
150372
150644
150801
151002
151251
151392
151565
151981
152099
152265
152542
152870
153223
153324
153479
153675
153798
153961
154128
154301
154437
154577
154739
155010
155225
155351
155469
155623
155794
156067
156183
156508
156709
156845
156972
157105
157229
157411
157542
157717
157856
158027
158347
158772
158898
160029
160187
160306
160473
160592
160734
160860
161106
161222
161344
161668
161953
162170
162467
162851
163017
163093
163262
163435
163663
163781
163924
164231
164475
164658
164932
165069
165240
165376
165521
165647
165757
166063
166234
166711
167317
167486
167641
167734
167899
168012
168175
168433
168542
168661
168820
168949
169114
169249
169549
169651
169933
170098
170226
170574
170706
170872
170977
171135
171466
171616
171769
171943
172101
172400
172715
173011
173415
173565
173853
174050
174174
174564
174735
174885
175154
175285
175428
175569
175718
175836
175992
176128
176486
176657
176852
176967
177106
177235
177374
177489
177828
177986
178112
178257
178587
178850
179010
179481
179623
179749
179901
179999
180294
180468
180620
181276
181601
181985
182151
182312
182931
183336
183442
183627
183954
184115
184268
184636
185088
185202
185364
185719
185894
186036
186204
186365
186504
186672
186836
186974
187282
187447
187580
187908
188067
188286
188804
188939
189095
189360
189683
189817
189953
190112
190251
190459
190574
190875
191013
191218
191324
191451
191620
191883
192018
192668
192841
193009
193190
193334
193636
193797
193920
194068
194198
194497
194639
194938
195261
195495
195677
195952
196101
196557
196746
196918
197043
197192
197322
197485
197596
197909
198052
198196
198372
198489
198803
198940
199096
199257
199405
199567
199895
200223
200420
200740
200898
201048
201190
201733
202193
202319
202481
202623
202772
202897
203021
203137
203253
203420
203571
203726
203902
204095
204233
204397
204535
204682
205042
205199
205673
205819
205986
206110
206231
206391
206872
207186
207327
207475
207653
207842
207990
208268
208352
208442
208540
208772
208895
209674
210558
211039
211537
211677
211968
212130
212408
212558
212753
213222
213372
213532
213839
213980
214108
214490
214648
214814
214954
215163
215306
215516
215864
216007
216320
216465
216597
216732
216871
217011
217144
217512
217837
218209
218379
218516
218678
218828
219007
219165
219476
219589
219883
220056
220673
220846
221009
221319
221440
221630
221756
221989
222254
222415
222544
222914
223201
223312
223587
223756
223990
224124
224293
224406
224569
224685
225001
225162
225507
225631
225787
225883
226033
226335
226665
226794
226913
227242
227373
227579
227769
227881
227981
229523
229854
230256
230399
230643
230765
230973
231164
231309
231469
231586
231743
232079
232195
232356
232554
232702
233029
233288
233611
233762
234077
234363
234799
235144
235290
235618
235783
235995
236192
236533
236711
236867
237005
237158
237448
237827
237940
238364
238685
238849
238965
239163
239260
239412
239554
239879
240095
240210
240374
240513
240663
240808
240927
241123
241406
241553
241665
241828
241983
242699
242795
242987
243536
243693
243973
244150
244289
244433
244645
244810
244990
245184
245328
245463
245909
246056
246261
246454
246605
246720
246887
247033
247304
247406
247536
248307
248455
248601
248870
248992
249183
249284
249445
249562
249695
250034
250137
250615
250765
250930
251066
251559
251677
251944
252329
252440
252579
252757
252880
253043
253160
253313
253739
253838
253998
254171
254346
254723
254899
255634
255936
256087
256205
256357
256526
256673
256835
257025
257164
257284
257375
257443
259144
259247
259478
259833
260016
260326
260485
260663
260834
260997
261143
261638
261925
262063
262211
262421
262723
263147
263476
263569
263747
263979
264160
264317
264476
264628
264791
264934
265049
265172
265308
265495
265652
265771
265940
266075
266202
266353
266511
266781
266953
267387
267530
267684
267809
268106
268546
268654
268798
268951
269121
269258
269436
269591
269748
269862
270004
270189
270327
270492
270698
270816
270978
271101
271221
271358
271627
271797
271940
272198
272334
272451
272625
272746
272860
273003
273294
273482
273969
274110
274216
274650
274867
275171
275302
275384
275501
275641
276074
277480
278091
278531
278705
279210
279678
279831
280042
280362
280541
280671
280907
281199
281368
281475
281625
281770
281944
282129
282285
282411
282521
282673
282949
283082
283219
283363
283765
284091
284260
284422
284595
284742
284916
285193
285335
285481
285613
285737
285875
286024
286178
286342
286668
286810
286909
287169
287285
287973
288236
288364
288499
288949
289115
289246
289366
289477
289645
289760
289902
290033
290164
290318
290466
290595
290926
291140
291311
291507
291622
291900
292282
292419
292592
292760
292862
293051
293186
293331
293469
293585
293714
293870
293976
294124
294252
294418
294559
294661
294912
295027
295195
295429
295563
295687
295844
295984
296132
296281
296544
296695
296883
297018
297298
297448
297560
297848
297970
298085
298238
298374
298527
299084
299209
299329
299507
299687
300070
300234
300451
300591
300750
301092
301260
301348
301513
301665
301815
301904
302066
302176
302305
302468
302585
302746
302884
303190
303338
303515
303662
303830
303980
304128
304307
304452
304568
304858
305042
305160
305327
305473
305589
305753
305883
306265
306402
306582
306917
307040
307294
307492
307646
307804
307950
308115
308235
308419
308541
308709
308874
309002
309127
309462
309608
309737
309886
310040
310192
310331
310501
310659
310777
310945
311063
311189
311313
311494
311789
311942
312285
312423
312598
312732
312985
313062
313208
313364
313515
313689
313824
313976
314115
314239
314714
315058
315245
315401
315719
315845
316002
316156
316257
316439
316623
316736
316853
316986
317209
317288
317408
317517
317616
317768
317858
318002
318323
318590
318766
318893
319025
319127
319275
319669
319761
319889
319997
320258
320497
320654
320768
320895
321056
321234
321513
321643
321769
321914
322032
322178
322519
322674
322819
322957
323091
323232
323627
323838
323948
324163
324285
324422
324528
324689
324850
324999
325144
325316
325466
325671
325866
326034
326185
326322
326501
326626
326788
326956
327140
327407
327524
327652
327793
328097
328255
328448
328570
328951
329224
329330
329502
329807
330138
330374
330564
330713
330893
331010
331233
331512
331690
331834
332029
332346
332457
332595
332755
332899
333023
333175
333270
333438
333598
333699
333875
334178
334325
334566
334732
334894
335076
335226
335378
335729
335880
336203
336415
336819
337274
337390
338256
338354
338508
338785
338931
339086
339348
339491
339591
339762
339939
340044
340185
340374
340537
340799
340971
341223
341353
341868
342004
342130
342315
342407
342541
342679
342929
343104
343220
343402
343564
343688
343830
343950
344091
344315
344469
344643
345009
345199
345301
345438
345574
345964
346109
346265
346403
346572
346822
346983
347139
347399
347549
347820
347955
348256
348444
348780
348951
349241
349452
349619
349795
349956
350068
350289
350533
350683
350832
350962
351133
351304
351478
351597
351793
352122
352241
352520
352660
352844
353131
353254
353421
353591
353736
353858
353988
354276
354556
354707
354963
355101
355388
355575
355848
356169
356313
356474
356658
356842
357006
357170
357279
357410
357586
357740
357843
357968
358083
358261
358399
358549
358682
358937
359067
359208
359335
359948
360083
360394
360541
360824
360967
361266
361401
361509
361646
361786
361924
362067
362219
362327
362735
362876
363015
363162
363274
363406
363572
363996
364107
364247
364415
364725
364993
365126
365274
365391
365512
366051
366259
366386
366538
366687
366838
367165
367298
367424
367604
367961
368094
368284
368565
368722
368855
369405
369529
369834
369997
370162
370324
370450
370612
370725
370867
371029
371171
371505
371655
371799
371961
372122
372231
372386
372501
372675
372811
372963
373132
373293
373418
373569
373753
373907
374182
374321
374611
374723
374903
375042
375202
375360
375517
375710
375845
375985
376138
376338
376656
376933
377035
377220
377384
377490
377800
377948
378110
378315
378463
378788
379030
379194
379304
379495
379624
379736
379879
380045
380170
380460
380640
380757
380902
381058
381489
381613
381920
382049
382332
382485
382667
382784
382934
383053
383220
383347
383503
383680
383853
383991
384104
384280
384396
384545
384659
384805
384928
385232
385366
385516
385804
385960
386074
386221
386343
386511
386753
386892
387045
387335
387452
387611
387734
387864
388204
388387
388564
388673
388809
389046
389140
389469
389650
389876
390069
390196
390308
390433
390602
390798
391035
391277
391438
391523
391829
391976
392125
392276
392420
392567
392697
392803
392914
393076
393397
393561
393713
393867
393992
394131
394382
394535
394707
394818
395008
395137
395288
395408
395586
395745
395921
396118
396261
396442
396551
396675
396813
397092
397574
397768
397911
398105
398198
398362
398491
398649
398828
398945
399107
399229
399365
399541
399833
399962
400142
400287
400398
400665
400807
400935
401107
401292
401403
401535
401706
402250
402376
402473
402721
402868
402964
403107
403242
403380
403517
403637
403770
403893
404003
404122
404241
404382
404545
404713
405047
405324
405686
405823
405955
406289
406410
406529
406649
406818
406937
407061
407189
407524
407652
407759
407900
408049
408175
408370
408503
408655
408786
408961
409089
409400
409535
409674
409816
409954
410101
410267
410417
410735
410880
411048
411188
411366
411618
411811
411945
412238
412380
412514
412963
413137
413275
413618
413781
413910
414054
414180
414269
414490
414606
414702
414822
415032
415416
416408
416613
416786
416883
417134
417606
417735
417884
417976
418160
418353
418508
418703
418858
419024
419323
419496
419620
419952
420223
420783
420915
421030
421179
421314
421479
421626
421757
422037
422530
422661
423021
423131
423316
423437
423559
423678
423857
423958
424109
424273
424604
424719
424830
424952
425106
425278
425392
425792
425971
426120
426296
426397
426541
426660
426808
427226
427407
427534
427685
427847
428227
428347
428485
428627
428755
428898
429008
429290
429396
429512
429681
429780
429919
430072
430228
430352
430626
430755
430877
431015
431157
431322
431432
431586
431732
432029
432189
432356
432504
432628
432776
432915
433037
433165
433488
433779
433922
434171
434537
434695
434829
434981
435153
435309
435438
435615
435713
435834
435987
436116
436251
436373
436809
436938
437061
437175
437468
437751
437867
438006
438168
438294
438457
438573
438691
438820
439006
439120
439342
439512
440130
440297
440670
441126
441288
441451
441642
441764
441941
442310
442458
442620
442881
443140
443706
443817
443958
444095
444259
444397
444542
444701
445069
445270
445435
445734
445919
446044
446212
446592
446847
447003
447138
447311
447455
447611
447939
448136
448269
448596
448933
449093
449458
449941
450128
450389
450716
450832
450996
451173
451317
451404
451682
451793
451996
452620
452845
453311
453561
453754
454016
454204
454394
454505
454663
454792
454972
455151
455393
455574
455745
455978
456170
456305
456615
456790
457206
457339
457547
457701
457837
458314
458518
458891
459081
459251
459451
459771
459919
460079
460257
460558
460704
460884
461018
461310
461484
461655
462007
462171
462298
462637
462811
462984
463182
463609
463734
463892
464141
464312
464406
464570
464751
464897
465133
465228
465478
465652
465756
466030
466132
466260
466395
466516
466649
466832
467114
467276
467641
467740
467897
468195
468371
468521
468662
468792
468910
469052
469192
469292
469572
469735
469879
470052
470179
470475
470584
470704
470984
471080
471221
471350
471473
471604
471770
471870
471984
472157
472499
472866
473133
473291
473439
473565
474000
474289
474608
474923
475069
475223
475385
475502
475793
476047
476218
476480
476623
476773
476944
477068
477388
477518
477670
477777
478099
478399
479167
479787
479897
481052
481158
481448
481909
482226
482630
482811
482989
483124
483317
483432
483580
483994
484161
484258
484576
484739
485078
485288
485428
485567
485759
486056
486173
486319
486579
486718
486821
487122
487296
487469
487637
487742
488499
488633
488800
488979
489199
489321
489510
489646
489783
489931
490261
490527
490678
490810
490962
491132
491248
491363
491543
491672
491976
492276
492395
492561
492688
492780
492936
493210
493363
493638
493775
493878
494028
494146
494270
494400
494525
494996
495121
495297
495463
495633
495970
496067
496553
496824
496937
497099
497264
497840
498131
498292
498424
498797
498958
499101
499415
499928
500317
500528
501097
501438
501549
501719
501930
502737
503050
503188
503452
504001
504149
504281
504474
504628
504806
504908
505095
505293
505470
505812
505977
506168
506262
506424
506569
506747
506931
507108
507275
507772
507915
508107
508438
508572
508687
508835
508981
509116
509411
509509
509621
509877
510018
510158
510510
510623
510720
510896
511022
511149
511307
512070
512179
512284
513054
513231
513372
513650
513814
513933
514360
514483
514592
514718
514870
515237
515515
515689
515832
515950
516057
516236
516332
516456
516870
516981
517164
517329
517697
517984
518127
518242
518385
518527
518665
518838
519079
519229
519441
519566
519821
520116
520291
520384
520485
521011
521662
521904
522023
522148
522521
522618
522833
523424
523538
523705
523819
524229
524488
524682
524799
524969
525256
525435
525541
525722
525945
526066
526183
526479
526723
526861
526995
527110
527283
527386
527541
527695
527792
527950
528070
528228
528349
528483
528648
528789
528920
529508
529638
529780
529909
530083
530299
530451
530603
530777
530913
531021
531166
531315
531469
531605
531872
532309
532450
532709
532881
533044
533512
533682
533952
534089
534237
534390
534738
534897
535026
535156
535274
535419
535560
535708
536026
536145
536409
536577
537106
537387
537691
537986
538145
538281
538413
538568
538838
538970
539090
539198
539479
539572
539835
540361
540694
540851
540996
541140
541352
541490
541634
541842
542017
542195
542357
542531
542633
542825
542955
543085
543237
543385
543557
543678
543818
544117
544280
544451
544739
544896
545019
545186
545398
545595
545713
546005
546105
546269
546443
546624
546794
546920
547216
547351
547489
547639
547793
548105
548305
548758
548887
549013
549198
549355
549498
549614
549721
549851
549992
550241
550427
550871
551008
551688
551826
551979
552302
552495
552760
552923
553028
553149
553286
553503
553909
554053
554179
554320
554494
554616
554722
554877
555031
555176
555348
555486
555644
555778
555934
556060
556219
556446
556605
556758
556930
557133
557280
557400
557539
557712
557793
557960
558249
558424
558572
558697
558881
559007
559208
559357
559534
559652
559773
559939
560227
560382
560556
560700
561035
561205
561323
561640
561724
562137
562258
562371
562556
562764
562881
563035
563171
563300
563435
563893
564039
564197
564322
564485
564632
564768
564863
565013
565287
565484
565625
565830
565984
566110
566256
566363
566494
566629
566768
566916
567031
567202
567331
567463
567612
567946
568103
568258
568394
568576
568728
568855
569021
569190
569352
569457
569723
569880
569980
570162
570474
570608
570741
571007
571153
571276
571450
571620
571726
571916
572062
572198
572355
572483
572616
572752
572889
573152
573399
573547
573717
573873
574194
574288
574441
574606
574733
574897
575080
575254
575559
575692
576023
576189
576402
576635
576964
577086
577228
577386
577512
577633
577787
577939
578070
578223
578366
578520
578672
578806
578976
579136
579311
579475
579632
579795
579940
580092
580260
580438
580568
580737
581058
581219
581389
581732
581875
581981
582174
582313
582433
582673
582772
582916
583042
583210
583356
583467
583621
583794
584068
584297
584561
584699
584849
584971
585090
585229
585413
585552
585697
585826
585987
586159
586313
586448
586614
586791
586969
587123
587256
587405
587560
587719
588028
588294
588445
588595
588901
589015
589183
589282
589431
589572
589682
589844
589995
590085
590350
590551
590710
590976
591159
591336
591450
591723
591863
591959
592098
592293
592563
592697
592810
592971
593118
593542
593707
593854
594046
594180
594327
594508
594675
594774
594927
595088
595245
595408
595528
595729
595872
596036
596263
596389
596531
596681
596980
597178
597331
597407
597541
597635
597851
598051
598250
598372
598525
598683
598802
598966
599088
599244
599412
599676
599830
600023
600180
600334
600501
600755
600927
601055
601224
601362
601521
601798
601942
602127
602312
602493
602597
602769
602970
603100
603234
603495
603788
603898
604039
604204
604324
604456
604580
604720
604865
604972
605255
605594
605886
606019
606196
606364
606442
606654
606720
606832
607023
607266
607896
608009
608349
608506
608839
608992
609658
609934
610077
610228
610323
610510
610660
610980
611171
611303
611423
611885
612045
612164
612267
612438
612563
612708
612831
612991
613399
613560
613693
613819
613978
614257
614422
614586
614902
615138
615303
615571
615771
615916
616113
616273
616417
616558
616868
617035
617193
617303
617426
617556
617727
618057
618245
618374
618538
618816
618979
619159
619287
619486
619639
619790
620048
620194
620326
620681
620838
621003
621204
621694
622020
622469
622647
622805
622942
623058
623213
623332
623448
623611
623897
624142
624472
624616
624800
624915
625076
625223
625373
625487
625862
626005
626459
626575
626721
626909
627059
627252
627559
627695
627875
628021
628188
628325
628459
628604
628754
628905
629199
629340
629602
629859
630039
630215
630653
630818
630986
631133
631284
631423
631701
631852
632149
632331
632634
633216
633640
634330
634838
634985
635218
635470
635681
635822
636035
636185
636376
636492
636657
636876
637395
637917
638057
638201
638343
638655
638773
638924
639141
639315
639536
639705
639893
640001
640104
640249
640405
640788
641090
641311
641706
641875
642076
642209
642469
642665
642817
643106
643237
643412
643603
643923
644240
644362
644542
644835
644998
645294
645412
645568
645764
645888
646283
646432
646543
646676
646834
647033
647206
647358
647497
647655
647933
648081
648226
648341
648490
648785
648949
649104
649258
649600
649725
649880
650037
650190
650318
650814
650980
651078
651195
651344
651476
651612
652030
652199
652358
652501
652831
653018
653148
653325
653500
653707
653892
654050
654165
654475
654873
655037
655144
655266
655439
655571
655738
655890
656035
656176
656363
656495
656740
656858
657031
657418
657633
657841
658122
658304
658508
658733
658872
658997
659174
659310
659476
659615
659997
660131
660264
660377
660546
660728
660842
660999
661213
661503
661656
661742
661881
662046
662193
662363
662542
662717
663006
663153
663551
663740
663881
664055
664216
664381
664660
664805
664928
665065
665205
665528
666026
666168
666322
666496
666655
666956
667122
667247
667548
667725
668062
668212
668372
668501
668555
668687
668878
669182
669299
669741
670006
670391
670545
670712
670864
670992
671283
671439
671513
671619
671714
671790
671884
672017
672236
672451
672556
672768
672970
673143
673323
673454
673579
674010
674124
674557
674687
674984
675173
675396
675517
675808
675977
676131
676266
676449
676622
676742
676881
677030
677184
677377
677530
677654
677815
677946
678086
678210
678365
678741
678882
678993
679169
679438
679664
679823
679977
680150
680325
680443
680554
681140
681295
681425
681526
681692
681839
681990
682131
682260
682385
682524
682649
682803
682928
683021
683153
683345
683472
683616
683761
683905
684046
684212
684355
684533
684715
684949
685089
685189
685487
685605
685744
685884
686011
686172
686281
686453
686555
686826
686998
687159
687317
687461
687618
688213
688342
688503
688700
688835
689126
689291
689396
689533
689696
689869
690030
690358
690505
690605
690719
690849
690985
691099
691286
691444
691720
691991
692113
692275
692418
692572
692743
693046
693301
693410
693548
693710
693823
693962
694066
694220
694314
694449
694568
694702
694831
694977
695135
695245
695415
695547
695687
695840
695994
696114
696378
696693
696824
696946
697192
697344
697510
697765
698106
698538
698829
698985
699110
699405
699546
699855
699967
700139
700291
700455
700613
700754
700994
701116
701235
701562
701758
701915
702029
702418
702574
702836
702969
703079
703311
703597
703858
703974
704211
704357
704499
704689
704832
704981
705130
705299
705400
705536
705650
705805
705922
706083
706173
706300
706452
706595
706757
706903
707044
707327
707494
707764
707918
708090
708221
708349
708465
708572
708715
708874
708999
709107
709270
709371
709538
709686
709829
709944
710124
710243
710387
710513
710668
710837
710981
711337
711465
711594
711856
712002
712104
712219
712366
712526
712608
712757
712910
713095
713234
713416
713574
713681
713816
713937
714190
714338
714447
714603
714724
714903
715032
715338
715497
715786
715948
716464
716634
716765
716926
717015
717127
717243
717415
717540
717724
717838
718060
718235
718529
718652
718791
718925
719138
719318
719430
719618
719752
719908
720052
720182
720374
720849
720999
721126
721472
721748
721913
722049
722196
722319
722618
722782
722914
723076
723229
723400
723543
723664
723801
723953
724114
724222
724342
724504
724660
725020
725177
725300
725451
725575
725743
726212
726394
726552
726751
726912
727090
727198
727338
727440
727749
727904
728084
728262
728401
728723
728852
729158
729279
729451
729657
730140
730274
730368
730539
730666
730784
730964
731235
731378
731533
731674
731857
731936
732074
732343
732606
732764
733010
733205
733363
733504
733618
733775
733915
734074
734234
734363
734494
734637
734809
734949
735080
735231
735409
735576
735729
735885
735974
736106
736275
736439
736601
736697
736822
736914
737061
737186
737285
737434
737798
738257
738397
738517
738687
738787
738885
739065
739203
739320
739509
739631
739800
740068
740498
740632
740747
740872
741180
741293
741448
741721
741881
741998
742392
742549
742877
743012
743215
743369
743658
743797
743963
744221
744374
744531
744806
744918
745048
745171
745307
745435
745579
745729
745863
745978
746131
746258
746470
746731
746848
747017
747173
747453
747609
747750
747881
748040
748167
748341
748596
748733
748945
749233
749406
749531
749694
749879
750036
750154
750299
750786
750953
751105
751390
751558
751758
751858
751975
752122
752592
752731
752877
753067
753366
753452
753616
753755
753917
754052
754228
754350
754470
754641
754765
754939
755055
755502
755819
755976
756102
756273
756573
756737
756906
757202
757373
757541
757830
758165
758322
758626
758777
758938
759080
759396
759668
759846
759975
760124
760302
760467
760623
760745
760866
761020
761136
761217
761300
761976
762468
762558
762986
763298
763497
763685
763874
764023
764200
764573
764727
764882
765040
765362
765546
765691
766098
766242
766413
766781
766963
767134
767247
767377
767520
767699
767829
767992
768189
768340
768449
768630
768822
769145
769311
769480
769878
769994
770138
770311
770457
770623
770754
770918
771088
771378
771503
771781
771971
772289
772494
772646
772769
772958
773263
773446
773576
773718
773905
774045
774201
774352
774525
774659
774979
775211
775598
777001
777114
777472
777604
777736
777895
778096
778299
778467
778634
778838
778952
779086
779698
780106
780667
780794
780928
781146
781300
781470
781651
781794
781933
782096
782263
782945
783270
783462
783579
783895
784041
784171
784304
784446
784686
784848
785022
785192
785328
785449
785557
785868
786356
786516
786659
786834
787010
787175
787337
787498
787635
787801
787953
788090
788238
788659
788789
788987
789147
789292
789440
789615
789799
789922
790119
790274
790441
790926
791100
791404
791535
791674
791803
791954
792135
792276
792443
792595
792772
792932
793045
793171
793311
793617
793717
793858
793970
794230
794359
794632
794772
795251
795409
795748
795859
796069
796194
796341
796505
796634
796774
796922
797203
797335
797490
797590
797744
797864
797998
798166
798284
798432
798620
798794
798942
799424
799608
799713
799874
800019
800163
800330
800472
800647
800806
800985
801170
801462
801595
801708
801869
802016
802140
802339
802445
802614
802761
802913
803045
803200
803335
803477
803629
803761
803895
804037
804153
804305
804459
804630
804748
804909
805082
805234
805366
805512
805629
805766
805903
806027
806192
806352
806542
806656
806777
806921
807027
807160
807265
807381
807499
807682
807805
807991
808070
808211
808391
808531
808684
808788
808917
809115
809243
809391
809526
809707
809882
810259
810420
810581
810957
811103
811263
811393
811584
811733
811855
812261
812411
812525
812671
812809
812957
813092
813248
813407
813582
813722
813872
814028
814150
814316
814495
814623
814759
814890
815052
815201
815317
815469
815596
815746
815867
816004
816212
816477
816947
817133
817282
817541
817690
817828
818088
818241
818412
818514
818663
818897
819195
819326
819461
819653
819799
819940
820108
820401
820565
820693
820863
821047
821168
821347
821521
821851
822006
822177
822379
822508
822690
822827
823007
823141
823274
823588
823722
823872
824041
824166
824338
824469
824642
824780
824910
825058
825174
825292
825431
825762
825871
826041
826185
826330
826466
826611
826699
826834
827134
827277
827470
827619
827746
827849
828019
828201
828351
828511
828712
828849
828999
829122
829246
829388
829483
829641
829855
829969
830144
830299
830411
830734
830896
831044
831184
831333
831480
831579
831680
831804
831971
832073
832220
832314
832421
832518
832732
832890
833211
833409
833532
833683
834010
834164
834311
834474
834571
834900
835184
835340
835490
835648
835762
835905
835997
836133
836262
836559
836739
836916
837080
837199
837372
837508
837737
838041
838183
838351
838527
838708
838848
839035
839199
839358
839489
839659
839821
840027
840226
840385
840515
840648
840817
840923
841082
841407
841546
841669
841851
842182
842437
842740
842858
843016
843151
843304
843470
843612
843761
843910
844024
844204
844387
844502
844695
844836
844952
845127
845288
845607
845728
845921
846132
846328
846443
846579
846711
846928
847037
847326
847523
847695
848041
848180
848326
848618
848735
848967
849099
849258
849428
849581
849717
849841
850000
850170
850333
850446
850583
850698
850813
851184
851381
851513
851662
851768
851925
852047
852173
852511
852668
852787
852892
853064
853180
853306
853788
854065
854210
854324
854617
854758
854929
855073
855279
855443
855569
855742
855955
856210
856399
856536
856705
856883
857006
857144
857407
857612
857746
857908
858054
858172
858299
858597
858746
859042
859185
859320
859592
859908
860047
860234
860395
860553
860779
860900
861007
861181
861327
861510
861647
861785
861906
862054
862354
862511
862633
862755
862959
863074
863217
863364
863507
863878
863980
864112
864396
864700
864842
864986
865104
865245
865344
865511
865661
865824
865969
866221
866412
866519
866762
866880
866968
867080
867162
867333
867541
867625
867820
868006
868121
868207
868323
868466
868630
868812
868997
869102
869314
869489
869595
869802
870460
870844
870962
871116
871439
871584
871721
871850
871986
872159
872317
872409
872588
872762
872883
873041
873206
873353
873788
873939
874133
874255
874540
874722
874907
875214
875381
875572
875719
876007
876143
876321
876470
876631
876759
876945
877096
877258
877422
877631
877875
877997
878174
878322
878493
878654
878808
878982
879132
879313
879447
879824
880013
880214
880375
880511
880704
880824
881001
881163
881345
881482
881637
881974
882079
882276
882435
882603
882731
882877
883158
883318
883452
883618
883934
884057
884216
884325
884676
884819
884995
885136
885266
885585
885739
885877
885947
886053
886206
886358
886471
886563
886919
887037
887164
887286
887405
887698
888083
888217
888341
888477
888795
888907
889392
889564
889702
889825
889969
890122
890283
890435
890607
890750
890936
891087
891231
891555
891723
892055
892214
892378
892508
892654
892778
892941
893062
893209
893362
893506
893939
894081
894247
894381
894659
894798
894970
895107
895251
895418
895570
895765
896111
896246
896373
896569
896739
897004
897141
897319
897494
897673
897777
897986
898141
898285
898423
898557
898696
898821
898953
899082
899249
899401
899872
900066
900202
900353
900476
900638
900771
901034
901198
901326
901445
901761
901881
902038
902160
902275
902449
902574
902707
902866
903019
903201
903354
903503
903784
903956
904099
904568
904716
904874
905052
905271
905409
905607
905740
905895
906042
906265
906400
906541
906724
906881
907037
907164
907322
907464
907648
907770
907910
908306
908467
908635
908720
909078
909263
909376
909528
909671
909814
909966
910121
910280
910519
910683
910824
910980
911354
911517
911669
911924
912061
912244
912356
912467
912620
912945
913102
913262
913388
913538
913702
913830
914177
914317
914569
914716
914860
914999
915211
915510
915719
915884
916020
916191
916319
916406
916542
916752
917418
917833
917994
918208
918395
918525
918798
918926
919087
919359
919792
919898
920196
920283
920553
920865
921036
921189
921351
921744
921838
921985
922141
922528
922945
923386
924025
924331
924733
924867
925079
925320
925597
925718
925828
926151
926277
926437
926544
926821
926953
927180
927264
927384
927573
927679
927775
927897
928954
929170
929267
929892
930128
930476
930690
930809
931008
931195
931389
931811
932000
932238
932412
932926
933206
933422
933554
933806
933973
934160
934561
934735
934955
935097
935297
935447
935581
935753
936041
936427
936589
936751
936930
937058
937223
937501
937654
937833
937939
938136
938384
938613
938788
939036
939254
939399
939594
939764
939999
940154
940328
940527
940690
940836
940950
941103
941262
941420
941598
941748
941858
941996
942121
942257
942420
942542
942694
942888
943073
943188
943364
943508
943674
943825
943968
944110
944295
944421
944577
944772
944938
945064
945206
945351
945509
945665
945836
945975
946114
946416
946646
946922
947074
947230
947355
947551
947702
947857
948006
948175
948322
948482
948569
948690
948812
948978
949171
949310
949435
949603
949715
949840
950063
950230
950545
950719
950884
951166
951293
951443
951615
951815
951962
952127
952266
952400
952540
952699
952885
953001
953145
953301
953458
953707
954012
954158
954303
954428
954567
954684
954826
954981
955280
955402
955520
955703
955826
955986
956126
956319
956464
956698
956839
957033
957315
957488
957634
957751
957945
958045
958313
958455
958749
958896
959082
959217
959365
959493
959620
959728
959879
960060
960182
960331
960478
960640
960783
960945
961063
961247
961401
961522
961686
961829
961965
962073
962206
962325
962448
962602
962753
962880
963018
963197
963333
963462
963604
963760
963896
964037
964198
964343
964520
964682
964823
965001
965118
965248
965394
965535
965651
965788
966111
966263
966378
966520
966671
966826
966966
967082
967245
967383
967500
967665
967814
967958
968151
968261
968428
968563
968671
968823
968966
969084
969192
969370
969533
969688
969803
969926
970126
970307
970441
970574
970726
970826
970954
971079
971215
971313
971479
971571
971656
971762
971898
972035
972197
972286
972407
972498
972617
972728
972823
972956
973080
973215
973346
973468
973646
973767
973931
974102
974253
974390
974527
974651
974799
974937
975129
975264
975422
975543
975733
975846
976008
976118
976311
976453
976589
976701
976867
977036
977213
977384
977567
977682
977826
977950
978159
978308
978449
978618
978777
978915
979099
979222
979360
979506
979630
979799
979954
980108
980285
980456
980596
980873
981013
981173
981271
981425
981570
981704
981876
982045
982196
982343
982471
982609
982748
982880
983005
983182
983363
983506
983649
983770
983924
984106
984283
984449
984560
984702
984855
985018
985153
985271
985427
985527
985698
985836
985981
986127
986297
986415
986596
986714
986856
987035
987187
987370
987512
987688
987829
987968
988111
988265
988474
988631
988744
988848
988948
989031
989199
989287
989438
989642
989780
989912
990043
990217
990327
990444
990551
990684
990818
990973
991097
991231
991399
991519
991644
991721
991851
991977
992084
992180
992339
992489
992595
992672
992838
992953
993092
993255
993368
993645
993718
993826
993979
994076
994360
994414
994520
994708
995021
995265
995377
995533
995724
996025
996139
996333
996526
996706
996875
997053
997188
997296
997424
997739
997864
998116
998295
998438
998627
998819
998921
999090
999232
999387
999544
999665
999772
