2130
6254
8490
12044
15808
19313
23965
26681
30565
34588
38202
41787
44852
49145
52330
55874
58710
62294
65948
70141
73845
77090
80844
83710
87533
91896
94932
98725
102280
105754
109408
113212
116856
120131
124604
127539
131143
134987
138392
141986
145690
148515
152889
156024
159758
163212
166986
171429
174384
178008
182172
184997
188601
191986
195271
198416
202419
205804
209328
212613
217176
219732
223236
226910
229915
233649
237283
241966
244622
248905
252599
256284
259148
263533
267425
270750
273775
277249
278837
281043
284937
288411
292355
296449
300143
303687
307301
311155
315169
318114
322946
325352
329556
332241
335636
338681
341676
345470
348565
353797
356083
359288
361125
363561
367445
370929
374763
377688
381223
385067
388750
393214
395610
398735
402289
405694
409647
413122
416157
419981
424294
427319
430624
434198
438471
441706
445290
446428
449074
452688
456153
459837
463141
466865
470220
473695
478736
480733
484517
488281
491835
495889
499184
503706
507620
511893
517365
520579
523814
528047
532151
536244
540118
544212
548575
551570
556652
560006
563830
567105
570000
570449
574253
577348
580763
584457
588131
591566
595230
598844
602458
606252
609098
612662
616236
620040
623415
627338
631192
634227
638001
641366
645300
648614
652498
655952
659816
663850
667274
670709
673754
676779
680763
684377
688051
692074
695499
699383
702518
706791
710126
713081
717075
720908
724842
728307
731581
735006
738610
742094
745489
748594
752687
756212
759986
763141
766495
769760
773284
775910
779435
782649
786803
790916
794890
798764
802827
806901
811174
814558
817973
821956
825830
828426
832260
834756
838530
841845
845579
849003
852547
856341
860065
863919
867473
870549
874502
878146
881681
885994
888400
892224
896617
899832
903436
908019
910944
915197
917923
920449
923024
924362
927827
929654
933538
936313
939029
943688
946916
951030
954474
958408
962441
966085
969690
973114
976788
980692
984516
988390
991754
994740
997305
