129
292
395
673
798
900
1023
1160
1686
1822
1931
2282
2428
2883
3025
3356
3459
3546
3670
3830
4118
4191
4446
4565
4734
4874
5002
5155
5407
5485
5593
5701
5784
6344
6436
6541
6666
7485
8164
8527
8931
9098
9355
9721
9853
10215
10319
10433
10555
10666
10821
11217
11453
11543
11667
11835
11947
12303
12372
12480
12926
13061
13464
13550
13687
13827
14102
14365
14515
14622
14853
14994
15099
15213
15372
15578
15704
15845
15994
16110
16241
16359
16590
16715
17083
17220
17346
17460
17582
17797
17895
18037
18511
18616
18692
18805
18961
19075
19389
19727
19811
19902
20071
20207
20341
20471
20566
20853
20955
21050
21137
21541
21655
21779
22001
22350
22657
22755
22845
22975
23228
23487
23754
23867
23989
24098
24245
24588
24723
24840
24947
25088
25218
25333
25540
25785
25899
26151
26530
26666
27005
27105
27388
27520
27682
27819
27935
28204
28310
28442
28553
28626
29218
29293
29420
29501
29726
30300
30585
30711
30833
30946
31078
31343
31475
31861
31944
32053
32132
32302
32445
32568
32938
33232
33339
33449
33568
33856
33983
34331
34442
34530
34603
34704
34797
34912
35265
35669
35782
35895
36036
36143
36318
36417
36680
36722
36905
37087
37180
37291
37690
37783
38273
38629
38773
38852
38927
39112
39293
39532
39651
39841
39971
40098
40230
40325
40436
40538
40686
40832
41042
41168
41289
41380
41672
41772
41872
41988
42109
42220
42356
42461
42610
42686
42826
42975
43241
43325
43426
43668
43778
43913
43979
44095
44365
44462
45374
45604
45732
45843
45931
46299
46526
46789
46896
47160
47285
47385
47630
47882
48034
48258
48389
48504
48595
48991
49079
49209
49310
49417
49528
49674
49758
49848
49995
50090
50208
50324
50492
50582
51056
51283
51594
51690
51793
52025
52548
52650
52919
53024
53412
53833
53935
54143
54300
54580
54708
54886
55104
55219
55350
55466
55749
55866
56207
56309
56423
56589
57351
57626
58058
58264
58347
58462
58576
58740
58857
58954
59093
59193
59315
59482
59720
59997
60294
60401
60523
60860
61001
61560
61672
61802
61920
62062
62358
62488
62561
62969
63302
63450
63584
63908
64231
64397
64627
64745
64875
65294
65413
65529
65747
66071
66186
66630
66745
67078
67223
67319
67485
67649
67769
67954
68061
68180
68268
68424
68510
68780
68908
69055
69297
69626
69714
69819
69934
70209
70341
70464
70764
70843
70901
71042
71104
71416
71982
72419
72609
73247
73432
73644
73935
74560
74914
75094
75264
76073
76470
77286
77406
77779
77888
78493
78610
79119
79270
79633
79932
80081
80223
80357
80499
80636
80921
81046
81166
81259
81402
81474
81902
81990
82083
82349
82484
82945
83201
83355
83492
83563
83662
84095
84210
84359
84501
84609
84842
84970
85131
85226
85328
85410
85713
85877
85929
86071
86339
86478
86591
86999
87145
87256
87359
87439
87561
87665
87918
88285
88555
88689
88996
89066
89274
89415
89551
89807
89928
90051
90201
90483
90702
90830
90981
91108
91344
91775
91938
92185
92288
92652
92766
92926
93131
93431
93499
93951
94206
94557
94655
94737
94835
95225
95317
95560
95656
95748
95910
96017
96113
96202
96458
96536
96636
96750
97029
97293
97379
97487
97604
97720
97852
97949
98092
98189
98478
98630
98752
98905
99210
99335
99431
99558
99718
99838
99936
100139
100262
100397
100489
100615
100701
100845
100935
101227
101386
101489
101567
101635
101722
101813
101894
102307
102858
103099
103184
103268
103506
103907
104011
104219
104346
104665
104909
105137
105444
105554
105675
105777
105922
106319
106693
106789
106916
107078
107178
107324
107448
107548
107657
108070
108292
108375
108465
108599
108728
108804
108938
109043
109152
109236
109379
109492
109604
110001
110237
110323
110436
110574
110688
110869
110987
111333
111484
111715
112109
112197
112458
112532
112635
112768
112857
112961
113206
113352
113612
113729
114145
114259
114425
114553
114809
115070
115239
115488
115615
115693
115983
116098
116330
116833
117097
117230
117329
117660
117786
118059
118486
118764
118930
119099
119202
119333
119760
119889
120311
120518
120648
120778
120896
121022
121131
121266
121361
121514
121627
122162
122730
123126
123262
123379
123485
123798
123914
124388
124509
124647
124763
125011
125306
125474
125549
125872
126020
126322
126470
126527
127010
127700
128132
129115
129215
129294
129393
130106
130212
130454
130581
130752
130971
131082
131225
131611
131699
131835
132082
132380
132703
132774
132899
133065
133158
133291
133428
133571
133677
133787
133919
134160
134345
134441
134529
134653
134794
135037
135123
135418
135589
135695
135792
135895
135989
136141
136242
136387
136496
136637
136927
137322
137418
138519
138647
138736
138873
138962
139074
139170
139386
139472
139564
139858
140113
140300
140567
140921
141057
141103
141242
141385
141583
141671
141784
142061
142275
142428
142672
142779
142920
143026
143141
143237
143317
143593
143734
144181
144757
144896
145021
145084
145219
145302
145435
145663
145742
145831
145960
146059
146194
146299
146569
146641
146893
147028
147126
147444
147546
147682
147757
147885
148186
148306
148429
148573
148701
148970
149255
149521
149895
150015
150273
150440
150534
150894
151035
151155
151394
151495
151608
151719
151838
151926
152052
152158
152486
152627
152792
152877
152986
153085
153194
153279
153588
153716
153812
153927
154227
154460
154590
155031
155143
155239
155361
155429
155694
155838
155960
156586
156881
157235
157371
157502
158091
158466
158542
158697
158994
159125
159248
159586
160008
160092
160224
160549
160694
160806
160944
161075
161184
161322
161456
161564
161842
161977
162080
162378
162507
162696
163184
163289
163415
163650
163943
164047
164153
164282
164391
164569
164654
164925
165033
165208
165284
165381
165520
165753
165858
166478
166621
166759
166910
167024
167296
167427
167520
167638
167738
168007
168119
168388
168681
168885
169037
169282
169401
169827
169986
170128
170223
170342
170442
170575
170656
170939
171052
171166
171312
171399
171683
171790
171916
172047
172165
172297
172595
172893
173060
173350
173478
173598
173710
174223
174653
174749
174881
174993
175112
175207
175301
175387
175473
175610
175731
175856
176002
176165
176273
176407
176515
176632
176962
177089
177533
177649
177786
177880
177971
178101
178552
178836
178947
179065
179213
179372
179490
179738
179792
179852
179920
180122
180215
180964
181818
182269
182737
182847
183108
183240
183488
183608
183773
184212
184332
184462
184739
184850
184948
185300
185428
185564
185674
185853
185966
186146
186464
186577
186860
186975
187077
187182
187291
187401
187504
187842
188137
188479
188619
188726
188858
188978
189127
189255
189536
189619
189883
190026
190613
190756
190889
191169
191260
191420
191516
191719
191954
192085
192184
192524
192781
192862
193107
193246
193450
193554
193693
193776
193909
193995
194281
194412
194727
194821
194947
195013
195133
195405
195705
195804
195893
196192
196293
196469
196629
196711
196781
198293
198594
198966
199079
199293
199385
199563
199724
199839
199969
200056
200183
200489
200575
200706
200874
200992
201289
201518
201811
201932
202217
202473
202879
203194
203310
203608
203743
203925
204092
204403
204551
204677
204785
204908
205168
205517
205600
205994
206285
206419
206505
206673
206740
206862
206974
207269
207455
207540
207674
207783
207903
208018
208107
208273
208526
208643
208725
208858
208983
209669
209735
209897
210416
210543
210793
210940
211049
211163
211345
211480
211630
211794
211908
212013
212429
212546
212721
212884
213005
213090
213227
213343
213584
213656
213756
214497
214615
214731
214970
215062
215223
215294
215425
215512
215615
215924
215997
216445
216565
216700
216806
217269
217357
217594
217949
218030
218139
218287
218380
218513
218600
218723
219119
219188
219318
219461
219606
219953
220099
220804
221076
221197
221285
221407
221546
221663
221795
221955
222064
222154
222215
222253
223924
223997
224198
224523
224676
224956
225085
225233
225374
225507
225623
226088
226345
226453
226571
226751
227023
227417
227716
227779
227927
228129
228280
228407
228536
228658
228791
228904
228989
229082
229188
229345
229472
229561
229700
229805
229902
230023
230151
230391
230533
230937
231050
231174
231269
231536
231946
232024
232138
232261
232401
232508
232656
232781
232908
232992
233104
233259
233367
233502
233678
233766
233898
233991
234081
234188
234427
234567
234680
234908
235014
235101
235245
235336
235420
235533
235794
235952
236409
236520
236596
237000
237187
237461
237562
237614
237701
237811
238214
239590
240171
240581
240725
241200
241638
241761
241942
242232
242381
242481
242687
242949
243088
243165
243285
243400
243544
243699
243825
243921
244001
244123
244369
244472
244579
244693
245065
245361
245500
245632
245775
245892
246036
246283
246395
246511
246613
246707
246815
246934
247058
247192
247488
247600
247669
247899
247985
248643
248876
248974
249079
249499
249635
249736
249826
249907
250045
250130
250242
250343
250444
250568
250686
250785
251086
251270
251411
251577
251662
251910
252262
252369
252512
252650
252722
252881
252986
253101
253209
253295
253394
253520
253596
253714
253812
253948
254059
254131
254352
254437
254575
254779
254883
254977
255104
255214
255332
255451
255684
255805
255963
256068
256318
256438
256520
256778
256870
256955
257078
257184
257307
257834
257929
258019
258167
258317
258670
258804
258991
259101
259230
259542
259680
259738
259873
259995
260115
260174
260306
260386
260485
260618
260705
260836
260944
261220
261338
261485
261602
261740
261860
261978
262127
262242
262328
262588
262742
262830
262967
263083
263169
263303
263403
263755
263862
264012
264317
264410
264634
264802
264926
265054
265170
265305
265395
265549
265641
265779
265914
266012
266107
266412
266528
266627
266746
266870
266992
267101
267241
267369
267457
267595
267683
267779
267873
268024
268289
268412
268725
268833
268978
269082
269305
269352
269468
269594
269715
269859
269964
270086
270195
270289
270734
271048
271205
271331
271619
271715
271842
271966
272037
272189
272343
272426
272513
272616
272809
272858
272948
273027
273096
273218
273278
273392
273683
273920
274066
274163
274265
274337
274455
274819
274881
274979
275057
275288
275497
275624
275708
275805
275936
276084
276333
276433
276529
276644
276732
276848
277159
277284
277399
277507
277611
277722
278087
278268
278348
278533
278625
278732
278808
278939
279070
279189
279304
279446
279566
279741
279906
280044
280165
280272
280421
280516
280648
280786
280940
281177
281264
281362
281473
281747
281875
282038
282130
282481
282724
282800
282942
283217
283518
283724
283884
284003
284153
284240
284433
284682
284830
284944
285109
285396
285477
285585
285715
285829
285923
286045
286110
286248
286378
286449
286595
286868
286985
287196
287332
287464
287616
287736
287858
288179
288300
288593
288775
289149
289574
289660
290496
290564
290688
290935
291051
291176
291408
291521
291591
291732
291879
291954
292065
292224
292357
292589
292731
292953
293053
293538
293644
293740
293895
293957
294061
294169
294389
294534
294620
294772
294904
294998
295110
295200
295311
295505
295629
295773
296109
296269
296341
296448
296554
296914
297029
297155
297263
297402
297622
297753
297879
298109
298229
298470
298575
298846
299004
299310
299451
299711
299892
300029
300175
300306
300388
300579
300793
300913
301032
301132
301273
301414
301558
301647
301813
302112
302201
302450
302560
302714
302971
303064
303201
303341
303456
303548
303648
303906
304156
304277
304503
304611
304868
305025
305268
305559
305673
305804
305958
306112
306246
306380
306459
306560
306706
306830
306903
306998
307083
307231
307339
307459
307562
307787
307887
307998
308095
308678
308783
309064
309181
309434
309547
309816
309921
309999
310106
310216
310324
310437
310559
310637
311015
311126
311235
311352
311434
311536
311672
312066
312147
312257
312395
312675
312913
313016
313134
313221
313312
313821
313999
314096
314218
314337
314458
314755
314858
314954
315104
315431
315534
315694
315945
316072
316175
316695
316789
317064
317197
317332
317464
317560
317692
317775
317887
318019
318131
318435
318555
318669
318801
318932
319011
319136
319221
319365
319471
319593
319732
319863
319958
320079
320233
320357
320602
320711
320971
321053
321203
321312
321442
321570
321697
321860
321965
322075
322198
322368
322656
322903
322975
323130
323264
323340
323620
323738
323870
324045
324163
324458
324670
324804
324884
325045
325144
325226
325339
325475
325570
325830
325980
326067
326182
326308
326709
326803
327080
327179
327432
327555
327707
327794
327914
328003
328140
328237
328363
328510
328653
328761
328844
328990
329076
329195
329279
329395
329488
329762
329866
329986
330244
330370
330454
330571
330663
330801
331013
331122
331245
331505
331592
331721
331814
331914
332224
332377
332524
332603
332709
332916
332980
333279
333430
333626
333789
333886
333968
334063
334202
334368
334575
334787
334918
334973
335249
335366
335485
335606
335720
335837
335937
336013
336094
336226
336517
336651
336773
336897
336992
337101
337322
337445
337587
337668
337828
337927
338048
338138
338286
338415
338561
338728
338841
338992
339071
339165
339273
339522
339974
340138
340251
340415
340478
340612
340711
340839
340988
341075
341207
341299
341405
341551
341813
341912
342062
342177
342258
342495
342607
342705
342847
343002
343083
343185
343326
343840
343936
344003
344221
344338
344404
344517
344622
344730
344837
344927
345030
345123
345203
345292
345381
345492
345625
345763
346067
346314
346646
346753
346855
347159
347250
347339
347429
347568
347657
347751
347849
348154
348252
348329
348440
348559
348655
348820
348923
349045
349146
349291
349389
349670
349775
349884
349996
350104
350221
350357
350477
350765
350880
351018
351128
351276
351498
351661
351765
352028
352140
352244
352663
352807
352915
353228
353361
353460
353574
353670
353729
353920
354006
354072
354162
354342
354696
355658
355833
355976
356043
356264
356706
356805
356924
356986
357140
357303
357428
357593
357718
357854
358123
358266
358360
358662
358903
359433
359535
359620
359739
359844
359979
360096
360197
360447
360910
361011
361341
361421
361576
361667
361759
361848
361997
362068
362189
362323
362624
362709
362790
362882
363006
363148
363232
363602
363751
363870
364016
364087
364201
364290
364408
364796
364947
365044
365165
365297
365647
365737
365845
365957
366055
366168
366248
366500
366576
366662
366801
366870
366979
367102
367228
367322
367566
367665
367757
367865
367977
368112
368192
368316
368432
368699
368829
368966
369084
369178
369296
369405
369497
369595
369888
370149
370262
370481
370817
370945
371049
371171
371313
371439
371538
371685
371753
371844
371967
372066
372171
372263
372669
372768
372861
372945
373208
373461
373547
373656
373788
373884
374017
374103
374191
374290
374446
374530
374722
374862
375450
375587
375930
376356
376488
376621
376782
376874
377021
377360
377478
377610
377841
378070
378606
378687
378798
378905
379039
379147
379262
379391
379729
379900
380035
380304
380459
380554
380692
381042
381267
381393
381498
381641
381755
381881
382179
382346
382449
382746
383053
383183
383518
383971
384128
384359
384656
384742
384876
385023
385137
385194
385442
385523
385696
386290
386485
386921
387141
387304
387536
387694
387854
387935
388063
388162
388312
388461
388673
388824
388965
389168
389330
389435
389715
389860
390246
390349
390527
390651
390757
391204
391378
391721
391881
392021
392191
392481
392599
392729
392877
393148
393264
393414
393518
393780
393924
394065
394387
394521
394618
394927
395071
395214
395382
395779
395874
396002
396221
396362
396426
396560
396711
396827
397033
397098
397318
397462
397536
397780
397852
397950
398055
398146
398249
398402
398654
398786
399121
399190
399317
399585
399731
399851
399962
400062
400150
400262
400372
400442
400692
400825
400939
401082
401179
401445
401524
401614
401864
401930
402041
402140
402233
402334
402470
402540
402624
402767
403079
403416
403653
403781
403899
403995
404400
404659
404948
405233
405349
405473
405605
405692
405953
406177
406318
406550
406663
406783
406924
407018
407308
407408
407530
407607
407899
408169
408907
409497
409577
410702
410778
411038
411469
411756
412130
412281
412429
412534
412697
412782
412900
413284
413421
413488
413776
413909
414218
414398
414508
414617
414779
415046
415133
415249
415479
415588
415661
415932
416076
416219
416357
416432
417159
417263
417400
417549
417739
417831
417990
418096
418203
418321
418621
418857
418978
419080
419202
419342
419428
419513
419663
419762
420036
420306
420395
420531
420628
420690
420816
421060
421183
421428
421535
421608
421728
421816
421910
422010
422105
422546
422641
422787
422923
423063
423370
423437
423893
424134
424217
424349
424484
425030
425291
425422
425524
425867
425998
426111
426395
426878
427237
427418
427957
428268
428349
428489
428670
429447
429730
429838
430072
430591
430709
430811
430974
431098
431246
431318
431475
431643
431790
432102
432237
432398
432462
432594
432709
432857
433011
433158
433295
433762
433875
434037
434338
434442
434527
434645
434761
434866
435131
435199
435281
435507
435618
435728
436050
436133
436200
436346
436442
436539
436667
437400
437479
437554
438294
438441
438552
438800
438934
439023
439420
439513
439592
439688
439810
440147
440395
440539
440652
440740
440817
440966
441032
441126
441510
441591
441744
441879
442217
442474
442587
442672
442785
442897
443005
443148
443359
443479
443661
443756
443981
444246
444391
444454
444525
445021
445642
445854
445943
446038
446381
446448
446633
447194
447278
447415
447499
447879
448108
448272
448359
448499
448756
448905
448981
449132
449325
449416
449503
449769
449983
450091
450195
450280
450423
450496
450621
450745
450812
450940
451030
451158
451249
451353
451488
451599
451700
452258
452358
452470
452569
452713
452899
453021
453143
453287
453393
453471
453586
453705
453829
453935
454172
454579
454690
454919
455061
455194
455632
455772
456012
456119
456237
456360
456678
456807
456906
457006
457094
457209
457320
457438
457726
457815
458049
458187
458686
458937
459211
459476
459605
459711
459813
459938
460178
460280
460370
460448
460699
460762
460995
461491
461794
461921
462036
462150
462332
462440
462554
462732
462877
463025
463157
463301
463373
463535
463635
463735
463857
463975
464117
464208
464318
464587
464720
464861
465119
465246
465339
465476
465658
465825
465913
466175
466245
466379
466523
466674
466814
466910
467176
467281
467389
467509
467633
467915
468085
468508
468607
468703
468858
468985
469098
469184
469261
469361
469472
469691
469847
470261
470368
471018
471126
471249
471542
471705
471940
472073
472148
472239
472346
472533
472909
473023
473119
473230
473374
473466
473542
473667
473791
473906
474048
474156
474284
474388
474514
474610
474739
474936
475065
475188
475330
475503
475620
475710
475819
475962
476013
476150
476409
476554
476672
476767
476921
477017
477188
477307
477454
477542
477633
477769
478027
478152
478296
478410
478715
478855
478943
479230
479284
479667
479758
479841
479996
480174
480261
480385
480491
480590
480695
481123
481239
481367
481462
481595
481712
481818
481883
482003
482247
482414
482525
482700
482824
482920
483036
483113
483214
483319
483428
483546
483631
483772
483871
483973
484092
484396
484523
484648
484754
484906
485028
485125
485261
485400
485532
485607
485843
485970
486040
486192
486474
486578
486681
486917
487033
487126
487270
487410
487486
487646
487762
487868
487995
488093
488196
488302
488409
488642
488859
488977
489117
489243
489534
489598
489721
489856
489953
490087
490240
490384
490659
490762
491063
491199
491382
491585
491884
491976
492088
492216
492312
492403
492527
492649
492750
492873
492986
493110
493232
493336
493476
493606
493751
493885
494012
494145
494260
494382
494520
494668
494768
494907
495198
495329
495469
495782
495895
495971
496134
496243
496333
496543
496612
496726
496822
496960
497076
497157
497281
497424
497668
497867
498101
498209
498329
498421
498510
498619
498773
498882
498997
499096
499227
499369
499493
499598
499734
499881
500029
500153
500256
500375
500500
500629
500908
501144
501265
501385
501661
501745
501883
501952
502071
502182
502262
502394
502515
502575
502810
502981
503110
503346
503499
503646
503730
503973
504083
504149
504258
504423
504663
504767
504850
504981
505098
505492
505627
505744
505906
506010
506127
506278
506415
506484
506607
506738
506865
506998
507088
507259
507372
507506
507703
507799
507911
508031
508300
508468
508591
508637
508741
508805
508991
509161
509330
509422
509545
509673
509762
509896
509988
510114
510252
510486
510610
510773
510900
511024
511161
511385
511527
511625
511764
511872
512001
512248
512362
512517
512672
512823
512897
513039
513210
513310
513414
513645
513908
513988
514099
514234
514324
514426
514520
514630
514745
514822
515075
515384
515646
515749
515896
516034
516082
516264
516300
516382
516543
516756
517356
517439
517749
517876
518179
518302
518938
519184
519297
519418
519483
519640
519760
520050
520211
520313
520403
520835
520965
521054
521127
521268
521363
521478
521571
521701
522079
522210
522313
522409
522538
522787
522922
523056
523342
523548
523683
523921
524091
524206
524373
524503
524617
524728
525008
525145
525273
525353
525446
525546
525687
525987
526145
526244
526378
526626
526759
526909
527007
527176
527299
527420
527648
527764
527866
528191
528318
528453
528624
529084
529380
529799
529947
530075
530182
530268
530393
530482
530568
530701
530957
531172
531472
531586
531740
531825
531956
532073
532193
532277
532622
532735
533159
533245
533361
533519
533639
533802
534079
534185
534335
534451
534588
534695
534799
534914
535034
535155
535419
535530
535762
535989
536139
536285
536693
536828
536966
537083
537204
537313
537561
537682
537949
538101
538374
538926
539320
539980
540458
540575
540778
541000
541181
541292
541475
541595
541756
541842
541977
542166
542655
543147
543257
543371
543483
543765
543853
543974
544161
544305
544496
544635
544793
544871
544944
545059
545185
545538
545810
546001
546366
546505
546676
546779
547009
547175
547297
547556
547657
547802
547963
548253
548540
548632
548782
549045
549178
549444
549532
549658
549824
549918
550283
550402
550483
550586
550714
550883
551026
551148
551257
551385
551633
551751
551866
551951
552070
552335
552469
552594
552718
553030
553125
553250
553377
553500
553598
554064
554200
554268
554355
554474
554576
554682
555070
555209
555338
555451
555751
555908
556008
556155
556300
556477
556632
556760
556845
557125
557493
557627
557704
557796
557939
558041
558178
558300
558415
558526
558683
558785
559000
559088
559231
559588
559773
559951
560202
560354
560528
560723
560832
560927
561074
561180
561316
561425
561777
561881
561984
562067
562206
562358
562442
562569
562753
563013
563136
563192
563301
563436
563553
563693
563842
563987
564246
564363
564731
564890
565001
565145
565276
565411
565660
565775
565868
565975
566085
566378
566846
566958
567082
567226
567355
567626
567762
567857
568128
568275
568582
568702
568832
568931
568955
569057
569218
569492
569579
569991
570226
570581
570705
570842
570964
571062
571323
571449
571493
571569
571634
571680
571744
571847
572036
572221
572296
572478
572650
572793
572943
573044
573139
573540
573624
574027
574127
574394
574553
574746
574837
575098
575237
575361
575466
575619
575762
575852
575961
576080
576204
576367
576490
576584
576715
576816
576926
577020
577145
577491
577602
577683
577829
578068
578264
578393
578517
578660
578805
578893
578974
579530
579655
579755
579826
579962
580079
580200
580311
580410
580505
580614
580709
580833
580928
580991
581093
581255
581352
581466
581581
581695
581806
581942
582055
582203
582355
582559
582669
582739
583007
583095
583204
583314
583411
583542
583621
583763
583835
584076
584218
584349
584477
584591
584718
585283
585382
585513
585680
585785
586046
586181
586256
586363
586496
586639
586770
587068
587185
587255
587339
587439
587545
587629
587786
587914
588160
588401
588493
588625
588738
588862
589003
589276
589501
589580
589688
589820
589903
590012
590086
590210
590274
590379
590468
590572
590671
590787
590915
590995
591135
591237
591347
591470
591594
591684
591918
592203
592304
592396
592612
592734
592870
593095
593406
593808
594069
594195
594290
594555
594666
594945
595027
595169
595291
595425
595553
595664
595874
595966
596055
596352
596518
596645
596729
597088
597214
597446
597549
597629
597831
598087
598318
598404
598611
598727
598839
598999
599112
599231
599350
599489
599560
599666
599750
599875
599962
600093
600153
600250
600372
600485
600617
600733
600844
601097
601234
601474
601598
601740
601841
601939
602025
602102
602215
602344
602439
602517
602650
602721
602858
602976
603089
603174
603324
603413
603527
603623
603748
603887
604001
604327
604425
604524
604756
604872
604944
605029
605146
605276
605328
605447
605570
605725
605834
605986
606114
606191
606296
606387
606610
606728
606807
606933
607024
607173
607272
607548
607677
607936
608068
608554
608694
608795
608926
608985
609067
609153
609295
609390
609544
609628
609820
609965
610229
610322
610431
610535
610718
610868
610950
611108
611212
611338
611452
611552
611714
612159
612279
612376
612692
612938
613073
613179
613296
613389
613658
613792
613894
614026
614149
614290
614403
614494
614601
614723
614854
614932
615022
615154
615280
615610
615737
615830
615951
616045
616183
616622
616774
616902
617071
617202
617350
617428
617538
617610
617889
618014
618164
618312
618421
618713
618812
619088
619179
619321
619497
619950
620054
620118
620259
620356
620444
620594
620835
620948
621073
621184
621337
621386
621494
621733
621966
622094
622310
622475
622603
622714
622798
622925
623035
623164
623294
623393
623494
623607
623749
623859
623960
624081
624229
624366
624489
624615
624674
624776
624915
625049
625181
625247
625342
625404
625521
625616
625685
625804
626138
626567
626677
626767
626907
626977
627045
627195
627303
627390
627549
627641
627780
628018
628418
628522
628607
628702
628980
629063
629188
629431
629561
629648
630012
630139
630437
630542
630715
630839
631098
631207
631343
631571
631694
631821
632066
632148
632248
632341
632447
632545
632659
632779
632883
632968
633091
633188
633370
633601
633688
633827
633953
634203
634329
634440
634541
634670
634767
634911
635136
635243
635425
635683
635826
635921
636054
636209
636336
636424
636539
636996
637133
637255
637510
637648
637818
637888
637975
638092
638532
638641
638757
638917
639186
639242
639376
639485
639617
639722
639868
639960
640050
640191
640285
640429
640515
640932
641219
641346
641442
641583
641853
641987
642126
642392
642533
642671
642930
643235
643362
643636
643757
643888
644000
644286
644528
644676
644775
644894
645042
645177
645303
645395
645486
645610
645696
645747
645800
646446
646908
646968
647366
647648
647817
647975
648134
648253
648400
648743
648867
648992
649120
649412
649566
649681
650058
650172
650313
650651
650803
650944
651027
651127
651240
651389
651489
651622
651789
651910
651989
652140
652302
652595
652731
652870
653238
653324
653438
653581
653697
653833
653934
654068
654208
654468
654563
654811
654971
655259
655434
655556
655649
655808
656083
656236
656336
656448
656605
656715
656841
656962
657105
657209
657499
657701
658058
659431
659514
659842
659944
660046
660175
660346
660519
660657
660794
660968
661052
661156
661738
662116
662647
662744
662848
663036
663160
663300
663451
663564
663673
663806
663943
664595
664890
665052
665139
665425
665541
665641
665744
665856
666066
666198
666342
666482
666588
666679
666757
667038
667496
667626
667739
667884
668030
668165
668297
668428
668535
668671
668793
668900
669018
669409
669509
669677
669807
669922
670040
670185
670339
670432
670599
670724
670861
671316
671460
671734
671835
671944
672043
672164
672315
672426
672563
672685
672832
672962
673045
673141
673251
673527
673597
673708
673790
674020
674119
674362
674472
674921
675049
675358
675439
675619
675714
675831
675965
676064
676174
676292
676543
676645
676770
676840
676964
677054
677158
677296
677384
677502
677660
677804
677922
678374
678528
678603
678734
678849
678963
679100
679212
679357
679486
679635
679790
680052
680155
680238
680369
680486
680580
680749
680825
680964
681081
681203
681305
681430
681535
681647
681769
681871
681975
682087
682173
682295
682419
682560
682648
682779
682922
683044
683146
683262
683349
683456
683563
683657
683792
683922
684082
684166
684257
684371
684447
684550
684625
684711
684799
684952
685045
685201
685250
685361
685511
685621
685744
685818
685917
686085
686183
686301
686406
686557
686702
687049
687180
687311
687657
687773
687903
688003
688164
688283
688375
688751
688871
688955
689071
689179
689297
689402
689528
689657
689802
689912
690032
690158
690250
690386
690535
690633
690739
690840
690972
691091
691177
691299
691396
691516
691607
691714
691892
692127
692567
692723
692842
693071
693190
693298
693528
693651
693792
693864
693983
694187
694455
694556
694661
694823
694939
695050
695188
695451
695585
695683
695823
695977
696068
696217
696361
696661
696786
696927
697099
697198
697350
697457
697607
697711
697814
698098
698202
698322
698461
698556
698698
698799
698942
699050
699150
699268
699354
699442
699551
699852
699931
700071
700185
700300
700406
700521
700579
700684
700954
701067
701230
701349
701446
701519
701659
701811
701931
702061
702232
702339
702459
702552
702646
702758
702823
702951
703135
703219
703364
703489
703571
703864
703996
704114
704224
704343
704460
704529
704600
704694
704831
704903
705020
705084
705161
705228
705412
705540
705831
705999
706092
706213
706510
706634
706751
706884
706951
707250
707504
707630
707750
707878
707962
708075
708137
708243
708342
708609
708759
708906
709040
709129
709272
709378
709577
709851
709963
710101
710247
710398
710508
710665
710799
710928
711029
711169
711301
711477
711646
711775
711875
711978
712117
712193
712322
712617
712726
712819
712971
713272
713497
713770
713858
713986
714091
714214
714350
714462
714581
714700
714784
714934
715087
715172
715335
715446
715532
715677
715808
716097
716188
716351
716532
716698
716783
716889
716991
717178
717257
717516
717683
717825
718141
718250
718366
718628
718715
718917
719019
719148
719288
719411
719517
719611
719740
719880
720013
720096
720203
720288
720373
720714
720881
720983
721102
721178
721305
721397
721493
721801
721928
722017
722092
722234
722320
722416
722868
723115
723230
723314
723577
723688
723829
723943
724119
724253
724349
724492
724675
724900
725059
725166
725305
725453
725546
725654
725887
726062
726166
726298
726414
726502
726599
726867
726986
727252
727365
727470
727712
727998
728107
728264
728395
728523
728719
728810
728887
729031
729147
729300
729407
729515
729606
729724
729994
730121
730213
730305
730479
730564
730677
730794
730907
731248
731320
731422
731676
731950
732062
732176
732264
732375
732444
732581
732701
732834
732949
733171
733332
733409
733622
733710
733768
733850
733902
734043
734221
734275
734440
734596
734681
734737
734823
734936
735070
735222
735377
735452
735634
735779
735855
736032
736660
737014
737102
737226
737519
737634
737741
737840
737946
738089
738217
738279
738428
738572
738663
738791
738926
739043
739448
739569
739733
739825
740080
740232
740387
740664
740801
740962
741079
741337
741443
741591
741710
741841
741939
742095
742216
742348
742482
742661
742875
742967
743114
743232
743373
743504
743628
743772
743892
744043
744147
744494
744653
744824
744955
745061
745224
745314
745461
745593
745745
745852
745977
746284
746359
746526
746655
746793
746891
747007
747258
747388
747492
747628
747914
748007
748136
748215
748536
748649
748795
748906
749006
749295
749419
749527
749567
749643
749766
749888
749971
750033
750359
750447
750544
750636
750725
750988
751343
751447
751541
751647
751935
752017
752472
752614
752722
752815
752929
753052
753183
753305
753447
753560
753716
753837
753951
754245
754383
754685
754814
754948
755048
755164
755258
755391
755482
755599
755722
755836
756239
756351
756487
756591
756839
756948
757090
757197
757311
757448
757570
757735
758051
758156
758253
758419
758559
758794
758901
759049
759194
759343
759417
759596
759721
759835
759943
760047
760156
760251
760353
760452
760589
760711
761152
761316
761422
761543
761636
761768
761871
762104
762238
762336
762425
762711
762801
762928
763020
763105
763249
763344
763447
763576
763699
763851
763974
764093
764344
764486
764599
765038
765156
765284
765432
765621
765729
765897
766000
766125
766242
766435
766540
766651
766804
766931
767057
767154
767282
767394
767548
767640
767750
768116
768247
768385
768440
768768
768923
769006
769128
769241
769354
769476
769601
769730
769939
770073
770184
770310
770654
770787
770909
771134
771241
771394
771476
771557
771680
771975
772102
772232
772328
772448
772582
772680
772997
773107
773329
773446
773560
773669
773851
774120
774299
774434
774540
774681
774779
774836
774942
775122
775758
776143
776274
776458
776615
776715
776958
777056
777187
777429
777832
777908
778176
778233
778473
778755
778896
779019
779151
779514
779578
779695
779821
780178
780565
780976
781585
781861
782233
782337
782519
782730
782977
783068
783148
783441
783537
783667
783744
783991
784093
784290
784344
784434
784593
784669
784735
784827
785854
786040
786107
786702
786908
787226
787410
787499
787668
787825
787989
788381
788540
788748
788892
789376
789626
789812
789914
790136
790273
790430
790801
790945
791135
791247
791417
791537
791641
791783
792041
792397
792529
792661
792810
792908
793043
793291
793414
793563
793639
793806
794024
794223
794368
794586
794774
794889
795054
795194
795399
795524
795668
795837
795970
796086
796170
796293
796422
796550
796698
796818
796898
797006
797101
797207
797340
797432
797554
797718
797873
797958
798104
798218
798354
798475
798588
798700
798855
798951
799077
799242
799378
799474
799586
799701
799829
799955
800096
800205
800314
800586
800786
801032
801154
801280
801375
801541
801662
801787
801906
802045
802162
802292
802349
802440
802532
802668
802831
802940
803035
803173
803255
803350
803543
803680
803965
804109
804244
804496
804593
804713
804855
805025
805142
805277
805386
805490
805600
805729
805885
805971
806085
806211
806338
806557
806832
806948
807063
807158
807267
807354
807466
807591
807860
807952
808040
808193
808286
808416
808526
808689
808804
809008
809119
809283
809535
809678
809794
809881
810045
810115
810353
810465
810729
810846
811002
811107
811225
811323
811420
811498
811619
811770
811862
811981
812098
812230
812343
812475
812563
812717
812841
812932
813066
813179
813285
813363
813466
813555
813648
813772
813893
813990
814098
814247
814353
814452
814564
814690
814796
814907
815038
815153
815300
815432
815543
815691
815778
815878
815994
816105
816191
816298
816591
816713
816798
816910
817031
817156
817266
817352
817485
817593
817680
817815
817934
818048
818211
818291
818428
818533
818611
818733
818846
818934
819012
819160
819293
819418
819503
819596
819766
819917
820021
820124
820246
820316
820414
820509
820615
820683
820819
820881
820936
821012
821118
821225
821357
821416
821507
821568
821657
821738
821803
821906
822000
822105
822206
822298
822446
822537
822671
822812
822933
823040
823147
823241
823359
823467
823629
823734
823862
823953
824113
824196
824328
824408
824571
824683
824789
824871
825007
825146
825293
825434
825587
825672
825786
825880
826059
826178
826289
826428
826557
826665
826819
826912
827020
827136
827230
827369
827494
827618
827765
827906
828016
828263
828373
828503
828571
828695
828810
828914
829056
829195
829316
829433
829531
829639
829748
829850
829945
830092
830243
830356
830469
830560
830684
830836
830983
831119
831200
831312
831435
831568
831673
831761
831887
831957
832098
832206
832321
832437
832577
832665
832816
832904
833016
833165
833287
833440
833552
833698
833809
833918
834031
834155
834334
834461
834544
834618
834688
834741
834879
834937
835058
835232
835340
835442
835543
835687
835767
835854
835931
836034
836138
836263
836357
836461
836599
836689
836784
836831
836931
837027
837104
837170
837299
837419
837495
837542
837678
837763
837872
838005
838088
838335
838378
838456
838579
838646
838900
838924
839000
839158
839441
839655
839737
839863
840024
840295
840379
840543
840706
840856
840995
841143
841248
841326
841424
841709
841804
842026
842175
842288
842447
842609
842681
842820
842932
843057
843184
843275
843352
