34
83
206
271
341
563
779
856
947
1137
1462
1613
1678
1725
1837
1885
1962
1974
2273
2321
2383
2431
2499
2615
2887
2963
3124
3448
3529
3697
3759
4287
4343
4470
4518
4592
4863
4923
5000
5091
5168
5259
5437
5673
6097
6168
6258
6305
6479
6688
6838
7030
7109
7214
7364
7412
7914
8031
8107
8219
8374
8509
8554
8620
8717
8800
9181
9414
9476
9523
9570
9683
9815
9924
10012
10059
10223
10412
10464
10607
10694
10781
10827
10885
10942
10964
11033
11243
11373
11433
11481
11594
11863
12010
12179
12236
12327
12408
12460
12502
12721
12776
12831
13125
13543
13623
13700
13749
13872
13936
13958
14046
14093
14139
14327
14381
14683
15273
15317
15391
15631
15715
15920
16009
16199
16330
16387
16463
16893
16978
17038
17090
17229
17365
17497
17537
17859
18001
18246
18309
18390
18455
18582
18908
18975
19078
19267
19363
19679
19799
19850
20125
20323
20552
20600
20757
20889
21096
21166
21262
21308
21370
21607
21668
22000
22084
22163
22339
22597
22872
22999
23083
23219
23398
23487
23625
24109
24167
24242
24385
24513
24573
24712
24755
24901
25074
25124
25216
25297
25398
25441
25493
25538
25577
25675
25787
25808
25930
26228
26851
26901
27304
27533
27762
28063
28135
28283
28360
28556
28725
28816
28977
29391
29503
29686
30139
30185
30239
30874
30921
31018
31058
31184
31477
32237
32356
32438
32566
32713
32829
33001
33124
33172
33213
33268
33477
33866
33942
34031
34101
34196
34220
34273
34629
35220
35379
35607
35660
35759
36027
36092
36205
36280
36360
36590
36839
36891
37065
37144
37255
37394
37571
37773
37870
37936
37993
38154
38464
38528
38645
38699
38768
38881
38923
39137
39695
39787
39929
40049
40122
40233
40376
40944
41436
41541
41674
41720
42286
42335
42421
42432
42617
43001
43091
43167
43225
43283
43393
43508
43559
43614
43772
44085
44600
44749
44810
44852
44914
45386
45443
45731
45991
46417
46518
46581
46685
46721
46966
47075
47095
47148
47379
47568
47793
47879
47954
47991
48485
48792
48836
48937
49089
49422
49471
49521
49596
49649
49719
49782
49854
49951
50179
50260
50320
50363
50437
50667
50731
50937
51209
51267
51320
51889
51990
52198
52674
52908
52975
53150
53323
53382
53428
53483
53541
53977
54078
54227
54295
54479
54576
54739
54843
55094
55193
55619
55992
56116
56420
56459
56587
56659
57175
57669
57947
58270
58315
58443
59150
59230
59538
59803
59915
60264
60576
60755
61285
61373
61527
61619
62546
62661
62847
62895
62983
63043
63094
63191
63354
63537
63631
63744
63945
64006
64203
64517
64580
64755
64807
64873
64929
65130
65264
65486
65530
65571
65887
65946
66114
66175
66218
66745
66876
66994
67047
67088
67133
67222
67622
67759
67831
67910
68001
68073
68685
68737
68867
69006
69132
69273
69357
69427
69659
69913
70172
70232
70346
70414
70563
70791
70877
70963
71052
71107
71232
71390
71457
71515
71800
71868
71934
71990
72043
72197
72288
72318
72390
72439
72536
72659
72880
74085
74201
74298
74386
74699
74885
75235
75614
75663
75713
75900
75990
76045
76096
76151
76540
76663
76799
76833
76925
76980
77051
77061
77123
77199
77298
77339
77685
77734
78039
78422
78468
78512
78561
78623
78779
79068
79336
79435
79593
79951
80053
80108
80673
80745
80792
80856
80974
81570
81719
81814
81881
82113
82204
82363
82681
82720
82779
83274
83405
83469
83565
83661
83672
83845
83921
83981
84051
84101
84188
84271
84294
84447
84507
84729
84755
84812
84968
85208
85501
85573
85677
85722
85799
86033
86140
86277
86491
86558
86620
86749
86855
86999
87217
87277
87383
87443
87791
87901
87949
88214
88727
88785
88912
89008
89516
89655
89779
90163
90250
90507
90629
90886
90979
91147
91286
91405
91461
91613
91703
91752
91871
91935
91998
92056
92125
92186
92470
92526
92625
92902
92925
92959
93009
93061
93278
93367
93490
93543
93841
94299
94511
94577
94650
94691
94795
95075
95117
95200
95252
95343
95414
95447
95473
95539
95594
95644
95767
95858
96095
96461
96507
96560
96666
96707
96742
96801
97025
97073
97120
97184
97231
97411
97461
97513
97549
97602
97665
97739
97840
97889
98039
98088
98135
98187
98244
98389
98503
98557
98801
98911
98965
99012
99070
99094
99151
99293
99478
99673
99764
99938
99978
100288
100419
100676
101149
101205
101405
101571
101817
101939
102014
102425
102547
102594
102716
102782
102931
103011
103470
103580
103667
103800
103885
104235
104453
104743
105329
105520
105601
105698
105745
105869
105939
106007
106225
106353
106476
106609
106726
106761
106801
106963
107069
107096
107164
107482
107732
108013
108075
108224
108258
108276
108330
108672
108731
108873
108937
109287
109453
109664
110248
110534
111094
111150
111234
111286
111337
111385
111408
111592
111690
111884
111916
111990
112047
112106
112516
112569
113275
113328
113363
113375
113409
113507
113539
113584
113953
114242
114309
114487
114753
114963
115184
115234
115255
115314
115596
115723
115877
116003
116862
116950
117175
117382
117536
117633
117780
118052
118189
118440
118515
118617
118727
118826
118995
119052
119201
119243
119290
119343
119397
119652
119780
119879
120007
120119
120820
121295
121357
121412
121464
121503
121576
121612
121759
121800
121845
122025
122082
122190
122241
122417
122472
122820
122992
123465
123954
124011
124229
124291
124390
124475
124564
124615
124769
124831
124889
125013
125100
125263
125563
125669
125764
125969
126367
126751
126811
126877
126982
127087
127203
127309
127776
127872
128244
128624
128660
128803
128857
128881
128963
128991
129075
129141
129317
129397
129485
129521
129622
129713
129758
129809
129871
130038
130117
130210
130257
130377
130552
130880
130969
131058
131093
131132
131817
132187
132426
132581
132807
132888
133069
133147
133272
133325
133639
133760
134157
134407
134568
134884
135105
135336
135395
135520
135804
136092
136234
136631
136767
136869
137093
137285
137460
137510
137723
137929
137975
138082
138138
138237
138279
138329
138393
138415
138474
138699
138807
138824
138851
138897
138938
139034
139078
139204
139257
139299
139345
139387
139519
139620
139863
140030
140183
140265
140519
140573
140618
140653
140701
140743
140788
140902
140945
141033
141199
141254
141311
141416
141471
141575
141638
141741
141861
141956
142000
142046
142142
142286
142434
142615
142705
142768
142927
143161
143722
143760
143921
144032
144083
144153
144229
144426
144772
145094
145161
145208
145301
145391
145445
145505
145563
145680
145751
145804
145957
146033
146102
146197
146356
146416
146925
147456
148129
148206
148250
148331
148362
148376
148420
148460
148490
148610
148653
148705
148780
148927
148980
149165
149632
149749
149855
149991
150147
150243
150464
150523
150676
150861
150984
151037
151210
151327
151616
151708
152354
152432
152684
152734
152873
152920
153184
153528
153601
153648
153760
153823
153968
154034
154103
154351
154435
154517
154645
154765
155003
155145
155362
155544
155625
155824
155977
156077
156333
156427
156577
156828
156938
157076
157216
157257
157347
157420
157487
157584
157652
157798
157826
157901
157951
158137
158192
158235
158306
158345
158436
158634
158757
159029
159096
159329
159472
159558
159647
159810
159942
159979
160043
160099
160267
160293
160338
160401
160460
160504
160711
160761
160896
160947
161037
161234
161403
161507
161739
161834
161996
162059
162181
162227
162283
162324
162339
162465
162513
162555
162609
162693
162751
162790
162855
162915
162980
163103
163231
163267
163347
163489
163524
163559
163640
163678
163716
163809
163895
163944
164040
164089
164131
164251
164273
164464
164532
164552
164789
164921
164963
165223
165298
165344
165397
165442
165494
165531
165576
165630
165660
165697
165862
165907
165964
166001
166115
166172
166291
166501
166554
166632
166676
166789
166820
166974
167086
167144
167183
167228
167267
167370
167422
167462
167510
167556
167630
167671
167792
167848
167896
167933
167991
168058
168121
168191
168244
168350
168448
168603
168661
168719
168765
168804
168846
168899
168949
168995
169059
169121
169164
169202
169277
169314
169365
169407
169608
169721
170179
170550
170625
170721
170897
171009
171067
171183
171291
171437
171488
171577
171877
171981
172451
172657
172687
172845
172943
173037
173217
173296
173346
173393
173485
173566
173610
173818
173879
173943
174003
174097
174148
174211
174281
174341
174381
174433
174476
174664
174783
174835
174918
175127
175158
175404
175519
175597
175829
175876
175939
175979
176028
176088
176163
176211
176276
176469
176523
176571
176625
176722
176757
176804
176851
176864
177026
177097
177148
177491
177544
177627
177837
177885
178081
178125
178177
178196
178292
178420
178483
178518
178592
178646
178712
178780
178913
179009
179138
179188
179238
179296
179342
179504
179927
180033
180100
180255
180381
180454
180547
180667
180752
180805
180877
181004
181089
181131
181171
181275
181345
181425
181501
181565
181722
181946
182124
182213
182331
182369
182473
182577
182654
182749
182941
183059
183111
183197
183247
183307
183357
183407
183475
183594
183654
183694
183751
183795
184039
184179
184510
184648
184869
184949
185122
185359
185390
185533
185591
185735
185819
185884
186103
186153
186240
186376
186469
186524
186575
186694
186812
186856
186907
186948
187045
187090
187148
187202
187383
187459
187561
187670
187721
187859
187925
188007
188113
188196
188256
188390
188435
188617
188685
188782
188913
188976
189039
189099
189161
189230
189284
189347
189390
189442
189552
189719
189827
189922
190026
190129
190176
190258
190297
190336
190625
190675
190739
190789
190843
191071
191218
191269
191315
191370
191429
191482
191542
191745
191793
191869
191941
192149
192161
192214
192260
192382
192457
192518
192728
192787
192865
192947
193083
193213
193313
193366
193417
193638
193726
193948
194105
194174
194218
194353
194475
194712
194778
194902
194935
195116
195201
195263
195313
195374
195483
195552
195651
195736
195782
195837
196023
196083
196163
196302
196625
196666
196716
196814
196877
196919
196964
197015
197060
197154
197199
197270
197375
197444
197486
197629
197666
197711
197742
197771
197947
198104
198184
198435
198491
198805
199096
199160
199346
199416
199474
199519
199565
199635
199671
199757
199898
200009
200077
200123
200160
200203
200259
200363
200439
200665
200842
200887
201036
201146
201188
201249
201284
201358
201453
201583
201688
201759
202015
202060
202126
202182
202264
202340
202462
202908
202973
203263
203491
203582
203679
203998
204111
204235
204303
204486
204573
204616
204937
205025
205093
205127
205202
205310
205458
205747
205865
206060
206129
206234
206323
206408
206472
206552
206779
207005
207095
207237
207306
207383
207452
207607
207679
207779
207848
207893
207964
208052
208109
208270
208497
208609
208866
209065
209114
209193
209518
209796
209963
210172
210368
210449
210522
210558
210615
210671
210791
210892
210955
211081
211205
211312
211391
211493
211682
211809
211859
211917
212013
212196
212555
212631
212809
212894
212990
213085
213221
213276
213379
213623
213748
213797
213883
213953
214007
214103
214202
214244
214310
214332
214397
214536
214585
214657
214749
215079
215631
215694
215836
216310
216359
216436
216503
216583
216655
216710
216764
216822
216957
217076
217198
217343
217401
217497
217663
217817
217880
218039
218090
218147
218239
218364
218492
218614
218687
218754
218815
218931
219031
219082
219138
219211
219277
219651
219889
220067
220120
220211
220370
220456
220543
220669
220813
220871
220949
220997
221070
221137
221208
221288
221343
221381
221427
221475
221519
221569
221695
221799
222176
222383
222482
222738
222864
223063
223181
223273
223405
223472
223555
223656
223807
223867
223891
223946
223989
224022
224100
224167
224259
224316
224435
224481
224532
224587
224709
224907
224946
225145
225195
225239
225349
225387
225449
225505
225641
225662
225794
225901
225993
226061
226126
226185
226342
226396
226613
226682
226746
226891
226949
227019
227083
227173
227275
227345
227405
227536
227590
227634
227871
228049
228107
228171
228213
228267
228306
228353
228427
228479
228536
228696
228749
228828
228949
229049
229081
229103
229181
229273
229319
229373
229511
229623
229688
229847
229903
229999
230128
230232
230322
230525
230579
230773
230891
231001
231079
231266
231405
231464
231595
231665
231823
231871
232009
232110
232205
232368
232512
232886
232984
233110
233356
233483
233637
233732
233861
233923
234035
234075
234123
234189
234403
234480
234532
234590
234633
234707
234747
234788
234959
235003
235156
235317
235386
235477
235598
235655
235750
235926
236163
236357
236559
236717
236967
237073
237195
237239
237295
237557
237630
237765
237913
237965
238028
238115
238199
238266
238321
238389
238468
238569
238620
238665
238857
239020
239301
239359
239735
239925
240295
240442
240737
240947
241068
241141
241233
241461
241518
241580
241717
241776
241901
242382
242443
242639
242811
242861
243048
243098
243405
243587
243873
243996
244191
244307
244428
244543
244595
244695
244837
244922
245079
245267
245538
245777
245941
246107
246185
246448
246521
246613
246678
246799
246845
246890
246981
247044
247211
247287
247342
247633
247819
247901
247955
248229
248350
248757
248832
249006
249242
249318
249391
249750
249903
249950
250059
250158
250212
250370
250427
250487
250632
250801
251025
251077
251128
251597
251917
252429
252621
252894
253029
253173
253346
253425
253514
253629
253773
254044
254108
254299
254423
254482
254545
254701
254821
255554
255859
256088
256167
256378
256549
256692
256797
256969
257147
257211
257287
257385
257415
257509
257734
257824
257888
258069
258088
258255
258306
258353
258429
258497
258613
258632
258661
258769
258824
258894
258955
259011
259123
259168
259283
259405
259683
259867
259975
260102
260169
260244
260471
260583
260839
261175
261398
261448
261474
261581
261661
261709
261745
261783
261822
261877
261952
262061
262212
262251
262481
262605
262715
262813
263015
263056
263180
263237
263404
263460
263567
263663
263749
263816
263848
264056
264133
264300
264342
264484
264523
264727
264812
264874
264970
265033
265118
265169
265246
265312
265377
265483
265649
265687
265731
265873
265987
266005
266101
266322
266375
266473
266549
266589
266630
266839
266924
267086
267212
267515
267584
267639
267766
268005
268074
268119
268159
268281
268358
268423
268489
268639
268770
268825
268938
269131
269183
269233
269279
269303
269373
269413
269453
269563
269626
269693
269779
269863
269935
270061
270115
270716
270783
270929
270977
271041
271101
271167
271309
271351
271437
271563
271670
271812
271862
271916
271993
272107
272193
272356
272407
272475
272585
272636
272826
272875
273024
273111
273215
273329
273383
273445
273484
273551
273701
273772
273842
273900
273945
274117
274379
274432
274615
274634
274711
274740
274792
274922
275017
275068
275169
275270
275384
275432
275504
275604
275752
275802
275876
275950
276004
276099
276133
276214
276294
276340
276559
276601
276636
276702
276742
276937
276978
277190
277287
277361
277489
277615
277692
277771
277883
277951
278031
278082
278142
278191
278336
278417
278556
278781
278840
278943
279036
279094
279138
279244
279367
279473
279533
279683
279753
279767
279827
279890
280102
280284
280401
280530
280581
280641
280807
280847
280905
280925
281013
281100
281143
281270
281370
281482
281723
281883
281904
282216
282280
282333
282388
282445
282499
282604
282669
282806
282917
283035
283361
283571
283788
283849
283913
283961
284012
284070
284158
284285
284433
284610
284699
284793
284975
285160
285250
285301
285370
285490
285535
285590
285623
285649
285820
285901
285953
286016
286092
286178
286313
286427
286680
286773
286839
286893
286937
287045
287183
287267
287300
287333
287378
287483
287565
287615
287665
287707
287786
287928
287960
288093
288143
288289
288329
288500
288566
288686
288709
288736
288825
288868
288891
288912
289086
289144
289266
289333
289432
289483
289627
289670
289724
289865
289882
289931
289978
290017
290103
290178
290228
290266
290337
290419
290465
290509
290544
290773
290873
290954
291229
291367
291420
291580
291746
291884
292119
292194
292271
292892
292963
293004
293082
293151
293219
293295
293339
293408
293448
293491
293521
293541
293643
293736
293773
293820
293859
293915
294076
294118
294217
294291
294347
294389
294469
294649
294723
294755
294913
295005
295066
295126
295169
295371
295411
295472
295719
295753
295802
295998
296052
296179
296250
296303
296352
296448
296491
296531
296577
296629
296647
296711
296763
296781
296879
296903
296966
297039
297093
297145
297174
297191
297225
297364
297402
297442
297477
297527
297608
297675
297713
297792
297836
297881
297937
297991
298076
298208
298292
298354
298715
299517
299615
299680
299796
300269
300327
300368
300425
300446
300500
300514
300654
301223
301397
301565
301749
301864
301961
302023
302128
302231
302299
302493
302796
302894
302950
302977
303117
303203
303269
303538
303631
303886
303944
304921
305019
305184
305259
305351
305629
305689
305966
306175
306421
306958
307011
307115
307307
307457
307483
308093
308447
308516
308607
308676
308803
308995
309084
309139
309243
309423
309601
309906
310027
310131
310226
310295
310372
310416
310469
310505
310536
310571
310653
310691
310732
310820
310868
311034
311083
311100
311128
311221
311294
311355
311453
311548
311579
311613
311678
311711
311747
311805
311901
311952
312038
312081
312279
312356
312394
312424
312454
312526
312613
312651
312885
312997
313085
313321
313447
313518
313608
313642
313676
313707
313745
313795
313843
313916
313980
314025
314128
314446
314460
314550
314597
314973
315038
315142
315288
315332
315377
315441
315504
315558
315639
315731
315838
315904
316174
316236
316322
316352
316477
316657
316849
317085
317242
317297
317345
317412
317450
317505
317592
317785
317985
318137
318221
318263
318311
318359
318397
318447
318490
318532
318575
318613
318658
318740
318789
318826
318933
318948
318963
319037
319074
319114
319269
319660
319800
320024
320114
320295
320482
320609
320693
320747
320850
320980
321029
321138
321236
321298
321345
321538
321604
321698
321804
321837
321953
322058
322185
322378
322405
322430
322484
322534
322621
322713
322788
322889
323007
323167
323265
323361
323510
323583
323715
323781
323846
323893
323957
324053
324179
324252
324405
324477
324555
324682
324961
324998
325092
325167
325214
325264
325348
325517
325587
325666
325716
325765
325867
326066
326243
326297
326367
326423
326681
326847
327016
327042
327182
327434
327634
327760
327816
328031
328083
328198
328285
328426
328488
328569
328663
328779
328804
328827
328911
328952
328999
329068
329193
329379
329424
329529
329636
329733
329787
329875
329927
330045
330173
330251
330343
330367
330412
330451
330646
330689
330733
330859
330953
331006
331120
331174
331219
331261
331343
331575
331617
331685
331780
331881
332006
332210
332245
332389
332512
332635
332658
332924
333149
333185
333270
333491
333743
333828
333994
334079
334205
334527
334609
334686
334813
334889
334950
335078
335172
335249
335314
335404
335446
335498
335616
335731
335847
335919
335965
336184
336539
336602
336665
336712
336753
336971
337033
337124
337182
337230
337307
337370
337437
337541
337684
337859
337967
338427
338487
338548
338750
338856
338921
338989
339162
339195
339324
339378
339442
339540
339592
339656
339729
339795
339873
339928
339973
340045
340116
340164
340227
340343
340409
340712
340761
340814
340923
341210
341255
341305
341378
341533
341602
341654
341720
341770
341839
341953
342233
342311
342637
342907
342994
343556
343610
343672
343712
343755
343802
343853
343899
343939
343981
344033
344099
344156
344207
344345
344573
344704
344815
344981
345127
345233
345286
345488
345564
345779
345861
345943
346095
346272
346571
346600
346636
346806
346882
346960
347183
347455
347559
347617
347682
347726
347831
347876
347957
348015
348291
348379
348459
348572
348664
348940
349135
349221
349527
349645
349781
349971
350311
350393
350472
350628
350685
350769
350993
351065
351183
351482
351558
351626
351677
351815
351865
351947
352023
352152
352376
352460
352736
352786
352847
352929
353214
353365
353439
353622
353701
353753
353854
354049
354160
354475
354583
354655
354814
354853
354910
354958
355038
355196
355254
355337
355372
355423
355461
355617
355654
355728
355895
356311
356407
356875
356927
356985
357031
357075
357129
357197
357280
357322
357389
357421
357619
357890
358015
358116
358256
358675
358865
359076
359401
359478
359540
359625
359708
359764
359821
359967
360035
360123
360216
360289
360368
360410
360464
360517
360626
360717
360887
360916
360935
360989
361034
361083
361119
361157
361196
361239
361326
361377
361538
361709
361802
361902
362012
362203
362248
362291
362385
362497
362558
362720
362816
362980
363020
363064
363123
363175
363235
363331
363384
363450
363608
363711
363980
364073
364209
364288
364350
364512
364575
364686
364855
364904
364970
365100
365157
365307
365690
365786
365838
365973
366281
366322
366413
366499
366713
366860
366995
367059
367191
367392
367453
367544
367605
367848
367895
368027
368257
368305
368401
368501
368559
368605
368648
368773
369009
369400
369713
369765
369833
369874
369998
370054
370143
370191
370336
370430
370670
370818
370963
370993
371067
371095
371117
371187
371217
371261
371338
371445
371655
371780
371842
371913
372073
372138
372248
372295
372524
372568
372614
372647
372699
372785
373184
373255
373322
373333
373433
373593
373653
373692
373805
373904
374056
374177
374468
374563
374936
375144
375435
375505
375549
375736
375889
376029
376287
376332
376385
376447
376508
376665
376729
377694
378128
378248
378406
378427
378494
378583
378753
379156
379231
379317
379394
379738
380078
380122
380185
380235
380335
380635
380699
381042
381093
381341
381462
381491
381567
381697
381768
381937
382004
382251
382607
383058
383160
383508
383553
383617
383702
383747
383797
383878
384077
384171
384262
384331
384573
384945
384987
385066
385403
385487
385569
385625
385701
385852
385910
385980
386038
386373
386390
386425
386445
386629
386889
387379
387411
387446
387513
387763
387894
388105
388503
388633
388868
388987
389313
389406
389475
389522
389569
389627
389701
389799
389827
389870
390084
390307
390415
390508
390627
390726
390878
390925
391121
391177
391319
391742
391781
391829
392004
392068
392355
392645
392731
392896
393189
393400
393728
393885
393969
394013
394111
394249
394295
394366
394547
394680
394733
395214
395437
395482
395730
395895
395950
396182
396278
396345
396429
396485
396675
396717
396784
396848
397063
397167
397270
397510
398003
398223
398255
398347
398467
398525
398581
398653
398730
399060
399101
399169
399265
399303
399348
399379
399493
399536
399583
399633
399741
399793
399841
399877
399917
399968
400063
400176
400340
400467
400547
400609
400692
400799
400920
401195
401300
401504
401559
401609
401680
401741
402061
402133
402262
402428
402567
402627
402731
402846
402938
402999
403221
403343
403779
403855
404000
404133
404197
404314
404389
404481
404506
404586
404658
404702
404857
405093
405947
406017
406119
406199
406376
406986
407140
407258
407496
407663
407994
408231
408317
408515
408733
408821
409091
409141
409207
409287
409329
409455
410064
410297
410396
410469
410499
410554
410579
412069
412211
412372
412469
412566
412692
412774
412836
413067
413203
413333
413433
413510
413759
413973
414160
414221
414330
414417
414533
414691
414747
414814
415070
415275
415505
415575
415985
416030
416096
416168
416278
416353
416418
416463
416615
416715
416806
416950
417043
417081
417121
417163
417196
417442
417505
417771
417859
418177
418311
418453
418506
418543
418603
418752
418824
418883
418921
418969
419051
419546
419643
419703
419773
419824
419891
419958
419995
420077
420169
420314
420338
420419
420507
421039
421094
421194
421247
421506
421775
421812
421855
421949
422062
422288
422398
422479
422658
422784
422901
423073
423168
423304
423424
423563
423607
423638
423721
423774
423820
423955
424027
424075
424504
424612
424644
424680
424787
424856
425221
425268
425355
425422
425467
425528
425660
425746
425850
425958
426230
426343
426502
426605
426638
426717
427145
427315
427564
427635
427690
427752
427860
427922
428003
428334
428413
428483
428919
429016
429564
429608
429761
429838
429997
430122
430438
430617
430731
430859
430905
431089
431176
431242
431358
431435
431713
431763
431816
431877
432383
432449
432604
432835
432879
432933
433030
433065
433173
433284
433363
433435
433578
433642
433760
433809
433885
433997
434579
434786
434984
435344
435429
435476
435578
435641
435835
435891
435932
436049
436148
436376
436643
436724
436859
437178
437555
437685
437993
438051
438090
438154
438217
438297
438524
438628
438823
438855
438924
439051
439101
439200
439253
439310
439367
439486
439516
439555
439760
439813
439957
440184
440385
440447
440508
440994
441184
441512
441860
441888
441943
442163
442202
442320
442610
442653
442798
442894
443016
443070
443185
443271
443370
443475
443584
443643
443665
443757
443868
443902
444053
444120
444196
444358
444413
444537
444805
445296
445347
445391
445657
445782
445836
446015
446055
446382
446583
446715
446857
447043
447219
447257
447378
447740
447867
448183
448315
448714
448847
448935
449015
449067
449113
449174
449244
449407
449699
449750
449850
449959
450022
450243
450327
450418
450817
450912
451091
451351
451392
451411
451606
451679
451785
451867
451912
452019
452647
452999
453191
453299
453332
453443
453580
453600
453660
453719
453907
453959
454030
454106
454195
454339
454464
454646
454709
455045
455770
455912
456061
456204
456222
456316
456422
456506
456547
456591
456669
456784
456841
456962
457033
457496
457608
457696
457801
457915
457999
458148
458233
458304
458330
458404
458794
458988
459127
459181
459275
459318
459423
459959
460027
460418
460506
460664
460705
460808
460843
461001
461044
461108
461200
461317
461370
461410
461460
461580
461643
461905
462138
462180
462394
462497
462693
462811
463269
463492
463602
463744
463830
463992
464101
464170
464365
464435
464732
464781
464829
465031
465577
465693
465793
465912
465955
466017
466060
466102
466123
466142
466255
466305
466409
466535
466732
466824
466963
467021
467171
467296
467535
467564
468009
468227
468481
468529
468655
468770
468952
469025
469124
469224
469274
469317
469383
469481
469550
469613
469775
470121
470221
470311
470439
470607
470656
470693
470779
470940
471195
471335
471468
471823
471842
471937
472003
472087
472143
472211
472529
472636
472689
472716
472891
473254
473337
473479
473695
473760
474361
474453
474541
474595
474605
474670
474826
474882
475031
475269
475551
475834
475952
476033
476491
476570
476629
476871
477075
477163
477236
477494
477939
477999
478140
478242
478321
478411
478528
478607
478825
479133
479384
479436
479501
479762
480049
480261
480419
480500
480575
480908
481523
482127
482427
482585
482757
482813
482867
482948
482997
483015
483062
483957
484261
484406
484484
484805
484987
485213
485255
485341
485455
485571
485654
486069
486142
486337
486532
486627
487081
487175
487335
487625
487675
487725
487795
487849
487898
488097
488237
488291
488353
488663
489154
489273
489345
489415
490241
490366
490446
490497
490560
490645
490721
490830
490934
491036
491083
491177
491235
491434
491741
492057
492162
492212
492331
492486
492773
492832
493168
493279
493743
493891
493920
494038
494193
494270
494479
494604
494714
494777
494997
495161
495243
495396
495712
495783
495905
496187
496255
496771
496823
497035
497415
497495
498103
498418
498521
498574
498633
498804
499185
499743
499792
500047
500121
500223
500252
500341
500420
500574
500630
500851
500941
501106
501188
501365
501447
501507
501604
501662
501770
501840
501953
502022
502316
502382
502429
502472
503031
503448
503601
503649
503733
503784
503943
504141
504189
504242
504281
504313
504375
504579
505305
505343
505769
506343
506395
506777
506898
506958
507064
507112
507205
507235
507273
507312
507352
507396
507437
507501
507531
507569
507717
507888
507992
508052
508244
508325
508864
508913
509054
509110
509230
509391
509559
509815
509885
509941
509990
510103
510172
510228
510437
510581
510951
511106
511213
511268
511503
511566
511607
511707
511733
511778
511824
511906
511993
512123
512198
512291
512404
512448
512497
512538
512645
512702
512873
513023
513330
513483
513653
513981
514131
514249
514311
514364
514435
514497
514543
514672
514795
514839
514913
515026
515128
515184
515243
515340
515431
515508
515559
515683
515730
515832
516092
516454
516492
516539
516576
516622
516683
516733
516774
516819
516971
517078
517221
517278
517367
517545
517638
517839
518029
518090
518281
518355
518540
518587
518639
518682
518756
518800
518949
519041
519099
519211
519259
519300
519361
519409
519589
519681
519975
520107
520211
520579
520693
521209
521473
521516
521603
521651
521785
521899
521959
522014
522121
522251
522349
522482
522529
522575
522630
522716
522792
522905
523064
523182
523395
523458
523567
523632
523987
524050
524174
524227
524463
524593
524659
524728
524837
524896
524941
525005
525103
525170
525275
525383
525453
525517
525662
525714
525759
525801
525891
525947
526018
526081
526286
526405
526529
526597
526623
526646
526859
526990
527215
527341
527410
527773
527962
527996
528045
528096
528116
528320
528441
528470
528501
528527
528667
528720
528827
528875
529238
529374
529506
529561
529625
529683
529812
529952
530032
530442
530777
531086
531149
531206
531273
531664
531835
532133
532269
532308
532398
532593
532895
532985
533021
533048
533195
533245
533426
533487
533527
533681
533738
533911
534563
534653
534748
534783
534892
535299
535547
535623
535791
536042
536093
536313
536366
536499
536563
536735
536849
536935
536995
537113
537356
537423
537888
538244
538413
538464
538698
538854
539135
539236
539457
539554
539639
539757
539799
539898
540120
540199
540347
540712
540861
540949
541135
541229
541313
541719
541973
542024
542066
542171
542231
542323
542383
542452
542548
542594
542656
542736
542865
542960
543274
543384
543878
544117
544224
544375
544924
545017
545264
545393
545455
545502
545548
545707
545925
546345
546423
546590
546699
547013
547155
547279
547417
547551
547706
547877
547988
548057
548157
548466
548501
548573
548616
548888
549136
549530
549608
549903
549990
550256
550489
550566
550666
550737
550904
550979
551261
551315
551383
551430
551530
551811
551914
552010
552318
552460
552528
552635
552775
553053
553109
553196
553311
553350
553400
553463
553517
553616
553811
553860
553905
553944
554060
554113
554163
554255
554306
554455
554552
554611
554727
554861
555211
555331
555431
555591
555631
555713
555929
555991
556069
556137
556186
556229
556274
556321
556383
556428
556491
556556
556667
556792
556971
557044
557105
557182
557375
557516
557552
557646
557699
557745
557791
557845
558107
558386
558441
558606
558667
558704
558766
558875
559447
559693
559858
559955
560188
560293
560345
560396
560622
560812
560923
561035
561115
561371
561419
561510
561569
561695
561839
561888
561926
562012
562362
562596
562728
562795
562846
562957
563241
563440
563599
563798
563895
564010
564047
564088
564177
564252
564329
564742
564818
565205
565387
565485
565687
565846
566126
566187
566350
566468
566517
566573
566633
566692
566766
566847
566973
567054
567153
567334
567420
567495
567712
567779
567907
568120
568169
568410
568557
568783
569025
569119
569238
569340
569627
569724
569749
569779
569829
569906
569976
570049
570078
570106
570161
570201
570261
570307
570347
570380
570457
570518
570567
571044
571132
571213
571283
571670
571825
572070
572307
572672
572808
572934
573006
573062
573173
573237
573411
573508
573688
573849
573982
574144
574276
574347
574427
574763
574817
574879
574931
574969
575017
575061
575099
575167
575240
575274
575294
575355
575450
575531
575865
575953
576034
576243
576354
576575
576714
577328
577376
577499
577597
577738
577787
577836
577882
577929
577973
578017
578128
578275
578323
578401
578514
578574
578689
578829
578919
579033
579104
579199
579340
579542
579699
579775
579937
580039
580314
580427
580544
580594
580663
580847
580935
580977
581016
581098
581153
581207
581283
581376
581458
581566
581610
581769
581921
581963
582024
582119
582214
582446
582489
582887
583035
583102
583151
583196
583291
583354
583387
583421
583459
583494
583546
583617
583709
583742
583789
583853
583972
584060
584118
584201
584240
584274
584312
584365
584515
584692
584731
585099
585241
585325
585415
585515
585555
585689
585732
585830
585881
585933
586014
586087
586239
586302
586381
586416
586541
586614
586683
586911
586955
587144
587401
587558
587621
587681
587878
587975
588026
588154
588327
588411
588481
588632
588677
588713
588753
588815
588891
588939
589035
589077
589127
589182
589249
589395
589478
589646
589806
589973
590087
590131
590185
590218
590232
590374
590418
590473
590637
590715
590932
590981
591029
591069
591275
591332
591395
591591
591627
591969
592157
592215
592244
592291
592574
592619
592682
592749
592809
592933
593208
593255
593317
593657
593727
593834
594017
594100
594153
594257
594317
594371
594519
594663
594828
594879
595022
595134
595283
595453
595609
595776
595868
595912
596029
596195
596240
596287
596450
596478
596569
596813
596869
597179
597231
597281
597342
597481
597731
597971
598094
598167
598347
598418
598517
598593
598982
599043
599144
599190
599327
599363
599433
599589
599813
599880
599950
600168
600320
600556
600784
600865
600922
601105
601151
601331
601424
601490
601505
601592
601638
601686
601877
602029
602115
602177
602241
602353
602560
602648
602753
602822
603074
603245
603365
603449
603544
603632
603680
603844
603904
604000
604071
604251
604294
604339
604573
604746
605001
605390
605562
605599
605774
605806
605860
605924
606185
606405
606646
606837
606892
607123
607177
607288
607369
607513
607609
607694
607846
607995
608073
608282
608339
608404
608655
608770
608845
608909
608922
608953
609049
609129
609170
609353
609478
609655
609813
610034
610196
610221
610249
610301
610429
610531
610593
610757
610851
610901
610970
611201
611235
611396
611463
611577
611674
611851
611929
611999
612035
612229
612307
612349
612392
612467
612536
612586
612711
612750
612822
613055
613113
613196
613447
613495
613663
613729
613794
613894
613972
614014
614129
614173
614360
614463
614528
614583
614635
614769
614860
614897
615076
615118
615154
615185
615443
615629
615667
615754
615805
615845
615926
616063
616209
616255
616293
616341
616417
616465
616503
616577
616634
616848
616905
617026
617087
617101
617235
617417
617693
617776
617817
617857
618003
618116
618230
618313
618349
618514
618724
619086
619166
619247
619423
619550
619589
619675
619726
619822
619872
619906
620000
620123
620287
620345
620434
620499
620802
620908
620976
621181
621251
621312
621450
621516
621651
621775
621861
621902
622015
622147
622211
622240
622323
622367
622463
622707
622910
622973
623038
623101
623145
623205
623283
623337
623375
623523
623565
623623
623739
623803
623851
623984
624074
624156
624195
624296
624339
624353
624428
624516
624604
624913
624993
625159
625198
625255
625302
625381
625465
625524
625590
625687
625729
625757
625854
625952
625983
626063
626118
626182
626226
626281
626309
626360
626519
626580
626636
626861
627057
627129
627195
627232
627287
627352
627455
627565
627591
627741
627821
627957
628112
628171
628286
628577
628838
628952
628992
629031
629085
629127
629182
629222
629261
629315
629364
629457
629526
629655
629743
629889
630038
630120
630201
630249
630306
630374
630419
630456
630503
630551
630646
630793
630859
630897
630936
630972
631021
631076
631217
631356
631639
631705
631849
631973
632104
632219
632273
632323
632429
632463
632539
632584
632707
632887
632945
633037
633119
633323
634000
634358
634506
634620
634657
634736
634797
634900
635117
635317
635463
635502
635530
635551
635720
635783
635889
635975
636033
636071
636111
636314
636453
636554
636653
636695
636783
636840
636887
636932
636975
637117
637157
637189
637224
637286
637321
637389
637432
637489
637574
637685
637733
637809
637996
638077
638200
638252
638294
638375
638442
638505
638725
638798
638864
638920
639055
639115
639194
639276
639359
639512
639587
639686
639883
639939
640007
640038
640103
640187
640266
640359
640407
640420
640457
640535
640762
640825
640909
641027
641433
641849
642003
642062
642176
642316
642472
642692
642987
643180
643287
643435
643757
643828
643895
644061
644522
644564
644599
644631
644736
644811
645183
645310
645358
645425
645597
645703
645863
645921
646230
646283
646326
646375
646434
646658
646728
646805
646885
646937
647104
647183
647281
647329
647384
647505
647548
647589
647640
647675
647711
647783
647896
647942
647976
648019
648072
648120
648280
648374
648556
648696
648734
648795
648879
648968
649064
649109
649163
649325
649423
649477
649633
649734
649795
649865
649931
650159
650230
650378
650682
650745
650808
650963
651274
651359
651596
651756
651813
651891
651938
652030
652147
652309
652439
652513
652703
652841
652938
653014
653076
653126
653173
653213
653271
653309
653376
653415
653508
653540
653578
653611
653643
653775
653840
653905
654203
654245
654267
654327
654440
654603
654708
655536
655720
655873
655947
656018
656114
656163
656346
656415
656469
656562
656673
656735
657038
657682
657815
657907
657990
658197
658245
658327
658380
658467
658507
658668
658870
658990
659056
659187
659316
659408
659582
659683
659831
659883
660247
660338
660479
660565
660614
660860
660928
660990
661116
661207
661397
661470
661527
661653
662014
662064
662202
662389
662487
662680
662726
662809
662847
662910
663085
663180
663392
663475
663515
663673
663717
663791
663851
663937
663985
664113
664239
664274
664325
664365
664406
664619
664686
664761
664885
664987
665037
665079
665171
665249
665290
665327
665386
665465
665643
665714
665955
666100
666199
666271
666326
666376
666466
666518
666559
666615
666713
666761
666829
666921
667010
667056
667128
667267
667350
667455
667513
667644
667719
667789
667875
667986
668115
668386
668535
668594
668672
668733
668825
668905
669149
669256
669567
669626
669668
669715
669755
669805
669847
669883
669952
669997
670060
670093
670126
670202
670246
670280
670384
670432
670483
670536
670617
670707
670769
670862
670980
671047
671171
671242
671295
671365
671603
671668
671735
671793
671891
671963
672025
672111
672167
672223
672271
672361
672428
672478
672570
672612
672649
672702
672752
672796
672923
672980
673068
673139
673298
673347
673366
673441
673558
673651
673676
673829
673964
674038
674115
674212
674278
674423
674468
674586
674716
674762
674875
674928
674981
675101
675146
675190
675434
675475
675564
675664
675738
675804
675868
675994
676077
676128
676219
676317
676357
676509
676559
676646
676783
676853
676910
676963
677009
677069
677121
677173
677233
677288
677323
677372
677403
677463
677543
677684
677722
677753
677900
677990
678074
678193
678251
678337
678401
678417
678535
678553
678654
678712
678765
678831
678882
678925
679051
679122
679255
679321
679391
679489
679565
679675
679809
679899
680174
680243
680353
680415
680505
680560
680637
680726
680863
680882
681007
681129
681207
681275
681390
681468
681527
681861
682229
682564
682826
682883
682931
683126
683294
683366
683430
683531
683554
683809
683857
683905
684014
684080
684126
684221
684571
684891
684942
685083
685188
685303
685496
685566
685699
685815
685859
685934
686006
686067
686143
686224
686307
686344
686618
686675
686820
687011
687099
687299
687373
687448
687609
687695
687828
688032
688091
688111
688167
688228
688370
688465
688539
688584
688630
688680
688733
688856
688910
688953
689003
689117
689197
689258
689306
689359
689405
689430
689563
689655
689675
689739
689800
689853
689894
690001
690062
690204
690255
690301
690372
690414
690556
690736
690785
690860
690905
690937
690976
691017
691077
691133
691344
691383
691431
691468
691507
691551
691682
691773
691838
692061
692129
692194
692258
692463
692576
692672
693353
693413
693547
693614
693731
693778
693827
693872
693962
694021
694116
694171
694273
694493
694561
694903
694969
695096
695172
695229
695313
695347
695428
695447
695638
695712
695753
695804
695885
695933
696011
696107
696199
696291
696363
696435
696494
696554
696634
696700
696746
696846
696896
696945
697025
697065
697104
697151
697253
697296
697371
697439
697491
697535
697557
697597
697821
697877
698120
698200
698266
698311
698355
698401
698456
698495
698548
698605
698671
698777
698992
699165
699176
699232
699283
699346
699436
699543
699606
699662
699721
699771
699955
700066
700120
700159
700201
700283
700328
700427
700479
700541
700612
701107
701371
701455
701632
701706
701746
701792
701851
701947
702335
702501
702671
702739
702884
702995
703113
703200
703268
703327
703390
703464
703495
703633
704081
704170
704193
704248
704313
704658
704776
704873
704965
705245
705331
705438
705658
705702
705821
705881
705980
706140
706235
706421
707199
707270
707389
707445
707542
707684
707877
707919
707969
708022
708092
708164
708320
708409
708475
708513
708583
708648
708716
708767
708885
709309
709406
709469
709560
709612
709685
709809
709942
710019
710171
710348
710393
710448
710507
710577
710730
710928
711026
711113
711161
711234
711284
711461
711504
711585
711622
711661
711738
711819
711901
711937
711975
712014
712067
712103
712147
712196
712239
712259
712297
712357
712488
712629
712795
712835
712929
713085
713124
713237
713341
713468
713567
713656
713721
713759
713798
713842
714089
714126
714183
714279
714358
714651
714782
714827
714946
714996
715136
715221
715266
715499
715721
715822
715865
715937
715989
716115
716147
716359
716490
716533
716578
716633
716682
716733
716784
716893
717051
717185
717292
717333
717366
717384
717420
717459
717499
717534
717570
717675
717709
717759
717808
717902
717957
718147
718206
718249
718290
718363
718431
718553
718659
718837
718985
719039
719257
719295
719349
719420
719493
719605
719780
719820
719914
719961
720007
720089
720146
720339
720487
720642
720709
720768
720848
720917
721013
721175
721303
721436
721507
721555
721847
721962
722104
722165
722236
722313
722376
722585
722671
722971
723174
723282
723352
723393
723547
723622
723727
723757
723846
724185
724597
724683
724720
724768
724811
724863
724966
725092
725131
725168
725215
725255
725329
725371
725408
725445
725467
725491
725517
725560
725613
725646
725689
725758
725843
725878
726102
726174
726217
726312
726350
726387
726421
726500
726565
726625
726710
726966
727150
727210
727321
727376
727469
727546
727566
727656
727809
727852
727956
728087
728111
728197
728397
728507
728590
728695
728946
728984
729028
729082
729129
729172
729240
729272
729336
729489
729651
729693
729731
729838
729887
730103
730204
730245
730291
730335
730374
730493
730568
730614
730761
730815
730933
730982
731029
731180
731206
731227
731291
731551
731598
731671
731775
731842
731893
731949
732105
732231
732326
732429
732478
732515
732623
732723
732845
732959
733061
733311
733407
733708
733775
733837
733887
733929
734015
734077
734141
734212
734299
734432
734496
734728
734803
734921
735607
735771
735983
736055
736174
736278
736519
736576
737230
737425
737561
737644
737677
737777
737885
737949
738007
738121
738211
738290
738339
738349
738442
738497
738565
738615
738907
739131
739226
739309
739371
739449
739547
739606
739939
740007
740123
740161
740225
740359
740498
740554
740650
740709
740785
740854
740936
741049
741146
741229
741314
741397
741453
741539
741602
741708
741804
741855
741969
742078
742117
742205
742276
742355
742449
742655
742712
742779
742861
742911
742989
743088
743149
743282
743335
743376
743465
743684
743776
743861
743941
744099
744154
744422
744508
744828
744974
745044
745092
745239
745304
745467
745565
745853
745937
746041
746352
746620
746693
746739
746798
746856
746912
747004
747047
747117
747180
747243
747336
747395
747448
747509
747572
747709
747783
747946
748050
748113
748199
748256
748328
748413
748841
748885
748963
749209
749236
749261
749318
749441
749486
749575
749683
749749
749826
750043
750097
750155
750287
750368
750441
750672
750741
750835
750911
751037
751135
751191
751243
751311
751377
751453
751543
751621
751679
751819
751948
752003
752051
752109
752155
752285
752345
752396
752439
752536
752625
752692
752826
753142
753246
753307
753397
753467
753580
753651
753694
753797
753849
753904
753990
754052
754140
754222
754323
754453
754563
754614
754639
754657
754758
754908
755083
755191
755238
755291
755360
755417
755450
755507
755670
755789
755829
756190
756212
756231
756268
756329
756481
756662
756901
757123
757215
757429
757475
757509
757533
757745
757791
757890
757938
758010
758097
758139
758188
758263
758343
758498
758591
758635
758714
758796
758884
758944
759001
759028
759057
759135
759204
759261
759359
759385
759440
759481
759530
759605
759663
759711
759775
759817
759896
759930
759963
759997
760073
760112
760169
760335
760521
760562
760653
760702
760751
760797
760861
760923
761104
761196
761562
761759
762103
762265
762341
762521
762531
762628
762706
762767
762861
762921
762977
763035
763119
763201
763264
763472
763556
763629
763669
763717
763786
763875
763966
764025
764082
764144
764333
764399
764461
764567
764637
764675
764721
764766
764823
764904
764950
764983
765014
765053
765134
765189
765466
765577
765650
765691
765737
765803
765851
765901
765957
766041
766151
766195
766269
766323
766370
766429
766466
766502
766536
766614
766664
766777
766831
766931
766973
767190
767282
767996
768053
768101
768146
768199
768241
768365
768412
768456
768495
768550
768599
768673
768723
768783
768841
769195
769239
769306
769362
769423
769485
769539
769631
769676
769717
769759
769845
769899
769964
770034
770093
770197
770256
770282
770367
770425
770490
770508
770601
770692
770739
770781
770815
770851
770867
770919
770960
771078
771129
771181
771248
771290
771329
771396
771463
771502
771578
771618
771653
771696
771734
771773
771812
771883
771923
771984
772056
772172
772217
772269
772506
772743
772786
772845
772989
773058
773145
773364
773539
773662
773693
773831
774039
774098
774221
774333
774441
774514
774654
774815
774885
774947
775013
775075
775198
775271
775460
775507
775551
775719
776111
776242
776758
776863
777079
777155
777285
777448
777729
777821
777869
777923
778067
778125
778214
778265
778348
778396
778441
778495
778577
778597
778765
778915
778984
779257
779340
779458
779700
779747
779875
779921
780120
780163
780296
780379
780485
780538
780629
780949
781041
781105
781149
781272
781314
781368
781427
781468
781559
781761
781889
781994
782069
782123
782152
782233
782285
782345
782397
782467
782527
782751
782865
782908
782954
783052
783119
783171
783251
783304
783356
783394
783432
783473
783509
783624
783715
783811
783884
783943
783998
784106
784243
784302
784357
784434
784580
784676
784747
784947
785082
785293
785383
785424
785619
785668
785859
785909
786118
786183
786247
786400
786436
786477
786526
786569
786613
786685
786737
786846
786916
786972
787029
787067
787181
787220
787366
787483
787597
787682
787771
787807
787893
787945
788005
788059
788097
788323
788406
788530
788578
788632
788841
788959
789014
789096
789145
789235
789392
789457
789500
789555
789722
789780
789823
789895
789935
789978
790051
790099
790153
790205
790262
790522
790636
790727
790911
790993
791062
791367
791451
791571
791717
791757
791814
791891
792029
792103
792153
792219
792267
792321
792366
792417
792483
792563
792622
792662
792779
792821
792869
792936
793008
793055
793191
793255
793299
793354
793405
793608
793666
793739
793793
793870
793956
794017
794095
794167
794254
794483
794638
794795
794850
795016
795085
795151
795215
795267
795326
795394
795420
795498
795551
795623
795793
795851
795922
795943
795984
796111
796173
796241
796281
796321
796364
796402
796532
796895
796959
796989
797017
797098
797142
797336
797453
797478
797509
797563
797770
797848
797897
797961
798009
798138
798221
798285
798569
798658
798714
798816
798874
799107
799187
799234
799303
799357
799434
799485
799560
799606
799801
799871
799951
800037
800086
800197
800245
800465
800700
800806
801042
801098
801155
801197
801474
801522
801567
801607
801663
801683
801725
801816
801854
801900
801940
801986
802025
802097
802173
802417
802482
802629
802714
802755
802775
802793
802838
802888
802946
803069
803129
803255
803429
803509
803569
803645
803717
803803
803880
803955
804073
804149
804240
804380
804426
804473
804640
804693
804793
805083
805151
805215
805260
805309
805350
805402
805454
805519
805771
805823
805984
806120
806133
806163
806204
806269
806335
806391
806527
806545
806599
806653
806667
806739
806796
806878
807044
807123
807318
807413
807465
807519
807563
807607
807650
807715
807754
807802
807893
807939
808083
808124
808181
808228
808273
808315
808369
808475
808589
808641
808671
808685
808737
808808
808842
808884
808919
808961
809026
809067
809097
809139
809181
809222
809291
809329
809371
809405
809451
809494
809542
809582
809642
809655
809700
809750
809801
809878
809971
810022
810073
810181
810272
810407
810596
810780
810827
810901
811032
811085
811134
811234
811276
811330
811380
811415
811453
811569
811638
811764
811799
811845
811883
811924
812015
812113
812154
812184
812233
812285
812350
812411
812455
812521
812592
812633
812681
812867
812911
812953
813006
813093
813139
813327
813491
813743
813815
813889
813985
814044
814104
814209
814280
814401
814443
814492
814562
814623
814677
814751
814815
814913
815149
815200
815254
815296
815337
815409
815472
815515
815599
815647
815687
815840
815934
815973
816031
816081
816201
816255
816336
816459
816499
816599
816678
816827
816893
816976
817095
817144
817217
817299
817352
817428
817536
817590
817637
817735
817789
817862
817903
817973
818152
818215
818517
818700
818764
818838
818877
818930
818974
819018
819055
819157
819195
819239
819325
819399
819463
819508
819548
819699
819870
819912
820096
820155
820219
820361
820653
820719
820795
820838
821190
821224
821241
821282
821335
821373
821432
821483
821549
821596
821652
821763
821819
821897
822103
822140
822184
822267
822319
822475
822628
822843
822994
823145
823165
823268
823353
823513
823612
823711
824028
824102
824172
824289
824364
824579
824650
824751
824873
824927
824994
825032
825089
825174
825303
825381
825418
825581
825620
825748
825785
825941
826141
826280
826370
826464
826583
826637
826693
826913
827093
827156
827201
827247
827361
827415
827464
827502
827593
827641
827684
827728
827772
827964
828154
828231
828268
828369
828440
828575
828610
828670
828706
828749
828827
828925
829047
829057
829127
829175
829240
829289
829347
829398
829451
829500
829511
829547
829590
829640
829690
829725
829813
829967
830077
830124
830183
830219
830319
830439
830611
830683
830745
830804
830915
830975
831144
831246
831303
831449
831541
831578
831697
831984
832251
832317
832480
832691
832813
832933
833004
833066
833618
833650
833744
833819
833863
833904
833956
833989
834052
834214
834425
834448
834485
834695
834811
834936
835163
835231
835273
835489
835680
835780
835868
836036
836071
836148
836465
836661
836994
837081
837157
837484
837789
838009
838111
838148
838175
838278
838316
838494
838549
838596
838713
838771
838895
838948
839105
839337
839658
839759
839845
840352
840396
840519
840562
840648
840881
841315
841411
841735
841802
841867
842054
842119
842260
842380
842453
842505
842607
842687
842811
842869
842945
842983
843302
843639
843854
843903
844005
844110
844163
844224
844282
844333
844400
844439
844481
844519
844634
844672
844767
844891
844933
845021
845085
845129
845171
845246
845303
845347
845517
845837
846067
846179
846254
846387
846547
846679
846798
846839
846998
847126
847178
847229
847308
847348
847437
847479
847573
847615
847659
847718
847777
847923
848285
848397
848807
848895
849028
849067
849134
849184
849230
849309
849341
849368
849451
849501
849579
849659
849760
849805
849849
849890
850028
850090
850133
850537
850683
850744
850792
850858
851011
851068
851110
851185
851285
851326
851437
851593
851782
851882
851942
852041
852093
852169
852247
852380
852583
852857
852963
853029
853101
853174
853307
853355
853430
853511
853690
853701
853849
853920
853980
854196
854271
854334
854388
854457
854655
854880
854895
854960
855007
855105
855427
855563
855708
855778
855895
856045
856203
856248
856316
856356
856397
856428
856463
856641
856681
856742
856787
856847
856952
857029
857199
857293
857395
857429
857451
857512
857672
857715
857964
858005
858052
858105
858168
858419
858547
858592
858744
858910
858983
859037
859075
859181
859220
859245
859394
859439
859610
859689
859813
859874
860112
860259
860367
860433
860501
860563
860612
860664
860741
860799
860939
861013
861112
861301
861349
861401
861509
861545
861680
861745
861826
862127
862357
862434
862491
862539
862713
862767
862871
862954
863026
863135
863179
863221
863296
863485
863539
863643
863687
863743
863803
863960
864017
864064
864180
864254
864290
864421
864462
864530
864582
864627
864709
864764
864803
864825
864868
864992
865323
865435
865616
865807
865866
865904
865950
866027
866103
866198
866326
866419
866459
866585
866816
866925
866965
867043
867117
867159
867215
867320
867351
867389
867453
867511
867553
867834
867878
867944
868229
868365
868497
868582
868855
868906
868953
869424
869544
869605
869746
869795
869850
869985
870327
870385
870527
870794
870927
871018
871127
871185
871248
871342
871445
871557
871608
871792
871912
871967
872110
872153
872350
872680
872780
872823
872916
872987
873149
873209
873272
873671
873728
874025
874245
874273
874626
874680
874938
875003
875079
875211
875267
875313
875395
875615
875725
875898
875934
875975
876089
876175
876305
876371
876424
876609
876658
876751
876811
876984
877293
877388
877442
877525
877648
877714
877777
877947
878042
878107
878202
878312
878418
878478
878507
878539
878667
878717
878800
879009
879284
879369
879767
879983
880041
880131
880267
880348
880452
880517
880577
880789
880867
880912
881079
881135
881209
881296
881340
881457
881592
881658
881758
881831
881926
882042
882194
882263
882339
882620
882705
882797
882844
882893
883102
883171
883313
883440
883515
883582
883654
883786
883954
884006
884103
884175
884261
884391
884441
884515
884562
884700
884821
884971
885041
885088
885146
885303
885525
885746
885828
885881
886002
886052
886181
886221
886355
886468
886602
886718
886778
886880
886939
887017
887102
887135
887181
887219
887349
887397
887478
887509
887593
887637
887672
887708
887753
887821
887866
887951
888003
888060
888137
888172
888229
888331
888397
888433
888472
888530
888643
888797
888842
888965
889169
889240
889299
889407
889603
889672
889761
889887
890001
890085
890167
890422
890483
890547
890615
890661
890797
890901
891079
891128
891164
891259
891303
891349
891377
891446
891616
891688
891804
891937
892037
892165
892281
892324
892361
892416
892492
892559
892632
892664
892711
892759
892893
892931
893019
893111
893147
893185
893250
893366
893499
893572
893621
893661
893705
893750
893893
893934
893997
894152
894202
894238
894269
894303
894347
894393
894490
894551
894593
894629
894779
894823
894867
895006
895129
895191
895289
895333
895373
895408
895447
895531
895575
895784
895927
895973
896073
896134
896179
896262
896330
896379
896551
896612
896690
896791
896856
896917
896957
897007
897062
897104
897147
897240
897331
897377
897429
897471
897502
897528
897583
897598
897649
897682
897712
897747
897869
897933
897991
898031
898107
898147
898190
898275
898327
898339
898365
898528
898573
898615
898663
898708
898774
898819
898868
898908
899196
899263
899321
899365
899453
899504
899649
899716
899726
899869
899907
899998
900162
900375
900437
900649
900709
900792
900939
900969
901054
901145
901359
901432
901463
901491
901601
901795
901849
901893
901979
902024
902109
902233
902329
902402
902513
902639
902721
902935
902981
903025
903068
903104
903139
903177
903211
903252
903287
903322
903355
903385
903414
903481
903510
903549
903581
903622
903667
903749
903811
903850
903946
904063
904116
904210
904316
904471
904543
904597
904685
904722
904772
904843
904952
905117
905249
905299
905349
905423
905483
905621
905651
905672
905743
905830
905869
905934
905956
905976
906067
906140
906219
906280
906318
906362
906482
906598
906704
907108
907247
907465
907557
907777
907832
908240
908431
908523
908703
908767
908847
908941
908989
909036
909097
909153
909240
909285
909441
909500
909611
909670
909830
909986
910018
910089
910132
910153
910185
910229
910275
910329
910420
910476
910527
910740
910820
910950
911210
911370
911425
911700
911793
911897
912020
912072
912123
912169
912298
912343
912382
912426
912482
912574
912637
912959
913062
913175
913189
913230
913277
913332
913438
913483
913530
913820
913948
914024
914085
914160
914255
914298
914433
914557
914765
914811
914885
914979
915027
915098
915271
915383
915437
915487
915540
915585
915699
915801
915869
916117
916226
916340
916441
916550
916687
916743
916814
917004
917053
917107
917190
917234
917299
917357
917420
917524
917613
917683
917814
917888
917997
918133
918198
918219
918256
918309
918494
918812
918876
918928
918983
919126
919190
919242
919305
919389
919473
919678
919788
919863
919942
920073
920132
920372
920419
920483
920591
920670
920901
920963
921009
921113
921165
921259
921311
921366
921449
921576
921632
921693
921778
921848
921980
922111
922178
922240
922337
922541
922703
922777
922969
923088
923143
923318
923382
923445
923455
923533
923726
923763
923814
923852
924019
924114
924155
924191
924232
924281
924335
924377
924424
924473
924517
924606
924669
924803
924888
924932
925239
925447
925541
925645
925757
925855
926113
926162
926208
926277
926364
926631
926678
926701
926762
926811
926965
927105
927156
927318
927380
927505
927547
927593
927639
927701
927799
927845
927943
928001
928041
928130
928161
928284
928352
928441
928498
928559
928648
928737
928892
928961
929017
929071
929151
929355
929402
929435
929486
929608
929749
929837
929880
929927
929984
930083
930148
930193
930286
930375
930461
930531
930635
930707
930902
930989
931065
931109
931173
931243
931315
931426
931504
931673
931718
931817
931871
931926
932009
932062
932109
932155
932279
932324
932361
932410
932435
932519
932611
932661
932709
932755
932806
932980
933025
933064
933133
933181
933242
933310
933437
933497
933545
933629
933700
934095
934167
934218
934295
934371
934440
934519
934594
934662
934702
934745
934884
934933
935079
935110
935178
935263
935350
935470
935648
935715
935801
935899
936199
936671
936764
936980
937022
937072
937146
937228
937306
937378
937465
937515
937556
937623
937672
937739
937804
937842
937879
937914
937951
938051
938096
938185
938221
938281
938339
938510
938555
938591
938635
938740
938754
938823
938870
938909
938949
939008
939055
939117
939227
939287
939325
939370
939446
939535
939741
939787
939839
939878
939926
939985
940084
940128
940233
940373
940781
941022
941225
941378
941418
941458
941499
941547
941592
941614
941670
941703
941763
941803
941859
941917
942076
942279
942387
942527
942745
943245
943306
943433
943654
943710
943731
943885
944002
944067
944121
944181
944255
944306
944349
944392
944481
944527
944579
944694
944748
944908
945000
945078
945157
945215
945290
945408
945492
945620
945669
945773
945825
945889
946414
946688
946848
946909
947040
947221
947408
947725
947954
948114
948414
948475
948531
948594
948760
948870
949045
949125
949713
949938
950106
950183
950257
950306
950412
950517
950610
950671
950833
950913
951171
951256
951324
951401
951466
951499
951634
951691
951836
951962
952051
952107
952212
952271
952335
952396
952517
952576
952688
952797
952842
952980
953113
953387
953473
953570
953611
953703
953742
953801
953883
953985
954057
954125
954182
954279
954363
954427
954515
954586
954657
954718
954810
954903
955016
955145
955203
955279
955439
955523
955582
955621
955655
955721
955773
955821
955928
956239
956389
956692
956770
956851
956907
956962
957005
957063
957133
957225
957335
957490
957528
957667
957705
957862
958168
958272
958453
958498
958795
958834
958906
958955
959075
959129
959174
959378
959429
959497
959606
959701
959776
959874
959895
960070
960140
960179
960237
960346
960411
960495
960573
960625
960669
960855
960919
961137
961347
961414
961470
961576
961609
961690
962020
962212
962262
962304
962475
962599
962780
962827
962885
962937
963002
963185
963247
963352
963439
963592
963891
963926
964154
964247
964349
964428
964531
964617
964669
964888
964959
965161
965231
965261
965313
965383
965509
965569
965710
965802
965864
965933
966023
966054
966095
966490
966564
966756
966847
967018
967099
967143
967201
967309
967344
967388
967437
967924
968009
968066
968127
968400
968471
968657
968683
968745
968846
968967
969047
969142
969244
969278
969317
969611
969730
969857
970034
970061
970119
970253
970297
970490
970603
970855
970938
971084
971204
971347
971425
971487
971552
971629
971715
972034
972118
972531
972570
972918
973090
973376
973514
973556
973632
973683
973845
973883
973919
974030
974121
974171
974261
974356
974401
974458
974543
974785
974907
974959
975006
975094
975183
975274
975349
975477
975535
975877
976269
976298
976407
976459
976519
976567
976661
976725
976775
976823
977000
977051
977102
977206
977258
977340
977400
977691
977865
977921
978007
978067
978235
978326
978381
978518
978559
978709
978893
979160
979385
979436
979536
979585
979642
979701
979763
979807
979891
979995
980053
980258
980418
980664
980737
980919
981322
981468
981629
981726
981775
981877
981967
982057
982146
982236
982492
982609
982669
982880
982967
983113
983487
983533
983855
983915
983995
984099
984283
984330
984392
984619
984660
984673
984831
984981
985101
985221
985341
985423
985548
985611
985741
985945
986111
986237
986282
986358
986404
986441
986473
986682
986988
987075
987126
987185
987226
987316
987363
987411
987452
987493
987588
987646
987717
987760
987853
987896
987947
987983
988024
988087
988146
988187
988225
988265
988503
988563
988602
988688
988736
988875
988886
988961
989072
989355
989422
989482
989565
989619
989739
989784
989835
989867
989974
990108
990415
990520
990677
990783
990883
991024
991062
991246
991320
991441
991496
991597
991646
991736
991853
991927
992037
992679
992736
992795
992839
992974
993205
993494
994267
994343
994434
994587
994825
994949
995021
995089
995228
995296
995403
995642
995707
995765
995822
996052
996207
996309
996439
996771
996838
996903
996972
997097
997156
997229
997282
997376
997602
997687
997771
997812
997855
997954
998001
998047
998090
998133
998175
998265
998305
998393
998443
998633
999185
999224
999296
999627
999707
999901
999969
1000026
1000051
1000179
1000322
1000476
1000545
1000655
1000906
1000990
1001143
1001229
1001340
1001425
1001578
1001779
1001869
1001931
1002200
1002218
1002284
1002341
1003059
1003230
1003488
1003549
1003672
1003735
1003829
1003948
1004051
1004095
1004131
1004171
1004213
1004377
1004958
1005050
1005229
1005268
1005356
1005433
1005550
1005603
1005671
1005721
1005772
1005833
1005879
1005915
1005977
1006027
1006087
1006133
1006233
1006506
1006613
1006759
1006874
1007120
1007175
1007212
1007268
1007392
1007453
1007502
1007666
1007865
1007943
1008034
1008177
1008442
1008561
1008617
1008666
1008715
1008762
1008817
1008932
1008973
1009260
1009315
1009405
1009538
1009567
1009682
1009806
1009947
1010045
1010174
1010223
1010280
1010484
1010560
1010785
1010898
1011059
1011109
1011146
1011191
1011265
1011333
1011408
1011511
1011553
1011649
1011686
1011726
1011766
1011797
1011828
1011887
1011921
1011965
1012001
1012036
1012069
1012099
1012170
1012316
1012384
1012440
1012507
1012567
1012631
1012697
1012792
1012846
1012943
1013002
1013163
1013208
1013236
1013299
1013347
1013404
1013456
1013509
1013613
1013693
1013743
1013951
1014089
1014229
1014295
1014346
1014401
1014459
1014498
1014536
1014658
1014699
1014749
1014790
1014866
1014928
1014993
1015049
1015093
1015282
1015446
1015538
1015611
1015714
1015814
1015872
1015961
1016011
1016037
1016078
1016154
1016219
1016235
1016436
1016555
1016689
1016783
1016886
1017033
1017213
1017285
1017364
1018141
1018405
1018609
1018674
1019117
1019162
1019250
1019333
1019362
1019393
1019600
1019711
1019931
1020027
1020071
1020741
1020833
1020896
1020939
1020993
1021045
1021080
1021117
1021156
1021195
1021233
1021245
1021291
1021324
1021389
1021419
1021491
1021531
1021773
1021835
1021886
1021981
1022075
1022145
1022199
1022229
1022293
1022315
1022345
1022455
1022501
1022805
1023035
1023125
1023409
1023449
1023510
1023687
1023747
1023807
1023869
1023927
1024151
1024185
1024201
1024269
1024327
1024412
1024904
1025133
1025194
1025298
1025636
1025828
1026067
1026144
1026281
1026955
1027383
1027621
1027691
1027870
1027946
1028013
1028177
1028620
1028700
1028915
1028969
1029029
1029092
1029143
1029223
1029328
1029463
1029601
1030068
1030164
1030315
1030408
1030477
1030627
1030816
1030951
1031183
1031361
1031431
1031576
1031696
1031779
1031873
1031968
1032118
1032199
1032251
1032288
1032337
1032426
1032501
1032575
1032603
1032681
1032785
1032853
1033053
1033613
1033701
1033859
1034136
1034654
1034715
1034849
1035037
1035187
1035239
1035585
1035854
1035903
1036128
1036409
1036729
1036963
1037279
1037397
1037452
1037509
1037641
1037691
1037771
1038009
1038058
1038137
1038214
1038261
1038524
1038576
1038656
1038736
1038909
1038987
1039359
1039453
1039520
1039723
1039831
1039861
1039944
1040047
1040195
1040273
1040351
1040437
1040523
1040576
1040693
1040749
1040793
1040899
1041131
1041190
1041323
1041372
1041420
1041493
1041581
1041625
1041684
1041792
1041876
1041996
1042052
1042121
1042191
1042293
1042454
1042572
1042690
1042824
1042953
1043188
1043259
1043429
1043478
1043534
1043576
1043613
1043721
1043815
1043869
1043975
1044119
1044240
1044458
1044606
1044637
1044717
1044792
1044876
1044956
1045049
1045169
1045223
1045442
1045505
1045554
1045697
1045973
1046105
1046168
1046239
1046307
1046356
1046417
1046451
1046495
1046535
1046563
1046595
1046635
1046647
1046677
1046713
1046777
1046815
1046852
1046924
1047155
1047373
1047474
1047532
1047603
1047683
1047766
1047806
1047823
1047858
1047972
1048037
1048199
1048301
1048320
1048341
1048420
1048732
1048861
1048915
1048985
1049019
1049070
1049144
1049263
1049325
1049469
1049611
1049659
1049703
1049757
1049927
1049984
1050098
1050136
1050166
1050214
1050258
1050325
1050371
1050532
1050583
1050634
1050674
1050733
1050779
1050808
1050842
1050898
1050943
1051034
1051078
1051196
1051253
1051311
1051449
1051505
1051555
1051630
1051785
1051843
1051899
1051977
1052342
1052503
1052630
1052765
1052801
1052833
1052866
1052905
1052941
1052963
1052999
1053072
1053104
1053163
1053249
1053279
1053321
1053481
1053557
1053607
1053638
1053740
1053813
1053875
1053951
1054064
1054157
1054196
1054262
1054493
1054587
1055061
1055109
1055178
1055247
1055317
1055403
1055509
1055679
1055746
1055834
1055904
1055964
1056005
1056061
1056113
1056158
1056216
1056308
1056585
1056785
1056942
1057021
1057082
1057132
1057271
1057332
1057445
1057518
1057574
1057720
1057766
1057795
1057827
1057864
1057902
1057937
1057975
1058019
1058214
1058324
1058445
1058495
1058560
1058607
1058685
1058721
1058762
1058810
1058877
1058962
1059055
1059122
1059254
1059306
1059407
1059455
1059496
1059665
1059762
1059825
1059855
1059886
1060101
1060161
1060303
1060413
1060463
1060546
1060653
1060770
1060849
1061016
1061169
1061200
1061256
1061319
1061388
1061429
1061487
1061575
1061835
1061904
1061993
1062126
1062271
1062939
1063182
1063579
1063636
1064344
1064773
1064977
1065341
1065437
1065536
1065593
1065649
1065795
1065884
1066007
1066119
1066186
1066233
1066367
1066441
1066537
1066973
1067003
1067224
1067389
1067508
1067578
1067689
1067731
1067808
1067857
1067962
1068096
1068205
1068430
1068536
1068737
1068964
1069029
1069071
1069125
1069246
1069326
1069377
1069467
1069615
1069684
1069912
1069971
1069986
1070092
1070197
1070355
1070450
1070530
1070603
1070777
1071108
1071341
1071437
1071536
1071565
1071733
1071790
1071809
1071852
1071966
1072037
1072086
1072257
1072328
1072756
1072821
1072927
1073003
1073135
1073203
1073269
1073313
1073392
1073499
1073558
1073637
1073794
1073891
1074062
1074179
1074313
1074429
1074473
1074579
1074644
1074735
1075083
1075157
1075275
1075328
1075406
1075463
1075605
1075638
1075715
1075773
1075916
1075974
1076027
1076083
1076205
1076283
1076346
1076392
1076431
1076469
1076512
1076569
1076661
1076723
1076777
1076823
1076874
1076919
1077039
1077116
1077155
1077195
1077233
1077274
1077353
1077391
1077438
1077475
1077517
1077553
1077587
1077659
1077823
1077871
1077901
1077939
1077977
1078016
1078113
1078145
1078193
1078246
1078346
1078535
1078584
1078637
1078712
1078751
1078801
1079021
1079200
1079305
1079392
1079440
1079458
1079599
1079673
1079712
1079886
1079997
1080149
1080238
1080372
1080430
1080582
1080684
1080772
1080895
1080999
1081060
1081109
1081257
1081337
1081407
1081447
1081494
1081543
1081580
1081626
1081773
1081850
1081959
1082043
1082088
1082326
1082360
1082400
1082446
1082529
1082575
1082675
1082715
1082758
1082802
1082895
1082940
1082978
1083074
1083167
1083209
1083262
1083314
1083350
1083406
1083439
1083475
1083516
1083578
1083620
1083701
1083740
1083787
1084046
1084159
1084200
1084286
1084366
1084558
1084635
1084809
1084894
1084921
1084990
1085067
1085114
1085149
1085243
1085297
1085380
1085481
1085527
1085639
1085710
1085779
1085878
1085944
1085956
1085988
1086122
1086187
1086244
1086286
1086337
1086388
1086421
1086497
1086583
1086641
1086692
1086757
1086767
1086791
1086829
1086879
1086936
1087019
1087066
1087233
1087293
1087405
1087559
1087611
1087685
1087746
1087795
1087883
1088037
1088161
1088225
1088270
1088322
1088371
1088467
1088573
1088615
1088788
1088907
1088962
1089008
1089073
1089118
1089147
1089167
1089253
1089292
1089351
1089413
1089557
1089641
1089773
1090099
1090149
1090195
1090245
1090305
1090339
1090418
1090447
1090519
1090547
1090583
1090623
1090674
1090729
1090916
1091027
1091115
1091245
1091284
1091439
1091483
1091670
1091720
1091850
1091896
1091942
1091987
1092049
1092089
1092143
1092167
1092220
1092283
1092618
1092781
1092796
1092953
1092986
1093049
1093095
1093199
1093295
1093353
1093460
1093499
1093536
1093575
1093619
1093660
1093829
1093911
1093951
1093995
1094042
1094077
1094135
1094248
1094285
1094337
1094449
1094509
1094536
1094633
1094710
1094721
1094777
1094830
1095010
1095085
1095172
1095280
1095453
1095553
1095593
1095653
1095780
1095861
1095951
1096241
1096277
1096313
1096357
1096399
1096443
1096466
1096488
1096608
1096664
1096713
1096765
1096977
1097025
1097076
1097136
1097179
1097216
1097254
1097320
1097453
1097544
1097645
1097700
1097747
1097793
1097926
1098001
1098045
1098103
1098249
1098374
1098414
1098591
1098638
1098715
1098753
1098853
1098950
1099009
1099078
1099229
1099331
1099367
1099408
1099467
1099510
1099581
1099626
1099673
1099711
1099784
1099841
1099881
1099965
1100030
1100167
1100367
1100400
1100435
1100519
1100557
1100703
1100850
1100979
1101013
1101162
1101444
1101494
1101569
1101628
1101671
1101727
1101804
1101843
1101886
1101997
1102132
1102221
1102270
1102340
1102430
1102484
1102655
1102831
1102917
1102986
1103048
1103249
1103325
1103397
1103532
1103666
1103747
1103800
1103856
1104118
1104178
1104247
1104578
1104641
1104787
1105033
1105087
1105293
1105487
1105561
1105644
1105787
1106069
1106142
1106192
1107227
1107358
1107414
1107504
1107621
1107801
1107879
1108113
1108168
1108226
1108285
1108386
1108472
1108522
1108583
1108653
1108862
1108917
1109041
1109127
1109288
1109332
1109408
1109731
1109777
1109898
1109981
1110061
1110119
1110207
1110251
1110299
1110445
1110601
1110658
1110714
1110778
1111115
1111208
1111545
1111614
1111662
1111805
1111842
1111875
1111986
1112031
1112160
1112208
1112295
1112368
1112437
1112480
1112686
1112749
1112899
1112977
1113062
1113167
1113395
1113460
1113510
1113731
1113993
1114263
1114666
1114837
1114941
1115166
1115362
1115421
1115495
1115555
1115599
1115646
1115701
1115857
1115939
1115999
1116063
1116348
1116452
1116734
1116931
1116978
1117072
1117115
1117219
1117348
1117415
1117471
1117540
1117620
1117687
1117741
1117979
1118187
1118228
1118255
1118448
1118499
1118575
1118781
1118893
1118963
1119027
1119142
1119250
1119343
1119381
1119420
1119460
1119518
1119569
1119620
1119844
1119921
1119995
1120070
1120136
1120407
1120563
1120691
1120783
1120910
1121085
1121144
1121208
1121261
1121375
1121409
1121549
1121713
1121859
1121929
1122029
1122074
1122125
1122183
1122245
1122294
1122337
1122393
1122450
1122505
1122697
1122747
1122787
1122933
1122977
1123034
1123177
1123197
1123237
1123369
1123425
1123511
1123594
1123654
1123803
1123844
1123910
1124009
1124068
1124127
1124170
1124220
1124278
1124325
1124458
1124529
1124674
1124839
1124885
1124951
1125012
1125075
1125156
1125204
1125271
1125454
1125638
1125683
1125726
1126100
1126185
1126247
1126287
1126359
1126411
1126465
1126527
1126676
1126891
1126925
1126961
1127058
1127103
1127168
1127210
1127276
1127344
1127415
1127479
1127529
1127579
1127629
1127681
1127774
1127813
1127853
1127888
1127923
1127968
1128010
1128093
1128159
1128207
1128271
1128391
1128549
1128638
1129022
1129222
1129298
1129400
1129472
1129544
1129656
1129728
1129915
1129983
1130027
1130227
1130273
1130378
1130426
1130518
1130561
1130629
1130683
1130783
1130831
1130893
1130995
1131039
1131121
1131168
1131258
1131347
1131467
1131508
1131557
1131608
1131784
1131879
1131926
1132009
1132234
1132299
1132410
1132522
1132661
1132727
1132780
1132819
1132904
1132981
1133192
1133427
1133527
1133658
1133721
1133770
1133815
1133863
1133970
1134013
1134122
1134238
1134275
1134317
1134361
1134394
1134447
1134491
1134533
1134582
1134627
1134670
1134781
1134833
1134915
1134980
1135026
1135119
1135169
1135237
1135327
1135375
1135441
1135490
1135568
1135612
1135854
1135983
1136126
1136353
1136592
1136709
1136820
1136930
1136984
1137033
1137097
1137135
1137181
1137235
1137359
1137400
1137447
1137488
1137563
1137618
1137736
1138109
1138575
1138666
1138827
1139020
1139103
1139263
1139453
1139531
1139579
1139669
1139865
1139933
1139980
1140021
1140069
1140107
1140165
1140246
1140377
1140418
1140477
1140606
1140657
1140769
1141026
1141102
1141365
1141467
1141528
1141852
1142004
1142078
1142119
1142176
1142217
1142268
1142333
1142437
1142589
1142635
1142681
1142752
1142792
1142838
1142882
1142919
1142959
1142998
1143034
1143069
1143113
1143145
1143182
1143216
1143253
1143298
1143332
1143381
1143467
1143530
1143562
1143619
1143662
1143725
1143837
1143883
1144104
1144147
1144514
1144594
1144693
1144818
1145095
1145152
1145210
1145260
1145281
1145379
1145462
1145513
1145538
1145633
1145805
1145873
1145926
1146052
1146094
1146123
1146329
1146375
1146402
1146540
1146643
1146803
1146853
1146942
1147167
1147263
1147328
1147685
1147789
1148094
1148179
1148231
1148309
1148351
1148469
1148515
1148582
1148641
1148695
1148895
1149003
1149171
1149375
1149429
1149545
1149593
1149662
1149898
1149953
1150027
1150120
1150180
1150232
1150416
1150623
1150729
1151057
1151207
1151265
1151455
1151591
1152121
1152163
1152197
1152270
1152369
1152414
1152459
1152539
1152655
1152722
1152805
1152993
1153091
1153224
1153293
1153568
1153706
1153761
1153831
1153923
1153992
1154041
1154115
1154172
1154311
1154382
1154513
1154564
1154602
1154720
1154844
1154909
1155218
1155310
1155378
1155461
1155616
1155841
1155949
1155997
1156183
1156254
1156306
1156353
1156501
1156636
1156695
1156996
1157047
1157209
1157312
1157374
1157432
1157557
1157659
1157744
1157802
1157897
1157947
1158016
1158087
1158309
1158399
1158467
1158524
1158618
1158765
1158819
1158868
1158906
1159031
1159075
1159135
1159226
1159262
1159299
1159330
1159371
1159447
1159526
1159576
1159691
1159783
1159859
1159927
1160061
1160186
1160293
1160418
1160495
1160539
1160590
1160632
1160748
1160808
1161088
1161132
1161289
1161324
1161363
1161411
1161560
1161624
1161688
1161743
1161785
1161822
1161883
1161932
1161965
1161999
1162115
1162137
1162184
1162252
1162283
1162312
1162343
1162383
1162461
1162540
1162577
1162619
1162664
1162828
1162868
1163030
1163095
1163144
1163230
1163315
1163432
1163485
1163557
1163613
1163676
1163713
1163762
1163860
1163922
1164041
1164072
1164104
1164134
1164208
1164259
1164319
1164380
1164462
1164534
1164575
1164616
1164650
1164705
1164777
1164811
1164890
1164947
1164995
1165044
1165088
1165216
1165387
1165449
1165611
1165688
1165822
1165872
1165917
1165987
1166044
1166077
1166141
1166180
1166297
1166422
1166511
1166567
1166702
1166787
1166861
1166911
1166949
1166990
1167053
1167095
1167131
1167296
1167336
1167494
1167593
1167622
1167870
1168001
1168019
1168061
1168105
1168324
1168366
1168392
1168465
1168573
1168663
1168742
1168786
1168834
1168959
1169007
1169115
1169201
1169249
1169307
1169519
1169785
1169837
1169882
1169910
1169940
1169961
1170015
1170120
1170413
1170531
1170618
1170765
1171013
1171142
1171191
1171304
1171382
1172026
1172163
1172398
1172462
1172759
1172836
1172891
1172966
1173053
1173139
1173195
1173257
1173431
1173567
1173643
1173721
1173892
1174004
1174100
1174140
1174179
1174267
1174332
1174487
1174539
1174579
1174635
1174771
1174933
1175064
1175115
1175132
1175173
1175284
1175349
1175554
1175585
1175701
1175789
1175887
1175930
1175985
1176121
1176169
1176302
1176482
1176527
1176714
1176772
1176993
1177042
1177112
1177189
1177252
1177474
1177527
1177628
1177677
1177724
1177778
1178009
1178105
1178180
1178241
1178525
1178855
1179246
1179321
1179373
1179701
1179811
1179908
1180112
1180537
1180581
1180629
1180640
1180758
1180799
1180983
1181095
1181218
1181517
1181569
1181621
1181678
1181756
1181907
1182092
1182173
1182343
1182401
1182469
1182523
1182566
1182613
1182649
1182693
1182785
1182822
1182869
1182944
1182985
1183073
1183125
1183230
1183284
1183348
1184009
1184131
1184216
1184353
1184464
1184540
1184709
1184857
1184947
1185087
1185194
1185272
1185302
1185315
1185374
1185411
1185475
1185503
1185655
1185718
1185867
1185967
1186061
1186138
1186197
1186342
1186507
1186559
1186601
1186651
1186725
1186786
1186944
1186988
1187102
1187199
1187262
1187325
1187367
1187507
1187590
1187655
1187712
1187777
1187831
1187886
1187920
1188031
1188090
1188183
1188227
1188245
1188323
1188388
1188448
1188575
1188636
1188686
1188750
1188877
1189028
1189075
1189170
1189284
1189376
1189418
1189467
1189531
1189584
1189742
1189779
1189835
1189945
1190010
1190053
1190130
1190173
1190214
1190259
1190350
1190388
1190422
1190454
1190487
1190532
1190562
1190598
1190633
1190724
1190768
1190831
1190970
1191075
1191237
1191275
1191337
1191387
1191441
1191523
1191744
1191925
1192045
1192581
1192721
1192818
1192927
1193004
1193115
1193161
1193247
1193298
1193451
1193524
1193577
1193638
1193742
1193860
1194198
1194372
1194425
1194477
1194544
1194586
1194630
1194725
1194769
1194838
1194958
1195134
1195240
1195319
1195425
1195861
1195967
1196005
1196123
1196282
1196299
1196353
1196409
1196461
1196520
1196588
1196816
1196916
1196968
1197049
1197138
1197269
1197336
1197402
1197555
1197597
1197636
1197671
1197714
1197754
1197825
1197866
1197908
1197954
1197997
1198158
1198190
1198360
1198439
1198491
1198630
1198649
1198699
1198745
1198797
1198834
1198879
1198937
1199045
1199107
1199144
1199175
1199291
1199338
1199402
1199472
1199572
1199653
1199695
1199879
1199956
1200001
1200070
1200120
1200185
1200239
1200284
1200355
1200409
1200451
1200495
