34
53
146
181
221
413
599
646
707
867
1162
1283
1318
1335
1417
1435
1482
1763
1781
1813
1831
1869
1955
2197
2243
2374
2668
2719
2857
2889
3387
3413
3510
3528
3572
3813
3843
3890
3951
3998
4059
4207
4413
4807
4848
4908
4925
5069
5248
5368
5530
5579
5654
5774
5792
6264
6351
6397
6479
6604
6709
6724
6760
6827
6880
7231
7434
7466
7483
7500
7583
7685
7764
7822
7839
7973
8132
8154
8267
8324
8381
8397
8425
8452
8513
8693
8793
8823
8841
8924
9163
9280
9419
9446
9507
9558
9580
9592
9781
9806
9831
10095
10483
10533
10580
10599
10692
10726
10806
10823
10839
10997
11021
11293
11853
11867
11911
12121
12175
12350
12409
12569
12670
12697
12743
13143
13198
13228
13250
13359
13465
13567
13577
13869
13981
14196
14229
14280
14315
14412
14708
14745
14818
14977
15043
15329
15419
15440
15685
15853
16052
16070
16197
16299
16476
16516
16582
16598
16630
16837
16868
17170
17224
17273
17419
17647
17892
17989
18043
18149
18298
18357
18465
18919
18947
18992
19105
19203
19233
19342
19355
19471
19614
19634
19696
19747
19818
19831
19853
19868
19877
19945
20027
20140
20408
21001
21021
21394
21593
21792
22063
22105
22223
22270
22436
22575
22636
22767
23151
23233
23386
23809
23825
23849
24454
24471
24538
24548
24644
24907
25637
25726
25778
25876
25993
26079
26221
26314
26332
26343
26368
26547
26906
26952
27011
27051
27116
27163
27489
28050
28179
28377
28400
28469
28707
28742
28825
28870
28920
29120
29339
29361
29505
29554
29635
29744
29891
30063
30130
30166
30193
30324
30604
30638
30725
30749
30788
30871
30883
31067
31595
31657
31769
31859
31902
31983
32096
32634
33096
33171
33274
33290
33826
33845
33901
34067
34421
34481
34527
34555
34583
34663
34748
34769
34794
34922
35205
35690
35809
35840
35852
35884
36326
36353
36611
36841
37237
37308
37341
37415
37421
37636
37715
37758
37959
38118
38313
38369
38414
38421
38885
39162
39176
39247
39369
39672
39691
39711
39756
39779
39819
39852
39894
39961
40159
40210
40240
40253
40297
40497
40531
40707
40949
40977
41000
41539
41610
41788
42234
42438
42475
42620
42763
42792
42808
42833
42861
43267
43338
43457
43495
43649
43716
43849
43923
44144
44213
44609
44952
45046
45320
45329
45427
45469
45955
46419
46667
46960
46975
47073
47750
47800
48078
48313
48395
48714
48996
49145
49645
49703
49827
49889
50786
50871
51027
51045
51103
51133
51154
51221
51354
51507
51571
51654
51825
51856
52023
52307
52340
52485
52507
52543
52569
52740
52844
53036
53050
53061
53347
53376
53514
53545
53558
54055
54156
54244
54267
54278
54293
54352
54722
54829
54871
54920
54981
55023
55605
55627
55727
55836
55932
56043
56097
56137
56339
56563
56792
56822
56906
56944
57063
57261
57317
57373
57432
57457
57552
57680
57717
57745
58000
58038
58074
58100
58123
58247
58308
58380
58399
58466
58559
58750
59925
60011
60078
60136
60419
60575
60895
61244
61263
61283
61440
61500
61525
61546
61571
61930
62023
62129
62133
62195
62220
62261
62303
62349
62418
62429
62745
62764
63039
63392
63408
63422
63441
63473
63599
63858
64096
64165
64293
64621
64693
64718
65253
65295
65312
65346
65434
66000
66119
66184
66221
66423
66484
66613
66901
66910
66939
67404
67505
67539
67605
67671
67825
67871
67901
67941
67961
68018
68071
68217
68247
68439
68492
68618
68828
69091
69133
69207
69222
69269
69473
69550
69657
69841
69878
69910
70009
70085
70199
70387
70417
70493
70523
70841
70921
70939
71174
71657
71685
71782
71848
72326
72435
72529
72883
72940
73167
73259
73486
73549
73687
73796
73885
73911
74033
74093
74112
74201
74235
74268
74296
74335
74366
74620
74646
74715
74962
74989
75009
75031
75218
75277
75370
75393
75661
76089
76271
76307
76350
76361
76435
76685
76697
76750
76772
76833
76874
76877
76939
76964
76984
77077
77138
77345
77681
77697
77720
77796
77807
77812
77841
78035
78053
78070
78104
78121
78271
78291
78313
78319
78342
78375
78419
78490
78509
78629
78648
78665
78687
78714
78829
78913
78937
79151
79231
79255
79272
79300
79351
79463
79618
79783
79844
79988
79998
80278
80379
80606
81049
81075
81245
81381
81597
81689
81734
82115
82207
82224
82316
82352
82471
82521
82950
83030
83087
83190
83245
83565
83753
84013
84569
84730
84781
84848
84865
84959
84999
85037
85225
85323
85416
85519
85606
85611
85621
85753
85829
85894
86182
86402
86653
86685
86804
86808
86850
87162
87191
87303
87337
87657
87793
87974
88528
88784
89314
89340
89394
89416
89437
89455
89632
89700
89864
89866
89910
89937
89966
90346
90369
91045
91068
91073
91089
91157
91159
91174
91513
91772
91809
91957
92193
92373
92564
92584
92634
92886
92983
93107
93203
94032
94090
94285
94462
94586
94653
94770
95012
95119
95340
95385
95457
95537
95606
95745
95772
95891
95903
95920
95943
95967
96192
96290
96359
96457
96539
97210
97655
97687
97712
97734
97743
97786
97792
97909
97920
97935
98085
98112
98190
98211
98357
98382
98700
98842
99285
99744
99771
99959
99991
100060
100115
100174
100195
100319
100351
100379
100473
100530
100663
100933
101009
101074
101249
101617
101971
102001
102037
102112
102187
102273
102349
102786
102852
103194
103544
103550
103663
103687
103763
103845
103881
104027
104077
104135
104141
104212
104273
104288
104309
104341
104478
104527
104590
104607
104697
104842
105140
105199
105258
105263
105272
105927
106267
106476
106601
106797
106848
106999
107047
107142
107165
107449
107540
107907
108127
108258
108544
108735
108936
108965
109060
109314
109572
109684
110051
110157
110229
110423
110585
110730
110750
110933
111109
111125
111202
111228
111297
111309
111329
111363
111414
111609
111687
111701
111717
111728
111794
111808
111904
111927
111939
111955
111967
112069
112140
112353
112490
112613
112665
112889
112913
112928
112933
112951
112963
112978
113062
113075
113133
113269
113294
113321
113396
113421
113495
113528
113601
113691
113756
113770
113786
113852
113966
114084
114235
114295
114328
114457
114661
115192
115200
115331
115412
115433
115473
115519
115686
116002
116294
116331
116348
116411
116471
116495
116525
116553
116640
116681
116704
116827
116873
116912
116977
117106
117136
117615
118116
118759
118806
118820
118871
118872
118900
118910
119030
119043
119065
119110
119227
119250
119405
119842
119929
120005
120111
120237
120303
120494
120523
120646
120801
120894
120917
121060
121147
121406
121468
122084
122132
122354
122374
122483
122500
122734
123048
123091
123108
123190
123223
123338
123374
123413
123631
123685
123737
123835
123925
124133
124245
124432
124584
124635
124804
124927
124997
125223
125287
125407
125628
125708
125816
125926
125937
125997
126040
126077
126144
126182
126298
126371
126391
126547
126572
126585
126626
126635
126696
126864
126957
127199
127236
127439
127552
127608
127667
127800
127902
127909
127943
127969
128107
128148
128181
128210
128224
128401
128421
128526
128547
128607
128774
128913
128987
129189
129254
129386
129419
129511
129527
129553
129564
129675
129693
129705
129729
129783
129811
129820
129855
129885
129920
130013
130111
130117
130167
130279
130284
130289
130340
130348
130356
130419
130475
130494
130560
130579
130591
130681
130864
130902
131129
131231
131243
131473
131518
131534
131557
131572
131594
131601
131616
131640
131677
131812
131827
131854
131861
131945
131972
132061
132241
132264
132312
132326
132409
132410
132534
132616
132644
132653
132668
132677
132750
132772
132782
132800
132816
132860
132871
132962
132988
133006
133013
133041
133078
133111
133151
133174
133250
133318
133443
133471
133499
133515
133524
133536
133559
133579
133595
133629
133661
133674
133682
133727
133734
133755
133767
133938
134021
134449
134790
134835
134901
135047
135129
135157
135243
135321
135437
135458
135517
135787
135861
136301
136477
136635
136703
136767
136917
136966
136986
137003
137065
137116
137130
137308
137339
137373
137403
137467
137488
137521
137561
137591
137601
137623
137636
137794
137883
137905
137958
138137
138138
138354
138439
138487
138689
138706
138739
138749
138768
138798
138843
138861
138896
139059
139083
139101
139125
139192
139197
139214
139231
139376
139417
139438
139751
139774
139827
140007
140025
140191
140205
140227
140312
140410
140443
140448
140492
140516
140552
140590
140693
140759
140858
140878
140898
140926
140942
141074
141467
141543
141580
141705
141801
141844
141907
141997
142052
142075
142117
142214
142269
142281
142291
142365
142405
142455
142501
142535
142662
142856
143004
143063
143151
143159
143233
143307
143354
143419
143581
143669
143691
143747
143767
143797
143817
143837
143875
143964
143994
144004
144031
144045
144259
144369
144670
144778
144969
145019
145162
145369
145370
145483
145511
145625
145679
145714
145903
145923
145980
146086
146149
146174
146195
146284
146372
146386
146407
146418
146485
146500
146528
146552
146703
146749
146821
146900
146921
147029
147065
147117
147193
147246
147276
147380
147395
147547
147585
147652
147753
147786
147819
147849
147881
147920
147944
147977
147990
148012
148092
148229
148307
148372
148446
148519
148536
148588
148597
148606
148865
148885
148919
148939
148963
149161
149278
149299
149315
149340
149369
149392
149422
149595
149613
149659
149701
149879
149914
149930
150022
150067
150098
150278
150307
150355
150407
150513
150613
150683
150706
150727
150918
150976
151168
151295
151334
151348
151453
151545
151752
151788
151882
151885
152036
152091
152123
152143
152174
152253
152292
152361
152416
152432
152457
152613
152643
152693
152802
153095
153106
153126
153194
153227
153239
153254
153275
153290
153354
153369
153410
153485
153524
153536
153649
153656
153671
153672
153847
153974
154024
154245
154271
154555
154816
154850
155006
155046
155074
155089
155105
155145
155151
155207
155318
155399
155437
155453
155460
155473
155499
155573
155619
155815
155962
155977
156096
156176
156188
156219
156224
156268
156333
156433
156508
156549
156775
156790
156826
156852
156904
156950
157042
157458
157493
157753
157951
158012
158079
158368
158451
158545
158583
158736
158793
158806
159097
159155
159193
159197
159242
159320
159438
159697
159785
159950
159989
160064
160123
160178
160212
160262
160459
160655
160715
160827
160866
160913
160952
161077
161119
161189
161228
161243
161284
161342
161369
161500
161697
161779
162006
162175
162194
162243
162538
162786
162923
163102
163268
163319
163362
163368
163395
163421
163511
163582
163615
163711
163805
163882
163931
164003
164162
164259
164279
164307
164373
164526
164855
164901
165049
165104
165170
165235
165341
165366
165439
165653
165748
165767
165823
165863
165887
165953
166022
166034
166070
166127
166236
166255
166297
166359
166659
167181
167214
167326
167770
167789
167836
167873
167923
167965
167990
168014
168042
168147
168236
168328
168443
168471
168537
168673
168797
168830
168959
168980
169007
169069
169164
169262
169354
169397
169434
169465
169551
169621
169642
169668
169711
169747
170091
170299
170447
170470
170531
170660
170716
170773
170869
170983
171011
171059
171077
171120
171157
171198
171248
171273
171281
171297
171315
171329
171349
171445
171519
171866
172043
172112
172338
172434
172603
172691
172753
172855
172892
172945
173016
173137
173167
173216
173229
173232
173280
173317
173379
173406
173495
173511
173532
173557
173649
173817
173826
173995
174015
174029
174109
174117
174149
174175
174281
174404
174481
174543
174581
174616
174645
174772
174796
174983
175022
175056
175171
175199
175239
175273
175333
175405
175445
175475
175576
175600
175614
175821
175969
175997
176031
176043
176067
176076
176093
176137
176159
176186
176316
176339
176388
176479
176549
176551
176621
176683
176699
176723
176831
176913
176948
177077
177103
177169
177268
177342
177402
177575
177599
177763
177851
177931
177979
178136
178245
178274
178375
178415
178543
178561
178669
178740
178805
178938
179052
179396
179464
179560
179776
179873
179997
180062
180161
180193
180275
180285
180303
180339
180523
180570
180592
180620
180633
180677
180687
180698
180839
180853
180976
181107
181146
181207
181298
181325
181390
181536
181743
181907
182079
182207
182427
182503
182595
182609
182635
182867
182910
183015
183133
183155
183188
183245
183299
183336
183361
183399
183448
183519
183540
183555
183717
183850
184101
184129
184475
184635
184975
185092
185357
185537
185628
185671
185733
185931
185958
185990
186097
186126
186221
186672
186703
186869
187011
187031
187188
187208
187485
187637
187893
187986
188151
188237
188328
188413
188435
188505
188617
188672
188799
188957
189198
189407
189541
189677
189725
189958
190001
190063
190098
190189
190205
190220
190281
190314
190451
190497
190522
190783
190939
190991
191015
191259
191350
191727
191772
191916
192122
192168
192211
192540
192663
192680
192759
192828
192852
192980
193007
193037
193152
193291
193485
193507
193528
193967
194257
194739
194901
195144
195249
195363
195506
195555
195614
195699
195813
196054
196088
196249
196343
196372
196405
196531
196621
197324
197599
197798
197847
198028
198169
198282
198357
198499
198647
198681
198727
198795
198889
199084
199144
199178
199329
199485
199506
199523
199569
199607
199693
199711
199789
199814
199854
199885
199911
199993
200008
200093
200185
200433
200587
200665
200762
200799
200844
201041
201123
201349
201655
201848
201868
201971
202021
202039
202045
202053
202062
202087
202132
202211
202332
202341
202541
202635
202715
202783
202955
202966
203060
203087
203224
203250
203327
203393
203449
203486
203488
203666
203713
203850
203862
203974
203983
204157
204212
204244
204310
204343
204398
204419
204466
204502
204537
204613
204749
204757
204771
204883
204967
205051
205242
205265
205333
205379
205389
205400
205579
205634
205766
205862
206135
206174
206199
206296
206505
206544
206559
206569
206661
206708
206743
206779
206899
207000
207025
207108
207271
207293
207313
207329
207393
207403
207413
207493
207526
207563
207619
207673
207715
207811
207835
208406
208443
208559
208577
208611
208641
208677
208789
208801
208857
208953
209030
209142
209162
209186
209233
209317
209373
209506
209527
209565
209645
209666
209826
209845
209964
210021
210095
210179
210203
210235
210244
210281
210401
210442
210482
210510
210525
210667
210899
210922
211075
211141
211192
211292
211357
211378
211449
211520
211604
211622
211664
211734
211852
211872
211916
211960
211984
212049
212053
212104
212154
212170
212359
212371
212376
212412
212422
212587
212598
212780
212847
212891
212989
213085
213132
213181
213263
213301
213351
213372
213402
213421
213536
213587
213696
213891
213920
213993
214056
214084
214098
214174
214267
214343
214373
214493
214533
214577
214610
214792
214944
215031
215130
215151
215181
215317
215327
215355
215433
215490
215503
215600
215670
215752
215963
216093
216396
216430
216453
216478
216505
216529
216604
216639
216746
216827
216915
217211
217391
217578
217609
217643
217661
217682
217710
217768
217865
217983
218130
218189
218253
218405
218560
218620
218641
218680
218770
218785
218810
218813
218980
219031
219053
219086
219132
219188
219293
219377
219600
219663
219699
219723
219737
219815
219923
219977
219980
219983
219998
220073
220125
220145
220165
220177
220226
220338
220340
220443
220463
220579
220589
220730
220766
220856
220876
220935
220948
220962
221106
221134
221226
221263
221332
221353
221467
221480
221504
221615
221651
221668
221677
221733
221778
221798
221806
221847
221899
221915
221929
221934
222133
222203
222254
222499
222607
222630
222760
222896
223004
223209
223254
223301
223892
223933
223944
223992
224031
224069
224115
224129
224168
224178
224191
224211
224283
224346
224353
224370
224379
224405
224536
224548
224617
224661
224687
224699
224749
224899
224943
224945
225073
225135
225166
225196
225209
225381
225391
225422
225639
225643
225662
225828
225852
225949
225990
226013
226032
226098
226111
226121
226137
226159
226211
226233
226319
226376
226419
226443
226465
226481
226485
226594
226602
226612
226617
226637
226688
226725
226733
226782
226796
226811
226837
226861
226916
227018
227072
227104
227435
228207
228275
228310
228396
228839
228867
228878
228905
228950
229074
229613
229757
229895
230049
230134
230201
230233
230308
230381
230419
230583
230856
230924
230950
231087
231143
231179
231418
231481
231706
231734
232681
232749
232884
232929
232991
233239
233269
233516
233695
233911
234418
234441
234515
234677
234797
235403
235727
235766
235827
235866
235963
236125
236184
236209
236283
236433
236581
236856
236947
237021
237086
237125
237172
237186
237209
237215
237216
237221
237273
237281
237292
237350
237368
237504
237523
237538
237601
237644
237675
237743
237808
237809
237813
237848
237851
237857
237885
237951
237972
238028
238041
238209
238256
238264
238294
238336
238393
238401
238605
238687
238745
238951
239047
239088
239148
239152
239156
239157
239165
239185
239203
239246
239280
239295
239368
239656
239730
239747
240093
240128
240202
240318
240332
240347
240381
240414
240438
240489
240551
240628
240664
240904
240936
240992
241117
241267
241429
241635
241762
241787
241805
241842
241850
241875
241932
242095
242265
242387
242441
242453
242471
242489
242497
242517
242530
242542
242555
242563
242578
242630
242649
242656
242733
242807
242814
242824
242949
243310
243420
243614
243674
243825
243982
244079
244133
244157
244230
244330
244349
244428
244496
244528
244545
244708
244744
244808
244884
244887
244973
245048
245145
245308
245330
245354
245374
245431
245493
245538
245609
245697
245827
245895
245961
246080
246123
246225
246261
246296
246313
246347
246413
246509
246552
246675
246717
246765
246862
247111
247118
247182
247227
247244
247264
247318
247457
247497
247546
247566
247585
247657
247826
247973
247997
248037
248063
248291
248427
248566
248702
248924
249094
249190
249216
249401
249423
249508
249565
249676
249708
249759
249823
249909
249927
249981
249992
250009
250048
250143
250299
250314
250389
250466
250533
250557
250615
250637
250725
250823
250871
250933
250972
250981
251146
251159
251173
251269
251333
251356
251440
251464
251479
251491
251543
251745
251757
251795
251860
251931
252026
252200
252205
252319
252412
252505
252764
252959
252965
253020
253211
253433
253488
253624
253679
253775
254067
254119
254166
254263
254309
254340
254438
254502
254549
254584
254644
254656
254678
254766
254851
254937
254979
254995
255184
255509
255542
255575
255592
255603
255791
255823
255884
255912
255930
255977
256010
256047
256121
256234
256379
256457
256887
256917
256948
257120
257196
257231
257269
257412
257415
257514
257538
257572
257640
257662
257696
257739
257775
257823
257848
257863
257905
257946
257964
257997
258083
258119
258392
258411
258434
258513
258770
258785
258805
258848
258973
259012
259034
259070
259090
259129
259213
259463
259511
259807
260047
260104
260636
260660
260692
260702
260715
260732
260753
260769
260779
260791
260813
260849
260876
260897
261005
261203
261304
261385
261521
261637
261713
261736
261908
261954
262139
262191
262243
262365
262512
262781
262816
262956
263002
263050
263243
263485
263559
263587
263622
263636
263711
263726
263777
263805
264051
264109
264159
264242
264304
264550
264715
264771
265047
265135
265241
265401
265711
265763
265812
265938
265965
266019
266213
266255
266343
266612
266658
266696
266717
266825
266845
266897
266943
267042
267236
267290
267536
267556
267587
267639
267894
268015
268059
268212
268261
268283
268354
268519
268600
268885
268963
269005
269134
269143
269170
269188
269238
269366
269394
269447
269452
269473
269481
269607
269614
269658
269795
270181
270247
270685
270707
270735
270751
270765
270789
270827
270880
270892
270929
270931
271099
271340
271435
271506
271616
272005
272165
272346
272641
272688
272720
272775
272828
272854
272881
272997
273035
273093
273156
273199
273248
273260
273284
273307
273386
273447
273587
273605
273629
273644
273663
273669
273677
273686
273699
273756
273777
273908
274049
274112
274182
274262
274423
274438
274451
274515
274597
274628
274760
274826
274960
274970
274984
275013
275035
275065
275131
275154
275190
275318
275391
275630
275693
275799
275848
275880
276012
276045
276126
276265
276284
276320
276420
276447
276567
276920
276986
277008
277113
277391
277402
277463
277519
277703
277820
277925
277959
278061
278232
278263
278324
278355
278568
278585
278687
278887
278905
278971
279041
279069
279085
279098
279193
279399
279760
280043
280065
280103
280114
280208
280234
280293
280311
280426
280490
280700
280818
280933
281007
281027
281067
281111
281158
281235
281415
281510
281542
281583
281713
281748
281828
281845
282044
282058
282074
282077
282099
282155
282524
282565
282602
282683
282813
282843
282852
282935
283004
283126
283217
283478
283543
283886
284064
284325
284365
284379
284536
284659
284769
284997
285012
285035
285067
285098
285225
285259
286194
286598
286688
286816
286874
286933
287073
287446
287491
287547
287594
287908
288218
288232
288265
288285
288355
288625
288659
288972
288993
289211
289302
289377
289477
289518
289657
289694
289911
290237
290658
290730
291048
291063
291097
291152
291167
291187
291238
291407
291471
291532
291571
291783
292125
292137
292186
292493
292547
292599
292625
292671
292792
292820
292860
292888
293193
293215
293389
293619
294079
294081
294086
294123
294343
294444
294625
294993
295093
295298
295387
295683
295746
295785
295802
295819
295847
295891
295959
296000
296184
296377
296455
296518
296607
296676
296798
296815
296981
297007
297119
297512
297521
297539
297684
297718
297975
298235
298291
298426
298689
298870
299168
299295
299349
299363
299431
299539
299555
299596
299747
299850
299873
300324
300517
300532
300750
300885
300910
301112
301178
301215
301269
301295
301455
301467
301504
301538
301723
301797
301870
302080
302543
302733
302735
302797
302887
302915
302941
302983
303030
303330
303341
303379
303445
303453
303468
303469
303553
303566
303583
303603
303681
303703
303721
303727
303737
303758
303823
303906
304040
304137
304187
304219
304272
304349
304440
304685
304760
304934
304959
304979
305020
305051
305341
305383
305482
305618
305727
305757
305831
305916
305978
306009
306201
306293
306699
306745
306860
306963
306997
307084
307129
307191
307266
307308
307322
307447
307653
308477
308517
308589
308639
308786
309366
309490
309578
309786
309923
310224
310431
310487
310655
310843
310901
311141
311161
311197
311247
311259
311355
311934
312137
312206
312249
312304
313789
313901
314032
314099
314166
314262
314314
314346
314547
314653
314753
314823
314870
315089
315273
315430
315461
315540
315597
315683
315811
315837
315874
316100
316275
316475
316515
316895
316910
316946
316988
317068
317113
317148
317163
317285
317355
317416
317530
317593
317601
317611
317623
317626
317842
317875
318111
318169
318457
318561
318673
318696
318703
318733
318852
318894
318923
318931
318949
319001
319466
319533
319563
319603
319624
319661
319698
319705
319757
319819
319934
320009
320067
320569
320594
320664
320687
320916
321155
321162
321175
321239
321322
321518
321598
321649
321798
321894
321981
322123
322188
322294
322384
322493
322507
322508
322561
322584
322600
322705
322747
322765
323164
323242
323244
323250
323327
323366
323701
323718
323775
323812
323827
323858
323960
324016
324090
324168
324410
324493
324622
324695
324698
324747
325145
325285
325504
325545
325570
325602
325680
325712
325763
326064
326113
326153
326559
326626
327144
327158
327281
327328
327457
327552
327838
327987
328071
328169
328185
328339
328396
328432
328518
328565
328813
328833
328856
328887
329363
329399
329524
329725
329739
329763
329830
329835
329913
329994
330043
330085
330198
330232
330320
330339
330385
330467
331019
331196
331364
331694
331749
331766
331838
331871
332035
332061
332072
332159
332228
332426
332663
332714
332819
333108
333455
333555
333833
333861
333870
333904
333937
333987
334184
334258
334423
334425
334464
334561
334581
334650
334673
334700
334727
334816
334855
335030
335053
335167
335364
335535
335567
335598
336054
336214
336512
336830
336883
337073
337082
337170
337430
337443
337558
337624
337716
337740
337825
337881
337950
338025
338104
338133
338217
338298
338302
338423
338460
338506
338638
338663
338757
338995
339456
339477
339491
339727
339822
339846
339995
340005
340302
340473
340575
340687
340843
340989
340997
341088
341420
341517
341803
341905
342274
342377
342435
342485
342507
342523
342554
342594
342727
342989
343010
343080
343159
343192
343383
343437
343498
343867
343932
344081
344311
344322
344506
344549
344625
344677
344692
344769
345367
345689
345851
345929
345932
346013
346120
346170
346199
346357
346379
346420
346466
346525
346639
346734
346886
346919
347225
347920
348032
348151
348264
348346
348422
348476
348487
348501
348549
348634
348661
348752
348793
349226
349308
349366
349441
349525
349579
349698
349753
349794
349864
350224
350388
350497
350521
350585
350598
350673
351179
351217
351578
351636
351764
351775
351848
351853
351981
351994
352028
352090
352177
352200
352210
352230
352320
352353
352585
352788
352800
352984
353057
353223
353311
353739
353932
354012
354124
354180
354312
354391
354430
354595
354635
354902
354921
354939
355111
355627
355713
355783
355872
355885
355917
355930
355942
355952
356035
356055
356129
356225
356392
356454
356563
356591
356711
356806
357015
357459
357647
357871
357889
357985
358070
358222
358265
358334
358404
358424
358437
358473
358541
358580
358613
358745
359061
359131
359191
359289
359427
359446
359453
359509
359640
359865
359975
360078
360403
360487
360523
360577
360603
360641
360929
361006
361029
361201
361534
361587
361699
361885
361920
362491
362553
362611
362635
362680
362806
362832
362951
363159
363411
363664
363752
363803
364231
364280
364309
364521
364695
364753
364796
365024
365439
365469
365580
365652
365701
365761
365848
365897
366085
366363
366584
366606
366641
366872
367129
367311
367439
367490
367535
367838
368423
368997
369267
369395
369537
369563
369587
369638
369657
369692
370557
370831
370946
370994
371285
371437
371633
371645
371701
371785
371871
371924
372309
372352
372517
372682
372747
373171
373235
373365
373625
373645
373665
373705
373729
373748
373917
374027
374051
374083
374363
374824
374913
374955
374995
375791
375886
375936
375957
375990
376045
376091
376170
376244
376316
376333
376397
376425
376594
376871
377157
377232
377252
377341
377466
377723
377752
378058
378139
378573
378691
378808
378933
378980
379159
379254
379334
379367
379557
379691
379743
379866
380152
380193
380285
380537
380575
381061
381083
381265
381615
381665
382243
382528
382601
382624
382653
382794
383145
383673
383692
383917
383961
384033
384121
384170
384294
384320
384511
384571
384706
384758
384905
384957
384987
385054
385082
385160
385200
385283
385322
385586
385622
385639
385652
386181
386568
386691
386709
386763
386784
386913
387081
387099
387122
387131
387133
387165
387339
388035
388043
388439
388983
389005
389357
389448
389478
389554
389572
389635
389673
389682
389692
389706
389717
389751
389789
389907
390048
390122
390152
390314
390365
390874
390893
391004
391030
391120
391251
391389
391615
391655
391681
391700
391783
391822
391848
392027
392141
392481
392606
392683
392708
392913
392946
392957
393027
393068
393084
393136
393193
393293
393338
393401
393484
393498
393517
393528
393605
393632
393773
393893
394170
394293
394433
394731
394851
394939
394971
394994
395035
395067
395083
395182
395275
395289
395333
395416
395488
395514
395543
395610
395671
395718
395739
395833
395850
395922
396152
396484
396492
396509
396516
396532
396563
396583
396594
396609
396731
396808
396921
396948
397007
397155
397218
397389
397549
397580
397741
397785
397940
397957
397979
397992
398036
398050
398169
398231
398259
398341
398359
398370
398401
398419
398569
398631
398895
398997
399071
399409
399493
399979
400213
400226
400283
400301
400405
400489
400519
400544
400621
400721
400789
400892
400909
400925
400950
401006
401052
401135
401264
401352
401535
401568
401647
401682
402007
402040
402134
402157
402363
402463
402499
402538
402617
402646
402661
402695
402763
402800
402875
402953
402993
403027
403142
403164
403179
403191
403251
403277
403318
403351
403526
403615
403709
403747
403766
403949
404050
404245
404341
404380
404713
404872
404876
404895
404916
405110
405201
405231
405367
405390
405467
405485
405818
405924
406026
406051
406085
406113
406212
406322
406372
406752
407057
407336
407369
407396
407433
407794
407935
408203
408309
408318
408378
408543
408815
408875
408881
409025
409045
409196
409227
409237
409361
409388
409531
410153
410213
410278
410283
410362
410739
410957
411003
411141
411362
411383
411573
411596
411699
411733
411875
411959
412015
412045
412133
412346
412383
412818
413144
413283
413304
413508
413634
413885
413956
414147
414214
414269
414357
414369
414438
414630
414679
414797
415132
415251
415309
415465
415529
415583
415959
416183
416204
416216
416291
416321
416383
416413
416452
416518
416534
416566
416616
416715
416780
417064
417144
417608
417817
417894
418015
418534
418597
418814
418913
418945
418962
418978
419107
419295
419685
419733
419870
419949
420233
420345
420439
420547
420651
420776
420917
420998
421037
421107
421386
421391
421433
421446
421688
421906
422270
422318
422583
422640
422876
423079
423126
423196
423237
423374
423419
423671
423695
423733
423750
423820
424071
424144
424210
424488
424600
424638
424715
424825
425073
425099
425156
425241
425250
425270
425303
425327
425396
425561
425580
425595
425604
425690
425713
425733
425795
425816
425935
426002
426031
426117
426221
426541
426631
426701
426831
426841
426893
427079
427111
427159
427197
427216
427229
427244
427261
427293
427308
427341
427376
427457
427552
427701
427744
427775
427822
427985
428096
428102
428166
428189
428205
428221
428245
428477
428726
428751
428886
428917
428924
428956
429035
429577
429793
429928
429995
430198
430273
430295
430316
430512
430672
430753
430835
430885
431111
431129
431190
431219
431315
431429
431448
431456
431512
431832
432036
432138
432175
432196
432277
432531
432700
432829
432998
433065
433150
433157
433168
433227
433272
433319
433702
433748
434105
434257
434325
434497
434626
434876
434907
435040
435128
435147
435173
435203
435232
435276
435327
435423
435474
435543
435694
435750
435795
435982
436019
436117
436300
436319
436530
436647
436843
437055
437119
437208
437280
437537
437604
437629
437649
437696
437736
437779
437806
437831
437841
437871
437887
437897
437900
437947
437978
437997
438444
438502
438553
438593
438950
439075
439290
439497
439832
439938
440034
440076
440102
440183
440217
440361
440428
440578
440709
440812
440944
441046
441087
441137
441443
441467
441499
441521
441529
441547
441561
441569
441607
441650
441654
441705
441770
441821
442125
442183
442234
442413
442494
442685
442794
443378
443396
443489
443557
443668
443687
443706
443722
443739
443753
443767
443848
443965
443983
444031
444114
444144
444229
444339
444399
444483
444524
444589
444700
444872
444999
445045
445177
445249
445494
445577
445664
445684
445723
445877
445935
445947
445956
446008
446033
446057
446103
446166
446218
446296
446310
446439
446561
446573
446604
446669
446734
446936
446949
447317
447435
447472
447491
447506
447571
447604
447607
447611
447619
447624
447646
447687
447749
447752
447769
447803
447892
447950
447978
448031
448040
448044
448052
448075
448195
448342
448351
448689
448801
448855
448915
448985
448995
449099
449112
449180
449201
449223
449274
449317
449439
449472
449521
449526
449621
449664
449703
449901
449915
450074
450301
450428
450461
450491
450658
450725
450746
450844
450987
451041
451081
451202
451217
451223
451233
451265
451311
451329
451395
451407
451427
451452
451489
451605
451658
451796
451926
452063
452147
452161
452185
452188
452314
452328
452353
452487
452535
452722
452741
452759
452769
452945
452972
453005
453171
453177
453489
453647
453675
453721
453974
453989
454022
454059
454089
454183
454428
454445
454477
454787
454827
454904
455057
455110
455133
455207
455237
455261
455379
455493
455628
455649
455762
455844
455963
456103
456229
456366
456428
456442
456529
456665
456680
456697
456830
456919
457133
457159
457439
457461
457481
457512
457621
457841
458051
458144
458187
458337
458378
458447
458493
458852
458883
458954
458970
459077
459083
459123
459249
459443
459480
459520
459708
459830
460036
460234
460285
460312
460465
460481
460631
460694
460730
460802
460818
460836
460997
461119
461175
461207
461241
461323
461500
461558
461633
461672
461894
462035
462125
462179
462244
462302
462320
462454
462484
462550
462591
462741
462754
462769
462973
463116
463341
463700
463842
463849
463994
463996
464020
464054
464285
464475
464686
464847
464872
465073
465097
465178
465229
465343
465409
465464
465586
465705
465753
465932
465959
465994
466215
466300
466345
466379
466393
466459
466509
466520
466673
466768
466915
467043
467234
467366
467389
467411
467509
467581
467613
467747
467811
467831
467870
468071
468075
468206
468243
468327
468394
468541
468589
468629
468635
468799
468847
468859
468872
468917
468956
468976
469071
469080
469122
469325
469353
469406
469627
469645
469783
469819
469854
469924
469972
469984
470069
470083
470240
470313
470348
470373
470395
470499
470560
470567
470716
470728
470734
470735
470963
471119
471127
471184
471205
471215
471266
471373
471489
471505
471513
471531
471577
471595
471603
471647
471674
471858
471885
471976
472007
472125
472277
472523
472576
472587
472597
472713
472796
472880
472933
472939
473074
473254
473586
473636
473687
473833
473930
473939
473995
474016
474082
474102
474106
474170
474263
474397
474425
474484
474519
474792
474868
474906
475081
475121
475152
475260
475296
475401
475495
475551
475562
475645
475747
475781
475863
475877
475943
476157
476330
476363
476398
476431
476445
476475
476523
476547
476555
476673
476685
476713
476799
476833
476851
476954
477014
477066
477075
477146
477159
477218
477276
477334
477613
477663
477799
477808
477835
477852
477901
477955
477984
478020
478087
478099
478194
478262
478263
478313
478338
478372
478386
478411
478460
478589
478620
478646
478841
479007
479049
479085
479092
479117
479152
479225
479305
479451
479501
479607
479732
479761
479846
480107
480338
480422
480432
480441
480465
480477
480502
480512
480521
480545
480564
480627
480666
480765
480823
480939
481058
481110
481161
481179
481206
481244
481259
481266
481283
481301
481366
481483
481519
481527
481536
481542
481561
481586
481697
481806
482059
482095
482209
482303
482404
482489
482513
482533
482609
482613
482659
482674
482767
482917
482945
483007
483059
483233
483880
484208
484326
484410
484417
484466
484497
484570
484757
484927
485043
485052
485071
485210
485243
485319
485375
485403
485411
485421
485594
485703
485774
485843
485855
485913
485940
485957
485972
485985
486097
486107
486109
486114
486146
486151
486189
486202
486229
486284
486365
486383
486429
486586
486637
486730
486752
486764
486815
486852
486885
487075
487118
487154
487180
487285
487315
487364
487416
487469
487592
487637
487706
487873
487899
487937
487938
487973
488027
488076
488139
488157
488177
488225
488422
488455
488509
488597
488973
489359
489483
489512
489596
489706
489832
490022
490287
490450
490527
490645
490937
490978
491015
491151
491582
491594
491599
491601
491676
491721
492063
492160
492178
492215
492357
492433
492563
492591
492870
492893
492906
492925
492954
493148
493188
493235
493285
493307
493444
493493
493561
493579
493604
493695
493708
493719
493740
493745
493751
493793
493876
493892
493896
493909
493932
493950
494080
494144
494296
494406
494414
494445
494499
494558
494624
494639
494663
494795
494863
494887
495013
495084
495115
495155
495191
495389
495430
495548
495822
495855
495888
496013
496294
496349
496556
496686
496713
496761
496778
496840
496927
497059
497159
497203
497363
497471
497538
497584
497616
497636
497653
497663
497691
497699
497736
497745
497808
497810
497818
497821
497823
497925
497960
497995
498263
498275
498327
498410
498543
498618
499416
499570
499693
499737
499778
499844
499863
500016
500055
500079
500142
500223
500255
500528
501142
501245
501307
501360
501537
501555
501607
501630
501687
501697
501828
502000
502090
502126
502227
502326
502388
502532
502603
502721
502743
503077
503138
503249
503305
503324
503540
503578
503610
503706
503767
503927
503970
503997
504093
504424
504444
504552
504709
504777
504940
504956
505009
505017
505050
505195
505260
505442
505495
505505
505633
505647
505691
505721
505777
505795
505893
505989
505994
506015
506025
506036
506219
506256
506301
506395
506467
506487
506499
506561
506609
506620
506627
506656
506705
506853
506894
507105
507220
507289
507331
507356
507376
507436
507458
507469
507495
507563
507581
507619
507681
507740
507756
507798
507907
507960
508035
508063
508164
508209
508249
508305
508386
508485
508726
508845
508874
508922
508953
509015
509065
509279
509356
509637
509666
509678
509695
509705
509725
509737
509743
509782
509797
509830
509833
509836
509882
509896
509900
509974
509992
510013
510036
510087
510147
510179
510242
510330
510367
510461
510502
510525
510565
510773
510808
510845
510873
510941
510983
511015
511071
511097
511123
511141
511201
511238
511258
511320
511332
511339
511362
511382
511396
511493
511520
511578
511619
511748
511767
511831
511918
511981
512129
512234
512278
512325
512392
512428
512543
512558
512646
512746
512762
512845
512868
512891
512981
512996
513010
513224
513235
513294
513364
513408
513444
513478
513574
513627
513648
513709
513777
513787
513909
513929
513986
514093
514133
514160
514183
514199
514229
514251
514273
514303
514328
514333
514352
514353
514383
514433
514544
514552
514553
514670
514730
514784
514873
514901
514957
514991
515095
515184
515212
515235
515271
515292
515305
515401
515442
515545
515581
515621
515689
515735
515815
515919
515979
516224
516263
516343
516375
516435
516460
516507
516566
516673
516787
516879
516927
516965
517050
517098
517127
517431
517769
518074
518306
518333
518351
518516
518654
518696
518730
518801
519049
519067
519085
519164
519200
519216
519281
519601
519891
519912
520023
520098
520183
520346
520386
520489
520575
520589
520634
520676
520707
520753
520804
520857
520864
521108
521135
521250
521411
521469
521639
521683
521728
521859
521915
522018
522192
522221
522267
522298
522410
522475
522519
522534
522550
522570
522593
522686
522710
522723
522743
522827
522877
522908
522926
522949
522965
523093
523155
523209
523240
523263
523274
523351
523382
523494
523515
523531
523572
523584
523696
523846
523865
523910
523925
523927
523936
523947
523977
524003
524184
524193
524211
524218
524227
524241
524342
524403
524438
524631
524669
524704
524738
524913
524996
525062
525713
525743
525847
525884
525971
525988
526007
526022
526082
526111
526176
526201
526273
526463
526501
526813
526849
526946
526992
527019
527073
527077
527128
527308
527352
527363
527384
527435
527453
527501
527567
527629
527691
527733
527775
527804
527834
527884
527920
527936
528006
528026
528045
528095
528105
528114
528131
528203
528216
528261
528299
528321
528335
528367
528561
528587
528800
528850
528886
528901
528915
528931
528956
528965
528988
529015
529051
529127
529312
529455
529492
529513
529546
529606
529683
529716
529742
529771
529791
529945
530026
530050
530059
530071
530123
530138
530207
530229
530261
530302
530767
531001
531055
531202
531246
531256
531272
531301
531367
531725
531861
532001
532039
532154
532235
532323
532380
532418
532447
532480
532524
532525
532633
533051
533110
533158
533193
533508
533596
533663
533725
533975
534031
534108
534298
534312
534401
534431
534500
534630
534695
534851
535599
535640
535729
535755
535822
535934
536097
536109
536129
536152
536192
536234
536360
536419
536455
536463
536503
536538
536576
536597
536685
537079
537146
537179
537240
537262
537305
537399
537502
537549
537671
537818
537833
537858
537887
537927
538050
538218
538286
538343
538361
538404
538424
538571
538584
538635
538642
538651
538698
538749
538801
538807
538815
538824
538847
538853
538867
538886
538899
538927
538957
539058
539169
539305
539315
539379
539505
539514
539597
539671
539768
539837
539896
539931
539939
539948
539962
540179
540186
540213
540279
540328
540591
540692
540707
540796
540816
540926
540981
540996
541199
541391
541462
541475
541517
541539
541635
541637
541819
541920
541933
541948
541973
541992
542013
542034
542113
542241
542345
542422
542433
542436
542460
542469
542479
542484
542490
542565
542569
542589
542608
542672
542697
542857
542886
542899
542910
542953
542991
543083
543159
543307
543425
543449
543637
543645
543669
543710
543753
543835
543980
543990
544054
544071
544087
544139
544166
544329
544447
544572
544609
544638
544688
544727
544793
544925
545023
545126
545167
545185
545447
545532
545644
545675
545716
545763
545796
545975
546031
546301
546474
546552
546592
546603
546727
546772
546847
546936
547245
547627
547683
547690
547708
547721
547743
547816
547912
547921
547928
547945
547955
547999
548011
548018
548025
548041
548080
548103
548106
548119
548158
548213
548218
548412
548454
548467
548532
548540
548547
548551
548600
548635
548665
548720
548946
549100
549130
549211
549236
549299
549346
549426
549549
549562
549636
549737
549817
549987
550067
550120
550195
550416
550424
550438
550462
550479
550492
550530
550532
550566
550689
550821
550833
550841
550918
550937
551123
551194
551205
551221
551235
551244
551333
551378
551394
551511
551535
551623
551642
551659
551780
551797
551831
552061
552078
552121
552195
552232
552253
552279
552405
552501
552566
552639
552658
552665
552743
552813
552905
552989
553061
553281
553347
553618
553655
553687
553707
553719
553775
553807
553841
553882
553939
554042
554076
554278
554323
554411
555067
555201
555383
555425
555514
555588
555799
555826
556450
556615
556721
556774
556777
556847
556925
556959
556987
557071
557131
557180
557199
557272
557297
557335
557355
557617
557811
557876
557929
557961
558009
558077
558106
558409
558447
558533
558541
558575
558679
558788
558814
558880
558909
558955
558994
559046
559129
559196
559249
559304
559357
559383
559439
559472
559548
559614
559635
559719
559798
559807
559865
559906
559955
560019
560195
560222
560259
560311
560331
560379
560448
560479
560582
560605
560616
560675
560864
560926
560981
561031
561159
561184
561422
561478
561768
561884
561924
561942
562059
562094
562227
562295
562553
562607
562681
562962
563200
563243
563259
563288
563316
563342
563404
563417
563457
563490
563523
563586
563615
563638
563669
563702
563809
563853
563986
564060
564093
564149
564176
564218
564273
564671
564685
564733
564949
564971
564998
565091
565106
565165
565243
565279
565326
565513
565537
565565
565667
565718
565761
565962
566001
566065
566111
566207
566275
566301
566323
566361
566397
566443
566503
566551
566579
566689
566788
566813
566831
566859
566875
566975
567005
567026
567039
567106
567165
567202
567306
567592
567666
567697
567757
567797
567880
567921
567934
568007
568029
568054
568110
568142
568200
568252
568323
568423
568503
568524
568537
568608
568728
568873
568951
568968
568991
569030
569057
569060
569087
569220
569309
569319
569650
569661
569668
569699
569821
569972
570181
570373
570435
570619
570635
570639
570845
570861
570930
570948
570990
571047
571059
571078
571123
571173
571298
571361
571375
571424
571476
571534
571564
571591
571617
571665
571704
571731
571799
571850
571861
571880
571925
571953
571971
572005
572017
572066
572070
572073
572077
572123
572132
572159
572295
572451
572462
572523
572542
572561
572577
572611
572643
572794
572856
573192
573359
573673
573805
573851
574001
574078
574126
574157
574221
574251
574277
574305
574359
574411
574444
574622
574676
574719
574729
574747
574786
574845
574906
574935
574962
574994
575153
575189
575221
575297
575337
575345
575361
575376
575403
575454
575470
575473
575474
575483
575534
575559
575806
575887
575930
575941
575957
575993
576011
576031
576057
576111
576191
576205
576249
576273
576290
576319
576326
576332
576336
576384
576404
576487
576511
576581
576593
576780
576842
577526
577553
577571
577586
577609
577621
577715
577732
577746
577755
577780
577799
577843
577863
577893
577921
578245
578259
578296
578322
578353
578385
578409
578471
578486
578497
578509
578565
578589
578624
578664
578693
578767
578796
578877
578905
578940
579021
579082
579099
579111
579115
579121
579159
579170
579258
579279
579301
579338
579350
579359
579396
579433
579442
579488
579498
579503
579516
579524
579533
579542
579583
579593
579624
579666
579752
579767
579789
579996
580203
580216
580245
580359
580398
580455
580644
580789
580882
580883
580991
581169
581198
581291
581373
581451
581494
581604
581735
581775
581807
581843
581875
581968
582011
582170
582187
582201
582339
582701
582802
583288
583363
583549
583595
583695
583828
584079
584141
584159
584183
584297
584325
584384
584405
584458
584476
584491
584515
584567
584725
584845
584884
585127
585180
585268
585480
585497
585595
585611
585780
585793
585896
585949
586025
586048
586109
586399
586461
586495
586509
586602
586614
586638
586667
586678
586739
586911
587009
587084
587129
587153
587233
587255
587285
587307
587347
587377
587571
587655
587668
587684
587752
587789
587811
587861
587884
587906
587914
587922
587933
587939
588024
588085
588151
588194
588223
588248
588326
588433
588462
588487
588534
588650
588716
588757
588927
589032
589213
589273
589284
589449
589468
589629
589649
589828
589863
589897
590020
590026
590037
590056
590069
590083
590125
590147
590226
590266
590292
590319
590327
590411
590420
590536
590623
590707
590762
590821
590827
590883
590905
590935
590959
590967
591163
591216
591310
591328
591352
591531
591619
591644
591696
591715
591775
591902
591937
591950
591975
592112
592140
592153
592195
592205
592218
592261
592279
592303
592325
592352
592582
592666
592727
592881
592933
592972
593247
593301
593391
593507
593517
593544
593591
593699
593743
593763
593799
593817
593841
593856
593877
593913
593963
593992
594002
594089
594101
594119
594156
594198
594215
594321
594355
594369
594394
594415
594588
594616
594659
594683
594730
594786
594817
594865
594907
594964
595163
595288
595415
595440
595576
595615
595651
595685
595707
595736
595774
595848
595871
595913
596053
596081
596122
596154
596251
596283
596321
596331
596341
596354
596362
596462
596795
596829
596857
596908
596922
597086
597173
597199
597223
597400
597448
597467
597501
597519
597618
597671
597705
597959
598018
598044
598116
598144
598347
598397
598414
598453
598477
598524
598545
598590
598606
598771
598811
598861
598917
598936
599017
599035
599225
599430
599506
599712
599738
599765
599777
600024
600042
600057
600067
600093
600125
600186
600194
600210
600220
600236
600245
600287
600333
600547
600582
600699
600754
600765
600773
600788
600808
600836
600929
600959
601055
601199
601249
601279
601325
601367
601423
601470
601515
601603
601649
601710
601820
601836
601853
601990
602013
602083
602343
602381
602415
602430
602449
602460
602482
602504
602539
602761
602783
602914
603020
603033
603044
603079
603115
603141
603247
603289
603313
603369
603396
603448
603584
603633
603798
603863
603885
603909
603923
603937
603950
603985
603994
604012
604073
604089
604203
604214
604241
604258
604273
604285
604309
604385
604469
604491
604505
604527
604568
604572
604584
604589
604601
604636
604647
604689
604701
604712
604751
604759
604771
604775
604791
604804
604822
604832
604862
604890
604910
604931
604978
605041
605062
605083
605161
605222
605327
605486
605640
605657
605701
605802
605825
605844
605914
605926
605950
605970
605975
605983
606069
606108
606204
606209
606225
606233
606244
606305
606373
606384
606433
606455
606490
606521
606535
606571
606612
606623
606641
606797
606811
606823
606846
606903
606919
607077
607211
607433
607475
607519
607585
607614
607644
607719
607760
607851
607863
607882
607922
607953
607977
608021
608055
608123
608329
608350
608374
608386
608397
608439
608472
608485
608539
608557
608567
608690
608754
608763
608791
608811
608901
608925
608976
609069
609079
609149
609198
609317
609353
609406
609495
609514
609557
609609
609632
609678
609756
609780
609797
609865
609889
609932
609943
609983
610132
610165
610437
610590
610624
610668
610677
610700
610714
610728
610735
610807
610815
610829
610885
610929
610963
610978
610988
611109
611250
611262
611416
611445
611479
611591
611853
611889
611935
611948
612270
612274
612302
612325
612333
612362
612383
612419
612436
612462
612543
612569
612617
612793
612800
612814
612867
612889
613015
613138
613323
613444
613565
613658
613713
613843
613912
613981
614268
614312
614352
614439
614484
614669
614710
614781
614873
614897
614934
614942
614969
615024
615123
615171
615178
615311
615320
615418
615425
615551
615721
615830
615890
615954
616043
616067
616093
616283
616433
616466
616481
616497
616581
616605
616624
616632
616693
616711
616724
616738
616752
616914
617074
617121
617128
617199
617240
617345
617350
617380
617386
617399
617447
617515
617607
617657
617675
617710
617729
617757
617778
617801
617820
617837
617850
617870
617890
617895
617953
618077
618157
618174
618203
618209
618279
618369
618511
618553
618585
618614
618695
618725
618864
618936
618963
619079
619141
619148
619237
619494
619731
619767
619900
620081
620173
620263
620304
620336
620858
620860
620924
620969
620983
620994
621016
621019
621052
621184
621365
621395
621575
621661
621756
621953
621991
622003
622189
622350
622420
622478
622616
622621
622668
622955
623121
623424
623481
623527
623824
624099
624289
624361
624368
624468
624476
624624
624649
624666
624753
624781
624875
624898
625025
625227
625518
625589
625645
626122
626136
626229
626242
626298
626501
626905
626971
627265
627302
627337
627494
627529
627640
627730
627773
627795
627867
627917
628011
628039
628085
628093
628382
628689
628874
628893
628965
629040
629063
629094
629122
629143
629180
629189
629201
629209
629294
629302
629367
629461
629473
629531
629565
629579
629591
629636
629663
629677
629817
630107
630307
630389
630434
630537
630667
630769
630858
630869
630998
631096
631118
631139
631188
631198
631257
631269
631333
631345
631359
631388
631417
631533
631865
631947
632327
632385
632488
632497
632534
632554
632570
632619
632621
632701
632721
632769
632819
632890
632905
632919
632930
633038
633070
633083
633457
633573
633604
633622
633658
633781
633808
633820
633865
633935
633946
634027
634153
634312
634382
634412
634481
634503
634549
634597
634700
634873
635117
635193
635229
635271
635314
635417
635435
635480
635531
635680
635809
635850
635880
636066
636111
636144
636168
636207
636375
636570
636620
636637
636705
636997
637103
637218
637258
637345
637465
637593
637608
637646
637656
637667
637668
637673
637821
637831
637862
637877
637907
637982
638029
638169
638233
638305
638309
638362
638492
638505
638724
638735
638752
638775
638808
639029
639127
639142
639264
639400
639443
639467
639475
639551
639560
639704
639719
639860
639909
640003
640034
640242
640359
640437
640473
640511
640543
640562
640584
640631
640659
640769
640813
640882
641041
641059
641081
641159
641165
641270
641305
641356
641627
641827
641874
641901
641919
642063
642087
642161
642214
642256
642335
642349
642361
642406
642565
642589
642663
642677
642703
642733
642860
642887
642904
642990
643034
643040
643141
643152
643190
643212
643227
643279
643304
643313
643348
643442
643743
643825
643976
644137
644166
644174
644190
644237
644283
644348
644446
644509
644519
644615
644816
644895
644905
644953
644997
645009
645035
645110
645111
645119
645153
645181
645193
645444
645458
645494
645749
645855
645957
646012
646255
646276
646293
646734
646824
646855
646966
646985
647010
647115
647427
647455
647567
647804
647907
647968
648047
648075
648108
648172
648245
648327
648348
648502
648592
648617
648730
648743
648910
649210
649280
649293
649356
649397
649529
649559
649592
649961
649988
650255
650445
650796
650820
651048
651083
651129
651231
651257
651273
651325
651515
651595
651738
651744
651755
651839
651895
651995
652031
652054
652209
652228
652291
652321
652464
652743
652808
652832
652885
652978
653014
653047
653187
653252
653287
653352
653432
653508
653538
653569
653667
653687
653740
653919
654164
654219
654587
654773
654801
654861
654967
655018
655092
655127
655157
655339
655387
655402
655539
655565
655609
655666
655680
655767
655872
655908
655978
656021
656086
656172
656294
656333
656379
656630
656685
656747
656764
656783
656962
657001
657113
657210
657255
657292
657334
657436
657574
657596
657663
657705
657761
657861
657881
657925
657942
658050
658141
658261
658301
658318
658346
658473
658665
658856
658908
658931
659022
659042
659141
659151
659255
659338
659442
659528
659558
659630
659659
659707
659762
659765
659781
659789
659889
659907
659958
659959
660013
660027
660032
660038
660053
660091
660106
660161
660183
660210
660257
660262
660289
660361
660397
660403
660412
660440
660523
660647
660662
660755
660929
660970
660999
661077
661243
661282
661341
661437
661521
661575
661627
661852
661883
661917
661955
661971
662077
662151
662299
662318
662324
662389
662403
662419
662486
662626
662668
662754
662857
662927
663025
663111
663124
663131
663156
663202
663239
663282
663284
663301
663319
663423
663431
663489
663551
663557
663565
663600
663686
663789
663832
663851
663861
663875
663890
664003
664014
664047
664172
664192
664198
664199
664203
664217
664233
664300
664331
664343
664349
664469
664483
664497
664606
664699
664731
664799
664813
664823
664828
664837
664891
664905
665084
665197
665213
665283
665314
665329
665382
665420
665439
665581
665612
665660
665731
665766
665797
665807
665827
665852
665864
665877
665940
666001
666017
666039
666051
666052
666103
666139
666142
666177
666269
666303
666331
666341
666387
666397
666410
666465
666487
666495
666628
666643
666655
666673
666688
666724
666739
666758
666768
667026
667063
667091
667105
667163
667184
667299
667336
667459
667467
667528
667662
667845
667877
668059
668089
668142
668259
668344
668405
668589
668632
668633
668741
668905
668929
668943
668999
669014
669069
669163
669229
669272
669353
669449
669501
669685
669701
669715
669728
669734
669739
669747
669751
669762
669767
669772
669775
669804
669841
669879
669881
669892
669907
669959
669991
670000
670066
670153
670176
670240
670316
670441
670483
670507
670565
670572
670592
670633
670712
670847
670949
670969
670989
671033
671063
671171
671192
671233
671290
671299
671334
671346
671407
671450
671499
671530
671538
671552
671642
671728
671804
672178
672287
672475
672537
672727
672752
673130
673291
673353
673503
673537
673587
673651
673669
673686
673717
673743
673800
673815
673941
673970
674051
674080
674210
674336
674338
674379
674392
674415
674429
674445
674469
674530
674556
674577
674760
674810
674910
675140
675270
675295
675540
675603
675677
675770
675792
675813
675829
675928
675943
675952
675966
675992
676054
676087
676379
676452
676535
676560
676577
676602
676678
676693
676710
676970
677068
677114
677145
677190
677255
677268
677373
677467
677645
677661
677705
677769
677787
677828
677971
678053
678077
678097
678120
678135
678219
678291
678329
678547
678626
678710
678781
678860
678967
678993
679034
679194
679213
679237
679290
679304
679339
679367
679400
679474
679533
679573
679674
679718
679797
679903
679938
679966
679989
680144
680432
680466
680488
680513
680626
680660
680682
680715
680769
680823
680998
681078
681123
681172
681273
681302
681512
681529
681563
681641
681690
681891
681923
681939
682013
682035
682099
682121
682146
682199
682296
682322
682353
682408
682448
682550
682651
682688
682720
682787
682961
683093
683137
683299
683388
683413
683558
683592
683625
683683
683846
683853
683874
683882
684019
684084
684095
684101
684112
684131
684155
684167
684184
684203
684217
684276
684309
684413
684468
684482
684759
684937
685001
685075
685157
685225
685453
685472
685488
685527
685584
685821
685838
685892
685911
686035
686145
686166
686298
686330
686425
686437
686453
686469
686501
686569
686585
686653
686681
686691
686750
686751
686844
686882
686941
686968
686999
687058
687117
687242
687281
687307
687331
687381
687555
687572
687575
687596
687688
687799
687857
687870
687887
687914
687983
688018
688033
688096
688155
688211
688251
688325
688367
688532
688589
688635
688649
688683
688723
688765
688846
688894
689033
689048
689117
689141
689166
689219
689242
689259
689275
689369
689384
689391
689410
689489
689551
689571
689589
689605
689626
689770
689785
689794
689833
689851
689882
689920
690017
690047
690065
690119
690160
690525
690567
690588
690635
690681
690720
690769
690814
690852
690862
690875
690984
691003
691119
691120
691158
691213
691270
691360
691508
691545
691601
691669
691939
692381
692444
692630
692642
692662
692706
692758
692806
692848
692905
692925
692936
692973
692992
693029
693064
693072
693079
693084
693091
693161
693176
693235
693241
693271
693299
693440
693455
693461
693475
693550
693603
693620
693629
693639
693668
693685
693717
693797
693827
693835
693850
693896
693955
694131
694147
694169
694178
694196
694225
694294
694308
694383
694493
694871
695082
695255
695378
695388
695398
695409
695427
695442
695490
695493
695523
695533
695559
695587
695716
695889
695967
696077
696265
696735
696766
696863
697054
697080
697225
697312
697347
697371
697401
697445
697466
697479
697492
697551
697567
697589
697674
697698
697828
697890
697938
697987
698015
698060
698148
698202
698300
698319
698393
698415
698449
698944
699188
699318
699349
699450
699601
699758
700045
700244
700374
700644
700675
700701
700734
700870
700950
701095
701145
701703
701898
702036
702083
702127
702146
702222
702297
702360
702391
702523
702573
702801
702856
702894
702941
702976
702979
703084
703111
703226
703322
703381
703407
703482
703511
703545
703576
703667
703696
703778
703857
703872
703980
704083
704327
704383
704450
704461
704523
704532
704561
704613
704685
704727
704765
704792
704859
704913
704947
705005
705046
705087
705118
705180
705243
705326
705425
705453
705499
705629
705683
705712
705721
705725
705761
705783
705801
705878
706159
706279
706552
706600
706651
706677
706702
706715
706743
706783
706845
706925
707050
707058
707167
707175
707302
707578
707652
707803
707818
708085
708094
708136
708155
708245
708269
708284
708458
708479
708517
708596
708661
708706
708774
708940
708980
708989
709017
709096
709131
709185
709233
709255
709269
709425
709459
709647
709827
709864
709890
709966
709969
710020
710320
710482
710502
710514
710655
710749
710900
710917
710945
710967
711002
711155
711187
711262
711319
711442
711711
711716
711914
711977
712049
712098
712171
712227
712249
712438
712479
712651
712691
712743
712783
712879
712909
713020
713082
713114
713153
713213
713214
713225
713590
713634
713796
713857
713998
714049
714063
714091
714169
714174
714188
714207
714664
714719
714746
714777
715020
715061
715217
715275
715346
715437
715487
715552
715624
715628
715637
715901
715990
716087
716234
716289
716393
716407
716570
716653
716875
716928
717044
717134
717247
717295
717327
717362
717409
717465
717754
717808
718191
718200
718518
718660
718916
719024
719036
719082
719103
719235
719243
719249
719330
719391
719411
719471
719536
719551
719578
719633
719845
719937
719959
719976
720034
720093
720154
720199
720297
720325
720637
720999
721107
721129
721159
721177
721241
721275
721295
721313
721460
721481
721502
721576
721598
721650
721680
721941
722085
722111
722167
722197
722335
722396
722421
722528
722539
722659
722813
723050
723245
723266
723336
723355
723382
723411
723443
723457
723511
723585
723613
723788
723918
724134
724177
724329
724702
724818
724949
725016
725035
725107
725167
725227
725286
725346
725572
725659
725689
725870
725927
726043
726387
726403
726695
726725
726775
726849
727003
727020
727052
727249
727260
727401
727521
727611
727701
727791
727843
727938
727971
728071
728245
728381
728477
728492
728538
728554
728561
728563
728742
729018
729075
729096
729125
729136
729196
729213
729231
729242
729253
729318
729346
729387
729400
729463
729476
729497
729503
729514
729547
729576
729587
729595
729605
729813
729843
729852
729908
729926
730035
730091
730172
730425
730462
730492
730545
730569
730659
730674
730695
730697
730774
730878
731155
731230
731357
731433
731503
731614
731622
731776
731820
731911
731936
732007
732026
732086
732173
732217
732297
732909
732936
732965
732979
733084
733285
733544
734287
734333
734394
734517
734725
734819
734861
734899
735008
735046
735123
735332
735367
735395
735422
735622
735747
735819
735919
736221
736258
736293
736332
736427
736456
736499
736522
736586
736782
736837
736891
736902
736915
736984
737001
737017
737030
737043
737055
737115
737125
737183
737203
737363
737885
737894
737936
738237
738287
738451
738489
738516
738639
738752
738876
738915
738995
739216
739270
739393
739449
739530
739585
739708
739879
739939
739971
740210
740264
740291
740979
741120
741348
741379
741472
741505
741569
741658
741731
741745
741751
741761
741773
741907
742458
742520
742669
742678
742736
742783
742870
742893
742931
742951
742972
743003
743019
743025
743057
743077
743107
743123
743193
743436
743513
743629
743714
743930
743955
743962
743988
744082
744113
744132
744266
744435
744483
744544
744657
744892
744981
745007
745026
745045
745062
745087
745172
745183
745440
745465
745525
745628
745742
745836
745947
746015
746114
746133
746160
746334
746380
746575
746658
746789
746809
746816
746831
746875
746913
746958
747031
747043
747109
747116
747126
747136
747137
747138
747167
747171
747185
747191
747196
747199
747270
747386
747424
747450
747487
747517
747551
747587
747652
747676
747743
747772
747903
747918
747979
747997
748024
748046
748069
748143
748193
748213
748391
748499
748609
748645
748666
748691
748719
748728
748736
748828
748839
748859
748870
748916
748948
748983
749009
749023
749182
749316
749378
749421
749494
749564
749592
749651
749671
749708
749754
749789
749976
750065
750169
750233
750306
750423
750573
750615
750664
751411
751645
751819
751854
752267
752282
752340
752393
752423
752600
752681
752871
752937
752951
753591
753653
753686
753699
753723
753745
753750
753757
753766
753775
753783
753811
753814
753849
753921
753931
754143
754175
754196
754261
754325
754365
754389
754453
754475
754555
754571
754845
755045
755105
755359
755369
755400
755547
755577
755607
755639
755667
755861
755865
755919
755947
756002
756464
756663
756694
756768
757076
757238
757447
757494
757601
758245
758643
758851
758891
759040
759086
759123
759257
759670
759720
759905
759929
759959
759992
760013
760063
760138
760243
760351
760788
760854
760975
761038
761077
761197
761356
761461
761663
761811
761851
761966
762056
762109
762173
762238
762358
762409
762431
762438
762457
762516
762561
762605
762681
762755
762793
762963
763493
763551
763679
763926
764414
764445
764549
764707
764827
764849
765165
765404
765423
765618
765869
766159
766363
766649
766737
766762
766789
766891
766911
766961
767169
767188
767237
767284
767301
767534
767556
767606
767656
767799
767847
768189
768253
768290
768463
768541
768624
768697
768815
768863
768911
768967
769023
769046
769133
769159
769173
769249
769451
769480
769583
769602
769620
769663
769721
769735
769764
769842
769896
769986
770012
770051
770091
770163
770294
770382
770470
770574
770673
770878
770919
771059
771078
771104
771116
771123
771201
771265
771289
771365
771479
771570
771758
771876
771877
771927
771972
772026
772076
772139
772229
772253
772442
772475
772494
772607
772853
772955
772988
773029
773067
773086
773117
773121
773135
773145
773175
773185
773197
773203
773237
773245
773252
773294
773495
773683
773754
773782
773823
773873
773926
773936
773958
774042
774077
774209
774281
774291
774340
774622
774721
774745
774785
774789
774810
774854
774943
774975
775089
775201
775219
775233
775257
775397
775424
775508
775516
775564
775578
775615
775631
775762
775783
775804
775814
775843
775859
775892
775918
775933
775994
776008
776096
776123
776151
776259
776285
776305
776350
776475
776503
776529
776577
776912
777043
777140
777245
777251
777253
777256
777265
777271
777299
777342
777344
777373
777429
777471
777601
777647
777667
777668
777740
777783
777815
777861
777944
778007
778016
778052
778253
778317
778761
778779
778818
778857
778897
778953
779029
779169
779206
779264
779304
779334
779345
779371
779393
779408
779436
779498
779745
779915
780042
780091
780122
780142
780251
780282
780365
780408
780434
780550
780566
780597
780604
780612
780617
780625
780639
780804
780884
780975
780995
781030
781047
781095
781101
781112
781130
781167
781222
781285
781322
781424
781446
781517
781535
781546
781685
781752
781785
781816
782001
782031
782143
782223
782243
782296
782373
782460
782509
782646
782769
782770
782796
782829
782868
782879
782907
782965
783195
783234
783293
783396
783511
784149
784362
784729
784756
785434
785833
786007
786341
786407
786476
786503
786529
786645
786704
786797
786879
786916
786933
787037
787081
787147
787553
787774
787909
787998
788038
788119
788131
788178
788197
788272
788376
788455
788650
788726
788897
789094
789129
789141
789165
789256
789306
789327
789387
789505
789544
789742
789771
789862
789937
790065
790130
790180
790223
790367
790668
790871
790937
791006
791173
791200
791232
791316
791357
791376
791517
791558
791956
791991
792067
792113
792215
792253
792289
792303
792352
792429
792458
792507
792634
792701
792842
792929
793033
793119
793133
793209
793244
793305
793623
793667
793755
793778
793826
793853
793965
793968
794015
794043
794156
794184
794207
794233
794325
794373
794406
794422
794431
794439
794452
794479
794541
794573
794597
794613
794634
794649
794739
794786
794795
794805
794813
794824
794873
794881
794898
794905
794917
794923
794927
794969
795103
795121
795159
795167
795176
795243
795245
795263
795286
795356
795515
795534
795557
795602
795611
795631
795821
795970
796045
796102
796120
796249
796293
796302
796446
796527
796649
796708
796812
796840
796962
797034
797092
797185
797259
797290
797309
797427
797477
797517
797527
797544
797563
797570
797586
797703
797750
797829
797883
797898
798106
798110
798120
798136
798189
798205
798275
798285
798298
798312
798375
798390
798398
798464
798527
798539
798562
798584
798590
798616
798619
798625
798636
798668
798680
798731
798740
798757
798986
799069
799080
799136
799186
799348
799395
799539
799594
799660
799707
799724
799729
799793
799817
799870
799941
799957
800039
800080
800119
800188
800224
800238
800342
800377
800404
800416
800437
800458
800461
800507
800563
800591
800612
800647
800651
800659
800679
800706
800759
800776
800913
800943
801025
801149
801171
801215
801246
801265
801323
801447
801541
801575
801590
801612
801631
801697
801773
801785
801928
802017
802042
802058
802093
802108
802127
802183
802192
802221
802253
802367
802421
802523
802819
802839
802855
802875
802905
802909
802958
803029
803063
803073
803094
803119
803276
803357
803415
803515
803524
803649
803663
803820
803840
803940
803956
803972
803987
804019
804029
804053
804100
804133
804438
804571
804713
804716
804749
804765
804839
804905
804933
805010
805019
805026
805035
805049
805060
805199
805251
805261
805275
805292
805297
805325
805408
805415
805437
805519
805549
805643
805690
805727
805750
805900
805945
806002
806080
806223
806293
806303
806333
806430
806481
806541
806801
806807
806813
806827
806839
806853
806868
806958
806984
807003
807025
807207
807225
807246
807276
807289
807296
807304
807340
807443
807504
807575
807600
807617
807633
807736
807781
807795
807823
807939
808034
808044
808191
808208
808255
808263
808333
808400
808429
808468
808589
808661
808667
808678
808707
808720
808761
808776
808793
808801
808844
808871
808881
808935
808970
809077
809247
809250
809255
809309
809317
809433
809550
809649
809653
809772
810024
810044
810089
810118
810131
810157
810204
810213
810226
810307
810412
810471
810490
810530
810590
810614
810755
810901
810957
810996
811028
811199
811245
811287
811392
811496
811547
811570
811596
811828
811858
811897
812198
812231
812347
812563
812587
812763
812927
812971
813024
813137
813389
813432
813452
814457
814558
814584
814644
814731
814881
814929
815133
815158
815186
815215
815286
815342
815362
815393
815433
815612
815637
815731
815787
815918
815932
815978
816271
816287
816378
816431
816481
816509
816567
816581
816599
816715
816841
816868
816894
816928
817235
817298
817605
817644
817662
817775
817782
817785
817866
817881
817980
817998
818055
818098
818137
818150
818326
818359
818479
818527
818582
818657
818855
818890
818910
819101
819333
819573
819946
820087
820161
820356
820522
820551
820595
820625
820639
820656
820681
820807
820859
820889
820923
821178
821252
821504
821671
821688
821752
821765
821839
821938
821975
822001
822040
822090
822127
822151
822359
822537
822548
822738
822759
822805
822981
823063
823103
823137
823222
823300
823363
823371
823380
823390
823418
823439
823460
823654
823701
823745
823790
823826
824067
824193
824291
824353
824450
824595
824624
824658
824681
824765
824769
824879
825013
825129
825169
825239
825254
825275
825303
825335
825354
825367
825393
825420
825445
825607
825627
825637
825753
825767
825794
825907
825937
826039
826065
826121
826174
826204
826323
826334
826370
826439
826468
826497
826510
826530
826558
826575
826678
826719
826834
826969
826985
827021
827052
827085
827136
827154
827191
827344
827498
827513
827526
827870
827925
827957
827967
828009
828031
828055
828087
828206
828391
828395
828401
828468
828483
828518
828530
828566
828604
828645
828679
828699
828719
828739
828761
828824
828833
828843
828848
828853
828868
828880
828933
828969
828987
829021
829111
829239
829298
829652
829822
829868
829940
829982
830024
830106
830148
830305
830343
830357
830527
830543
830618
830636
830698
830711
830749
830773
830843
830861
830893
830965
830979
831031
831048
831108
831167
831257
831268
831287
831308
831454
831519
831536
831589
831784
831819
831900
831982
832091
832127
832150
832159
832214
832261
832442
832647
832717
832818
832851
832870
832885
832903
832980
832993
833072
833158
833165
833177
833191
833194
833217
833231
833243
833262
833277
833290
833371
833393
833445
833480
833496
833559
833579
833617
833677
833695
833731
833750
833798
833812
834024
834123
834236
834433
834642
834729
834810
834890
834914
834933
834967
834975
834991
835015
835109
835120
835137
835148
835193
835218
835306
835649
836085
836146
836277
836440
836493
836623
836783
836831
836849
836909
837075
837113
837130
837141
837159
837167
837195
837246
837347
837358
837387
837486
837507
837589
837816
837862
838095
838167
838198
838492
838614
838658
838669
838696
838707
838728
838763
838837
838959
838975
838991
839032
839042
839058
839072
839079
839089
839098
839104
839109
839123
839125
839132
839136
839143
839158
839162
839181
839237
839270
839272
839299
839312
839345
839427
839443
839634
839647
839984
840034
840103
840198
840445
840472
840500
840520
840609
840662
840683
840773
840915
840953
840976
841072
841084
841289
841305
841440
841513
841643
841663
841722
841917
841983
842018
842345
842419
842694
842749
842771
842819
842831
842919
842935
842972
843001
843025
843195
843273
843411
843585
843609
843695
843713
843752
843958
843983
844027
844090
844120
844142
844296
844473
844549
844847
844967
844995
845155
845261
845761
845773
845777
845820
845889
845904
845919
845969
846055
846092
846145
846303
846371
846474
846513
846758
846866
846891
846931
846993
847032
847051
847095
847122
847231
847272
847373
847394
847402
847490
847584
847619
847898
847960
847998
848051
848176
848371
848449
848467
848623
848664
848686
848703
848821
848926
848955
849226
849247
849379
849452
849484
849512
849607
849679
849734
849762
849827
849847
849886
849927
850119
850179
850217
850244
850308
850425
850449
850468
850476
850571
850585
850615
850676
850682
850689
850690
850701
850747
850796
850816
850901
850963
851009
851047
851151
851246
851323
851418
851465
851479
851500
851512
851598
851628
851878
851892
852019
852024
852033
852051
852170
852204
852238
852263
852275
852282
852313
852332
852335
852339
852425
852464
852502
852503
852533
852543
852591
852640
852647
852659
852674
852808
852818
852950
852985
853004
853060
853115
853202
853225
853267
853293
853326
853333
853352
853420
853452
853541
853542
853544
853618
853639
853669
853700
853752
853794
853805
853816
853820
853845
853887
853891
853940
853967
853985
854004
854018
854116
854257
854289
854421
854468
854572
854592
854607
854647
854674
854677
854711
854720
854807
854902
854961
854987
855092
855147
855191
855211
855219
855230
855263
855275
855281
855416
855426
855554
855623
855870
855971
856001
856015
856204
856216
856285
856363
856423
856472
856486
856504
856599
856617
856695
856751
856769
856797
856979
857215
857237
857252
857280
857325
857400
857663
857751
857808
857925
858143
858242
858261
858344
858392
859006
859113
859318
859352
859619
859666
859691
859736
859793
859849
859875
859907
860051
860157
860203
860251
860392
860474
860540
860550
860559
860617
860652
860777
860799
860809
860835
860941
861073
861174
861195
861223
861304
861339
861514
861515
861601
861659
861727
861740
861765
861871
861889
861992
862142
862157
862314
862342
862533
862552
862592
862639
862672
862864
862887
862958
862977
862994
863018
863219
863285
863330
863361
863615
863915
864276
864321
864343
864641
864721
864788
864962
865357
865371
865389
865488
865499
865653
865735
865828
866097
866119
866141
866168
866216
866337
866492
866543
866683
866711
866749
866773
866786
866803
866809
866823
866885
866892
866909
866954
866965
867023
867045
867120
867144
867178
867809
867901
867956
868063
868144
868190
868329
868447
868507
868617
868694
868742
868755
868784
868791
868825
868975
869008
869127
869197
869261
869308
869337
869452
869587
869609
869621
869641
869685
869716
869844
869858
869942
870009
870042
870075
870087
870197
870250
870285
870312
870347
870371
870396
870400
870481
870510
870573
870587
870653
870688
870718
870815
870846
870866
870900
870997
871118
871135
871200
871284
871346
871358
871377
871411
871434
871562
871569
871595
871675
871710
871723
871770
871783
871794
871809
871870
871878
871882
871884
871887
871902
871938
871943
872004
872018
872051
872160
872235
872367
872375
872407
872427
872451
872503
872694
872845
872935
873441
873551
873618
873697
873744
873825
873841
873897
873918
874041
874084
874107
874138
874212
874300
874608
874752
874775
874797
874834
874846
874860
874925
874939
874978
875068
875214
875290
875339
875415
875821
875897
875905
875993
876122
876163
876189
876211
876240
876278
876476
876546
876568
876619
876678
876779
876816
876852
876975
876987
876996
877001
877014
877024
877065
877076
877088
877104
877117
877248
877250
877390
877439
877461
877570
877609
877625
877647
877654
877669
877697
877775
877807
877814
877815
877901
877918
877952
877992
878062
878113
878125
878279
878326
878341
878380
878400
878435
878459
878474
878515
878539
878551
878565
