501
931
3031
5421
9991
11051
13321
15151
17281
19801
20881
22281
23111
25470
29411
31801
35551
39181
41711
42941
45461
48031
51731
54021
57701
60241
61531
63741
65871
68211
69491
72391
73731
76221
79651
82171
84577
84921
86041
88191
90531
94481
96421
98321
100191
101811
103411
106751
110291
113891
116851
119081
122611
124811
127221
131101
133131
136851
138121
138931
141291
143611
146841
149141
151451
155191
157711
160311
161221
163391
165821
167761
169861
171391
173631
177441
179661
183631
187561
189891
190971
191361
195891
197861
200051
202391
206061
208691
212381
214471
218331
222801
224471
226361
228481
232131
234841
238711
241131
245031
248171
250901
253291
254671
256931
258681
260861
263451
265581
267241
269521
272701
273811
275321
277231
279331
281891
284111
285861
287731
289411
291461
294031
296091
297931
299651
301701
303701
308101
309831
311601
314271
316271
318371
320511
321921
324161
326471
330241
332611
336781
338201
340401
342571
346621
349181
350521
352711
355001
356921
359181
362671
365451
368941
371011
372871
374441
376631
377971
381191
383431
385281
388041
391301
393621
397111
399921
401701
405301
407661
409831
412341
412771
414261
417441
419871
422211
423601
425711
428111
430701
433891
436351
438751
439741
442301
444351
446521
448671
451991
454471
456501
458671
460961
463291
466671
468781
471901
475121
477141
480451
482841
485091
487451
490881
493231
496131
499191
501311
504241
507802
509751
513091
515241
517491
519491
521891
525511
528151
530381
531331
533761
536271
540071
542221
546241
548591
550381
551701
554201
556081
558331
560641
561911
564281
566582
570381
572681
574851
578671
580781
582561
584591
586691
588971
591001
594801
596902
599291
601241
603261
607231
610951
613221
615381
617381
619431
622081
623921
625451
627481
630341
631911
635611
637541
639981
642091
644301
645951
649661
651981
654011
656321
658221
659571
661781
663121
664231
666561
668601
670351
672411
674681
676631
678471
680481
681891
684151
686221
688721
690301
692271
694481
696801
699101
700501
702731
705161
708871
711291
715041
717381
719431
720601
723871
725591
729401
731521
733821
737541
739791
743501
745941
748421
749661
751731
753741
758311
760181
762501
766291
768381
772161
774151
775951
778411
782321
784441
787931
790271
792721
796741
798721
801001
802521
806821
809041
812971
815301
816541
818921
821311
822811
825351
827201
831771
833731
838911
841581
844221
845141
847491
849561
851351
853450
855810
859521
861621
863781
866151
867371
869711
871871
875521
878081
880281
883741
885081
886001
888061
891811
893961
896271
898341
900441
902531
905091
906391
910391
912791
916191
918571
920731
924431
927071
929101
930481
932701
934841
937681
939401
941231
943491
944841
946811
949101
951171
953471
955321
959801
961091
963381
965371
967481
969321
971371
973781
975891
977311
979691
981881
983811
987601
989741
991521
994021
995991
998281
1002221
1004321
1007721
1010521
1012671
1014221
1016391
1018341
1020041
1022251
1024371
1026831
1028171
1030451
1033101
1036551
1038531
1042831
1044511
1047161
1049251
1051081
1053091
1055611
1057361
1059021
1061291
1063391
1065881
1067121
1069581
1071161
1073561
1076021
1079211
1081431
1083741
1085731
1090211
1092011
1094531
1097901
1099931
1102121
1106311
1108441
1110081
1112291
1116271
1118711
1122541
1124641
1127961
1131021
1132301
1134521
1137131
1140871
1142891
1146301
1150031
1153061
1154811
1156651
1157461
1159041
1160561
1161221
1163071
1167611
1169481
1171551
1173201
1175371
1177791
1180151
1181451
1183261
1185721
1187801
1189811
1191931
1194371
1195801
1198471
