301
701
1281
3941
7051
10281
12311
14941
15821
18661
20491
22011
22481
24291
27751
30731
34511
37061
40371
42651
43271
46591
49661
53051
56371
59351
61201
62061
64781
67411
69021
71261
73501
74811
78021
80501
83651
84771
85181
87021
89101
92741
95361
97181
98801
101061
102351
105631
107831
112061
114601
117961
120901
123711
126181
128961
132231
135041
137481
138641
139851
142711
144751
147241
150291
153071
156371
158631
160841
162471
165041
166881
169201
170751
172371
175501
178611
182361
185331
188121
190441
191161
194811
197201
199041
201391
203931
207291
210071
213541
216961
219861
224111
224891
227261
230001
233211
237341
239641
243581
246591
249381
252161
253621
255531
258111
260051
261831
264791
266461
268291
271501
273591
274631
275851
278711
280651
283151
284791
286761
288771
290411
292821
295021
297091
299111
300751
302471
306861
308691
311221
313331
315251
317811
319141
320971
323101
325341
328171
331811
335581
337911
339281
341561
344251
348071
349711
351371
354551
356291
357771
362241
364251
367871
369861
371791
373101
376221
377181
379461
382151
384361
386491
389541
392711
395261
398451
401071
403031
406301
408921
411671
412571
413761
414961
418521
420881
422801
424331
426701
429271
432381
434981
438031
439261
440611
443281
445591
447691
450191
452871
455411
457791
459931
462451
465081
467921
470791
473441
476121
478101
481611
483951
486801
489831
492031
494971
497641
500201
502871
506412
508861
511361
514551
515971
518021
520861
524381
526861
529671
530941
532431
535131
538741
541201
545091
547601
549831
551061
553131
555181
557061
559681
561451
562911
565441
568571
571411
573961
576981
579191
582111
583521
585051
588011
589971
592391
595651
598331
600401
602661
605961
608771
611581
613981
616341
618451
621011
622991
624861
626431
628251
631071
633841
636651
638681
640751
643091
645541
648961
650731
652911
655051
657241
659131
660781
662481
663791
665721
667641
668991
671181
673561
676031
678021
679071
681501
683191
684601
687211
689921
691751
693411
695081
697901
700221
701111
704141
707481
710361
713151
716081
718711
720211
722131
724791
728371
730161
732721
736291
738781
741901
744531
747691
748861
750461
752771
756471
759191
761741
762911
767481
770951
772451
774801
777631
780001
782951
786221
788891
791781
795131
797661
800291
801571
804201
807931
811251
814141
815901
817781
820421
822121
824121
826071
829301
832711
836271
841191
842661
844431
846491
848581
850571
852851
854861
858171
860391
862681
865461
866941
868691
871211
873611
876431
879141
881691
884291
885531
887541
889581
892821
894921
897181
899381
901521
904041
905411
908911
911361
914651
917221
919821
922971
925431
927791
929771
931872
934171
936501
938591
940571
943141
943791
946231
948021
950231
952441
954791
958601
960631
962881
964511
966431
968191
970321
972891
974951
976241
978301
980701
983031
985911
988531
990551
992491
994951
997441
1000751
1003511
1005911
1009291
1011511
1013851
1014961
1016781
1019451
1021331
1023171
1025851
1027241
1029211
1032311
1034201
1037682
1040361
1043351
1046431
1048241
1050161
1052311
1054461
1056671
1057791
1059851
1062371
1064411
1066341
1068281
1070781
1072101
1075171
1077681
1080441
1082741
1084441
1088871
1090911
1092731
1096641
1098981
1101231
1104511
1107511
1109191
1110821
1114131
1117421
1120761
1123741
1126391
1129701
1131991
1132891
1135891
1138751
1141861
1143911
1148591
1151871
1153591
1155541
1157021
1158101
1160311
1160801
1162451
1165091
1168501
1170571
1172461
1174381
1176221
1179031
1180551
1182211
1184341
1186801
1189101
1190461
1193971
1194780
1197171
