5782
11102
13433
23811
32940
52002
63869
78273
79483
88129
108127
119701
142570
147895
150336
157718
166391
186275
201823
206673
209851
213488
227994
242929
243503
253701
268204
274529
281824
283131
286501
299143
326461
346022
369334
373942
385232
386486
388220
390982
395353
396976
404925
411077
415715
426092
426795
431581
435710
452081
455410
466479
481971
485812
491549
499564
515941
521533
524329
551765
553215
565283
576415
585049
594963
611728
614929
625800
636354
646142
660028
664494
684520
685405
707095
722009
738391
746415
767788
777021
782611
788144
805609
820885
826503
831345
856516
859790
875544
886525
891465
892795
916837
943552
949601
985151
1004745
1010625
1023271
1035964
1037560
1043272
1056408
1058045
1065767
1077683
1082135
1083871
1108675
1111319
1128758
1137317
1138365
1160986
1193061
