90
823
1676
2453
3275
4260
5098
6522
6878
7656
8348
8865
9491
10219
11088
11908
12556
13103
13792
14384
15182
15971
16769
17495
18370
19184
19982
20601
21278
22075
23105
23874
24730
25092
26072
26607
27358
27969
28257
28946
29613
30214
30793
30956
31564
32281
32867
33728
34530
35487
36258
37106
37869
38905
39758
40335
41082
41932
42820
43741
44551
45443
46272
46998
47665
48468
49233
49950
50739
51536
52388
53077
53910
54790
55476
56060
56916
57271
57937
58364
59032
59683
60570
60891
61790
62783
63842
64828
65537
66368
67166
67936
68848
69500
70473
70643
71455
72344
73251
74018
74919
75726
76656
77334
78197
78972
79767
80559
81313
82270
83143
83937
84854
85374
86149
87025
88074
88660
88863
89388
89682
90529
91321
91455
92305
93134
93703
94586
95477
96349
97252
98205
98869
99208
99459
100122
101142
101769
102620
103576
104487
105369
106144
106767
107637
108398
109093
110003
110729
111557
112344
113220
113948
114768
115537
116400
117227
117936
118662
119344
120063
120445
121300
122146
122816
123556
124341
125084
125961
126764
127557
128465
129223
129999
130518
131379
132049
132803
133801
134572
135527
136438
137187
137887
138942
139877
140887
141649
142353
143417
144065
145017
145874
146659
147331
148133
149012
149741
150483
151011
152019
152833
153885
154644
155442
156217
157191
158025
158900
159836
160739
161660
162144
162429
163010
163415
164379
165083
165663
166392
167220
168040
168923
169955
170871
171789
172636
173566
174356
175278
176123
176923
177871
178946
179817
180009
181132
181934
182989
183971
185252
185935
186674
187629
188454
189358
190207
191109
191911
192813
193660
194614
195620
196052
196902
198033
198674
199631
200534
201465
202217
203021
203846
204679
205834
206716
207578
208354
209111
209346
209870
210776
211537
212460
213170
214050
214899
215515
216409
217238
218112
218807
219772
220680
221571
222306
223027
223954
224767
225750
226645
227239
228198
229148
229812
230654
231462
232207
232985
233780
234224
235124
235969
236742
237214
237767
238232
238377
238770
239485
240030
240483
241153
241381
241844
242671
243508
244439
245277
246218
246811
247622
248412
249179
250060
251042
252254
253184
253935
254877
255880
256697
257479
258249
259300
259922
260501
261527
262416
263267
264112
265032
265942
266745
267686
268531
269330
270288
271256
272314
273329
274151
275044
275867
276726
277670
278482
279198
280022
280812
281904
282790
283501
284342
285167
286078
286752
287529
288451
289259
290130
291032
291992
293016
293683
294436
295204
296128
296985
297713
298553
299344
300268
301164
301844
302704
303216
303426
304186
305398
306236
306978
307801
308778
309491
309977
310937
311780
312769
313761
314728
315760
316434
317085
317880
318950
319801
320572
321567
322529
323402
324396
325238
326121
326924
327588
328571
329360
330143
331132
331865
332593
333426
334212
334926
335740
336266
337118
338076
338850
339834
340658
341433
342108
342871
343616
344389
345283
346239
347005
347733
348605
349438
350403
351371
351985
352876
353580
354531
355544
356494
357321
358131
359045
359861
360601
361417
361974
362934
363509
364371
365200
366113
367086
367849
368835
369715
370578
371426
372244
372887
373572
374512
375416
376565
377448
378237
379272
380046
380769
381626
382473
383215
384169
384983
385976
386702
387627
388406
389387
390351
391399
392428
393413
394315
395282
396034
396861
397636
398646
399469
400214
400996
401860
402600
403611
404349
405051
405821
406513
407217
407967
408615
409453
410109
410991
412254
413077
413952
414671
415555
416333
417259
418093
418636
419295
419777
420666
421439
422183
423074
424000
424899
425810
426709
427603
428548
429257
430184
431013
431960
432944
433897
434659
435457
436279
437390
438211
438847
439647
439873
440833
441810
442505
443159
443959
444586
445268
446119
447038
447809
448686
449422
450253
450676
451285
452307
452918
453967
454925
455623
456291
456916
457663
458364
459239
460050
460949
462059
462889
463768
464366
465166
466046
467030
467766
468619
469434
470270
471034
471717
472709
473530
474485
475408
476194
476941
477555
478225
479141
480051
481032
482078
482683
483626
484424
485253
486167
486814
487571
488230
488996
489878
490769
491728
492703
493749
494632
495250
495893
496416
497262
498305
499073
499917
500720
501525
502388
503113
503958
504795
505543
506213
506929
507813
508674
509294
510018
510841
511637
512607
513227
514214
514957
515559
516321
517051
517839
518528
519363
520438
521217
522124
522889
523635
524415
525077
525905
526527
527467
528463
529317
530206
531084
532049
532763
533588
534432
535196
536024
536637
537546
538422
539194
539686
540658
541481
542277
543245
544381
545192
545990
546987
547924
548943
549801
550789
551963
552884
553752
554804
555537
556491
557373
558216
558830
559338
560057
561124
562183
563185
563957
564830
565667
566432
567510
568335
569459
570372
571062
572055
572902
573812
574627
575411
576212
577078
577880
578681
579774
580612
581440
582364
583148
584133
585018
585879
587496
588620
589308
590134
590794
591647
592273
593043
593919
594888
595731
596714
597488
598362
599194
599262
599979
600836
601704
602507
603209
603975
604977
605802
606595
607475
608159
609121
609747
610546
611438
612230
613025
613865
614630
615459
616383
617222
618066
618955
619899
620778
621670
622500
623230
624163
624804
625566
626344
626428
627538
628444
629331
630163
631193
633106
634143
634798
635806
636692
637460
638312
638934
639470
639853
640696
641653
642496
642821
643029
643750
644363
645213
646355
646934
647460
648269
648824
649078
649489
650482
651589
652353
653264
653921
654915
655396
656076
657227
658290
659278
659938
660492
661370
661617
662808
663673
664746
665842
666494
666934
667732
667849
668430
669586
670452
671351
672433
673497
674669
675541
676653
677616
678582
679485
680364
681119
682035
682980
683879
684708
685654
686714
687438
688197
689018
690042
690870
691670
692566
693413
694247
695219
695958
696620
697597
698634
699253
