90
793
1616
2363
3155
4110
4918
6312
6638
7386
8048
8535
9131
9829
10668
11458
12076
12593
13252
13814
14582
15341
16109
16805
17650
18434
19202
19791
20438
21205
22205
22944
23770
24102
25052
25557
26278
26859
27117
27776
28413
28984
29533
29666
30244
30931
31487
32318
33090
34017
34758
35576
36309
37315
38138
38685
39402
40222
41080
41971
42751
43613
44412
45108
45745
46518
47253
47940
48699
49466
50288
50947
51750
52600
53256
53810
54636
54961
55597
55994
56632
57253
58110
58401
59270
60233
61262
62218
62897
63698
64466
65206
66088
66710
67653
67793
68575
69434
70311
71048
71919
72696
73596
74244
75077
75822
76587
77349
78073
79000
79843
80607
81494
81984
82729
83575
84594
85150
85323
85818
86082
86899
87661
87765
88585
89384
89923
90776
91637
92479
93352
94275
94909
95218
95439
96072
97062
97659
98480
99406
100287
101139
101884
102477
103317
104048
104713
105593
106289
107087
107844
108690
109388
110178
110917
111750
112547
113226
113922
114574
115263
115615
116440
117256
117896
118606
119361
120074
120921
121694
122457
123335
124063
124809
125298
126129
126769
127493
128461
129202
130127
131008
131727
132397
133422
134327
135307
136039
136713
137747
138365
139287
140114
140869
141511
142283
143132
143831
144543
145041
146019
146803
147825
148554
149322
150067
151011
151815
152660
153566
154439
155330
155784
156039
156590
156965
157899
158573
159123
159822
160620
161410
162263
163265
164151
165039
165856
166756
167516
168408
169223
169993
170911
171956
172797
172959
174052
174824
175849
176801
178052
178705
179414
180339
181134
182008
182827
183699
184471
185343
186160
187084
188060
188462
189282
190383
190994
191921
192794
193695
194417
195191
195986
196789
197914
198766
199598
200344
201071
201276
201770
202646
203377
204270
204950
205800
206619
207205
208069
208868
209712
210377
211312
212190
213051
213756
214447
215344
216127
217080
217945
218509
219438
220358
220992
221804
222582
223297
224045
224810
225224
226094
226909
227652
228094
228617
229052
229167
229530
230215
230730
231153
231793
231991
232424
233221
234028
234929
235737
236648
237211
237992
238752
239489
240340
241292
242474
243374
244095
245007
245980
246767
247519
248259
249280
249872
250421
251417
252276
253097
253912
254802
255682
256455
257366
258181
258950
259878
260816
261844
262829
263621
264484
265277
266106
267020
267802
268488
269282
270042
271104
271960
272641
273452
274247
275128
275772
276519
277411
278189
279030
279902
280832
281826
282463
283186
283924
284818
285645
286343
287153
287914
288808
289674
290324
291154
291636
291816
292546
293728
294536
295248
296041
296988
297671
298127
299057
299870
300829
301791
302728
303730
304374
304995
305760
306800
307621
308362
309327
310259
311102
312066
312878
313731
314504
315138
316091
316850
317603
318562
319265
319963
320766
321522
322206
322990
323486
324308
325236
325980
326934
327728
328473
329118
329851
330566
331309
332173
333099
333835
334533
335375
336178
337113
338051
338635
339496
340170
341091
342074
342994
343791
344571
345455
346241
346951
347737
348264
349194
349739
350571
351370
352253
353196
353929
354885
355735
356568
357386
358174
358787
359442
360352
361226
362345
363198
363957
364962
365706
366399
367226
368043
368755
369679
370463
371426
372122
373017
373766
374717
375651
376669
377668
378623
379495
380432
381154
381951
382696
383676
384469
385184
385936
386770
387480
388461
389169
389841
390581
391243
391917
392637
393255
394063
394689
395541
396774
397567
398412
399101
399955
400703
401599
402403
402916
403545
403997
404856
405599
406313
407174
408070
408939
409820
410689
411553
412468
413147
414044
414843
415760
416714
417637
418369
419137
419929
421010
421801
422407
423177
423373
424303
425250
425915
426539
427309
427906
428558
429379
430268
431009
431856
432562
433363
433756
434335
435327
435908
436927
437855
438523
439161
439756
440473
441144
441989
442770
443639
444719
445519
446368
446936
447706
448556
449510
450216
451039
451824
452630
453364
454017
454979
455770
456695
457588
458344
459061
459645
460285
461171
462051
463002
464018
464593
465506
466274
467073
467957
468574
469301
469930
470666
471518
472379
473308
474253
475269
476122
476710
477323
477816
478632
479645
480383
481197
481970
482745
483578
484273
485088
485895
486613
487253
487939
488793
489624
490214
490908
491701
492467
493407
493997
494954
495667
496239
496971
497671
498429
499088
499893
500938
501687
502564
503299
504015
504765
505397
506195
506787
507697
508663
509487
510346
511194
512129
512813
513608
514422
515156
515954
516537
517416
518262
519004
519466
520408
521201
521967
522905
524011
524792
525560
526527
527434
528423
529251
530209
531353
532244
533082
534104
534807
535731
536583
537396
537980
538458
539147
540184
541213
542185
542927
543770
544577
545312
546360
547155
548249
549132
549792
550755
551572
552452
553237
553991
554762
555598
556370
557141
558204
559012
559810
560704
561458
562413
563268
564099
565686
566780
567438
568234
568864
569687
570283
571023
571869
572808
573621
574574
575318
576162
576964
577002
577689
578516
579354
580127
580799
581535
582507
583302
584065
584915
585569
586501
587097
587866
588728
589490
590255
591065
591800
592599
593493
594302
595116
595975
596889
597738
598600
599400
600100
601003
601614
602346
603094
603148
604228
605104
605961
606763
607763
609646
610653
611278
612256
613112
613850
614672
615264
615770
616123
616936
617863
618676
618971
619149
619840
620423
621243
622355
622904
623400
624179
624704
624928
625309
626272
627349
628083
628964
629591
630555
631006
631656
632777
633810
634768
635398
635922
636770
636987
638148
638983
640026
641092
641714
642124
642892
642979
643530
644656
645492
646361
647413
648447
649589
650431
651513
652446
653382
654255
655104
655829
656715
657630
658499
659298
660214
661244
661938
662667
663458
664452
665250
666020
666886
667703
668507
669449
670158
670790
671737
672744
673333
