29
116
256
302
380
427
552
598
627
656
707
764
845
927
960
995
1079
1203
1233
1276
1414
1431
1532
1588
1739
1949
2312
2511
2618
2650
2670
2898
2975
3032
3063
3090
3115
3145
3242
3300
3450
3603
3638
3788
3848
3930
3987
4082
4115
4197
4219
4340
4356
4467
4577
4622
4674
4772
5035
5064
5105
5199
5258
5342
5466
5898
5930
6155
6267
6306
6389
6586
6672
6736
6837
6957
7169
7242
7328
7411
7623
7639
7714
7739
7763
7958
8025
8061
8427
8671
8824
8885
9280
9305
9367
9574
9765
9848
9912
10042
10161
10203
10370
10437
10491
10600
10692
10785
11002
11075
11249
11421
11660
11747
11798
11829
11879
11997
12062
12155
12194
12231
12282
12318
12333
12548
12602
12701
12821
12858
12991
13151
13267
13420
13481
13507
13618
13761
13885
13911
14080
14192
14232
14326
14424
14498
14566
14653
14697
14830
15182
15274
15418
15503
15613
15712
15742
15790
15839
15943
16004
16086
16102
16133
16212
16298
16526
16544
16649
16830
16913
16982
17082
17360
17421
17459
17478
17530
17567
17613
17635
17681
17810
17872
17999
18027
18368
18419
18498
18542
18635
18692
18747
18793
18818
18931
18981
19040
19109
19162
19198
19269
19328
19340
19481
19646
19938
19988
20027
20069
20106
20175
20250
20492
20693
20733
20834
20923
20943
21017
21061
21159
21237
21325
21345
21416
21470
21502
21580
21715
21745
21850
21918
22006
22042
22123
22173
22291
22332
22390
22462
22483
22511
22544
22649
22891
22964
23192
23378
23475
23630
23860
23929
24038
24122
24203
24985
25044
25088
25164
25268
25573
25676
25798
25936
26030
26092
26216
26296
26454
26526
26583
26672
26823
26904
26994
27091
27230
27299
27447
27507
27729
27780
27931
28023
28161
28246
28356
28431
28507
28593
28973
29021
29132
29248
29325
29556
29705
29745
29946
30037
30121
30204
30279
30352
30458
30530
30786
30834
30953
31049
31118
31145
31198
31257
31309
31342
31413
31483
31519
31558
31628
31673
31891
31931
31968
32000
32053
32225
32463
32661
32953
33114
33232
33317
33525
33559
33690
33913
34120
34275
34305
34419
34467
34606
34734
34815
34874
34993
35022
35094
35171
35230
35448
35489
35601
35634
35680
35776
35851
35933
36079
36154
36169
36347
36376
36479
36536
36638
36699
36804
36938
37004
37379
37417
37465
37579
37690
37870
37975
38002
38067
38162
38222
38340
38374
38411
38580
38651
38679
38843
38942
38986
39084
39264
39369
39419
39448
39513
39592
39614
39662
39716
39792
39905
39970
40069
40123
40329
40408
40522
40663
40727
40781
41015
41265
41288
41441
41529
41633
41738
41755
41826
41856
42126
42293
42370
42452
42720
42762
42883
42982
43115
43150
43204
43431
43642
43672
43744
43943
43970
44029
44125
44342
44398
44496
44535
44663
44873
45035
45080
45248
45321
45416
45499
45593
45664
45713
45758
45844
45951
46119
46196
46215
46300
46348
46500
46567
46579
46618
46630
46682
46730
46778
46872
46940
47031
47142
47166
47270
47337
47373
47471
47510
47559
47913
48088
48182
48406
48496
48587
48695
48883
49038
49214
49244
49339
49474
49581
49618
49673
49727
49806
49860
49887
50028
50108
50173
50365
50396
50480
50503
50581
50648
50769
50946
51003
51146
51269
51377
51575
51631
51732
51809
51928
51973
52133
52187
52537
52659
52697
52737
52991
53023
53157
53228
53287
53346
53415
53498
53557
53659
53744
53765
53862
53912
53984
54053
54329
54470
54597
54637
54703
54847
54945
55081
55203
55294
55453
55497
55586
55636
55706
55834
55933
56097
56356
56435
56489
56532
56625
56746
56772
56922
57009
57055
57124
57205
57272
57383
57410
57482
57514
57615
57669
57722
57788
57856
57934
58064
58316
58470
58510
58558
58663
58701
58738
58857
58940
59017
59078
59150
59194
59320
59383
59422
59478
59553
59633
59725
59787
59830
59911
59986
60088
60322
60340
60532
60845
60888
60942
60995
61092
61188
61339
61425
61476
61512
61600
61678
61917
61982
62059
62107
62270
62533
62791
62836
62872
62921
63041
63113
63231
63348
63373
63425
63552
63651
63704
63742
63812
63920
63986
64055
64197
64295
64505
64607
64735
64859
64939
65179
65249
65332
65445
65507
65546
65611
65762
65928
66055
66546
66580
66645
66708
66810
66861
66935
66973
67096
67273
67312
67368
67459
67496
67715
67896
67996
68065
68137
68189
68218
68234
68273
68324
68354
68659
68844
68951
68983
69062
69095
69209
69257
69397
69468
69494
69537
69582
69596
69667
69777
69818
69874
69906
70027
70226
70649
70846
70968
71039
71084
71202
71347
71496
71527
71587
71637
71710
71805
71850
71966
72101
72173
72233
72338
72504
72574
72643
72758
72875
72913
72970
73038
73179
73347
73406
73503
73633
73658
73728
73776
73886
73949
74027
74189
74262
74377
74411
74521
74575
74611
74912
74982
75005
75119
75226
75288
75347
75448
75647
75845
75920
75971
76012
76183
76240
76383
76424
76531
76640
76713
76800
76907
76936
77062
77109
77195
77293
77316
77360
77382
77428
77481
77537
77614
77660
77798
78106
78132
78181
78229
78261
78565
78693
78725
78828
78856
78965
79125
79247
79299
79341
79449
79487
79550
79626
79778
79850
79921
79969
80004
80140
80237
80285
80322
80447
80477
80533
80658
80795
80996
81096
81173
81318
81453
81532
81561
81657
81722
81761
81899
81930
81972
82027
82112
82166
82217
82373
82458
82518
82704
82790
82814
82854
82886
82997
83052
83210
83302
83354
83677
83711
83785
83889
83938
84014
84112
84143
84264
84330
84364
84432
84479
84503
84532
84584
84709
84798
84858
84985
85073
85135
85231
85296
85403
85474
85494
85541
85673
85767
85809
85839
85879
85937
85977
86114
86215
86306
86352
86506
86569
86812
86842
87019
87153
87251
87298
87370
87529
87571
87728
87978
88158
88234
88496
88588
88654
88746
88890
89037
89244
89306
89417
89456
89559
89658
89934
90037
90142
90879
91004
91061
91226
91293
91396
91653
91714
91818
91927
91975
92357
92649
92737
92799
92856
92912
92943
93006
93062
93249
93351
93384
93635
93666
93787
93894
94007
94198
94273
94694
95049
95144
95464
95593
95730
95760
96092
96153
96335
96514
96630
96687
96863
96952
97013
97231
97388
97540
97840
97900
98039
98061
98296
98405
98571
98689
98771
98862
98974
99092
99428
99765
99815
99874
99948
100056
100169
100408
100534
100620
100743
100774
100950
101001
101101
101336
101380
101532
101588
101680
101787
102022
102632
102711
102764
102825
102857
102889
102923
103012
103158
103182
103290
103435
103477
103493
103553
103648
103714
103792
103911
103968
104041
104090
104183
104251
104320
104376
104438
104500
104528
104593
104719
104761
104879
104902
105079
105118
105191
105298
105567
105704
105819
105888
105930
105971
106056
106107
106195
106213
106338
106434
106467
106547
106839
106982
107036
107072
107228
107396
107451
107664
107685
107735
107796
107987
108029
108055
108093
108173
108216
108323
108584
108734
108953
108985
109035
109102
109233
109264
109484
109510
109858
110246
110286
110373
110456
110592
110655
110693
110713
110743
110780
110833
111009
111298
111516
111593
111862
112030
112070
112192
112296
112601
112707
112778
112976
112987
113070
113139
113163
113380
113466
113824
113868
114180
114308
114334
114472
114693
114817
114888
115084
115373
115406
115500
115701
115736
115934
115995
116060
116089
116119
116278
116461
116516
116834
116879
117050
117082
117934
118032
118081
118221
118320
118371
118423
118715
118777
118872
118901
119163
119306
119337
119420
119473
119515
119592
119651
119727
119832
120117
120158
120274
120388
120546
120595
120665
120825
120934
120995
121034
121110
121147
121295
121334
121505
121617
121717
122226
122251
122270
122391
122501
122549
122605
122677
122818
122946
123090
123174
123684
123710
123824
124066
124123
124346
124487
125146
125275
125416
125536
125579
125639
125661
125690
125762
125854
125906
126007
126159
126211
126277
126394
126505
126559
126662
126720
126785
126821
126850
126876
127204
127219
127386
127413
127474
127521
127582
127610
127720
127774
127831
127876
127980
128009
128092
128115
128182
128238
128382
128544
128589
128685
128715
128756
128910
128947
128985
129028
129086
129161
129315
129434
129531
129549
129580
129610
129729
129763
129833
129971
129997
130064
130132
130420
130473
130520
130550
130581
130711
130743
130796
130839
130915
130989
131016
131068
131094
131144
131185
131213
131309
131375
131425
131499
131533
131713
131822
131943
131995
132121
132157
132251
132310
132549
132593
132615
132644
132682
132735
132820
132856
132999
133061
133080
133135
133173
133291
133326
133409
133508
133573
133682
133715
133731
133822
133858
133890
133962
133992
134034
134109
134153
134279
134359
134456
134761
134879
134979
135019
135134
135247
135282
135325
135401
135441
135506
135558
135576
135617
135642
135679
135700
135794
135898
135957
136010
136060
136090
136118
136184
136193
136215
136243
136267
136329
136358
136373
136440
136466
136489
136516
136551
136600
136702
136735
136774
136840
137002
137023
137130
137357
137393
137496
137703
137735
137821
137927
138033
138181
138248
138420
138443
138529
138600
138666
138819
139017
139059
139155
139312
139428
139493
139550
139690
139722
139909
139947
139991
140043
140132
140168
140238
140315
140349
140422
140482
140510
140641
140695
140776
140873
140903
140936
141009
141055
141092
141173
141233
141259
141289
141339
141471
141509
141572
141595
141713
141729
141764
141792
141884
141951
141998
142213
142249
142318
142368
142418
142454
142516
142563
142595
142681
142725
142788
142859
142887
142923
142954
142986
143046
143080
143117
143234
143783
143884
143929
144016
144176
144303
144392
144432
144646
144784
144837
144889
145064
145165
145220
145314
145341
145412
145636
145739
145992
146039
146157
146184
146381
146394
146486
146540
146596
146697
146737
146873
146907
146970
147022
147087
147157
147178
147217
147259
147311
147408
147543
147701
147733
147887
147914
147970
148103
148349
148544
148556
148632
148677
148726
148754
148768
148821
148852
148930
148976
149016
149053
149081
149129
149182
149209
149291
149341
149352
149371
149392
149444
149500
149525
149762
149827
149877
150351
150405
150527
150573
150636
150682
150698
150786
151053
151366
151828
151908
151984
152173
152673
152765
153069
153115
153161
153185
153196
153235
153292
153328
153352
153394
153504
153528
153559
153606
153646
153715
153782
153869
153917
153959
154191
154269
154583
154643
154916
154962
155120
155229
155279
155453
155463
155501
155531
155789
155848
155948
156047
156073
156085
156134
156159
156198
156222
156247
156272
156342
156476
156873
157004
157030
157166
157226
157265
157373
157498
157578
157707
157741
157805
157835
157946
157958
157983
158064
158123
158176
158229
158269
158367
158552
158695
158792
158913
159015
159088
159170
159236
159304
159377
159478
159536
159609
159702
159740
159795
159896
159989
160071
160173
160377
160462
160772
160863
160922
161013
161100
161151
161178
161318
161345
161382
161412
161446
161490
161546
161605
161833
161892
162055
162091
162112
162199
162278
162376
162406
162590
162642
162706
162854
162939
163274
163311
163382
163433
163505
163553
163612
163638
163686
163743
163765
163817
163920
163989
164015
164048
164109
164141
164192
164315
164357
164450
164544
164582
164615
164698
164798
164847
164893
164923
165136
165236
165359
165437
165717
165765
166136
166215
166248
166367
166433
166501
166537
166634
166713
166779
166870
166894
166934
167005
167053
167136
167174
167230
167306
167350
167409
167567
167634
167669
167686
167724
167766
167844
168020
168113
168387
168505
168532
168579
168601
168640
168683
168783
168860
168956
169005
169059
169107
169411
169435
169488
169556
169601
169689
169740
169781
169839
169894
169953
170026
170073
170161
170219
170295
170371
170480
170500
170557
170596
170649
170683
170765
170837
170904
171051
171081
171139
171261
171403
171433
171490
171527
171580
171671
171950
172092
172158
172177
172319
172346
172372
172420
172464
172482
172591
172688
172722
172794
172922
172991
173124
173171
173286
173361
173428
173502
173574
173737
173791
173844
173895
173974
174104
174177
174236
174265
174324
174379
174428
174566
174803
174856
174905
174951
174994
175041
175168
175315
175403
175434
175465
175622
176017
176285
176294
176339
176445
176497
176741
176757
176788
176854
176883
176971
177073
177166
177394
177466
177785
177815
177886
177919
177969
178044
178076
178256
178302
178322
178336
178362
178400
178431
178577
178620
178673
178731
178785
178860
179015
179222
179255
179329
179344
179380
179475
179517
179632
179658
179777
179866
179904
179970
180011
180027
180079
180152
180197
180222
180291
180372
180596
180636
180743
180786
180826
180855
181147
181223
181269
181346
181374
181415
181472
181519
181549
181628
181699
181860
181967
182021
182221
182301
182350
182565
182641
182885
183187
183217
183375
183563
183663
183749
183837
184043
184109
184193
184234
184323
184498
184532
184596
184779
184837
184908
185009
185060
185192
185212
185256
185315
185419
185645
185684
185753
185809
185876
185940
186152
186201
186233
186320
186453
186647
186673
186731
186785
186982
187051
187207
187248
187285
187476
187562
187589
187661
187866
187938
188007
188063
188174
188267
188444
188539
188603
188928
188976
189071
189150
189289
189305
189345
189384
189463
189665
189737
189816
189892
189994
190053
190191
190282
190346
190392
190456
190677
190737
190818
190969
191053
191165
191236
191326
191379
191455
191527
191603
191698
191731
191788
191853
191916
192083
192228
192287
192371
192452
192486
192814
192910
192949
193065
193139
193224
193304
193439
193526
193559
193624
193744
193872
193894
193959
193994
194096
194145
194232
194304
194407
194460
194563
194697
194782
194866
194893
194946
194974
195058
195187
195256
195290
195326
195363
195424
195479
195518
195597
195709
195839
195883
195922
195951
195990
196043
196109
196217
196278
196326
196563
196603
196663
196758
196929
197064
197098
197167
197192
197369
197595
197775
197979
198094
198150
198289
198415
198495
198576
198650
198706
198813
198853
198910
198988
199026
199070
199121
199207
199278
199335
199415
199602
199926
199957
200029
200097
200174
200343
200392
200749
200806
200895
200968
201016
201094
201134
201196
201444
201480
201625
201751
201892
201998
202081
202247
202430
202543
202586
202650
202697
202732
202789
202846
202901
202976
203049
203121
203158
203247
203498
203713
203755
203838
204067
204285
204304
204437
204474
204536
204653
204808
204883
204920
204967
205126
205158
205234
205420
205648
206016
206138
206185
206291
206414
206493
206617
206739
206794
206902
206980
207058
207144
207186
207311
207371
207475
207560
207590
207650
207664
208024
208097
208185
208231
208431
208531
208830
208947
209088
209304
209477
209801
209866
209969
209991
210012
210114
210317
210509
210646
210698
210871
211006
211068
211183
211218
211279
211407
211521
211596
211642
211839
211980
212003
212114
212135
212373
212403
212471
212570
212775
212850
212879
212926
213432
213656
213770
213818
213866
213974
214053
214246
214277
214324
214448
214563
214623
214713
214908
215147
215251
215399
215517
215649
215730
215831
215942
215990
216068
216117
216175
216301
216513
216632
216696
216833
217017
217095
217297
217389
217429
217530
217593
217776
217814
217978
218071
218099
218203
218313
218351
218402
218445
218518
218547
218653
218708
218769
218838
218923
218973
219041
219122
219167
219227
219285
219418
219487
219705
219814
219864
219942
219951
219985
220021
220065
220221
220317
220343
220392
220479
220590
220772
220830
220949
220974
221022
221083
221134
221182
221334
221516
221603
221849
221945
222027
222103
222136
222213
222438
222582
222612
222693
222758
222786
222811
223037
223123
223235
223302
223579
223634
223710
223744
223813
223848
223935
223964
224085
224125
224203
224303
224346
224395
224539
224593
224665
224719
224780
224976
225043
225123
225178
225244
225322
225395
225567
225722
225789
225826
225923
226019
226174
226356
226428
226634
226748
226829
227056
227125
227180
227374
227511
227549
227593
227715
227761
227811
227887
228125
228211
228308
228353
228394
228454
228564
228689
228782
228836
228884
228959
228998
229135
229313
229352
229436
229514
229546
229605
229709
229798
230010
230080
230150
230264
230352
230532
230689
230843
230877
230967
231024
231130
231195
231347
231359
231432
231508
231625
231706
231743
231776
231919
232159
232218
232292
232489
232571
232749
232837
232951
233015
233115
233200
233282
233341
233517
233631
234000
234033
234130
234174
234340
234525
234586
234792
234863
235193
235275
235524
235579
235628
235867
236002
236224
236409
236554
236813
237012
237064
237119
237253
237285
237359
237448
237571
237689
237773
237965
238007
238044
238130
238243
238417
238453
238505
238586
238676
238795
238820
238870
238918
238979
239134
239186
239254
239294
239403
239509
239739
239820
239976
240050
240083
240141
240187
240231
240610
240655
240717
240767
240846
240917
241041
241088
241141
241227
241440
241583
241687
241726
241924
241980
242024
242163
242225
242266
242331
242405
242466
242588
242691
242733
242787
242850
242928
243212
243305
243330
243481
243559
243619
243673
243802
243851
244011
244060
244201
244340
244487
244523
244585
244704
244822
244969
245088
245136
245185
245280
245325
245526
245650
245767
245958
246103
246202
246569
246608
246717
246813
247061
247102
247123
247259
247382
247615
247703
247813
247881
248006
248178
248392
248514
248685
249004
249126
249220
249312
249465
249727
249824
249954
250005
250166
250280
250437
250483
250558
250647
250692
250815
250857
250930
250968
251047
251097
251240
251273
251301
251455
251726
252058
252106
252295
252339
252408
252578
252685
252732
252784
252830
252880
253108
253165
253258
253299
253387
253553
253584
253604
253663
253763
253788
253821
253865
253951
254037
254118
254139
254164
254197
254343
254486
254520
254609
254695
254742
254893
254972
255006
255088
255164
255229
255400
255427
255476
255568
255602
255679
255766
255931
256033
256138
256255
256286
256341
256406
256505
256613
256677
256725
256886
256996
257035
257190
257315
257334
257362
257421
257505
257530
257618
257651
257758
257779
257847
257888
257917
257976
258033
258104
258218
258240
258294
258333
258426
258457
258548
258618
258675
258813
258881
258916
258957
259024
259340
259475
259815
259848
259954
260291
260360
260443
260576
260640
260774
260830
260909
261020
261172
261215
261276
261393
261455
261523
261595
261677
261744
261839
261920
261956
262068
262148
262287
262349
262469
262600
262646
262735
262785
262864
262980
263112
263168
263221
263342
263516
263580
263667
263719
263800
263927
264019
264131
264177
264251
264335
264381
264488
264551
264663
264890
265058
265139
265227
265306
265450
265534
265779
265898
266060
266089
266139
266183
266224
266276
266483
266548
266624
266793
266862
267664
267750
267833
268059
268116
268187
268254
268369
268419
268520
268645
268690
268847
268997
269079
269145
269387
269436
269480
269503
269528
269570
269601
269756
269927
270128
270930
271018
271114
271164
271233
271366
271587
271626
271719
271761
271951
272006
272057
272126
272172
272223
272479
272624
272696
272737
272762
272812
272949
273016
273100
273296
273343
273561
273793
273825
273861
273937
274013
274119
274200
274285
274326
274400
274511
274600
274710
274784
274845
274981
275070
275171
275251
275404
275487
275576
275679
275751
275900
275991
276066
276109
276151
276187
276225
276279
276384
276425
276481
276539
276572
276619
276629
276901
276918
276939
277006
277062
277114
277140
277192
277301
277319
277388
277484
277524
277561
277610
277680
277731
277825
277984
278055
278172
278217
278277
278330
278568
278602
278840
278870
278941
279053
279109
279202
279241
279267
279330
279376
279428
279466
279615
279639
279680
279745
279812
279837
279950
280105
280155
280449
280484
280521
280628
280919
280967
281054
281068
281181
281433
281478
281602
281631
281891
281948
282105
282169
282224
282362
282398
282530
282573
282653
282689
282750
282853
282903
283211
283335
283419
283528
283760
283795
283889
284048
284082
284156
284194
284242
284292
284324
284433
284475
284490
284581
284610
284825
284890
284920
284971
285035
285076
285183
285260
285702
285720
285800
285870
285909
285968
286136
286202
286294
286345
286394
286466
286503
286550
286566
286637
286719
286752
286890
287070
287113
287169
287210
287256
287316
287355
287411
287569
287647
287728
287813
287886
287930
287979
288041
288148
288262
288333
288367
288405
288514
288725
288864
288916
289032
289103
289128
289170
289218
289274
289482
289713
289872
289906
289950
290015
290116
290178
290317
290418
290466
290535
290634
290707
291008
291032
291118
291194
291291
291375
291499
291578
291612
291660
291712
291820
291852
291893
291962
291998
292060
292081
292135
292179
292220
292363
292444
292478
292584
292681
292719
292755
292787
292973
293000
293074
293199
293288
293620
293695
293745
293828
293965
294047
294112
294186
294248
294324
294367
294393
294446
294486
294559
294725
294776
294904
295012
295144
295271
295395
295478
295538
295676
295733
295842
295865
295935
296017
296157
296177
296217
296242
296258
296284
296514
296561
296595
296700
296791
296839
296937
297046
297114
297157
297212
297355
297440
297547
297595
297748
297770
297872
297927
298002
298046
298093
298146
298233
298456
298481
298502
298620
298717
298844
299072
299114
299172
299429
299450
299542
299577
299610
299692
299787
299833
299901
299932
300010
300025
300057
300116
300275
300358
300424
300443
300541
300611
300790
300810
300862
300965
301006
301084
301279
301479
301544
301630
301674
301738
301865
302260
302294
302364
302435
302493
302593
302650
302736
303648
303755
303839
303906
303938
303975
304031
304055
304121
304286
304322
304458
304504
304607
304637
304688
304767
304845
304922
304974
305002
305107
305242
305301
305443
305515
305660
305687
305782
305905
305929
306013
306065
306162
306318
306435
306630
306727
306759
306788
306850
306895
307007
307162
307217
307329
307408
307460
307491
307585
307621
307679
307723
307760
307811
307864
307927
307995
308105
308223
308269
308387
308437
308470
308550
308681
308866
309191
309234
309290
309332
309356
309374
309436
309514
309558
309631
309651
309954
310120
310313
310548
310612
310637
310679
310717
310765
310858
310946
311189
311308
311530
311598
311649
311776
311825
311914
312145
312209
312275
312372
312404
312762
312837
312862
313192
313227
313285
313417
313540
313639
313758
313946
314026
314111
314256
314514
314569
314808
315138
315194
315470
315657
315912
316014
316150
316176
316229
316254
316413
316458
316503
316660
316687
316752
316804
316871
316893
316961
317529
317592
317693
317899
317938
318114
318381
318443
318494
318546
318679
318818
319513
319731
319772
319815
319873
319924
319962
320002
320046
320079
320101
320201
320301
320394
320430
320489
320682
320781
320922
320981
321025
321092
321169
321253
321309
321355
321425
321751
321939
322057
322186
322420
322466
322520
322637
322867
322946
323001
323047
323107
323289
323346
323476
323528
323560
323661
323678
323733
323891
323915
323985
324034
324177
324541
325000
325042
325105
325127
325191
325224
325315
325337
325363
325383
325413
325433
325523
325583
325636
325661
325718
325808
325875
325967
326031
326090
326131
326186
326225
326318
326346
326568
326678
326772
326861
327005
327264
327309
327379
327540
327743
327775
327847
327891
327952
327970
328014
328041
328149
328185
328241
328288
328359
328721
328806
328939
328980
329002
329022
329093
329159
329217
329490
329551
329638
329726
329783
329831
329919
329959
330061
330124
330176
330217
330278
330331
330371
330423
330478
330531
330592
330642
330687
330714
330735
330787
330828
330850
330903
330957
331004
331028
331055
331126
331175
331224
331320
331369
331391
331422
331474
331563
331619
331658
331758
331828
331894
331968
332051
332108
332205
332292
332350
332625
332678
332924
332981
333097
333109
333267
333310
333380
333422
333467
333553
333595
333864
333906
334256
334314
334436
334504
334580
334618
334653
334677
334711
334879
334896
334995
335026
335068
335153
335217
335339
335362
335438
335539
335576
335646
335718
335775
335850
335893
335944
335981
336189
336228
336244
336286
336351
336430
336521
336607
336666
336765
336794
336839
337025
337245
337349
337441
337485
337552
337628
337924
337992
338051
338094
338141
338198
338243
338281
338319
338348
338398
338445
338493
338523
338564
338615
338684
338767
338804
339031
339056
339100
339127
339197
339236
339264
339311
339338
339472
339508
339549
339594
339640
339702
339735
339809
339859
339932
340083
340513
340530
340552
340896
340948
341045
341201
341260
341468
341522
341533
341599
341623
341657
341794
341899
341935
342007
342059
342156
342210
342280
342302
342324
342343
342372
342427
342578
342697
342755
343340
343377
343479
343566
343625
343878
343982
344017
344045
344080
344230
344288
344342
344413
344456
344569
344617
344803
344930
345347
345374
345540
345644
345677
345995
346141
346311
346366
346479
346542
346632
346664
346719
346749
346817
346977
346998
347070
347164
347259
347492
347508
347636
347795
347818
348135
348225
348351
348413
348438
348462
348529
348583
348696
348903
349059
349115
349142
349234
349347
349433
349480
349747
349824
349926
350042
350310
350422
350521
350592
350739
350797
350841
350878
351016
351057
351091
351139
351175
351414
351662
351816
351862
352036
352066
352140
352256
352350
352584
352685
352744
352894
353022
353115
353172
353279
353524
353645
353673
353778
353874
353985
354037
354064
354245
354348
354439
354485
354592
354741
354877
354916
355003
355088
355115
355205
355245
355367
355440
355590
355709
355812
355988
356048
356086
356230
356448
356509
356602
356741
356796
356917
357065
357164
357212
357242
357385
357607
357697
357719
357778
357849
358024
358113
358284
358337
358441
358554
358657
358714
358770
358818
358887
359041
359057
359095
359210
359239
359329
359426
359477
359533
359584
359749
359858
360046
360071
360200
360259
360359
360427
360604
360678
360818
360838
360905
361056
361107
361187
361227
361258
361294
361376
361448
361527
361558
361602
361719
361765
361916
362093
362217
362339
362434
362519
362580
362645
362840
362958
363035
363073
363244
363479
363558
363665
363749
363818
363981
364099
364297
364374
364485
364901
365105
365284
365345
365618
365676
365820
365891
365931
366067
366209
366255
366361
366390
366497
366561
366602
366740
366963
367021
367195
367309
367383
367464
367635
367820
368035
368322
368355
368478
368538
368592
368699
368782
368881
368932
369232
369270
369288
369308
369357
369382
369493
369560
369609
369731
369749
369795
369857
370048
370099
370235
370730
370853
370896
371104
371164
371231
371255
371329
371362
371415
371495
371551
371602
371655
371702
371794
371878
371912
371963
372065
372122
372222
372267
372315
372424
372597
372682
372828
372963
372997
373037
373138
373278
373318
373397
373454
373511
373688
373725
373772
373816
373917
374034
374234
374349
374387
374489
374611
374718
374941
375007
375263
375468
375551
375583
375708
375755
375810
375941
376035
376072
376165
376263
376379
376419
376493
376580
376828
376906
376987
377165
377250
377318
377408
377622
377668
377788
377889
378130
378344
378437
378625
378672
378735
378768
378830
378940
379111
379244
379442
379626
379692
379822
379853
379874
380075
380132
380171
380177
380204
380267
380324
380367
380394
380484
380601
380714
380779
380992
381084
381111
381163
381225
381290
381345
381403
381474
381524
381628
381690
381786
381818
381835
381896
382087
382164
382213
382286
382332
382374
382546
382583
382669
382699
382829
383058
383130
383195
383334
383405
383564
383605
383772
383838
383947
384166
384243
384299
384391
384550
384763
384814
384943
385412
385515
385698
385721
385857
386043
386131
386219
386252
386304
386388
386485
386540
386604
386707
386766
386784
386858
386936
387015
387053
387173
387272
387394
387476
387499
387629
387884
387988
388162
388288
388357
388533
388587
388725
388804
388883
388933
389022
389093
389150
389235
389275
389420
389495
389556
389676
389721
389755
389853
389916
389971
390076
390151
390225
390761
390787
390860
391113
391170
391256
391294
391373
391431
391487
391572
391668
391775
391973
392105
392224
392282
392479
392575
392780
392854
392929
392997
393527
393591
393646
393703
393756
393799
393975
394056
394227
394308
394371
394461
394588
394695
394814
394905
395253
395363
395513
395587
395643
395771
395828
395992
396057
396122
396202
396305
396446
396597
396753
396905
397038
397202
397356
397443
397489
397611
397683
397781
397902
398085
398383
398562
398789
398854
398904
399074
399170
399280
399344
399542
399606
399742
399839
399959
399994
400233
400295
400342
400432
400512
400615
400641
400731
400783
400867
400899
400926
401025
401051
401108
401154
401197
401339
401534
401587
401701
401763
401865
402002
402092
402146
402192
402298
402380
402431
402480
402681
402725
402844
402872
402942
403011
403032
403076
403105
403200
403232
403280
403381
403430
403479
403516
403674
403765
403792
403840
403881
403982
404055
404103
404131
404199
404217
404423
404467
404497
404537
404586
404603
404631
404697
404750
404804
404854
404908
404955
405029
405105
405146
405174
405207
405265
405307
405372
405420
405506
405602
405677
405741
405788
405835
405929
405985
406065
406148
406233
406331
406360
406424
406476
406570
406865
406937
407005
407123
407213
407379
407541
407595
407626
407727
407803
407960
408025
408189
408298
408385
408450
408594
408746
408820
408952
409090
409145
409208
409326
409426
409598
409653
409841
409911
410141
410230
410307
410384
410413
410453
410465
410570
410634
410784
410936
411000
411235
411301
411331
411551
411578
411621
411798
411853
411891
412092
412201
412293
412408
412516
412580
412613
412734
412884
412949
413115
413527
413717
413764
413857
413940
414108
414268
414459
414508
414566
414670
414716
414759
414849
415084
415134
415201
415298
415344
415468
415496
415555
415649
415752
415875
416152
416306
416431
416628
416678
416818
416873
416926
416982
417044
417200
417383
417487
417747
417831
418005
418151
418214
418327
418373
418601
418641
418818
418861
419055
419170
419341
419477
419559
419616
419813
419888
419978
420024
420196
420235
420267
420312
420393
420496
420661
420695
420746
420969
421018
421214
421248
421359
421486
421665
421763
421868
421929
421951
422100
422180
422336
422381
422473
422605
422789
422882
422984
423032
423083
423137
423272
423304
423673
423746
423791
423967
424016
424167
424472
424694
424774
424809
424862
424936
425022
425237
425301
425350
425406
425452
425507
425635
425675
425705
425779
425813
425840
425902
425927
425966
426008
426051
426128
426210
426256
426306
426334
426421
426488
426527
426636
426703
426817
426850
426892
426937
426983
427225
427240
427350
427373
427532
427591
427667
427759
427814
427930
427971
428047
428123
428779
428821
428925
428992
429082
429333
429632
429732
430048
430082
430136
430328
430471
430601
430677
430736
430791
430831
430936
431146
431205
431292
431373
431437
431546
431852
431912
432046
432086
432186
432267
432328
432511
432682
432810
432865
432951
432981
433099
433295
433355
433445
433488
433547
433607
433736
433936
433960
434003
434090
434144
434159
434227
434363
434615
434696
434727
434787
434832
435075
435081
435149
435225
435260
435284
435398
435435
435492
435550
435589
435664
435700
435772
435832
435902
436328
436366
436400
436431
436505
436762
436795
436830
436874
437048
437110
437257
437303
437396
437459
437482
437512
437566
437689
437752
437770
437795
437841
437868
437939
437967
437988
438012
438132
438257
438426
438479
438592
438636
438767
438838
438862
438892
438997
439111
439231
439270
439386
439443
439488
439540
439610
439680
439818
439965
440024
440069
440246
440303
440324
440593
440610
440670
440710
440795
441010
441055
441200
441281
441328
441398
441451
441590
441817
441867
441898
442045
442115
442240
442301
442390
442486
442645
442681
442704
442805
443079
443156
443191
443265
443405
443627
443656
443823
443947
444182
444411
444467
444583
444715
444798
444855
445155
445384
445485
445550
445689
445720
445824
445952
445971
446023
446108
446199
446354
446452
446493
446579
446607
446688
446821
446855
446961
446992
447187
447359
447465
447582
447739
447896
447970
448009
448136
448355
448466
448499
448852
448934
449245
449349
449542
449702
449753
449913
450059
450214
450384
450447
450763
450807
451099
451176
451227
451258
451395
451467
451516
451545
451622
451655
451773
451891
452004
452113
452258
452379
452623
452675
452830
452887
452949
453106
453214
453316
453472
453555
453614
453754
453887
453950
454109
454373
454413
454598
454697
454761
454812
454929
455022
455265
455320
455454
455639
455832
456094
456142
456328
456404
456507
456587
456924
457023
457120
457226
457466
457738
457768
457846
457923
458124
458235
458285
458383
458467
458605
458667
458683
458753
458789
458875
458955
459017
459164
459211
459314
459337
459373
459397
459426
459468
459556
459824
459911
459976
460039
460098
460144
460373
460442
460496
460528
460610
460681
460756
460802
460821
460882
460951
461003
461077
461144
461204
461279
461329
461431
461536
461672
461731
461850
462138
462168
462398
462508
462930
463016
463060
463133
463213
463387
463416
463495
463554
463656
463781
463940
463987
464018
464082
464119
464171
464205
464256
464505
464578
464841
464859
465050
465154
465212
465229
465275
465331
465378
465482
465924
465992
466024
466071
466172
466284
466711
466883
467036
467143
467208
467298
467459
467507
467607
467670
467803
468020
468131
468225
468299
468593
468680
468808
468901
469117
469170
469319
469365
469571
469738
469852
469873
469919
469979
470096
470244
470311
470457
470605
470857
470910
471040
471186
471250
471379
471463
471560
471605
471667
471775
471855
471877
471928
471948
471966
472029
472133
472184
472238
472286
472345
472478
472560
472605
472669
472742
472790
472862
472947
472966
473205
473276
473377
473485
473625
473671
473793
473874
473992
474158
474232
474365
474417
474550
474733
474993
475079
475142
475398
475433
475492
475551
475579
475658
475761
475818
475963
476017
476065
476103
476173
476254
476288
476418
476535
476598
476776
476973
477589
477661
477752
477827
478042
478179
478324
478458
478537
478688
478804
478990
479084
479571
479620
479663
479698
479767
479886
479964
479994
480026
480071
480135
480222
480277
480320
480377
480405
480673
480725
480779
480813
480845
480901
480940
481113
481148
481228
481324
481372
481438
481526
481619
481670
481829
481874
481931
482015
482053
482196
482215
482336
482386
482469
482517
482574
482647
482718
482752
482864
482960
483033
483108
483140
483223
483298
483494
483718
483928
484300
484413
484582
484685
484910
484984
485135
485161
485390
485464
485507
485646
485686
485782
485870
486025
486370
486430
486506
486662
486740
486826
486967
487235
487283
487362
487440
487672
487741
487777
487844
487914
488087
488154
488294
488375
488418
488538
488735
488833
488850
488912
488972
489177
489244
489295
489403
489437
489486
489893
489925
489999
490036
490138
490331
490436
490479
490574
490654
490693
490762
490792
490835
490966
491027
491125
491194
491299
491373
491450
491488
491526
491550
491601
491639
491667
491770
491844
492003
492240
492326
492482
492748
492792
492867
492982
493075
493235
493277
493442
493698
493750
493904
494391
494467
494610
494932
494988
495207
495242
495446
495602
496099
496152
496229
496407
496474
496719
496783
496875
497074
497151
497414
497450
497782
497820
498108
498178
498319
498409
498545
498589
498646
498881
499027
499062
499098
499117
499140
499166
499237
499268
499348
499386
499398
499409
499514
499684
499895
499960
500054
500248
500419
500450
500697
500767
500998
501041
501087
501156
501213
501275
501322
501363
501445
501483
501540
501600
501642
501655
501690
501719
501758
501910
501972
501996
502018
502051
502146
502169
502246
502309
502332
502402
502457
502491
502537
502621
502693
502755
502786
502921
502999
503073
503139
503162
503215
503287
503438
503527
503604
503811
503969
504167
504222
504324
504413
504527
504577
504689
504817
504932
504959
504987
505093
505303
505363
505491
505525
505585
505672
505766
505816
505893
505947
506093
506184
506240
506358
506612
506651
506909
506990
507169
507184
507242
507347
507446
507526
507645
507899
507964
508228
508346
508455
508532
508664
508718
508841
508880
509173
509356
509401
509454
509566
509694
509971
510095
510206
510340
510528
510658
510825
511009
511160
511286
511402
511456
511533
511577
511673
511728
511809
511898
512004
512069
512226
512597
512669
512780
512827
512935
513041
513186
513235
513268
513328
513507
513571
513648
513712
513837
514157
514313
514419
514561
514730
514760
514835
514917
514981
515001
515193
515287
515445
515474
515551
515601
515638
515699
515728
515838
515898
515956
516085
516147
516200
516261
516332
516381
516445
516484
516552
516636
516862
516983
517099
517684
517749
517855
518103
518326
518601
518644
519226
519333
519596
519700
519805
519855
519929
520010
520194
520298
520420
520589
520784
520880
520931
521141
521195
521288
521428
521495
521618
521821
521953
521990
522022
522265
522484
522515
522551
522594
522887
522908
522941
522978
523040
523152
523224
523488
523597
523695
523791
523837
523894
524034
524084
524175
524236
524323
524469
524552
524593
524655
524773
524830
525110
525229
525279
525323
525407
525440
525479
525641
525743
525816
525887
526034
526095
526230
526306
526376
526483
526545
526695
526740
526825
526876
526904
527095
527141
527180
527212
527340
527626
527844
527907
528126
528209
528256
528487
528612
528738
528848
528883
529113
529150
529220
529264
529443
529622
529833
529858
529957
530026
530116
530215
530286
530467
530535
530617
530682
530743
530795
530849
530898
531177
531216
531344
531508
531567
531596
531678
531992
532034
532081
532116
532152
532328
532421
532489
532579
532618
532723
532854
532905
533074
533196
533377
533430
533648
533693
533725
533771
533897
533949
534031
534078
534134
534200
534416
534510
534600
534656
534733
534957
535007
535189
535232
535360
535415
535540
535888
535913
535961
536048
536164
536277
536379
536526
536711
536942
537096
537234
537356
537397
537605
537651
537851
537956
538174
538305
538379
538489
538706
538782
538830
538887
538924
539227
539269
539322
539358
539412
539459
539573
539649
539709
539813
539851
539940
540023
540105
540185
540205
540245
540327
540399
540467
540508
540588
540649
540903
540945
541186
541341
541537
541621
541690
541765
541847
541933
542148
542200
542247
542375
542453
542682
543226
543296
543458
543492
543557
543596
543717
543760
543897
544157
544221
544367
544472
544620
544720
544767
544986
545050
545176
545207
545332
545414
545532
545627
545755
545781
545873
545922
546019
546294
546712
546766
546794
546846
546888
546978
547134
547160
547244
547396
547592
547712
547866
547951
548051
548119
548214
548286
548375
548622
548710
548870
548909
549196
549557
549621
549881
549969
550130
550219
550372
550491
550605
550735
551051
551168
551203
551233
551264
551339
551435
551588
551610
551659
551681
551803
551871
551989
552094
552139
552224
552328
552494
552572
552682
552744
552765
552929
552979
553026
553070
553092
553115
553152
553171
553371
553427
553469
553561
553595
553615
553667
553711
553961
553973
554040
554071
554102
554195
554363
554387
554483
554520
554563
554649
554748
554811
554932
555080
555152
555215
555355
555437
555470
555527
555548
555647
555735
555754
555825
555923
556239
556291
556529
556578
556693
556878
557018
557072
557209
557604
557812
557862
557971
558217
558249
558296
558470
558572
558681
558872
558904
559208
559347
559595
559663
559824
559862
559921
560031
560189
560245
560412
560457
560550
560574
560675
560904
560970
561093
561124
561266
561322
561402
561441
561475
561493
561557
561759
561784
561879
561932
561967
561992
562013
562032
562049
562269
562349
562374
562431
562498
562587
562653
562710
562837
562977
563012
563171
563216
563297
563370
563432
563465
563595
563635
563694
563879
563908
564006
564130
564167
564247
564340
564590
564913
564962
564998
565040
565402
565411
565579
565699
565785
565847
565911
566074
566251
566371
566618
566638
566690
566921
567007
567126
567366
567436
567495
567626
567671
567791
568194
568369
568472
568528
568742
568855
568997
569274
569560
569641
569771
569893
569944
570187
570435
570468
570535
570582
570640
570766
570863
570977
571011
571060
571161
571202
571260
571302
571367
571420
571569
571600
571685
571750
571774
571797
571830
571878
571914
572000
572034
572059
572117
572171
572214
572242
572376
572457
572532
572585
572709
572740
572791
572826
572875
572980
573011
573048
573201
573266
573326
573476
573656
573669
573711
573746
573785
574068
574118
574248
574318
574521
574636
574756
574857
574950
575061
575243
575482
575506
575660
575702
575769
575876
575932
576071
576105
576246
576442
576633
576671
576708
576795
577007
577058
577138
577176
577232
577276
577472
577528
577629
577649
577741
577782
577856
577905
577996
578058
578090
578116
578216
578302
578437
578534
578594
578638
578648
578734
578780
578867
578899
578985
579114
579174
579332
579405
579457
579508
579519
579661
579820
579854
579919
580176
580256
580373
580395
580503
580558
580614
580651
580688
580768
581006
581113
581179
581327
581460
581544
581595
581731
581829
581869
581985
582133
582217
582378
582474
582532
582565
582630
582709
582758
582782
582844
582894
583018
583098
583189
583256
583370
583467
583619
583844
583952
583971
584105
584279
584468
584775
584819
584904
584966
585070
585115
585207
585316
585370
585568
585637
585884
585935
586081
586138
586262
586686
586728
586806
586857
586931
587069
587136
587280
587315
587424
587491
587520
587590
587625
587647
587671
587859
587981
588030
588072
588107
588146
588224
588320
588456
588527
588591
588691
588967
588994
589093
589159
589245
589564
589661
589710
589819
589965
590003
590038
590189
590245
590314
590381
590431
590504
590688
590725
590785
590858
590940
591026
591092
591161
591256
591350
591683
591735
591790
591993
592161
592189
592328
592568
592629
592681
592837
592991
593107
593160
593433
593498
593660
593783
593861
593886
594163
594216
594310
594373
594445
594467
594541
594690
594741
594794
594877
594913
594942
595033
595054
595122
595222
595400
595425
595674
595741
595862
595919
596320
596348
596390
596729
596758
596801
596897
597045
597203
597291
597313
597350
597383
597500
597713
597756
597802
597853
597929
598013
598197
598372
598422
598567
598616
598649
598677
598856
598992
599019
599110
599131
599276
599339
599387
599773
599972
600186
600422
600563
600596
600883
601191
601335
601416
601455
601497
601644
601711
601824
601872
601972
602052
602176
602290
602374
602452
602505
602529
602600
602672
602816
602878
602966
602994
603100
603385
603500
603602
603782
603826
603955
603994
604099
604186
604320
604493
604601
604648
604720
604758
605255
605378
605533
605543
605635
605766
605831
605926
606158
606203
606376
606581
606700
606845
606891
606985
607433
607571
607698
607758
607817
608055
608193
608299
608412
608522
608610
608923
608975
608983
609049
609126
609177
609249
609298
609335
609439
609520
609688
609747
609794
609819
609926
609949
609969
610001
610042
610092
610186
610277
610390
610450
610521
610569
610628
610726
610810
610928
611008
611115
611782
611832
612017
612131
612202
612313
612528
612659
612773
612987
613086
613383
613439
613548
613565
613659
613909
613975
613992
614059
614253
614306
614354
614452
614625
614665
614702
614737
614796
614909
615050
615217
615305
615398
615536
615622
615831
615861
615938
616118
616302
616527
616701
616737
616790
617011
617096
617139
617245
617366
617411
617476
617507
617670
617783
618095
618248
618392
618627
618685
618878
618918
619015
619158
619284
619530
619670
619745
619844
619882
619936
620021
620139
620160
620434
620497
620751
620777
620951
620983
621039
621090
621150
621216
621277
621321
621372
621401
621673
621708
621743
621761
621797
621947
622009
622096
622129
622186
622209
622364
622469
622529
622628
622679
622833
622890
623008
623062
623091
623150
623188
623270
623320
623421
623504
623652
623730
623876
623926
624012
624099
624190
624235
624657
624705
624819
625051
625368
625464
625609
625704
625790
626102
626238
626308
626635
626782
627018
627136
627353
627543
627848
628007
628064
628102
628148
628262
628315
628377
628419
628451
628474
628509
628744
628794
628855
629119
629217
629256
629309
629540
629693
630028
630094
630301
630437
630519
630689
630762
630904
631020
631436
631787
631867
632183
632380
632443
632605
632762
632836
632887
632927
632961
633097
633122
633193
633224
633313
633412
633468
633562
633743
633769
633857
633880
633978
634007
634077
634204
634358
634472
634528
634583
634688
634821
634879
634983
635073
635216
635427
635618
635666
635757
635856
635973
636156
636259
636415
636456
636652
637027
637104
637315
637394
637470
637703
637819
637854
638034
638152
638273
638324
638355
638404
638485
638712
638732
638780
638856
638897
638950
639025
639108
639133
639178
639285
639455
639530
639638
639965
640040
640210
640508
640600
640972
641207
641278
641341
641405
641703
641838
641936
642032
642082
642145
642309
642343
642405
642492
642693
642767
642907
642977
643013
643186
643252
643304
643343
643378
643432
643464
643524
643561
643591
643615
643642
643678
643727
643771
643846
643956
643991
644128
644169
644205
644241
644308
644437
644514
644569
644673
644859
644942
645006
645049
645229
645322
645390
645521
645593
645796
645809
645834
645906
646190
646261
646318
646363
646428
646465
646571
646644
646737
646842
646872
646885
646912
646965
647017
647121
647138
647176
647198
647228
647238
647257
647289
647320
647407
647455
647500
647524
647694
647799
647841
647920
647969
648010
648090
648206
648339
648614
648972
649141
649257
649356
649456
649630
649823
649874
649988
650069
650141
650173
650202
650279
650482
650509
650575
650605
650698
650927
651002
651066
651196
651241
651320
651386
651451
651508
651564
651690
651731
651801
651903
651984
652096
652158
652243
652331
652381
652438
652528
652632
652929
652987
653116
653228
653363
653749
653824
653889
653975
654005
654098
654150
654272
654317
654365
654484
654547
654587
654758
654783
654806
654852
654923
654955
655065
655318
655342
655367
655438
655466
655545
655641
655683
655707
655782
655831
655869
655941
656076
656118
656231
656409
656444
656484
656513
656584
656636
656784
656833
656894
656923
656955
657025
657101
657169
657440
657463
657685
657722
657762
657843
657878
657919
657951
658074
658310
658362
658400
658428
658480
658523
658561
658678
658696
658788
658822
658929
659002
659073
659127
659202
659295
659465
659562
659700
659855
659897
659930
660128
660210
660400
660479
660518
660586
660657
660724
660779
660819
661004
661022
661108
661170
661291
661432
661505
661581
661667
661726
661944
662095
662372
662437
662501
662583
662723
662808
663086
663160
663204
663275
663499
663664
663717
663971
664047
664228
664280
664446
664908
665300
665368
665418
665468
665676
665729
665797
665932
666161
666285
666350
666423
666508
666584
666651
666705
666739
666799
666845
666893
666921
666951
666967
667003
667107
667268
667396
667505
667532
667556
667619
667741
667821
667852
667881
667905
667946
668059
668188
668217
668461
668488
668535
668618
668711
668829
668910
668983
669054
669195
669233
669407
669469
669529
669586
669808
669871
670055
670097
670221
670615
670651
670876
670932
670977
671044
671153
671263
671386
671565
671665
671968
672063
672333
672501
672697
672838
673312
673351
673466
673822
673875
673984
674066
674114
674188
674248
674303
674321
674406
674438
674502
674540
674640
674743
674832
674915
675008
675084
675220
675293
675455
675480
675543
675679
675856
675906
676019
676197
676253
676326
676427
676521
676608
676843
676871
676952
677055
677118
677292
677320
677383
677538
677584
677648
677732
677750
677780
677823
677950
677999
678059
678095
678142
678166
678303
678350
678396
678544
678643
678668
678707
678843
678922
679020
679107
679165
679317
679408
679462
679516
679550
679748
679825
679878
679899
679933
680065
680122
680173
680217
680416
680454
680529
680611
680649
680787
680851
680953
681051
681236
681319
681355
681447
681558
681705
681784
681844
681904
681941
681998
682073
682222
682307
682357
682418
682637
682698
682816
682877
682902
682939
682998
683109
683187
683481
683775
683859
683957
684111
684213
684275
684323
684396
684552
684591
684703
684738
684805
684916
684987
685088
685129
685247
685303
685375
685581
685722
685810
685851
685895
685920
685969
685992
686039
686087
686220
686247
686310
686428
686517
686558
686623
686707
686785
686995
687032
687133
687199
687388
687514
687704
687839
688243
688341
688438
688547
688601
688838
688885
688908
689265
689285
689307
689399
689428
689475
689532
689620
689659
689729
689781
689840
689869
689930
690076
690119
690187
690263
690314
690342
690381
690571
690669
690799
691001
691099
691182
691268
691311
691412
691522
691566
691706
691771
691819
691848
691886
692157
692352
692429
692462
692513
692575
692646
692780
692868
692898
692954
693026
693106
693260
693304
693371
693556
693657
693709
693841
693896
693984
694081
694187
694256
694323
694430
694471
694527
694587
694607
694658
694696
694815
694896
694970
695007
695051
695201
695340
695433
695520
695562
695649
695747
695829
695894
695995
696163
696237
696432
696503
696584
696851
696855
696952
697114
697158
697310
697853
697907
698067
698174
698233
698298
698396
698454
698664
698805
699027
699161
699553
699674
699858
700139
700352
700394
700507
700558
700608
700630
700690
700729
700766
700797
700848
700937
701134
701162
701396
701425
701572
701633
701753
701844
701884
701920
701978
702044
702119
702237
702434
702459
702525
702586
702612
702657
702683
702816
702905
702998
703078
703166
703286
703364
703420
703520
703676
703724
703851
704249
704402
704749
704872
704937
705087
705640
705906
706085
706188
706287
706345
706599
706619
706825
707011
707124
707351
707574
707651
707779
707955
708035
708098
708151
708306
708430
708672
708773
708889
708974
709015
709120
709369
709403
709411
709428
709458
709484
709502
709530
709559
709589
709614
709669
709681
709696
709720
709772
709855
709912
709992
710028
710135
710205
710249
710438
710511
710669
710740
710775
710844
710934
711000
711025
711069
711134
711174
711252
711326
711382
711434
711473
711509
711544
711679
711744
711811
711856
711905
711965
712210
712330
712521
712606
712814
713153
713242
713343
713370
713388
713466
713512
713679
713741
713847
713988
714077
714126
714180
714195
714322
714543
714613
714634
714763
714804
714841
714951
715035
715144
715209
715291
715333
715471
715524
715571
715632
715727
715826
716059
716461
716671
716776
716956
716974
717065
717144
717267
717508
717717
717796
717882
718005
718038
718133
718213
718235
718312
718539
718648
718717
718850
718959
719035
719075
719132
719233
719522
719600
719677
720008
720050
720139
720184
720452
720501
720560
720587
720603
720650
720687
720783
720798
720818
720846
720928
721192
721229
721254
721315
721365
721402
721527
721595
721627
721690
721771
721860
721893
721939
721966
722135
722241
722505
722594
722662
722764
722792
722821
722977
723200
723386
723542
723744
723802
723961
724020
724184
724292
724369
724444
724636
724775
724845
724996
725135
725387
725469
725517
725535
725560
725607
725648
725693
725709
725744
725792
725807
725821
725845
725888
725905
725926
725983
726018
726031
726061
726101
726122
726150
726163
726202
726234
726266
726475
726512
726619
726641
726723
726757
726798
726807
726875
726912
726948
727007
727083
727269
727311
727367
727381
727475
727572
727619
727816
727858
727953
728013
728185
728409
728473
728612
728916
728995
729054
729211
729405
729476
729612
729650
729715
729785
729874
729983
730053
730132
730181
730296
730381
730450
730507
730582
730777
731070
731179
731260
731412
731494
731597
731657
731948
732125
732277
732395
732580
732618
732768
732813
732988
733117
733219
733251
733317
733444
733490
733531
733581
733691
733852
733885
733916
733974
734016
734267
734388
734485
734555
734742
734856
734979
735286
735335
735686
735755
735810
736235
736374
736497
736586
736615
736712
736925
736992
737038
737214
737398
737468
737528
737701
737929
737963
738056
738337
738374
738402
738449
738481
738534
738574
738689
738816
738911
738959
738996
739106
739339
739404
739455
739515
739553
739606
739858
739876
739906
739934
740047
740092
740158
740188
740217
740245
740290
740317
740345
740383
740435
740464
740522
740587
740638
740667
740703
740810
740911
740992
741131
741193
741414
741460
741519
741588
741628
741681
741864
742132
742150
742218
742342
742549
742574
742626
742733
742783
742858
742975
743054
743157
743320
743433
743448
743507
743624
743811
743839
744005
744075
744106
744242
744314
744447
744478
744507
744550
744600
744618
744719
744764
744851
744882
744944
744971
745168
745267
745312
745347
745395
745448
745469
745521
745614
745661
745812
745915
746042
746168
746197
746423
746446
746514
746562
746690
746722
746826
746876
746945
747051
747127
747218
747275
747486
747541
747737
747762
747806
748016
748093
748150
748245
748342
748382
748446
748493
748536
748599
748633
748710
748902
749049
749115
749184
749223
749295
749485
749519
749702
749874
749928
749987
750077
750140
750181
750224
750295
750318
750358
750434
750491
750616
750663
750724
750751
750932
750986
751096
751201
751328
751402
751436
751462
751509
751600
751727
751782
751875
751916
751974
752063
752124
752231
752353
752463
752589
752676
752754
752797
752835
752900
752974
753025
753057
753102
753152
753213
753304
753348
753551
753596
753772
753868
754085
754203
754368
754411
754614
754779
754816
754913
754969
755011
755094
755163
755352
755415
755546
755713
755854
755916
756015
756417
756696
756810
756871
756974
757429
757457
757522
757649
757673
757705
757889
758018
758143
758251
758296
758390
758611
758680
758760
758821
758842
758885
759149
759188
759222
759264
759301
759310
759335
759505
759553
759594
759627
759658
759711
759745
759786
759825
759859
759895
759932
760024
760121
760135
760225
760427
760484
760524
760626
760678
760727
760808
760950
761101
761155
761316
761361
761422
761449
761486
761532
761572
761756
761835
761927
761983
762118
762257
762286
762329
762383
762464
762581
762640
762692
762880
762971
763026
763071
763239
763284
763615
763734
763905
764261
764445
764482
764541
764670
765022
765050
765116
765181
765217
765370
765409
765474
765530
765589
765651
765709
765773
765820
765851
765890
765945
765998
766065
766112
766176
766220
766302
766324
766365
766384
766585
766647
766797
766858
766911
766951
766994
767037
767182
767301
767398
767439
767518
767548
767584
767646
767717
767795
767967
768102
768145
768239
768336
768382
768464
768495
768555
768610
768631
768749
768799
768848
768964
769174
769256
769357
769392
769426
769586
769683
769762
769867
770000
770198
770275
770362
770417
770636
770706
770896
771001
771082
771142
771212
771261
771304
771362
771521
771560
771620
771969
772030
772250
772305
772354
772496
772570
772743
772865
773695
773823
773959
774079
774165
774513
774713
774797
774864
774899
775033
775152
775203
775280
775330
775368
775431
775593
775678
775740
775754
775800
775952
776010
776069
776170
776302
776356
776423
776464
776489
776545
776623
776662
776754
776779
776817
776910
777021
777066
777127
777194
777238
777433
777454
777551
777643
777709
777861
777897
777986
778045
778117
778242
778419
778539
778655
778712
778861
778919
779006
779102
779515
779916
780476
780570
780872
780969
781185
781286
781369
781424
781716
781889
781946
782008
782040
782341
782445
782504
782671
782702
782788
782810
782835
782875
782943
782999
783020
783088
783114
783142
783199
783280
783329
783465
783515
783608
783664
783843
783942
783964
784060
784162
784274
784472
784541
784665
784685
784764
784816
784846
784883
784971
784994
785043
785058
785075
785085
785136
785161
785221
785246
785264
785287
785312
785355
785393
785440
785542
785569
785599
785650
785705
785746
785805
785825
785880
785896
785923
786104
786159
786278
786385
786531
786563
786872
786969
787031
787131
787408
787476
787524
787623
787688
787715
787769
788042
788115
788384
788504
788652
788688
788746
788771
788801
789007
789074
789135
789226
789252
789270
789304
789336
789417
789442
789455
789501
789605
789617
789637
789659
789709
789746
789805
789858
789941
790014
790048
790127
790186
790295
790319
790341
790377
790519
790582
790665
790791
790830
790886
791109
791138
791205
791254
791321
791373
791441
791493
791696
791745
791953
792066
792200
792506
792548
792576
792710
792943
793159
793227
793415
793478
793561
793767
793857
793927
793992
794048
794078
794234
794399
794456
794504
794895
794921
794974
795063
795122
795225
795279
795325
795417
795454
795598
795641
795737
795870
796098
796144
796309
796340
796393
796440
796482
796505
796531
796708
796790
796825
796867
796926
796976
796993
797096
797123
797142
797182
797234
797257
797299
797345
797404
797497
797552
797714
797871
797924
797986
798056
798196
798226
798264
798323
798430
798474
798523
798556
798671
798718
798962
799138
799239
799690
799902
800083
800147
800444
800507
800629
800831
800938
801054
801670
801720
801783
801860
802008
802040
802109
802236
802268
802390
802440
802542
802605
802655
802729
802917
802959
803013
803086
803153
803167
803226
803264
803339
803433
803491
803537
803584
803639
803712
803765
803847
803913
803969
804063
804182
804270
804403
804727
804772
805026
805321
805377
805766
805838
806087
806210
806262
806407
806481
806568
806736
806804
806843
806928
806993
807054
807089
807347
807403
807455
807494
807681
807743
807790
807828
807840
807854
807896
807925
807973
808050
808096
808137
808164
808240
808297
808341
808405
808475
808623
808751
808975
809008
809125
809340
809386
809483
809507
809570
809620
809665
809720
809753
809828
809874
809989
810074
810143
810219
810254
810469
810498
810676
811294
811465
811536
811606
811667
811705
811765
811816
811976
812036
812091
812449
812581
812671
812708
812779
812984
813051
813095
813192
813442
813483
813657
813804
814184
814238
814320
814422
814539
814775
814835
814894
815042
815132
815245
815390
815445
815494
815682
815806
815843
815876
815937
815983
816094
816121
816155
816180
816220
816239
816253
816273
816358
816460
816487
816517
816544
816600
816613
816643
816665
816729
816754
816950
817016
817034
817061
817090
817123
817144
817219
817292
817337
817387
817423
817480
817618
817653
817721
817843
817883
817925
817990
818066
818177
818251
818312
818420
818464
818497
818536
818567
818593
818610
818651
818697
818732
818792
818842
818915
819103
819161
819195
819388
819423
819537
819636
819830
819958
820428
820474
820530
820728
820940
821066
821452
821479
821565
821840
821925
822052
822182
822274
822311
822421
822483
822520
822876
822946
822971
823065
823444
823480
823641
823703
824213
824851
824941
824994
825078
825147
825173
825215
825254
825312
825358
825403
825431
825516
825559
825838
825879
825938
825975
826066
826217
826585
826603
826991
827018
827084
827222
827353
827403
827466
827557
827616
827664
827679
827695
827733
827779
827822
827880
827925
828049
828092
828184
828227
828383
828418
828562
828596
828631
828707
828809
828872
828903
829023
829303
829366
829456
829559
829636
829772
829823
829904
830003
830050
830095
830265
830305
830427
830538
830607
830639
830724
830891
831053
831548
831703
831774
831881
831915
831940
832005
832128
832322
832412
832664
832820
832973
833035
833431
833547
833971
834052
834341
834379
834466
834682
834829
834880
834934
835132
835169
835235
835287
835539
835590
835628
835684
835743
835779
835838
835937
835976
836021
836113
836157
836218
836245
836273
836317
836382
836403
836491
836610
836666
836690
836705
836810
836889
836947
837007
837090
837109
837131
837230
837356
837437
837532
837576
837622
837678
837764
837827
837862
837922
837942
837963
838017
838068
838128
838199
838261
838286
838343
838413
838510
838594
838758
838826
838850
838956
839058
839198
839233
839288
839337
839392
839460
839477
839519
839539
839576
839627
839679
839842
839894
839965
840025
840122
840173
840239
840280
840356
840396
840584
840636
840700
840739
840776
840794
840953
840999
841065
841097
841134
841155
841229
841561
841653
841724
841992
842121
842164
842230
842406
842500
842541
842676
842741
842959
843062
843102
843140
843164
843203
843287
843358
843413
843452
843593
843648
843732
843779
843993
844044
844181
844406
844648
844673
844737
844791
844828
845058
845100
845149
845200
845275
845386
845549
845676
845787
845818
846014
846070
846132
846221
846471
846490
846655
846830
846943
847021
847082
847503
847532
847611
847712
848099
848205
848493
848598
848779
848813
848897
849156
849255
849359
849383
849444
849603
849630
849773
849813
849967
850023
850129
850190
850306
850420
850475
850585
850676
850741
850975
851069
851091
851181
851237
851288
851318
851417
851489
851558
851636
851749
851860
851909
851949
852081
852130
852258
852555
852903
852989
853075
853099
853167
853282
853423
853468
853635
853689
853753
853984
854071
854226
854284
854441
854501
854697
855032
855113
855162
855280
855443
855513
855658
856016
856064
856153
856197
856313
856437
856482
856525
856566
856674
856763
856872
856920
856974
857011
857097
857211
857240
857277
857323
857355
857497
857588
857621
857714
857761
857787
857823
858060
858114
858154
858204
858287
858376
858419
858450
858597
858677
858722
858836
859032
859068
859187
859469
859506
859576
859646
859703
859759
859961
860024
860177
860296
860349
860516
860620
860676
860769
860845
860934
861055
861165
861218
861272
861469
861648
861773
861940
861993
862065
862143
862334
862457
862529
862608
862660
862744
862797
862831
862889
862986
863085
863138
863189
863246
863283
863386
863467
863708
863871
863928
864013
864081
864137
864158
864186
864290
864378
864448
864498
864538
864575
864836
864952
865043
865071
865142
865341
865368
865434
865468
865505
865575
865634
865687
865729
865793
865861
865906
865957
866014
866035
866074
866225
866274
866305
866368
866404
866476
866595
866738
866788
866830
866899
866960
867111
867156
867223
867325
867400
867593
867671
867768
867956
868078
868170
868269
868381
868457
868673
868694
868828
868908
868989
869045
869075
869160
869281
869404
869576
869596
869679
869742
869818
869911
869982
870006
870056
870251
870357
870385
870409
870452
870471
870490
870556
870576
870612
870645
870764
870804
870833
870853
870900
870913
871021
871148
871197
871269
871383
871476
871525
871577
871634
871696
871749
871833
871913
872022
872254
872370
872443
872533
872582
872609
872681
872739
872811
873050
873118
873252
873301
873329
873344
873415
873437
873534
873580
873636
873670
873733
873812
873917
874008
874055
874566
874659
875056
875132
875199
875256
875352
875497
875563
875760
875806
875878
875925
875982
876091
876131
876171
876370
876465
876554
876626
876698
876956
877042
877110
877235
877353
877442
877520
877618
877681
877957
877993
878190
878246
878295
878347
878391
878453
878496
878512
878594
878646
878703
878746
878838
878889
879022
879120
879149
879187
879295
879403
879509
879635
880046
880111
880156
880223
880262
880347
880403
880437
880546
880603
880742
880821
880883
880959
880980
881051
881138
881288
881330
881402
881585
881716
881872
881914
882044
882094
882331
882494
882595
882657
882719
882798
882851
882929
882973
883045
883132
883278
883380
883502
883546
883619
883654
883688
883770
883833
883930
884096
884158
884267
884294
884461
884744
884824
884891
884950
884988
885086
885147
885199
885417
885455
885488
885534
885572
885689
885722
885842
886375
886444
886522
886585
886730
886803
886900
886962
887030
887090
887273
887347
887384
887675
887976
888231
888320
888369
888541
889019
889197
889696
889752
889956
890004
890095
890368
890613
890633
890747
890962
891039
891251
892325
892496
892740
892774
893012
893120
893446
893494
893665
893758
893793
893848
893991
894076
894163
894272
894588
894626
894693
894721
894878
894994
895039
895109
895144
895172
895442
895481
895524
895575
895601
895633
895671
895728
895782
895874
895980
895997
896016
896050
896071
896125
896143
896194
896295
896325
896387
896458
896504
896536
896636
896704
896773
896883
896908
897036
897127
897170
897225
897358
897422
897462
897499
897800
897874
897918
897955
898039
898078
898119
898154
898200
898294
898328
898404
898477
898566
898607
898772
898853
898875
898932
898973
899052
899071
899127
899878
900032
900079
900154
900222
900272
900355
900370
900444
900569
900621
900698
900763
900819
900878
900997
901029
901207
901235
901273
901343
901458
901474
901507
901590
901633
901661
901692
901713
901844
901903
901959
901999
902035
902083
902104
902188
902227
902283
902328
902383
902484
902608
902654
902793
902894
902938
903034
903118
903160
903250
903340
903367
903399
903451
903538
903573
903623
903681
903824
903858
903914
903952
903986
904075
904116
904224
904250
904271
904388
904405
904490
904686
904806
905153
905227
905379
905396
905413
905431
905459
905491
905523
905552
905597
905638
905650
905688
905759
905903
906224
906378
906513
906556
906662
906948
907086
907335
908042
908495
908604
908994
909030
909058
909084
909099
909125
909163
909212
909347
909395
909495
909586
909627
909655
909692
909717
909734
909744
909851
909877
909936
909996
910027
910123
910155
910202
910250
910278
910450
910487
910513
910547
910559
910575
910612
910646
910668
910689
910741
910794
910849
910886
910896
910908
910923
910955
911031
911063
911286
911297
911310
911373
911421
911467
911574
911600
911711
911788
911825
911898
912020
912130
912211
912328
912397
912420
912487
912524
912592
912679
912729
912787
912854
913054
913083
913149
913246
913355
913414
913465
913506
913532
913852
913918
913958
913976
913987
914024
914048
914061
914193
914239
914269
914302
914374
914420
914892
914929
915074
915102
915121
915209
915440
915470
915542
915595
915676
915696
915734
915764
915797
915822
915850
915908
916025
916045
916127
916163
916266
916329
916437
916499
916548
916650
916759
916777
916806
916880
916912
916948
916978
917017
917040
917086
917125
917190
917237
917292
917338
917439
917500
917606
917752
917817
917853
917884
917941
918034
918067
918093
918157
918177
918239
918477
918503
918667
919364
919413
919609
919777
919954
920011
920143
920185
920361
920541
920601
920852
920991
921184
921237
921320
921397
921437
921521
921548
921690
921733
921896
921946
921962
922002
922067
922103
922150
922196
922218
922239
922278
922302
922428
922437
922477
922519
922537
922601
922627
922709
922861
922916
923038
923124
923198
923226
923316
923344
923382
923444
923498
923528
923784
923800
923818
923840
924043
924074
924119
924159
924194
924247
924497
924552
924628
924861
924944
925584
925630
925819
925855
925883
925918
925949
925959
925985
926049
926181
926301
926403
926475
926521
926535
926637
926661
926684
926787
926874
926902
926956
926994
927064
927092
927143
927174
927286
927315
927339
927431
927452
927502
927674
927714
927787
927914
927948
927982
928064
928633
928817
929054
929120
929255
929397
929421
929442
929597
929946
930210
930364
930535
930584
930777
930835
930890
930934
931065
931112
931162
931260
931302
931379
931395
931413
931457
931510
931745
931834
931883
931980
932049
932122
932160
932202
932242
932402
932441
932452
932488
932526
932551
932590
932679
932729
932778
932819
932871
932972
932990
933013
933065
933081
933115
933137
933193
933216
933247
933280
933323
933385
933536
933564
933841
933888
933912
933994
934010
934035
934103
934145
934165
934464
934526
934716
935059
935173
935210
935245
935302
935365
935443
935474
935545
935576
935623
935636
935655
935779
935818
935842
935908
935933
936015
936089
936136
936161
936175
936217
936252
936275
936305
936341
936402
936413
936454
936535
936615
936682
936715
936879
936936
937009
937057
937121
937199
937280
937305
937407
937438
937469
937478
937638
937720
937730
937752
937774
937791
937819
937863
937981
938109
938364
938428
938459
938637
938713
938766
938904
938959
938986
939132
939207
939269
939339
939544
939558
939593
939629
939653
939725
939753
939791
939808
939838
939868
939904
939932
939981
940048
940111
940191
940220
940240
940297
940369
940403
940459
940511
940530
940592
940606
940680
940834
940911
940955
941006
941078
941136
941241
941360
941423
941450
941480
941507
941536
941561
941630
941686
941703
941800
941857
941868
941889
941910
942101
942137
942203
942305
942363
942386
942424
942481
942489
942507
942542
942590
942668
942701
942811
942863
942930
942977
943057
943101
943174
943201
943243
943276
943320
943370
943479
943705
943812
943851
943920
944180
944206
944295
944389
944417
944482
944624
945043
945151
945174
945287
945397
945455
945559
945763
945910
945928
946001
946072
946093
946214
946285
946312
946331
946361
946382
946448
946472
946525
946582
946652
946710
946758
946796
946876
946931
946954
946981
947032
947080
947096
947112
947192
947309
947339
947380
947415
947474
947712
947750
947777
947840
947878
947889
947906
947917
948015
948112
948150
948206
948219
948263
948319
948376
948454
948485
948515
948682
948696
948738
948777
948846
948887
948932
948936
948951
948982
949000
949032
949144
949373
950143
950249
950606
950724
950829
950862
950922
951110
951195
951507
951598
951727
951761
951799
951885
951976
952066
952186
952307
952347
952524
952560
952584
952709
952717
952735
952759
952787
952822
952835
952845
952848
952877
952897
952919
952951
952987
953027
953046
953060
953110
953139
953150
953172
953197
953220
953236
953260
953283
953344
953404
953424
953463
953505
953577
953614
953759
954104
954160
954234
954489
954798
955049
955135
955245
955327
955397
955459
955558
955659
955734
955792
955846
956035
956082
956126
956189
956257
956457
956536
956641
956976
957073
957107
957250
957282
957336
957563
957630
957665
957709
957748
957773
957952
957989
958033
958074
958132
958258
958292
958382
958473
958515
958565
958725
958771
958883
958918
958969
958998
959166
959309
959363
959457
959633
959677
959762
959961
960122
960174
960341
960427
960587
960705
960770
960982
961157
961232
961448
961556
961599
961669
961840
961870
961960
962054
962248
962313
962408
962432
962508
962581
962653
963356
963474
963535
963599
963719
963781
963806
963924
964050
965430
965508
965567
965888
966100
966210
966851
967017
967053
967077
967210
967261
967321
967570
967632
967724
967802
967914
968247
968353
968564
968707
968754
969162
969924
970042
970070
970148
970193
970223
970445
970602
970683
970930
971803
971922
972067
972149
972288
972377
972595
972926
972962
973272
973345
973417
973450
973573
973616
973689
974061
974146
974215
975451
975463
975493
975542
975669
975734
975772
975823
975869
975976
976099
976189
976257
976321
976603
976696
976778
976850
976915
976939
977503
977767
977790
977960
978104
978233
978292
978367
978486
978527
978577
978745
978807
978875
979031
979066
979396
979415
979543
979584
979601
979725
979808
979835
979900
980136
980160
980204
980295
980309
980432
980472
980601
980662
980680
980726
980735
980951
981217
981232
981343
981537
982041
982549
982769
983066
983154
983219
983449
983662
983952
984128
984188
984438
984520
984598
984677
984933
984976
985005
985536
985665
985741
985871
985891
986096
986233
986322
986395
986495
986547
986591
986634
986655
986747
986802
987084
987136
987358
987382
987521
987917
987973
987999
988054
988167
988257
988298
988325
988354
988661
988674
988735
988769
988834
988867
988904
988979
989062
989160
989195
989593
989694
989770
989830
989860
989956
989978
990071
990151
990204
990282
990370
990509
990604
990670
990690
990846
990880
991037
991208
991374
991515
991553
991576
991585
991628
991917
991953
992028
992060
992093
992207
992266
992345
992403
992457
992518
992642
992681
992718
992801
992825
992896
992947
992974
993012
993043
993110
993139
993198
993267
993432
993449
993492
993537
993591
993764
993796
993928
994082
994121
994173
994228
994302
994418
994454
994507
994558
994612
994676
994753
994802
994842
994999
995023
995137
995545
995582
995763
995784
995822
996055
996113
996176
996259
996355
996417
996448
996505
996577
996651
996690
996713
996742
996851
996907
996938
997125
997173
997376
997484
997583
997662
997768
997832
997867
997902
997971
998083
998172
998213
998333
998414
998669
998996
999020
999106
