2017
3728
6563
11565
13033
14850
18664
21130
23226
25403
27949
31084
34159
36865
39440
42535
45700
47837
49984
53867
55355
57342
59638
62234
64750
67725
70491
73346
75992
78628
81323
83809
86176
88711
90469
92615
95141
97617
100333
102489
104466
106313
108240
110716
112762
114420
116557
119133
120780
122338
123685
125283
126581
128118
129426
131363
133001
135077
137873
139520
141127
143364
145212
146679
148026
150473
152080
154077
155544
156982
158829
160776
162234
163671
166986
170301
173216
175762
180235
182142
185087
187493
189330
192016
193923
196355
197987
199524
202230
205674
208070
210666
213012
216057
218903
221539
224374
227131
229506
231932
234787
237473
240039
242605
245031
247677
250073
252560
254666
257391
259807
262323
267136
274254
276660
279376
283390
285386
290358
297417
315258
324444
331952
334408
337253
339719
342046
344701
347307
349803
357091
363232
371179
376700
385965
389539
396269
411614
417614
420031
422736
425662
427898
431342
436894
442574
454935
457820
461384
464439
467884
470709
473305
476370
483755
502039
507001
522516
528177
533399
538271
554455
566895
577139
585006
595869
612981
629904
643303
649223
671677
693972
718702
742793
772316
783628
836703
850860
859626
870938
887901
899752
931820
953575
970818
986014
997365
1019120
1070887
1103485
1131500
1148074
1185324
1191744
1198714
1205332
1207778
1208757
1210614
1211582
1213070
1214517
1216175
1217373
1218461
1219599
1220797
1222265
1224651
1225959
1228415
1229773
1232189
1235204
1238010
1240915
1245018
1247784
1249072
1250629
1253245
1254683
1256410
1259905
1262540
1265755
1270317
1271995
1275809
1279653
1281230
1287670
1289657
1291734
1292542
1295997
1297844
1299291
1304533
1309825
