3189
5665
7911
12114
13802
16218
20521
22138
23726
26621
30016
33171
35806
37973
41367
44652
46649
49315
51631
54766
56932
58260
60916
63572
66407
69522
71868
74944
77639
80305
82921
85407
87643
89760
91737
94063
96409
99215
101491
103747
105794
107242
109688
111665
113222
115698
118504
120091
121739
123076
124674
126012
127399
128767
130744
132372
134558
137144
138532
140598
142825
144472
145960
147298
149893
151361
153438
154865
156313
158270
159967
161485
162883
166267
168124
172907
175233
177998
181463
184069
186465
188711
190828
192835
195450
196768
199174
201401
204516
206972
209548
211904
214730
217735
220351
222807
225532
228058
230754
233310
235995
238452
241077
243623
246199
248685
251231
253457
255834
258170
260436
263122
272836
275412
277958
280025
284118
286644
293903
308010
316966
328477
333359
335865
338222
340798
343393
345730
348964
355734
358210
367505
374903
385316
387862
392894
408239
413751
418683
421239
424004
426580
429775
434048
439929
446219
456562
459218
462972
466326
468872
472017
474533
480124
490408
504026
511474
524513
529795
534896
547816
565787
570989
578966
589519
609008
620959
634347
645130
656981
685825
704165
728287
758239
779774
832979
838909
855913
863550
875431
892593
917034
938560
966185
979634
991405
1004144
1026019
1072884
1119230
1144460
1166394
1189847
1194639
1201778
1206750
1208337
1209855
1210973
1212371
1213739
1215296
1216914
1217912
1218930
1220058
1221257
1224022
1225230
1227746
1228685
1231410
1233806
1237291
1239577
1242892
1245747
1248643
1249990
1252297
1254014
1255601
1257219
1261193
1264787
1267532
1271057
1273083
1278824
1280462
1284375
1288569
1290825
1292254
1293321
1296895
1298822
1300519
1305861
