7174
89517
90599
91374
92119
92754
93824
94797
97465
102065
106005
108074
114185
117756
118660
119398
120310
121059
121720
122555
123238
124036
124579
125467
125994
126929
128427
128996
129857
130421
131002
131759
132419
133145
133997
134720
136256
137582
138179
139036
139542
140803
143243
144709
145433
145981
146867
147619
148261
148844
149476
150713
151213
152407
152985
153680
154352
155341
156895
158678
159689
160355
161160
162843
163345
163858
164538
165366
168949
170375
171458
173046
174001
175018
175815
176566
177665
178532
179039
179664
180354
181633
182247
183352
184034
184547
185738
186421
187410
188129
188821
189589
190363
191529
192335
193098
194388
195105
195972
197162
198683
200593
201548
202325
203080
203874
207074
208159
212631
221685
230760
231397
232448
251177
267946
275098
275985
277149
282267
282875
284296
285084
329708
330591
331279
332119
332899
333537
334691
335559
336433
337144
338131
340142
340698
341608
342189
342711
345637
353292
354321
354904
355578
356988
357735
367834
369808
379922
400608
417813
418408
418968
420011
420646
422638
423150
424645
425281
426325
427342
427949
431632
432901
434750
439242
439819
448663
450949
451621
452441
458829
459343
460111
460761
461670
462415
464616
465290
465896
467485
468233
470124
470661
471615
473288
485748
487781
499838
502577
508563
527162
527903
528470
529481
530145
530680
531547
532505
533309
534435
534997
536379
570433
573593
581793
606468
608216
619740
620412
621889
654615
657494
658049
658797
660628
661289
663496
759194
769033
769825
771043
774344
814902
820281
822012
824948
842731
850332
969172
969901
970516
971251
974159
1105633
1142648
1143643
1144474
1145047
1146261
1146965
1147524
1149321
1173586
1177884
1184670
1185716
1187085
1187735
1188585
1207349
1212058
1216453
1217257
1224256
1225574
1226319
1226835
1228113
1229417
1230796
1231356
1232415
1233328
1233930
1234954
1235493
1236035
1237692
1238996
1241511
1243152
1246911
1247471
1248528
1252071
1252879
1285062
1299740
