9
223
546
1274
2110
2424
2855
3781
4247
4473
4854
5180
5538
7662
7932
8280
8513
9239
9463
9984
10457
12868
13146
13540
13878
14110
14592
14988
15233
15694
15912
16575
16966
17286
17732
18458
18765
19036
19376
19701
20351
20882
21276
21991
22275
22549
22970
23350
23762
24493
24885
25385
25722
26100
26473
26853
27161
27476
28001
28362
28730
29052
29516
29897
30318
30626
31038
31484
31886
32728
33072
33633
34025
34406
35382
35861
36380
36883
37380
38075
38597
39270
39638
39983
40271
41156
41510
41877
42119
42538
42949
43361
43875
44627
45152
45760
46117
46501
47037
47420
48039
48767
49078
49803
50143
50500
50804
51631
52084
52314
52641
53278
55149
55423
55658
56322
57259
57628
58038
58483
58906
59502
60081
61102
61503
61759
62297
62837
63206
63688
64767
65731
66095
66381
66618
67157
68079
68734
69103
69377
69912
70720
71145
71449
71696
72014
72744
73306
74068
74402
74786
75267
75783
76145
76537
77208
77456
77886
78359
78679
79131
79598
80030
80284
81035
81507
81930
82387
82682
83165
83984
84326
84596
85034
85413
85756
86258
86637
87144
87492
88070
88766
89075
92087
92534
92968
93915
94633
95089
95517
95972
96304
96687
97038
97569
97989
98453
98862
99292
99746
100184
100618
100939
101229
101713
101991
102336
102513
102960
103399
103698
104156
104378
104807
105072
106533
106789
107097
108104
108660
109059
109302
109560
109858
110797
111009
111200
113058
116819
118724
120030
120807
121852
122233
122539
130775
131121
131591
133336
133671
134034
135074
135439
136211
137863
140306
140833
141669
142433
142984
143567
146165
146534
147236
147930
148843
150236
152946
153329
153530
153734
153948
154048
156192
157106
157493
158849
159455
160017
161535
163577
164255
165956
166224
167622
168508
168766
169400
171714
173109
176798
176846
177233
180276
183321
184888
185406
185609
185977
187817
189754
192187
196949
201771
202344
202845
203502
204194
204617
205561
206203
206435
207108
207652
208152
208432
209265
209851
210207
210837
211268
212786
213069
213321
213674
214198
214591
215039
215615
216287
216538
216889
217172
217455
217705
218227
218798
219143
220408
221072
221465
221700
222042
222258
222801
223293
223721
224500
225028
225369
225734
226004
226522
226985
227450
227891
228213
228824
229918
230235
230895
231450
231904
232170
232609
233207
233505
233824
234352
234747
235092
235498
236142
236491
236972
237341
237614
237973
238235
238588
238904
239278
239544
239915
240148
240576
240933
241310
241613
242169
242963
243549
243853
244259
244867
245274
245758
246118
246478
246839
247864
248329
249463
250125
250443
251389
251914
252376
252701
253163
253571
254111
254475
254871
255265
255597
255941
256304
256674
257103
257763
258188
258481
258813
259161
259496
260239
260576
260950
261654
262220
262560
263233
263548
263944
264285
264655
265522
265896
266216
266885
267292
267509
267971
268286
268655
268882
269336
269750
270127
270657
270979
271335
271885
272288
273184
273467
273648
274042
274496
276075
276338
276828
277228
277733
278119
278518
279045
279554
279900
280346
280667
280962
281350
282312
282778
283095
283553
284367
285298
286264
286649
287003
287507
287997
288335
288677
288990
289379
289749
290244
290535
291151
291476
291819
292123
292623
293399
293784
294094
294477
294778
295228
295633
295999
296454
296902
297313
297781
298291
298558
298975
299725
300025
300326
300824
301161
301535
301881
302613
302916
303759
304453
304844
305146
305680
306329
306800
307495
308013
308425
308848
309791
310110
310547
310803
311079
311399
311990
312214
313093
313597
314047
314388
314703
315142
315461
315899
316328
316691
317000
317317
318049
319356
319707
320121
320515
321036
321437
321826
322194
322494
322850
323155
323528
323848
324254
324645
325106
325688
326141
326618
326933
327739
328244
328656
329003
330129
332414
333018
333741
334198
334727
336131
336648
336973
337539
337642
337840
338280
338673
339085
339750
340680
340961
341472
341977
342678
343101
343492
343823
344299
344831
345272
345573
346001
346360
346939
347352
347859
348215
348623
348681
349118
350049
350607
351044
351442
351965
352441
352728
353550
353814
353979
354398
355946
356534
357283
357761
359020
359386
359893
360365
360724
361180
361630
362145
362348
362774
362982
363330
363556
364008
364518
364819
365369
365733
365993
366419
367034
367357
367749
368137
368477
369300
369546
369927
370311
370692
371268
372191
372602
373089
373474
374109
374622
374994
375541
376766
377238
377562
378029
378409
379179
379523
380045
380675
381454
381869
382349
382725
383158
383487
384426
384670
384983
385401
385852
386764
387253
387599
388056
388464
389037
389619
390034
390857
391203
391934
392334
392841
393055
393630
394132
395041
395561
395939
396240
396698
397380
397946
398553
399023
399402
399795
400355
400620
401888
402332
402645
403193
403620
403933
405072
405644
406027
406470
406905
407481
407916
408433
408905
409361
409858
410339
410528
411053
411402
411833
412759
413181
413665
414178
414521
414878
415582
415866
416427
416757
417203
417703
418083
418965
419479
420142
420995
421535
422947
423586
423963
424697
425496
425931
426951
427500
428282
429164
429612
430047
430498
430787
431432
432414
432563
432948
433388
433742
434133
434655
435018
435420
435896
436280
436718
437256
437546
438146
438812
439185
440121
440554
440970
441331
441836
442316
442700
443144
443500
443840
444291
444866
445916
446261
446722
447007
447606
448119
448398
448711
449062
449474
450106
450699
451168
451824
453880
454290
454948
455515
455947
456472
457736
459435
460029
461658
462369
462795
463258
463617
464059
464645
466185
466762
468647
469293
469896
470528
471001
471729
472216
473184
473666
474119
475073
475407
476475
476849
477224
477562
478374
478861
479767
480297
481156
481954
482336
482769
483436
483805
484209
484870
485260
485964
486984
487425
487946
488449
488963
490113
490659
491021
491754
492251
492787
493084
493359
493806
494237
494929
495374
496686
497075
497595
498020
498523
499704
500103
500303
500739
502090
502648
503557
504202
504598
505229
505906
506655
507089
507747
508319
508728
509368
510148
510757
511326
511819
512358
513398
513911
514310
514735
515157
516030
516354
516853
517282
517778
518697
519200
519714
520089
520658
521225
521470
521964
522421
522949
523424
523954
524360
524738
525237
525733
526059
527011
527957
528492
529362
530070
531773
532438
533267
533745
534542
535034
535492
536059
536776
537206
537761
538009
538470
538912
539403
540279
540543
541130
542036
542321
542670
543125
543413
543692
544189
544811
545059
545536
545909
546378
547047
547667
548218
548879
549488
550062
550362
550934
552675
553063
553554
553973
554710
555174
555730
556546
557076
557797
558363
559005
559478
560290
560701
561112
561622
561978
562493
563613
564152
564841
565361
566016
566809
567396
568297
568697
569240
569781
570264
570740
571150
571521
572054
572511
573249
573734
574234
574771
575319
575946
577195
577593
578314
578646
579500
579956
580469
581681
582132
582633
584187
584545
585496
586399
586911
587247
587694
588057
588937
589396
590020
590387
591053
591903
592111
592540
593466
594152
594793
595183
595677
596041
596442
597279
597821
599114
599799
600455
600988
601610
602082
602883
603268
603679
604424
604786
605155
606582
607050
608350
609330
609612
609960
610309
611026
612919
613809
614407
614774
615350
617245
617696
618161
618562
618879
619493
620058
620618
620971
621421
621787
622385
622979
623660
624173
624574
625375
625903
626329
626728
627221
628265
628718
629185
629747
630755
631431
631946
632455
633080
634282
634769
635084
635499
636186
636706
637012
637701
638138
638235
638724
639205
639563
640022
640619
641053
642088
642544
642966
643542
645083
645647
646065
646776
647709
648162
648479
648987
649380
650056
650595
650961
651441
651943
652419
653345
654037
654454
654790
656220
656514
657798
658121
658766
659631
660399
661217
661765
662324
662977
663420
663996
664647
665363
665873
666526
667302
667664
667961
669045
669784
670347
670682
671185
671777
672221
672654
673345
673752
674215
674752
674900
675289
676012
676543
677129
677707
678171
678768
679412
679796
680591
681154
681696
682428
682700
683509
684072
685362
685954
686551
687217
687912
688378
689002
689869
690641
691000
691508
691991
692483
692960
693172
693809
694232
694798
695300
695744
696156
696704
697076
697630
698521
698984
699593
700648
701171
702007
702374
703329
704120
704725
705620
706387
706817
707314
708054
708512
709251
709808
710883
711422
712199
712487
713111
713654
714180
714784
715318
716947
718152
718610
719384
720065
720453
720726
720949
721305
721696
722366
723151
723628
724298
724763
725200
725651
726009
726470
727059
727577
728015
728432
729108
729630
730701
731219
731710
732316
733225
733614
734116
734584
735171
735680
736126
736712
737563
738061
739222
739720
740112
740927
741512
742188
742895
743865
744236
744802
745576
746345
747319
747685
748185
748755
749275
749695
749847
750439
752015
752362
752730
753155
753576
754097
754591
754889
755478
756057
756390
757220
757775
758527
759080
759537
760270
761091
761712
762226
763016
763549
764077
764616
765504
765874
766728
767626
768142
768518
769685
770141
770505
770919
771302
771929
772597
773078
773623
774162
774639
775047
775754
776498
776969
777291
777833
778213
778734
779404
779800
780363
780735
781157
781675
782302
782715
783231
783999
784639
785220
786240
786743
787425
788135
789297
789635
790432
791450
791961
792413
793074
793547
793966
794480
795085
795870
796497
797045
797679
798706
799283
800030
800686
801522
802142
803217
803936
804462
805068
805528
805970
806379
806965
807768
808324
808768
809248
809778
810418
810830
811293
812701
813228
813709
814509
815173
815680
816125
816629
817094
817687
818492
819569
820077
820418
820914
821086
821419
821999
822553
823379
824209
824673
825202
826251
827056
827517
828174
828669
829446
829859
830194
830622
831209
832247
832717
833467
833871
834357
835588
835987
836532
836978
837529
838399
838723
839296
839794
840060
840485
840906
841129
841536
842217
842606
842972
844085
844371
844861
845271
845849
846554
847072
847562
848021
848378
849266
849784
850379
851060
851690
852557
853238
853624
854366
854993
855450
856102
856409
856793
857438
858193
858598
859013
859782
860358
861256
862018
862634
863760
864264
865323
865821
866699
867262
867947
868491
869360
869960
870544
871193
871801
872884
873951
874476
874959
875781
876051
876503
877066
877888
878418
878792
879410
880349
881536
882220
882538
883335
884414
885091
885397
885713
886049
886555
886825
887300
887561
888159
889747
890916
891576
892406
892962
893526
894384
894960
895487
896050
896645
897530
898055
898870
899414
900285
900835
901458
902140
902742
903263
903832
905121
905694
906110
907210
907864
908487
909017
909515
909934
910453
911102
911500
912081
912457
912856
913463
914219
914638
915211
915588
916277
916901
917377
917855
918534
919369
919849
920362
921564
922666
923155
923554
923894
924363
924841
925293
925768
926181
926568
927214
927734
928144
928748
929298
929891
931258
931597
932116
932672
933333
933744
934226
934661
935445
936114
936525
936998
937493
938029
938820
939791
940296
941617
941987
942995
943676
944293
944613
945493
946108
946983
948883
949457
949909
950375
950983
951521
952118
952338
952542
953187
953654
953933
954537
955118
955738
956463
957679
958124
958671
959069
959714
960466
960721
961033
961470
961910
962427
963354
963692
964204
964709
965624
966165
967049
967332
967735
968586
968925
969241
970458
970726
971115
971471
971992
972535
973469
973874
974481
975158
975886
976517
977060
978128
978809
979345
979731
980136
980839
981547
983040
983470
983920
984330
985151
985638
986465
987021
987801
988095
989237
989666
990543
991174
991565
992107
992396
993059
994577
995131
995936
996567
996925
997599
997939
999092
1000519
1001307
1001790
1002334
1002664
1003014
1003752
1004395
1004929
1005477
1006009
1007066
1007556
1008207
1008736
1009454
1009911
1010454
1010850
1011807
1012452
1012805
1013263
1013770
1014407
1015124
1015566
1016108
1016835
1017621
1018076
1018613
1019228
1019865
1020518
1020824
1021451
1021870
1022280
1022680
1023105
1023364
1023642
1023932
1024259
1024675
1025129
1025597
1025991
1026221
1026685
1027376
1027848
1028579
1029542
1031090
1031423
1031841
1032352
1032993
1033688
1034545
1034894
1035646
1036126
1036478
1037753
1038224
1038714
1039108
1039381
1039895
1040451
1040930
1041295
1041704
1042281
1042821
1043264
1043947
1044447
1044772
1045391
1047415
1047766
1048322
1048903
1049690
1050075
1050674
1051177
1051593
1052368
1052800
1053614
1055077
1055622
1056097
1057981
1058414
1059000
1059534
1059975
1060490
1061171
1061665
1062189
1062623
1063041
1063893
1064407
1064926
1065291
1066448
1066943
1067862
1068471
1069016
1069750
1070188
1070728
1071262
1071788
1072781
1073099
1073790
1074789
1075252
1075678
1076175
1076874
1077557
1078168
1078490
1079022
1079522
1080075
1080837
1081288
1081795
1082288
1082858
1084186
1084620
1084966
1086129
1086755
1087394
1088089
1088726
1089245
1089808
1090816
1091412
1092201
1092700
1093249
1093744
1094483
1094998
1095450
1096068
1096759
1097049
1097504
1097807
1098360
1098919
1099455
1099933
1100430
1100898
1101592
1102193
1103473
1104738
1105121
1105584
1106188
1106611
1107743
1108147
1108584
1109301
1110060
1111222
1111505
1111931
1112735
1113411
1113864
1114316
1115036
1115818
1116312
1116821
1117415
1118235
1118764
1119255
1120080
1120571
1121305
1121808
1122194
1122720
1123312
1124405
1124902
1125347
1125887
1126354
1126952
1127599
1128179
1128600
1128813
1129160
1129457
1129852
1130317
1130622
1131019
1131520
1132003
1132500
1133045
1133397
1134225
1134741
1135190
1135788
1137334
1137718
1138579
1139484
1139880
1140486
1141234
1141591
1141922
1142432
1142962
1143480
1144200
1144832
1146095
1146697
1147377
1147780
1148691
1149077
1149464
1149832
1150480
1151430
1152396
1152905
1153426
1153767
1154207
1154590
1155071
1156139
1157867
1158167
1158657
1159401
1160112
1160444
1160937
1161328
1161777
1162526
1163273
1163624
1164032
1164399
1164908
1165370
1166740
1167206
1167697
1168263
1168968
1169863
1170442
1170879
1171371
1171945
1172518
1173245
1173761
1174427
1174780
1175142
1175474
1175848
1176290
1177116
1177356
1179140
1179397
1179774
1180010
1180668
1180979
1181353
1181995
1182532
1182875
1183303
1183947
1184392
1184671
1185132
1185382
1186358
1186962
1188036
1188284
1188589
1189003
1189302
1189520
1190151
1190417
1190990
1191748
1191978
1192302
1192668
1192944
1193195
1193588
1193933
1194318
1194513
1194883
1195168
1196845
1197079
1197665
1198322
1198562
1199878
1200046
1201721
1202824
1205322
1205904
1207496
1207718
1208009
1208549
1208908
1209116
1209640
1210411
1210811
1210975
1211440
1211547
1211839
1212133
1212712
1212944
1213143
1213491
1213886
1214196
1214581
1215273
1215469
1215756
1216142
1216489
1216823
1217540
1219391
1219923
1220267
1220721
1221093
1221830
1222024
1222414
1222864
1223990
1225337
1226975
1227854
1228287
1228895
1229189
1229472
1229790
1230283
1231361
1231691
1232218
1232919
1233171
1233556
1233980
1234277
1234681
1234980
1235285
1235645
1235915
1236321
1236650
1237043
1237938
1239246
1239763
1240415
1241041
1241627
1242014
1242661
1243459
1244047
1244433
1244880
1245210
1245578
1246474
1247165
1247547
1247824
1248010
1248289
1248852
1249463
1249786
1250989
1251554
1256024
1256382
1257950
1258355
1259457
1259868
1260272
1261009
1261475
1261690
1262095
1262323
1263266
1263580
1263839
1264026
1264763
1265899
1266165
1266398
1267227
1267806
1269266
1269744
1270054
1270483
1270911
1271725
1272072
1272270
1273645
1274723
1275328
1276254
1276638
1277323
1278132
1278631
1278887
1279304
1280565
1281988
1282907
1283362
1283876
1284332
1284950
1286046
1287195
1289389
1290076
1291125
1291937
1292484
1294499
1296622
1297547
1298727
1302691
1303055
1303825
1304002
1304234
1305581
1305954
1306385
1306905
1307486
1308285
1309657
