9
193
486
1184
1990
2274
2675
3571
4007
4203
4554
4850
5178
7272
7512
7830
8033
8729
8923
9414
9857
12238
12486
12850
13158
13360
13812
14178
14393
14824
15012
15645
16006
16296
16712
17408
17685
17926
18236
18531
19151
19652
20016
20701
20955
21199
21590
21940
22322
23023
23385
23855
24162
24510
24853
25203
25481
25766
26261
26592
26930
27222
27656
28007
28398
28676
29058
29474
29846
30658
30972
31503
31865
32216
33162
33611
34100
34573
35040
35705
36197
36840
37178
37493
37751
38606
38930
39267
39479
39868
40249
40631
41115
41837
42332
42910
43237
43591
44097
44450
45039
45737
46018
46713
47023
47350
47624
48421
48844
49044
49341
49948
51789
52033
52238
52872
53779
54118
54498
54913
55306
55872
56421
57412
57783
58009
58517
59027
59366
59818
60867
61801
62135
62391
62598
63107
63999
64624
64963
65207
65712
66490
66885
67159
67376
67664
68364
68896
69628
69932
70286
70737
71223
71555
71917
72558
72776
73176
73619
73909
74331
74768
75170
75394
76115
76557
76950
77377
77642
78095
78884
79196
79436
79844
80193
80506
80978
81327
81804
82122
82670
83336
83615
86597
87014
87418
88335
89023
89449
89847
90272
90574
90927
91248
91749
92139
92573
92952
93352
93776
94184
94588
94879
95139
95593
95841
96156
96303
96720
97129
97398
97826
98018
98417
98652
100083
100309
100587
101564
102090
102459
102672
102900
103168
104077
104259
104420
106248
109979
111854
113130
113877
114892
115243
115519
123725
124041
124481
126196
126501
126834
127844
128179
128921
130543
132956
133453
134259
134993
135514
136067
138635
138974
139646
140310
141193
142556
145236
145589
145760
145934
146118
146188
148302
149186
149543
150869
151445
151977
153465
155477
156125
157796
158034
159402
160258
160486
161090
163374
164739
168398
168416
168773
171786
174801
176338
176826
176999
177337
179147
181054
183457
188189
192981
193524
193995
194622
195284
195677
196591
197203
197405
198048
198562
199032
199282
200085
200641
200967
201567
201968
203456
203709
203931
204254
204748
205111
205529
206075
206717
206938
207259
207512
207765
207985
208477
209018
209333
210568
211202
211565
211770
212082
212268
212781
213243
213641
214390
214888
215199
215534
215774
216262
216695
217130
217541
217833
218414
219478
219765
220395
220920
221344
221580
221989
222557
222825
223114
223612
223977
224292
224668
225282
225601
226052
226391
226634
226963
227195
227518
227804
228148
228384
228725
228928
229326
229653
230000
230273
230799
231563
232119
232393
232769
233347
233724
234178
234508
234838
235169
236164
236599
237703
238335
238623
239539
240034
240466
240761
241193
241571
242081
242415
242781
243145
243447
243761
244094
244434
244833
245463
245858
246121
246423
246741
247046
247759
248066
248410
249084
249620
249930
250573
250858
251224
251535
251875
252712
253056
253346
253985
254362
254549
254981
255266
255605
255802
256226
256610
256957
257457
257749
258075
258595
258968
259834
260087
260238
260602
261026
262575
262808
263268
263638
264113
264469
264838
265335
265814
266130
266546
266837
267102
267460
268392
268828
269115
269543
270327
271228
272164
272519
272843
273317
273777
274085
274397
274680
275039
275379
275844
276105
276691
276986
277299
277573
278043
278789
279144
279424
279777
280048
280468
280843
281179
281604
282022
282403
282841
283321
283558
283945
284665
284935
285206
285674
285981
286325
286641
287343
287616
288429
289093
289454
289726
290230
290849
291290
291955
292443
292825
293218
294131
294420
294827
295053
295299
295589
296150
296344
297193
297667
298087
298398
298683
299092
299381
299789
300188
300521
300800
301087
301789
303066
303387
303771
304135
304626
304997
305356
305694
305964
306290
306565
306908
307198
307574
307935
308366
308918
309341
309788
310073
310849
311324
311706
312023
313119
315374
315948
316641
317068
317567
318941
319428
319723
320259
320332
320500
320910
321273
321655
322290
323190
323441
323922
324397
325068
325461
325822
326123
326569
327071
327482
327753
328151
328480
329029
329412
329889
330215
330593
330621
331028
331929
332457
332864
333232
333725
334171
334428
335220
335454
335589
335978
337496
338054
338773
339221
340450
340786
341263
341705
342034
342460
342880
343365
343538
343934
344112
344430
344626
345048
345528
345799
346319
346653
346883
347279
347864
348157
348519
348877
349187
349980
350196
350547
350901
351252
351798
352691
353072
353529
353884
354489
354972
355314
355831
357026
357468
357762
358199
358549
359289
359603
360095
360695
361444
361829
362279
362625
363028
363327
364236
364450
364733
365121
365542
366424
366883
367199
367626
368004
368547
369099
369484
370277
370593
371294
371664
372141
372325
372870
373342
374221
374711
375059
375330
375758
376410
376946
377523
377963
378312
378675
379205
379440
380678
381092
381375
381893
382290
382573
383682
384224
384577
384990
385395
385941
386346
386833
387275
387701
388168
388619
388778
389273
389592
389993
390889
391281
391735
392218
392531
392858
393532
393786
394317
394617
395033
395503
395853
396705
397189
397822
398645
399155
400537
401146
401493
402197
402966
403371
404361
404880
405632
406484
406902
407307
407728
407987
408602
409554
409673
410028
410438
410762
411123
411615
411948
412320
412766
413120
413528
414036
414296
414866
415502
415845
416751
417154
417540
417871
418346
418796
419150
419564
419890
420200
420621
421166
422186
422501
422932
423187
423756
424239
424488
424771
425092
425474
426076
426639
427078
427704
429730
430110
430738
431275
431677
432172
433406
435075
435639
437238
437919
438315
438748
439077
439489
440045
441555
442102
443957
444573
445146
445748
446191
446889
447346
448284
448736
449159
450083
450387
451425
451769
452114
452422
453204
453661
454537
455037
455866
456634
456986
457389
458026
458365
458739
459370
459730
460404
461394
461805
462296
462769
463253
464373
464889
465221
465924
466391
466897
467164
467409
467826
468227
468889
469304
470586
470945
471435
471830
472303
473454
473823
473993
474399
475720
476248
477127
477742
478108
478709
479356
480075
480479
481107
481649
482028
482638
483388
483967
484506
484969
485478
486488
486971
487340
487735
488127
488970
489264
489733
490132
490598
491487
491960
492444
492789
493328
493865
494080
494544
494971
495469
495914
496414
496790
497138
497607
498073
498369
499291
500207
500712
501552
502230
503903
504538
505337
505785
506552
507014
507442
507979
508666
509066
509591
509809
510240
510652
511113
511959
512193
512750
513626
513881
514200
514625
514883
515132
515599
516191
516409
516856
517199
517638
518277
518867
519388
520019
520598
521142
521412
521954
523665
524023
524484
524873
525580
526014
526540
527326
527826
528517
529053
529665
530108
530890
531271
531652
532132
532458
532943
534033
534542
535201
535691
536316
537079
537636
538507
538877
539390
539901
540354
540800
541180
541521
542024
542451
543159
543614
544084
544591
545109
545706
546925
547293
547984
548286
549110
549536
550019
551201
551622
552093
553617
553945
554866
555739
556221
556527
556944
557277
558127
558556
559150
559487
560123
560943
561121
561520
562416
563072
563683
564043
564507
564841
565212
566019
566531
567794
568449
569075
569578
570170
570612
571383
571738
572119
572834
573166
573505
574902
575340
576610
577560
577812
578130
578449
579136
580999
581859
582427
582764
583310
585175
585596
586031
586402
586689
587273
587808
588338
588661
589081
589417
589985
590549
591200
591683
592054
592825
593323
593719
594088
594551
595565
595988
596425
596957
597935
598581
599066
599545
600140
601312
601769
602054
602439
603096
603586
603862
604521
604928
604995
605454
605905
606233
606662
607229
607633
608638
609064
609456
610002
611513
612047
612435
613116
614019
614442
614729
615207
615570
616216
616725
617061
617511
617983
618429
619325
619987
620374
620680
622080
622344
623598
623891
624506
625341
626079
626867
627385
627914
628537
628950
629496
630117
630803
631283
631906
632652
632984
633251
634305
635014
635547
635852
636325
636887
637301
637704
638365
638742
639175
639682
639800
640159
640852
641353
641909
642457
642891
643458
644072
644426
645191
645724
646236
646938
647180
647959
648492
649752
650314
650881
651517
652182
652618
653212
654049
654791
655120
655598
656051
656513
656960
657142
657749
658142
658678
659150
659564
659946
660464
660806
661330
662191
662624
663203
664228
664721
665527
665864
666789
667550
668125
668990
669727
670127
670594
671304
671732
672441
672968
674013
674522
675269
675527
676121
676634
677130
677704
678208
679807
680982
681410
682154
682805
683163
683406
683599
683925
684286
684926
685681
686128
686768
687203
687610
688031
688359
688790
689349
689837
690245
690632
691278
691770
692811
693299
693760
694336
695215
695574
696046
696484
697041
697520
697936
698492
699313
699781
700912
701380
701742
702527
703082
703728
704405
705345
705686
706222
706966
707705
708649
708985
709455
709995
710485
710875
710997
711559
713105
713422
713760
714155
714546
715037
715501
715769
716328
716877
717180
717980
718505
719227
719750
720177
720880
721671
722262
722746
723506
724009
724507
725016
725874
726214
727038
727906
728392
728738
729875
730301
730635
731019
731372
731969
732607
733058
733573
734082
734529
734907
735584
736298
736739
737031
737543
737893
738384
739024
739390
739923
740265
740657
741145
741742
742125
742611
743349
743959
744510
745500
745973
746625
747305
748437
748745
749512
750500
750981
751403
752034
752477
752866
753350
753925
754680
755277
755795
756399
757396
757943
758660
759286
760092
760682
761727
762416
762912
763488
763918
764330
764709
765265
766038
766564
766978
767428
767928
768538
768920
769353
770731
771228
771679
772449
773083
773560
773975
774449
774884
775447
776222
777269
777747
778058
778524
778666
778969
779519
780043
780839
781639
782073
782572
783591
784366
784797
785424
785889
786636
787019
787324
787722
788279
789287
789727
790447
790821
791277
792478
792847
793362
793778
794299
795139
795433
795976
796444
796680
797075
797466
797659
798036
798687
799046
799382
800465
800721
801181
801561
802109
802784
803272
803732
804161
804488
805346
805834
806399
807050
807650
808487
809138
809494
810206
810803
811230
811852
812129
812483
813098
813823
814198
814583
815322
815868
816736
817468
818054
819150
819624
820653
821121
821969
822502
823157
823671
824510
825080
825634
826253
826831
827884
828921
829416
829869
830661
830901
831323
831856
832648
833148
833492
834080
834989
836146
836800
837088
837855
838904
839551
839827
840113
840419
840895
841135
841580
841811
842379
843937
845076
845706
846506
847032
847566
848394
848940
849437
849970
850535
851390
851885
852670
853184
854025
854545
855138
855790
856362
856853
857392
858651
859194
859580
860650
861274
861867
862367
862835
863224
863713
864332
864700
865251
865597
865966
866543
867269
867658
868201
868548
869207
869801
870247
870695
871344
872149
872599
873082
874254
875326
875785
876154
876464
876903
877351
877773
878218
878601
878958
879574
880064
880444
881018
881538
882101
883438
883747
884236
884762
885393
885774
886226
886631
887385
888024
888405
888848
889313
889819
890580
891521
891996
893287
893627
894605
895256
895843
896133
896983
897568
898413
900283
900827
901249
901685
902263
902771
903338
903528
903702
904317
904754
905003
905577
906128
906718
907413
908599
909014
909531
909899
910514
911236
911461
911743
912150
912560
913047
913944
914252
914734
915209
916094
916605
917459
917712
918085
918906
919215
919501
920688
920926
921285
921611
922102
922615
923519
923894
924471
925118
925816
926417
926930
927968
928619
929125
929481
929856
930529
931207
932670
933070
933490
933870
934661
935118
935915
936441
937191
937455
938567
938966
939813
940414
940775
941287
941546
942179
943667
944191
944966
945567
945895
946539
946849
947972
949369
950127
950580
951094
951394
951714
952422
953035
953539
954057
954559
955586
956046
956667
957166
957854
958281
958794
959160
960087
960702
961025
961453
961930
962537
963224
963636
964148
964845
965601
966026
966533
967118
967725
968348
968624
969221
969610
969990
970360
970755
970984
971232
971492
971789
972175
972599
973037
973401
973601
974035
974696
975138
975839
976772
978290
978593
978981
979462
980073
980738
981565
981884
982606
983056
983378
984623
985064
985524
985888
986131
986615
987141
987590
987925
988304
988851
989361
989774
990427
990897
991192
991781
993775
994096
994622
995173
995930
996285
996854
997327
997713
998458
998860
999644
1001077
1001592
1002037
1003891
1004294
1004850
1005354
1005765
1006250
1006901
1007365
1007859
1008263
1008651
1009473
1009957
1010446
1010781
1011908
1012373
1013262
1013841
1014356
1015060
1015468
1015978
1016482
1016978
1017941
1018229
1018890
1019859
1020292
1020688
1021155
1021824
1022477
1023058
1023350
1023852
1024322
1024845
1025577
1025998
1026475
1026938
1027478
1028776
1029180
1029496
1030629
1031225
1031834
1032499
1033106
1033595
1034128
1035106
1035672
1036431
1036900
1037419
1037884
1038593
1039078
1039500
1040088
1040749
1041009
1041434
1041707
1042230
1042759
1043265
1043713
1044180
1044618
1045282
1045853
1047103
1048338
1048691
1049124
1049698
1050091
1051193
1051567
1051974
1052661
1053390
1054522
1054775
1055171
1055945
1056591
1057014
1057436
1058126
1058878
1059342
1059821
1060385
1061175
1061674
1062135
1062930
1063391
1064095
1064568
1064924
1065420
1065982
1067045
1067512
1067927
1068437
1068874
1069442
1070059
1070609
1071000
1071183
1071500
1071767
1072132
1072567
1072842
1073209
1073680
1074133
1074600
1075115
1075437
1076235
1076721
1077140
1077708
1079224
1079578
1080409
1081284
1081650
1082226
1082944
1083271
1083572
1084052
1084552
1085040
1085730
1086332
1087565
1088137
1088787
1089160
1090041
1090397
1090754
1091092
1091710
1092630
1093566
1094045
1094536
1094847
1095257
1095610
1096061
1097099
1098797
1099067
1099527
1100241
1100922
1101224
1101687
1102048
1102467
1103186
1103903
1104224
1104602
1104939
1105418
1105850
1107190
1107626
1108087
1108623
1109298
1110163
1110712
1111119
1111581
1112125
1112668
1113365
1113851
1114487
1114810
1115142
1115444
1115788
1116200
1116996
1117206
1118960
1119187
1119534
1119740
1120368
1120649
1120993
1121605
1122112
1122425
1122823
1123437
1123852
1124101
1124532
1124752
1125698
1126272
1127316
1127534
1127809
1128193
1128462
1128650
1129251
1129487
1130030
1130758
1130958
1131252
1131588
1131834
1132055
1132418
1132733
1133088
1133253
1133593
1133848
1135495
1135699
1136255
1136882
1137092
1138378
1138516
1140161
1141234
1143702
1144254
1145816
1146008
1146269
1146779
1147108
1147286
1147780
1148521
1148891
1149025
1149460
1149537
1149799
1150063
1150612
1150814
1150983
1151301
1151666
1151946
1152301
1152963
1153129
1153386
1153742
1154059
1154363
1155050
1156871
1157373
1157687
1158111
1158453
1159160
1159324
1159684
1160104
1161200
1162517
1164125
1164974
1165377
1165955
1166219
1166472
1166760
1167223
1168271
1168571
1169068
1169739
1169961
1170316
1170710
1170977
1171351
1171620
1171895
1172225
1172465
1172841
1173140
1173503
1174368
1175646
1176133
1176755
1177351
1177907
1178264
1178881
1179649
1180207
1180563
1180980
1181280
1181618
1182484
1183145
1183497
1183744
1183900
1184149
1184682
1185263
1185556
1186729
1187264
1191704
1192032
1193570
1193945
1195017
1195398
1195772
1196479
1196915
1197100
1197475
1197673
1198586
1198870
1199099
1199256
1199963
1201069
1201305
1201508
1202307
1202856
1204286
1204734
1205014
1205413
1205811
1206595
1206912
1207080
1208425
1209473
1210048
1210944
1211298
1211953
1212732
1213201
1213427
1213814
1215045
1216438
1217327
1217752
1218236
1218662
1219250
1220316
1221435
1223599
1224256
1225275
1226057
1226574
1228559
1230652
1231547
1232697
1236631
1236965
1237705
1237852
1238054
1239371
1239714
1240115
1240605
1241156
1241925
1243267
