3602
14840
16146
22379
30076
41375
48292
62168
65438
70493
73098
81618
86461
97507
98772
115091
120674
139659
141302
146284
153779
163866
168496
180036
199567
202223
210922
211644
225600
228101
234066
238167
244715
249344
253381
259227
270798
273398
278884
279958
291363
293527
299520
301196
313727
341374
350803
353080
356903
362833
369645
373642
385636
389531
392192
407481
414334
415929
423738
425158
444375
448585
460180
464989
466015
474384
485279
487735
499475
506457
525388
527069
528818
543434
557314
569782
572849
576535
578937
599408
612230
622648
630143
637552
667027
671250
674007
683445
684175
696020
702444
705227
714740
723489
730926
734343
735100
745275
746984
758595
764578
768726
774794
783999
785776
795351
808255
811775
811904
816705
819541
845528
850026
858725
864591
869038
871298
884465
885112
892831
899940
915928
925861
931124
940551
941646
949039
956073
960709
966181
975296
976773
989675
992023
992693
995271
1002326
1007779
1025457
1028975
1031783
1055946
1065623
1077243
1090502
1091581
1092696
1100151
1105189
1107825
1111096
1113515
1122005
1122715
1131695
1132400
1139126
1144892
1149382
1170236
1185574
1191345
1192180
1193561
1197079
1199373
1206187
1208154
1222432
1225420
1230255
1232781
1239800
1242545
1245575
1258858
1260609
1267933
1270590
1272336
1278140
1278952
1282012
1292122
1295074
1296144
1310239
