29
146
316
392
500
577
732
808
867
926
1007
1094
1205
1317
1380
1445
1559
1713
1773
1846
2014
2061
2192
2278
2459
2699
3092
3321
3458
3520
3570
3828
3935
4022
4083
4140
4195
4255
4382
4470
4650
4833
4898
5078
5168
5280
5367
5492
5555
5667
5719
5870
5916
6057
6197
6272
6354
6482
6775
6834
6905
7029
7118
7232
7386
7848
7910
8165
8307
8376
8489
8716
8832
8926
9057
9207
9449
9552
9668
9781
10023
10069
10174
10229
10283
10508
10605
10671
11067
11341
11524
11615
12040
12095
12187
12424
12645
12758
12852
13012
13161
13233
13430
13527
13611
13750
13872
13995
14242
14345
14549
14751
15020
15137
15218
15279
15359
15507
15602
15725
15794
15861
15942
16008
16053
16298
16382
16511
16661
16728
16891
17081
17227
17410
17501
17557
17698
17871
18025
18081
18280
18422
18492
18616
18744
18848
18946
19063
19137
19300
19682
19804
19978
20093
20233
20362
20422
20500
20579
20713
20804
20916
20962
21023
21132
21248
21506
21554
21689
21900
22013
22112
22242
22550
22641
22709
22758
22840
22907
22983
23035
23111
23270
23362
23519
23577
23948
24029
24138
24212
24335
24422
24507
24583
24638
24781
24861
24950
25049
25132
25198
25299
25388
25430
25601
25796
26118
26198
26267
26339
26406
26505
26610
26882
27113
27183
27314
27433
27483
27587
27661
27789
27897
28015
28065
28166
28250
28312
28420
28585
28645
28780
28878
28996
29062
29173
29253
29401
29472
29560
29662
29713
29771
29834
29969
30241
30344
30602
30818
30945
31130
31390
31489
31628
31742
31853
32665
32754
32828
32934
33068
33403
33536
33688
33856
33980
34072
34226
34336
34524
34626
34713
34832
35013
35124
35244
35371
35540
35639
35817
35907
36159
36240
36421
36543
36711
36826
36966
37071
37177
37293
37703
37781
37922
38068
38175
38436
38615
38685
38916
39037
39151
39264
39369
39472
39608
39710
39996
40074
40223
40349
40448
40505
40588
40677
40759
40822
40923
41023
41089
41158
41258
41333
41581
41651
41718
41780
41863
42065
42333
42561
42883
43074
43222
43337
43575
43639
43800
44053
44290
44475
44535
44679
44757
44926
45084
45195
45284
45433
45492
45594
45701
45790
46038
46109
46251
46314
46390
46516
46621
46733
46909
47014
47059
47267
47326
47459
47546
47678
47769
47904
48068
48164
48569
48637
48715
48859
49000
49210
49345
49402
49497
49622
49712
49860
49924
49991
50190
50291
50349
50543
50672
50746
50874
51084
51219
51299
51358
51453
51562
51614
51692
51776
51882
52025
52120
52249
52333
52569
52678
52822
52993
53087
53171
53435
53715
53768
53951
54069
54203
54338
54385
54486
54546
54846
55043
55150
55262
55560
55632
55783
55912
56075
56140
56224
56481
56722
56782
56884
57113
57170
57259
57385
57632
57718
57846
57915
58073
58313
58505
58580
58778
58881
59006
59119
59243
59344
59423
59498
59614
59751
59949
60056
60105
60220
60298
60480
60577
60619
60688
60730
60812
60890
60968
61092
61190
61311
61452
61506
61640
61737
61803
61931
62000
62079
62463
62668
62792
63046
63166
63287
63425
63643
63828
64034
64094
64219
64384
64521
64588
64673
64757
64866
64950
65007
65178
65288
65383
65605
65666
65780
65833
65941
66038
66189
66396
66483
66656
66809
66947
67175
67261
67392
67499
67648
67723
67913
67997
68377
68529
68597
68667
68951
69013
69177
69278
69367
69456
69555
69668
69757
69889
70004
70055
70182
70262
70364
70463
70769
70940
71097
71167
71263
71437
71565
71731
71883
72004
72193
72267
72386
72466
72566
72724
72853
73047
73336
73445
73529
73602
73725
73876
73932
74112
74229
74305
74404
74515
74612
74753
74810
74912
74974
75105
75189
75272
75368
75466
75574
75734
76016
76200
76270
76348
76483
76551
76618
76767
76880
76987
77078
77180
77254
77410
77503
77572
77658
77763
77873
77995
78087
78160
78271
78376
78508
78772
78820
79042
79385
79458
79542
79625
79752
79878
80059
80175
80256
80322
80440
80548
80817
80912
81019
81097
81290
81583
81871
81946
82012
82091
82241
82343
82491
82638
82693
82775
82932
83061
83144
83212
83312
83450
83546
83645
83817
83945
84185
84317
84475
84629
84739
85009
85109
85222
85365
85457
85526
85621
85802
85998
86155
86676
86740
86835
86928
87060
87141
87245
87313
87466
87673
87742
87828
87949
88016
88265
88476
88606
88705
88807
88889
88948
88994
89063
89144
89204
89539
89754
89891
89953
90062
90125
90269
90347
90517
90618
90674
90747
90822
90866
90967
91107
91178
91264
91326
91477
91706
92159
92386
92538
92639
92714
92862
93037
93216
93277
93367
93447
93550
93675
93750
93896
94061
94163
94253
94388
94584
94684
94783
94928
95075
95143
95230
95328
95499
95697
95786
95913
96073
96128
96228
96306
96446
96539
96647
96839
96942
97087
97151
97291
97375
97441
97772
97872
97925
98069
98206
98298
98387
98518
98747
98975
99080
99161
99232
99433
99520
99693
99764
99901
100040
100143
100260
100397
100456
100612
100689
100805
100933
100986
101060
101112
101188
101271
101357
101464
101540
101708
102046
102102
102181
102259
102321
102655
102813
102875
103008
103066
103205
103395
103547
103629
103701
103839
103907
104000
104106
104288
104390
104491
104569
104634
104800
104927
105005
105072
105227
105287
105373
105528
105695
105926
106056
106163
106338
106503
106612
106671
106797
106892
106961
107129
107190
107262
107347
107462
107546
107627
107813
107928
108018
108234
108350
108404
108474
108536
108677
108762
108950
109072
109154
109507
109571
109675
109809
109888
109994
110122
110183
110334
110430
110494
110592
110669
110723
110782
110864
111019
111138
111228
111385
111503
111595
111721
111816
111953
112054
112104
112181
112343
112467
112539
112599
112669
112757
112827
112994
113125
113246
113322
113506
113599
113872
113932
114139
114303
114431
114508
114610
114799
114871
115058
115338
115548
115654
115946
116068
116164
116286
116460
116637
116874
116966
117107
117176
117309
117438
117744
117877
118012
118779
118934
119021
119216
119313
119446
119733
119824
119958
120097
120175
120587
120909
121027
121119
121206
121292
121353
121446
121532
121749
121881
121944
122225
122286
122437
122574
122717
122938
123043
123494
123879
124004
124354
124513
124680
124740
125102
125193
125405
125614
125760
125847
126053
126172
126263
126511
126698
126880
127210
127300
127469
127521
127786
127925
128121
128269
128381
128502
128644
128792
129158
129525
129605
129694
129798
129936
130079
130348
130504
130620
130773
130834
131040
131121
131251
131516
131590
131772
131858
131980
132117
132382
133022
133131
133214
133305
133367
133429
133493
133612
133788
133842
133980
134155
134227
134273
134363
134488
134584
134692
134841
134928
135031
135110
135233
135331
135430
135516
135608
135700
135758
135853
136009
136081
136229
136282
136489
136558
136661
136798
137097
137264
137409
137508
137580
137651
137766
137847
137965
138013
138168
138294
138357
138467
138789
138962
139046
139112
139298
139496
139581
139824
139875
139955
140046
140267
140339
140395
140463
140573
140646
140783
141074
141254
141503
141565
141645
141742
141903
141964
142214
142270
142648
143066
143136
143253
143366
143532
143625
143693
143743
143803
143870
143953
144159
144478
144726
144833
145132
145330
145400
145552
145686
146021
146157
146258
146486
146527
146640
146739
146793
147040
147156
147544
147618
147960
148118
148174
148342
148593
148747
148848
149074
149393
149456
149580
149811
149876
150104
150195
150290
150349
150409
150598
150811
150896
151244
151319
151520
151582
152464
152592
152671
152841
152970
153051
153133
153455
153547
153672
153731
154023
154196
154257
154370
154453
154525
154632
154721
154827
154962
155277
155348
155494
155638
155826
155905
156005
156195
156334
156425
156494
156600
156667
156845
156914
157115
157257
157387
157926
157981
158030
158181
158321
158399
158485
158587
158758
158916
159090
159204
159744
159800
159944
160216
160303
160556
160727
161416
161575
161746
161896
161969
162059
162111
162170
162272
162394
162476
162607
162789
162871
162967
163114
163255
163339
163472
163560
163655
163721
163780
163836
164194
164239
164436
164493
164584
164661
164752
164810
164950
165034
165121
165196
165330
165389
165502
165555
165652
165738
165912
166104
166179
166305
166365
166436
166620
166687
166755
166828
166916
167021
167205
167354
167481
167529
167590
167650
167799
167863
167963
168131
168187
168284
168382
168700
168783
168860
168920
168981
169141
169203
169286
169359
169465
169569
169626
169708
169764
169844
169915
169973
170099
170195
170275
170379
170443
170653
170792
170943
171025
171181
171247
171371
171460
171729
171803
171855
171914
171982
172065
172180
172246
172419
172511
172560
172645
172713
172861
172926
173039
173168
173263
173402
173465
173511
173632
173698
173760
173862
173922
173994
174099
174173
174329
174439
174566
174901
175049
175179
175249
175394
175537
175602
175675
175781
175851
175946
176028
176076
176147
176202
176269
176320
176444
176578
176667
176750
176830
176890
176948
177044
177083
177135
177193
177247
177339
177398
177443
177540
177596
177649
177706
177771
177850
177982
178045
178114
178210
178402
178453
178590
178847
178913
179046
179283
179345
179461
179597
179733
179911
180008
180210
180263
180379
180480
180576
180759
180987
181059
181185
181372
181518
181613
181700
181870
181932
182149
182217
182291
182373
182492
182558
182658
182765
182829
182932
183022
183080
183241
183325
183436
183563
183623
183686
183789
183865
183932
184043
184133
184189
184249
184329
184491
184559
184652
184705
184853
184899
184964
185022
185144
185241
185318
185563
185629
185728
185808
185888
185954
186046
186123
186185
186301
186375
186468
186569
186627
186693
186754
186816
186906
186970
187037
187184
187763
187894
187969
188086
188276
188433
188552
188622
188866
189034
189117
189199
189404
189535
189620
189744
189801
189902
190156
190289
190572
190649
190797
190854
191081
191124
191246
191330
191416
191547
191617
191783
191847
191940
192022
192117
192217
192268
192337
192409
192491
192618
192783
192971
193033
193217
193274
193360
193523
193799
194024
194066
194172
194247
194326
194384
194428
194511
194572
194680
194756
194826
194893
194951
195029
195112
195169
195281
195361
195402
195451
195502
195584
195670
195725
195992
196087
196167
196671
196755
196907
196983
197076
197152
197198
197316
197613
197956
198448
198558
198664
198883
199413
199535
199869
199945
200021
200075
200116
200185
200272
200338
200392
200464
200604
200658
200719
200796
200866
200965
201062
201179
201257
201329
201591
201699
202043
202133
202436
202512
202700
202839
202919
203123
203163
203231
203291
203579
203668
203798
203927
203983
204025
204104
204159
204228
204282
204337
204392
204492
204656
205083
205244
205300
205466
205556
205625
205763
205918
206028
206187
206251
206345
206405
206546
206588
206643
206754
206843
206926
207009
207079
207207
207422
207595
207722
207873
208005
208108
208220
208316
208414
208517
208648
208736
208839
208962
209030
209115
209246
209369
209481
209613
209847
209962
210302
210423
210512
210633
210750
210831
210888
211058
211115
211182
211242
211306
211380
211466
211555
211813
211902
212095
212161
212212
212329
212438
212566
212626
212840
212922
213016
213194
213309
213674
213741
213842
213923
214025
214103
214192
214248
214326
214413
214465
214547
214680
214779
214835
214898
214989
215051
215132
215285
215357
215480
215604
215672
215735
215848
215978
216057
216133
216193
216436
216566
216719
216827
217137
217215
217616
217725
217788
217937
218033
218131
218197
218324
218433
218529
218650
218704
218774
218875
218953
219066
219134
219220
219326
219400
219489
219677
219774
219839
219886
219954
220026
220134
220340
220463
220767
220915
220972
221049
221101
221170
221243
221373
221480
221606
221685
221769
221847
222181
222235
222318
222416
222491
222609
222690
222761
222849
222934
223023
223126
223203
223321
223409
223515
223621
223760
223810
223897
223966
224049
224113
224225
224327
224424
224601
224661
224749
224901
225073
225133
225220
225287
225370
225491
225800
225972
226068
226117
226289
226346
226402
226480
226554
226602
226741
226868
226932
227034
227192
227291
227454
227531
227676
227781
227878
227982
228084
228277
228361
228444
228525
228634
228794
228897
228986
229045
229134
229219
229298
229466
229733
229816
229895
229971
230044
230121
230278
230455
230573
230634
230695
230882
231307
231605
231644
231719
231855
231937
232211
232257
232318
232414
232473
232591
232723
232846
233104
233206
233555
233615
233716
233779
233859
233964
234026
234236
234312
234362
234406
234462
234530
234591
234767
234840
234923
235011
235095
235200
235385
235622
235685
235789
235834
235900
236025
236097
236242
236298
236447
236566
236634
236730
236801
236847
236929
237032
237107
237162
237261
237372
237626
237696
237833
237906
237976
238035
238357
238463
238539
238646
238704
238775
238862
238939
238999
239108
239209
239400
239537
239621
239851
239961
240040
240285
240391
240665
240997
241057
241245
241463
241593
241709
241827
242063
242159
242273
242344
242463
242668
242732
242826
243039
243127
243228
243359
243440
243602
243652
243726
243815
243949
244205
244274
244373
244459
244556
244650
244892
244971
245033
245150
245313
245537
245593
245681
245765
245992
246091
246277
246348
246415
246636
246752
246809
246911
247146
247248
247347
247433
247574
247697
247904
248029
248123
248478
248556
248681
248790
248959
249005
249075
249144
249253
249485
249587
249696
249802
249934
250023
250191
250312
250406
250482
250576
250827
250917
251028
251209
251323
251465
251566
251686
251769
251875
251977
252083
252208
252271
252358
252453
252546
252743
252918
253007
253121
253232
253296
253654
253780
253849
253995
254099
254214
254324
254489
254606
254669
254764
254914
255072
255124
255219
255284
255416
255495
255612
255714
255847
255930
256063
256227
256342
256456
256513
256596
256654
256768
256927
257026
257090
257156
257223
257314
257399
257468
257577
257719
257879
257953
258022
258081
258150
258233
258329
258467
258558
258636
258903
258973
259063
259188
259389
259554
259618
259717
259772
259979
260235
260445
260679
260824
260910
261079
261235
261345
261456
261560
261646
261783
261853
261940
262048
262116
262190
262271
262387
262488
262575
262685
262902
263256
263317
263419
263517
263624
263823
263902
264289
264376
264495
264598
264676
264784
264854
264946
265224
265290
265465
265621
265792
265928
266041
266237
266450
266593
266666
266760
266837
266902
266989
267076
267161
267266
267369
267471
267538
267657
267938
268183
268255
268368
268627
268875
268924
269087
269154
269246
269393
269578
269683
269750
269827
270016
270078
270184
270400
270658
271056
271208
271285
271421
271574
271683
271837
271989
272074
272212
272320
272428
272544
272616
272771
272861
272995
273110
273170
273260
273304
273694
273797
273915
273991
274221
274351
274680
274827
274998
275244
275447
275801
275896
276029
276081
276132
276264
276497
276719
276886
276968
277171
277336
277428
277573
277638
277729
277887
278031
278136
278212
278439
278610
278663
278804
278855
279123
279183
279281
279410
279645
279750
279809
279886
280422
280676
280820
280898
280976
281114
281223
281446
281507
281584
281738
281883
281973
282093
282318
282587
282721
282899
283047
283209
283320
283451
283592
283670
283778
283857
283945
284101
284343
284492
284586
284753
284967
285075
285307
285429
285499
285630
285723
285936
286004
286198
286321
286379
286513
286653
286721
286802
286875
286978
287037
287173
287258
287349
287448
287563
287643
287741
287852
287927
288017
288105
288268
288367
288615
288754
288834
288942
288981
289045
289111
289185
289371
289497
289553
289632
289749
289890
290102
290190
290339
290394
290472
290563
290644
290722
290904
291116
291233
291509
291635
291747
291853
291916
292023
292278
292452
292512
292623
292718
292776
292831
293087
293203
293345
293442
293749
293834
293940
294004
294103
294168
294285
294344
294495
294565
294673
294803
294876
294955
295129
295213
295315
295399
295490
295716
295813
295923
296008
296104
296212
296315
296517
296702
296799
296866
296993
297119
297304
297516
297618
297854
297998
298109
298366
298465
298550
298774
298941
299009
299083
299235
299311
299391
299497
299765
299881
300008
300083
300154
300244
300384
300539
300662
300746
300824
300929
300998
301165
301373
301442
301556
301664
301726
301815
301949
302068
302310
302410
302510
302654
302772
302982
303169
303353
303417
303537
303624
303760
303855
304037
304079
304182
304288
304435
304546
304613
304676
304849
305119
305208
305312
305539
305651
305859
305977
306121
306215
306345
306460
306572
306661
306867
307011
307410
307473
307600
307674
307870
308085
308176
308412
308513
308873
308985
309264
309349
309428
309697
309862
310114
310329
310504
310793
311022
311104
311189
311353
311415
311519
311638
311791
311939
312053
312275
312347
312414
312530
312673
312877
312943
313025
313136
313256
313405
313460
313540
313618
313709
313894
313976
314074
314144
314283
314419
314679
314790
314976
315080
315143
315231
315307
315381
315790
315865
315957
316037
316146
316247
316401
316478
316561
316677
316920
317093
317227
317296
317524
317610
317684
317853
317945
318016
318111
318215
318306
318458
318591
318663
318747
318840
318948
319262
319385
319440
319621
319729
319819
319903
320062
320141
320331
320410
320581
320750
320927
320993
321085
321234
321382
321559
321708
321786
321865
321990
322065
322296
322450
322597
322818
322993
323122
323519
323588
323727
323853
324131
324202
324253
324419
324572
324835
324953
325093
325191
325346
325548
325792
325944
326145
326494
326646
326770
326892
327075
327367
327494
327654
327735
327926
328070
328257
328333
328438
328557
328632
328785
328857
328960
329028
329137
329217
329390
329453
329511
329695
329996
330358
330436
330655
330729
330828
331028
331165
331242
331324
331400
331480
331738
331825
331948
332019
332137
332333
332394
332444
332533
332663
332718
332781
332855
332971
333087
333198
333249
333304
333367
333543
333716
333780
333899
334015
334092
334273
334382
334446
334558
334664
334759
334960
335017
335096
335218
335282
335389
335506
335701
335833
335968
336115
336176
336261
336356
336485
336623
336717
336795
336986
337126
337195
337380
337535
337584
337642
337731
337845
337900
338018
338081
338218
338269
338367
338438
338497
338586
338673
338774
338918
338970
339054
339123
339246
339307
339428
339528
339615
339783
339881
339946
340017
340114
340460
340625
340995
341058
341194
341561
341660
341773
341936
342030
342194
342280
342389
342530
342712
342785
342876
343023
343115
343213
343315
343427
343524
343649
343760
343826
343968
344078
344247
344339
344489
344650
344726
344845
344925
345034
345180
345342
345428
345511
345662
345866
345960
346077
346159
346270
346427
346549
346691
346767
346871
346985
347061
347198
347291
347433
347690
347888
347999
348117
348226
348400
348514
348789
348938
349130
349189
349269
349343
349414
349496
349733
349828
349934
350133
350232
351064
351180
351293
351549
351636
351737
351834
351979
352059
352190
352345
352420
352607
352787
352899
352995
353267
353346
353420
353473
353528
353600
353661
353846
354047
354278
355110
355228
355354
355434
355533
355696
355947
356016
356139
356211
356431
356516
356597
356696
356772
356853
357139
357314
357416
357487
357542
357622
357789
357886
358000
358226
358303
358551
358813
358875
358941
359047
359153
359289
359400
359515
359586
359690
359831
359950
360090
360194
360285
360451
360570
360701
360811
360994
361107
361226
361359
361461
361640
361761
361866
361939
362011
362077
362145
362229
362364
362435
362521
362609
362672
362749
362789
363091
363138
363189
363286
363372
363454
363510
363592
363731
363779
363878
364004
364074
364141
364220
364320
364401
364525
364714
364815
364962
365037
365127
365210
365478
365542
365810
365870
365971
366113
366199
366322
366391
366447
366540
366616
366698
366766
366945
366999
367070
367165
367262
367317
367460
367645
367725
368049
368114
368181
368318
368639
368717
368834
368878
369021
369303
369378
369532
369591
369881
369968
370155
370249
370334
370502
370568
370730
370803
370913
370979
371070
371203
371283
371621
371775
371889
372028
372290
372355
372479
372668
372732
372836
372904
372982
373062
373124
373263
373335
373380
373501
373560
373805
373900
373960
374041
374135
374206
374343
374450
374922
374970
375080
375180
375249
375338
375536
375632
375754
375835
375914
376016
376083
376160
376206
376307
376419
376482
376650
376860
376933
377019
377090
377166
377256
377325
377411
377599
377707
377818
377933
378036
378110
378189
378281
378418
378562
378663
378727
378795
378934
379175
379344
379426
379572
379673
379728
379800
379878
379964
380202
380463
380652
380716
380790
380885
381016
381108
381277
381408
381486
381585
381714
381817
382148
382202
382318
382424
382551
382665
382819
382928
382992
383070
383152
383290
383352
383423
383522
383588
383680
383731
383815
383889
383960
384133
384244
384308
384444
384571
384639
384705
384767
384983
385040
385144
385299
385418
385780
385885
385965
386078
386245
386357
386452
386556
386648
386754
386827
386883
386966
387036
387139
387335
387416
387574
387712
387874
388031
388185
388298
388388
388556
388643
388782
388835
388935
389047
389217
389267
389337
389392
389438
389494
389754
389831
389895
390030
390151
390229
390357
390496
390594
390667
390752
390925
391040
391177
391255
391438
391490
391622
391707
391812
391886
391963
392046
392163
392416
392471
392522
392670
392797
392954
393212
393284
393372
393659
393710
393832
393897
393960
394072
394197
394273
394371
394432
394540
394585
394647
394736
394925
395038
395134
395183
395311
395411
395620
395670
395752
395885
395956
396064
396289
396519
396614
396730
396804
396898
397055
397480
397544
397644
397745
397833
397963
398050
398166
399108
399245
399359
399456
399518
399585
399671
399725
399821
400016
400082
400248
400324
400457
400517
400598
400707
400815
400922
401004
401062
401197
401362
401451
401623
401725
401900
401957
402082
402235
402289
402403
402485
402612
402798
402945
403170
403297
403359
403418
403510
403585
403727
403912
403997
404139
404248
404330
404391
404515
404581
404669
404743
404810
404891
404974
405067
405165
405305
405453
405529
405677
405757
405820
405930
406091
406306
406661
406734
406820
406892
406946
406994
407086
407194
407268
407371
407421
407754
407950
408173
408438
408532
408587
408659
408727
408805
408928
409046
409319
409468
409720
409818
409899
410056
410135
410254
410515
410609
410705
410832
410894
411282
411387
411442
411802
411867
411955
412117
412270
412399
412548
412766
412876
412991
413166
413454
413539
413808
414168
414254
414560
414777
415062
415194
415360
415416
415499
415554
415743
415818
415893
416080
416137
416232
416314
416411
416463
416561
417159
417252
417383
417619
417688
417894
418191
418283
418364
418446
418609
418778
419503
419751
419822
419895
419983
420064
420132
420202
420276
420339
420391
420521
420651
420774
420840
420929
421152
421281
421452
421541
421615
421712
421819
421933
422019
422095
422195
422551
422769
422917
423076
423340
423416
423500
423647
423907
424016
424101
424177
424267
424479
424566
424726
424808
424870
425001
425048
425133
425321
425375
425475
425554
425727
426121
426610
426682
426775
426827
426921
426984
427105
427157
427213
427263
427323
427373
427493
427583
427666
427721
427808
427928
428025
428147
428241
428330
428401
428486
428555
428678
428736
428988
429128
429252
429371
429545
429834
429909
430009
430200
430433
430495
430597
430671
430762
430810
430884
430941
431079
431145
431231
431308
431409
431801
431916
432079
432150
432202
432252
432353
432449
432537
432840
432931
433048
433166
433253
433331
433449
433519
433651
433744
433826
433897
433988
434071
434141
434223
434308
434391
434482
434562
434637
434694
434745
434827
434898
434950
435033
435117
435194
435248
435305
435406
435485
435564
435690
435769
435821
435882
435964
436083
436169
436238
436368
436468
436564
436668
436781
436868
436995
437112
437200
437505
437588
437864
437951
438097
438139
438327
438400
438500
438572
438647
438763
438835
439134
439206
439586
439674
439826
439924
440030
440098
440163
440217
440281
440479
440526
440655
440716
440788
440903
440997
441149
441202
441308
441439
441506
441606
441708
441795
441900
441973
442054
442121
442359
442428
442474
442546
442641
442750
442871
442987
443076
443205
443264
443339
443555
443805
443939
444061
444135
444232
444338
444664
444762
444851
444924
445001
445088
445163
445231
445299
445358
445438
445515
445593
445653
445724
445805
445904
446017
446084
446341
446396
446470
446527
446627
446696
446754
446831
446888
447052
447118
447189
447264
447340
447432
447495
447599
447679
447782
447963
448423
448470
448522
448896
448978
449105
449291
449380
449618
449702
449743
449839
449893
449957
450124
450259
450325
450427
450509
450636
450720
450820
450872
450924
450973
451032
451117
451298
451447
451535
452150
452217
452349
452466
452555
452838
452972
453037
453095
453160
453340
453428
453512
453613
453686
453829
453907
454123
454280
454727
454784
454980
455114
455177
455525
455701
455901
455986
456129
456222
456342
456404
456489
456549
456647
456837
456888
456990
457114
457239
457502
457548
457706
457895
457948
458295
458415
458571
458663
458718
458772
458869
458953
459096
459333
459519
459605
459662
459784
459927
460043
460120
460417
460524
460656
460802
461100
461242
461371
461472
461649
461737
461811
461878
462046
462117
462181
462259
462325
462594
462872
463056
463132
463336
463396
463500
463646
463770
464034
464165
464254
464434
464592
464715
464802
464939
465214
465365
465423
465558
465684
465825
465907
465964
466175
466308
466429
466505
466642
466821
466987
467056
467173
467288
467345
467465
467535
467687
467790
467970
468119
468252
468458
468548
468616
468790
469038
469129
469252
469421
469506
469657
469835
469964
470042
470102
470275
470527
470647
470699
470788
470889
471094
471213
471414
471497
471631
471774
471907
471994
472080
472158
472257
472441
472487
472555
472700
472759
472879
473006
473087
473173
473254
473449
473588
473806
473861
474020
474109
474239
474337
474544
474648
474818
474868
474965
475146
475227
475337
475407
475468
475534
475646
475748
475857
475918
475992
476139
476215
476396
476603
476757
476909
477034
477149
477240
477335
477560
477708
477815
477883
478084
478349
478458
478595
478709
478808
479001
479149
479377
479484
479625
480071
480305
480514
480605
480908
480996
481170
481271
481341
481507
481679
481755
481891
481950
482087
482181
482252
482420
482673
482761
482965
483109
483213
483324
483525
483740
483985
484302
484365
484518
484608
484692
484829
484942
485071
485152
485482
485550
485598
485648
485727
485782
485923
486020
486099
486251
486299
486375
486467
486688
486769
486935
487460
487613
487686
487924
488014
488111
488165
488269
488332
488415
488525
488611
488692
488775
488852
488974
489088
489152
489233
489365
489452
489582
489657
489735
489874
490077
490192
490368
490533
490597
490667
490798
490968
491038
491147
491234
491321
491528
491595
491672
491746
491877
492024
492254
492399
492467
492599
492751
492888
493141
493237
493523
493758
493871
493933
494088
494165
494250
494411
494535
494602
494725
494853
494999
495069
495173
495290
495568
495676
495787
495995
496110
496208
496328
496572
496648
496798
496929
497200
497444
497567
497785
497862
497955
498018
498110
498250
498451
498614
498842
499056
499152
499312
499373
499424
499655
499742
499811
499847
499904
499997
500084
500157
500214
500334
500481
500624
500719
500962
501084
501141
501223
501315
501410
501495
501583
501684
501764
501898
501990
502116
502178
502225
502316
502537
502644
502723
502826
502902
502974
503176
503243
503359
503419
503579
503838
503940
504035
504204
504305
504494
504565
504762
504858
504997
505246
505353
505439
505561
505750
505993
506074
506233
506732
506865
507078
507131
507297
507513
507631
507749
507812
507894
508008
508135
508220
508314
508447
508536
508584
508688
508796
508905
508973
509123
509252
509404
509516
509569
509729
510014
510148
510352
510508
510607
510813
510897
511065
511174
511283
511363
511482
511583
511670
511785
511855
512030
512135
512226
512376
512451
512515
512643
512736
512821
512956
513061
513165
513731
513787
513890
514173
514260
514376
514444
514553
514641
514727
514842
514968
515105
515333
515495
515644
515732
515959
516085
516320
516424
516529
516627
517187
517281
517366
517453
517536
517609
517815
517926
518127
518238
518331
518451
518608
518745
518894
519015
519393
519533
519713
519817
519903
520061
520148
520342
520437
520532
520642
520775
520946
521127
521313
521495
521658
521852
522036
522153
522229
522381
522483
522611
522762
522975
523303
523512
523769
523864
523944
524144
524270
524410
524504
524732
524826
524992
525119
525269
525334
525603
525695
525772
525892
526002
526135
526191
526311
526393
526507
526569
526626
526755
526811
526898
526974
527047
527219
527444
527527
527671
527763
527895
528062
528182
528266
528342
528478
528590
528671
528750
528981
529055
529204
529262
529362
529461
529512
529586
529645
529770
529832
529910
530041
530120
530199
530266
530454
530575
530632
530710
530781
530912
531015
531093
531151
531249
531297
531533
531607
531667
531737
531816
531863
531921
532017
532100
532184
532264
532348
532425
532529
532635
532706
532764
532827
532915
532987
533082
533160
533276
533402
533507
533601
533678
533755
533879
533965
534075
534188
534303
534431
534490
534584
534666
534790
535115
535217
535315
535463
535583
535779
535971
536055
536116
536247
536353
536540
536635
536829
536968
537085
537180
537354
537536
537640
537802
537970
538055
538148
538296
538426
538628
538713
538931
539031
539291
539410
539517
539624
539683
539753
539795
539930
540024
540204
540386
540480
540745
540841
540901
541151
541208
541281
541488
541573
541641
541872
542011
542133
542278
542416
542510
542573
542724
542904
542999
543195
543637
543857
543934
544057
544170
544368
544558
544779
544858
544946
545080
545156
545229
545349
545614
545694
545791
545918
545994
546148
546206
546295
546419
546552
546705
547012
547196
547351
547578
547658
547828
547913
547996
548082
548174
548360
548573
548707
548997
549111
549315
549491
549584
549727
549803
550061
550131
550338
550411
550635
550780
550981
551147
551259
551346
551573
551678
551798
551874
552076
552145
552207
552282
552393
552526
552721
552785
552866
553119
553198
553424
553488
553629
553786
553995
554123
554258
554349
554401
554580
554690
554876
554951
555073
555235
555449
555572
555704
555782
555863
555947
556112
556174
556573
556676
556751
556957
557036
557217
557552
557804
557914
557979
558062
558166
558282
558527
558621
558700
558786
558862
558947
559105
559175
559235
559339
559403
559460
559552
559607
559676
559748
559821
559928
560040
560116
560196
560254
560371
560468
560537
560676
560773
560917
560980
561052
561127
561203
561475
561520
561660
561713
561902
561991
562097
562219
562304
562450
562521
562627
562733
563419
563491
563625
563722
563842
564123
564452
564582
564928
564992
565076
565298
565471
565631
565737
565826
565911
565981
566116
566356
566445
566562
566673
566767
566906
567242
567332
567496
567566
567696
567807
567898
568111
568312
568470
568555
568671
568731
568879
569105
569195
569315
569388
569477
569567
569726
569956
570010
570083
570200
570284
570329
570427
570593
570875
570986
571047
571137
571212
571485
571521
571619
571725
571790
571844
571988
572055
572142
572230
572299
572404
572470
572572
572662
572762
573218
573286
573350
573411
573515
573802
573865
573930
574004
574208
574300
574477
574553
574676
574769
574822
574882
574966
575119
575212
575260
575315
575391
575448
575549
575607
575658
575712
575862
576017
576216
576299
576442
576516
576677
576778
576832
576892
577027
577171
577321
577390
577536
577623
577698
577780
577880
577980
578148
578325
578414
578489
578696
578783
578834
579133
579180
579270
579340
579455
579700
579775
579950
580061
580138
580238
580321
580490
580747
580827
580888
581065
581165
581320
581411
581530
581656
581845
581911
581964
582095
582399
582506
582571
582675
582845
583097
583156
583353
583507
583772
584031
584117
584263
584425
584538
584625
584955
585214
585345
585440
585609
585670
585804
585962
586011
586093
586208
586329
586514
586642
586713
586829
586887
586998
587161
587225
587361
587422
587647
587849
587985
588132
588319
588506
588610
588679
588836
589085
589226
589289
589672
589784
590125
590259
590482
590672
590753
590943
591119
591304
591504
591597
591943
592017
592339
592446
592527
592588
592755
592857
592936
592995
593102
593165
593313
593461
593604
593743
593918
594069
594343
594425
594610
594697
594789
594976
595114
595246
595432
595545
595634
595804
595967
596060
596249
596543
596613
596828
596957
597051
597132
597279
597402
597675
597760
597924
598139
598362
598654
598732
598948
599054
599187
599297
599664
599793
599920
600056
600326
600628
600688
600796
600903
601134
601275
601355
601483
601597
601765
601857
601903
602003
602069
602185
602295
602387
602564
602641
602774
602827
602893
602947
603006
603078
603196
603494
603611
603706
603799
603888
603964
604223
604322
604406
604468
604580
604681
604786
604862
604911
605002
605101
605183
605287
605384
605474
605579
605659
605791
605926
606092
606181
606330
606648
606708
606968
607108
607560
607676
607750
607853
607963
608167
608226
608335
608424
608556
608711
608900
608977
609038
609132
609199
609281
609345
609426
609705
609808
610101
610149
610370
610504
610592
610639
610715
610801
610878
611012
611484
611582
611644
611721
611852
611994
612451
612653
612836
612973
613068
613188
613379
613457
613587
613680
613843
614090
614231
614355
614459
614783
614900
615058
615181
615427
615510
615689
615765
616001
616198
616342
616393
616469
616559
616706
616884
616981
617157
617335
617617
617700
617860
618036
618130
618289
618403
618530
618605
618697
618835
618945
618997
619078
619128
619176
619269
619403
619484
619568
619646
619735
619898
620010
620085
620179
620282
620360
620462
620577
620626
620895
620996
621127
621265
621435
621511
621663
621774
621922
622118
622222
622385
622467
622630
622843
623133
623249
623342
623628
623693
623782
623871
623929
624038
624171
624258
624433
624517
624595
624663
624763
624874
624938
625098
625245
625338
625546
625773
626419
626521
626642
626747
626992
627159
627334
627498
627607
627788
627934
628150
628274
628791
628870
628943
629008
629107
629256
629364
629424
629486
629561
629655
629772
629857
629930
630017
630075
630373
630455
630539
630603
630665
630751
630820
631023
631088
631198
631324
631402
631498
631616
631739
631820
632009
632084
632171
632285
632353
632526
632575
632726
632806
632919
632997
633084
633187
633288
633352
633494
633620
633723
633828
633890
634003
634108
634334
634588
634828
635230
635373
635572
635705
635960
636064
636245
636301
636560
636664
636737
636906
636976
637102
637220
637405
637780
637870
637976
638162
638270
638386
638557
638855
638933
639042
639150
639412
639511
639577
639674
639774
639977
640074
640244
640355
640428
640578
640805
640933
640980
641072
641162
641397
641494
641575
641713
641777
641856
642293
642355
642459
642526
642658
642881
643016
643089
643214
643324
643393
643492
643552
643625
643786
643877
644005
644104
644239
644343
644450
644518
644586
644640
644721
644789
644847
644980
645084
645273
645540
645656
645842
646138
646212
646317
646462
646585
646775
646847
647042
647328
647410
647594
648111
648217
648390
648742
648828
649077
649142
649376
649562
650089
650172
650279
650487
650584
650859
650953
651075
651304
651411
651704
651770
652132
652200
652518
652618
652789
652909
653075
653149
653236
653501
653677
653742
653808
653857
653910
653966
654067
654128
654238
654306
654348
654389
654524
654724
654965
655060
655184
655408
655609
655670
655947
656047
656308
656381
656457
656556
656643
656735
656812
656883
656995
657063
657150
657240
657312
657355
657420
657479
657548
657730
657822
657876
657928
657991
658116
658169
658276
658369
658422
658522
658607
658671
658747
658861
658963
659055
659116
659281
659389
659493
659589
659642
659725
659827
660008
660127
660234
660471
660659
660887
660972
661104
661223
661367
661447
661589
661747
661892
661949
662007
662143
662383
662473
662631
662695
662785
662902
663026
663106
663213
663297
663473
663594
663680
663828
664112
664181
664469
664580
664789
664834
664922
665057
665186
665296
665445
665729
665824
666118
666266
666405
666512
666674
666758
666911
666980
667303
667516
667591
667674
667816
667974
668281
668435
668576
668740
668958
669118
669315
669529
669710
669866
670012
670096
670203
670277
670403
670488
670599
670718
670854
670949
671136
671537
671639
671780
671857
671995
672131
672306
672385
672448
672538
672747
672841
672948
673042
673197
673547
673733
673869
674041
674240
674300
674405
674517
674611
674661
674883
675007
675195
675254
675361
675441
675508
675599
675658
675798
675888
675976
676135
676227
676310
676401
676502
676581
676675
676744
676842
676956
677212
677363
677509
678124
678219
678355
678633
678886
679191
679264
679876
680013
680306
680440
680575
680655
680759
680870
681084
681218
681370
681569
681794
681920
682001
682241
682325
682448
682618
682715
682868
683101
683263
683330
683392
683665
683914
683975
684041
684114
684437
684488
684551
684618
684710
684852
684954
685248
685387
685515
685641
685717
685804
685974
686054
686175
686266
686383
686559
686672
686743
686835
686983
687070
687380
687529
687609
687683
687797
687860
687929
688121
688253
688356
688457
688634
688725
688890
688996
689096
689233
689325
689505
689580
689695
689776
689834
690055
690131
690200
690262
690420
690736
690984
691077
691326
691439
691516
691777
691932
692088
692228
692293
692553
692620
692720
692794
693003
693212
693453
693508
693637
693736
693856
693985
694086
694297
694395
694507
694602
694693
694775
694859
694938
695247
695316
695474
695668
695757
695816
695928
696272
696344
696421
696486
696552
696758
696881
696979
697099
697168
697303
697464
697545
697744
697896
698107
698190
698438
698513
698575
698651
698807
698889
699001
699078
699164
699260
699506
699630
699750
699836
699943
700197
700277
700489
700562
700720
700805
700960
701338
701393
701471
701588
701734
701877
702009
702186
702401
702662
702846
703014
703166
703237
703475
703551
703781
703916
704164
704325
704429
704569
704816
704922
705000
705087
705154
705487
705559
705642
705708
705792
705869
706013
706119
706209
706343
706411
706530
706643
706755
706865
706915
706985
707097
707199
707297
707368
707478
707569
707853
707925
708196
708381
708607
708721
708820
708925
709037
709153
709398
709480
709557
709715
709823
710082
710656
710756
710948
711012
711107
711176
711327
711400
711567
711857
711951
712127
712262
712440
712570
712647
712896
712990
713146
713207
713362
713474
713622
713747
713905
713961
714083
714162
714289
714594
715042
715126
715184
715266
715338
715458
715644
715700
715814
715996
716222
716372
716556
716671
716801
716899
717024
717126
717245
717522
717640
717830
717899
718216
718607
718701
718991
719109
719300
719419
719602
719751
719895
720055
720401
720548
720613
720673
720734
720839
720965
721148
721200
721279
721331
721483
721581
721729
721864
721939
722054
722188
722384
722492
722632
722724
722775
722969
723049
723126
723200
723252
723305
723372
723421
723651
723737
723809
723931
723995
724045
724127
724201
724481
724523
724620
724681
724742
724865
725063
725117
725243
725310
725383
725499
725628
725721
725872
726050
726152
726245
726415
726527
726590
726677
726728
726857
726975
727024
727125
727253
727599
727681
727949
728028
728173
728388
728558
728642
728809
729234
729472
729552
729691
729967
730029
730106
730310
730442
730581
730802
730864
731198
731367
731645
731743
731934
732002
732091
732231
732419
732505
732702
732777
732900
732954
733085
733344
733440
733593
733654
733826
733912
734022
734091
734155
734203
734297
734529
734584
734709
734792
734857
734912
734963
735012
735059
735309
735419
735474
735561
735658
735777
735873
735960
736117
736287
736352
736541
736616
736727
736830
736922
736985
737145
737215
737304
737519
737578
737706
737860
737927
738037
738160
738440
738793
738872
738938
739010
739402
739441
739639
739789
739905
739997
740091
740284
740491
740641
740918
740968
741050
741311
741427
741576
741846
741946
742035
742196
742271
742421
742854
743059
743192
743278
743522
743665
743837
744144
744460
744571
744731
744883
744964
745237
745515
745578
745675
745752
745840
745996
746123
746267
746331
746410
746541
746612
746700
746772
746867
746950
747129
747190
747305
747400
747454
747507
747570
747648
747714
747830
747894
747949
748037
748121
748194
748252
748416
748527
748632
748715
748869
748930
749011
749076
749155
749290
749351
749418
749601
749696
749786
749966
750176
750219
750291
750356
750425
750738
750818
750978
751078
751311
751456
751606
751737
751860
752001
752213
752482
752536
752720
752792
752889
753026
753112
753281
753345
753516
753742
753963
754031
754098
754215
754457
754538
754648
754716
754802
754876
755102
755188
755319
755369
755491
755562
755666
755745
755866
755958
756020
756076
756206
756322
756487
756614
756704
756778
756818
756934
757010
757127
757189
757305
757464
757554
757742
757845
757927
758008
758049
758221
758410
758474
758569
758856
758966
759113
759165
759303
759388
759474
759541
759608
759718
759986
760123
760219
760397
760560
760674
760755
760921
761049
761119
761265
761443
761557
761748
761874
761962
762025
762120
762229
762308
762362
762454
762534
762688
762798
762919
763016
763160
763287
763469
763724
763862
763911
764075
764279
764498
764835
764909
765024
765116
765250
765325
765447
765586
765670
765898
765997
766274
766355
766531
766618
766772
767226
767298
767406
767487
767591
767759
767856
768030
768095
768234
768331
768390
768490
768555
768607
768661
768879
769031
769110
769182
769247
769316
769424
769550
769716
769817
769911
770041
770347
770404
770533
770629
770745
771094
771221
771300
771439
771615
771683
771748
771929
772015
772114
772211
772291
772394
772608
772675
772765
772868
772980
773096
773192
773291
773416
773540
773903
773985
774070
774303
774501
774559
774728
774998
775089
775171
775357
775541
775687
775770
776073
776168
776360
776513
776621
776676
776983
777066
777190
777283
777385
777437
777541
777720
777801
777884
777997
778063
778122
778243
778294
778392
778522
778730
778785
779064
779161
779312
779399
779830
779888
779960
780329
780388
780461
780587
780765
780953
781071
781123
781190
781253
781400
781643
781716
781792
781873
781979
782093
782307
782512
782592
782767
782846
782909
782967
783176
783342
783399
783520
783571
783746
783839
783917
784333
784562
784806
785072
785243
785306
785623
785961
786135
786246
786315
786387
786564
786661
786804
786882
787012
787122
787276
787420
787534
787642
787725
787779
787880
787982
788156
788248
788366
788424
788560
788875
789020
789152
789362
789436
789595
789664
789799
789916
790080
790283
790421
790498
790600
790668
791195
791348
791533
791573
791695
791856
791951
792076
792338
792413
792616
792851
793000
793175
793251
793375
793853
794021
794178
794268
794357
794625
794793
794929
795072
795212
795330
795673
795755
795793
795889
795996
796077
796179
796258
796325
796459
796570
796768
796857
796934
796989
797126
797179
797229
797291
797362
797442
797566
797687
797830
797920
798021
798099
798188
798316
798430
798578
798688
798825
799522
799602
799817
799961
800062
800203
800448
800609
800753
800997
801126
801453
801539
801678
801725
801849
802129
802225
802272
802369
802593
802676
802754
802882
803085
803155
803222
803287
803376
803519
803690
803887
804005
804128
804296
804412
804651
804711
804818
805028
805242
805497
805701
805767
805850
806101
806216
806289
806425
806576
806651
806746
806807
807000
807143
807485
807668
807842
808107
808195
808418
808488
808615
808788
808944
809220
809390
809495
809624
809692
809776
809891
810039
810090
810394
810487
810771
810827
811031
811093
811179
811260
811350
811446
811537
811611
811692
811751
812053
812118
812183
812231
812297
812477
812569
812686
812749
812836
812889
813074
813209
813299
813428
813509
813693
813780
813928
814012
814071
814160
814228
814340
814420
814551
814664
814842
814950
815126
815206
815322
815439
815560
815635
816087
816165
816309
816571
816918
817044
817219
817344
817460
817802
817968
818068
818425
818602
818868
819016
819263
819483
819818
820007
820094
820162
820238
820382
820465
820557
820629
820691
820744
820809
821074
821154
821245
821539
821667
821736
821819
822080
822263
822628
822724
822961
823127
823239
823439
823542
823714
823860
824306
824687
824797
825143
825370
825463
825655
825842
825946
826027
826097
826161
826327
826382
826483
826544
826663
826792
826878
827002
827213
827269
827387
827440
827568
827627
827727
827884
828068
828212
828298
828383
828518
828681
828769
828903
829023
829196
829437
829658
829736
829857
829986
830133
830346
830479
830665
830736
830962
831367
831474
831715
831824
831930
832193
832339
832404
832614
832762
832913
832994
833055
833134
833245
833502
833552
833630
833736
833807
833890
833995
834108
834163
834238
834375
834575
834680
834818
835175
835280
835480
835808
835930
836332
836597
836698
836791
836885
837213
837378
837506
837632
837712
837805
837999
838063
838155
838272
838503
838607
838777
838877
838943
839146
839242
839324
839393
839458
839542
839604
839694
839761
839821
839875
839932
839998
840077
840151
840256
840396
840461
840628
840699
840765
840831
840928
841087
841194
841279
841413
841629
841742
841836
841909
842119
842242
842340
842501
842603
842836
842879
842934
843036
843350
843451
843538
843613
843708
843775
843911
844014
844137
844272
844332
844375
844432
844515
844597
844731
844778
844846
844898
844958
844998
845047
845109
845170
845287
845365
845440
845494
845694
845829
845901
846010
846089
846160
846270
846416
846579
846884
847272
847471
847617
847746
847876
848080
848303
848384
848528
848639
848741
848803
848862
848969
849202
849259
849355
849415
849538
849797
849902
849996
850156
850231
850340
850436
850531
850618
850704
850860
850931
851031
851163
851274
851416
851508
851623
851741
851821
851908
852028
852162
852489
852577
852736
852878
853043
853459
853564
853659
853775
853835
853958
854040
854192
854267
854345
854494
854587
854657
854858
854913
854966
855042
855143
855205
855345
855628
855682
855737
855838
855896
856005
856131
856203
856257
856362
856441
856509
856611
856776
856848
856991
857199
857264
857334
857393
857494
857576
857754
857833
857924
857983
858045
858145
858251
858349
858650
858703
858955
859022
859092
859203
859268
859339
859401
859554
859820
859902
859970
860028
860110
860183
860251
860398
860446
860568
860632
860769
860872
860973
861057
861162
861285
861485
861612
861780
861965
862037
862100
862328
862440
862660
862769
862838
862936
863037
863134
863219
863289
863504
863552
863668
863760
863911
864082
864185
864291
864407
864496
864744
864925
865232
865327
865421
865533
865703
865818
866126
866230
866304
866405
866659
866854
866937
867221
867327
867538
867620
867816
868308
868730
868828
868908
868988
869226
869309
869407
869572
869831
869985
870080
870183
870298
870404
870501
870585
870649
870739
870815
870893
870951
871011
871057
871123
871257
871448
871606
871745
871802
871856
871949
872101
872211
872272
872331
872385
872456
872599
872758
872817
873091
873148
873225
873338
873461
873609
873720
873823
873924
874095
874163
874367
874459
874549
874636
874888
874981
875195
875267
875421
875845
875911
876166
876252
876327
876424
876563
876703
876856
877065
877195
877528
877653
877953
878151
878377
878548
879052
879121
879266
879652
879735
879874
879986
880064
880168
880258
880343
880391
880506
880568
880662
880730
880860
880993
881112
881225
881348
881454
881620
881723
881915
881970
882063
882229
882436
882516
882659
882867
882953
883056
883187
883311
883428
883693
883751
883862
883995
884088
884292
884350
884443
884628
884704
884798
884912
884960
885020
885093
885250
885329
885419
885485
885562
885616
885783
885860
885936
886114
886243
886298
886367
886533
886642
886770
886887
886975
887157
887278
887362
887446
887510
887738
887845
887928
887979
888043
888205
888292
888373
888447
888676
888744
888849
888961
889029
889197
889291
889423
889551
889766
889879
889945
890067
890208
890385
890494
890584
890674
890741
890828
890933
891112
891227
891307
891398
891647
891738
891886
891977
892032
892099
892188
892329
892437
892761
893085
893199
893327
893511
893643
893735
893813
893916
894102
894171
894313
894378
894475
894616
894717
894848
894919
895067
895153
895255
895491
895662
895780
895851
895925
895980
896059
896112
896189
896267
896430
896487
896580
896728
896847
896918
897013
897127
897235
897475
897542
897673
897769
897988
898144
898364
898529
898963
899091
899218
899357
899441
899708
899785
899838
900225
900275
900327
900449
900508
900585
900672
900790
900859
900959
901041
901130
901189
901280
901456
901529
901627
901733
901814
901872
901941
902161
902289
902449
902681
902809
902922
903038
903111
903242
903382
903456
903626
903721
903799
903858
903926
904227
904452
904559
904622
904703
904795
904896
905060
905178
905238
905324
905426
905536
905720
905794
905891
906106
906237
906319
906481
906566
906684
906811
906947
907046
907143
907280
907351
907437
907527
907577
907658
907726
907875
907986
908090
908157
908231
908411
908580
908703
908820
908892
909009
909137
909249
909344
909475
909673
909777
910002
910103
910214
910511
910545
910672
910864
910938
911120
911693
911777
911967
912104
912193
912288
912416
912504
912744
912915
913167
913331
913753
913904
914118
914429
914672
914744
914887
914968
915048
915100
915190
915259
915326
915387
915468
915587
915814
915872
916136
916195
916372
916463
916613
916734
916804
916870
916958
917054
917159
917307
917534
917589
917685
917776
917832
917907
917963
918126
918245
918368
918478
918596
918746
918854
918940
919070
919256
919334
919491
919919
920102
920479
920632
920727
920907
921490
921786
921995
922128
922257
922345
922629
922679
922915
923131
923274
923531
923784
923891
924049
924255
924365
924458
924541
924726
924880
925152
925283
925429
925544
925615
925750
926029
926093
926131
926178
926238
926294
926342
926400
926459
926519
926574
926659
926701
926746
926800
926882
926995
927082
927192
927258
927395
927495
927569
927788
927891
928079
928180
928245
928344
928464
928560
928615
928689
928784
928854
928962
929066
929152
929234
929303
929369
929434
929599
929694
929791
929866
929945
930035
930310
930460
930681
930796
931034
931403
931522
931653
931710
931758
931866
931942
932139
932231
932367
932538
932657
932736
932820
932865
933022
933273
933373
933424
933583
933654
933721
933861
933975
934114
934209
934321
934393
934561
934644
934721
934812
934937
935066
935329
935761
936001
936136
936346
936394
936515
936624
936777
937048
937287
937396
937512
937665
937728
937853
937963
938015
938122
938379
938518
938617
938780
938919
939025
939095
939182
939313
939632
939740
939847
940208
940280
940399
940474
940772
940851
940940
940997
941043
941120
941187
941313
941358
941408
941466
941578
941872
941939
941994
942085
942165
942232
942387
942485
942547
942640
942751
942870
942933
943009
943066
943265
943401
943695
943814
943912
944044
944102
944161
944347
944600
944816
945002
945234
945322
945511
945600
945794
945932
946039
946144
946366
946535
946635
946816
946985
947267
947379
947457
947505
947560
947637
947708
947783
947829
947894
947972
948017
948061
948115
948188
948235
948286
948373
948438
948481
948541
948611
948662
948720
948763
948832
948894
948956
949195
949262
949399
949451
949563
949627
949698
949737
949835
949902
949968
950057
950163
950379
950451
950537
950581
950705
950832
950909
951136
951208
951333
951423
951625
951879
951973
952142
952476
952585
952674
952861
953085
953186
953352
953420
953515
953615
953734
953873
953973
954082
954161
954306
954421
954520
954607
954712
954937
955260
955399
955510
955692
955804
955937
956027
956348
956555
956737
956885
957100
957168
957348
957423
957628
957787
957919
957981
958077
958234
958310
958381
958461
958601
958792
958855
958916
959004
959076
959357
959508
959635
959735
959952
960096
960249
960586
960665
961046
961145
961230
961685
961854
962007
962126
962185
962312
962555
962652
962728
962934
963148
963248
963338
963541
963799
963863
963986
964297
964364
964422
964499
964561
964644
964714
964859
965016
965141
965219
965286
965426
965689
965784
965865
965955
966023
966106
966388
966436
966496
966554
966697
966772
966868
966928
966987
967045
967120
967177
967235
967303
967385
967444
967532
967627
967708
967767
967833
967970
968101
968212
968381
968473
968724
968800
968889
968988
969058
969141
969354
969652
969700
969798
969952
970189
970244
970326
970463
970543
970648
970795
970904
971037
971230
971373
971418
971507
971654
971871
971929
972125
972225
972286
972452
972554
972717
972778
972837
972910
972990
973038
973169
973244
973361
973422
973514
973571
973798
973927
974002
974067
974145
974228
974279
974361
974484
974561
974742
974875
975032
975188
975247
975503
975556
975654
975732
975890
975952
976086
976166
976265
976401
976507
976628
976715
976956
977041
977267
977322
977396
977636
977743
977830
977955
978082
978152
978246
978323
978396
978489
978553
978660
978882
979059
979155
979254
979323
979425
979645
979709
979922
980124
980208
980297
980417
980510
980581
980654
980755
980808
980878
980984
981071
981226
981303
981394
981451
981662
981746
981886
982021
982178
982282
982346
982402
982479
982600
982757
982842
982965
983036
983124
983243
983334
983471
983623
983763
983919
984036
984144
984217
984285
984380
984484
984565
984627
984702
984782
984873
984994
985068
985301
985376
985582
985708
985955
986103
986298
986371
986604
986799
986866
986993
987079
987151
987264
987363
987582
987675
987836
988033
988204
988296
988425
988857
989166
989310
989401
989534
990019
990077
990172
990329
990383
990445
990659
990818
990973
991111
991186
991310
991561
991660
991770
991861
991912
991985
992279
992348
992412
992484
992551
992590
992645
992845
992923
992994
993057
993118
993201
993265
993336
993405
993469
993535
993602
993724
993851
993895
994015
994247
994334
994404
994536
994618
994697
994808
994980
995161
995245
995436
995511
995602
995659
995726
995802
995872
996086
996195
996317
996403
996568
996737
996796
996869
996953
997064
997211
997300
997382
997600
997721
997806
997881
998079
998154
998515
998664
998865
999251
999465
999532
999621
999780
1000162
1000220
1000316
1000411
1000477
1000660
1000729
1000824
1000910
1000999
1001091
1001179
1001273
1001350
1001411
1001480
1001565
1001648
1001745
1001822
1001916
1001990
1002102
1002154
1002225
1002274
1002505
1002597
1002777
1002868
1002951
1003021
1003094
1003167
1003342
1003491
1003618
1003689
1003798
1003858
1003924
1004016
1004117
1004225
1004427
1004592
1004665
1004789
1004916
1004992
1005104
1005165
1005255
1005340
1005391
1005539
1005619
1005698
1005844
1006084
1006196
1006327
1006392
1006456
1006646
1006773
1006882
1007017
1007180
1007408
1007515
1007632
1007717
1007966
1008066
1008286
1008421
1008532
1008622
1008722
1008801
1008874
1008962
1009151
1009220
1009310
1009689
1009780
1010030
1010115
1010194
1010366
1010470
1010673
1010825
1011685
1011843
1012009
1012159
1012275
1012653
1012883
1012997
1013094
1013159
1013323
1013472
1013553
1013660
1013740
1013808
1013901
1014093
1014208
1014300
1014344
1014420
1014602
1014690
1014779
1014910
1015072
1015156
1015253
1015324
1015379
1015465
1015573
1015642
1015764
1015819
1015887
1016010
1016151
1016226
1016317
1016414
1016488
1016713
1016764
1016891
1017013
1017109
1017291
1017357
1017476
1017565
1017667
1017822
1018029
1018179
1018325
1018412
1018591
1018679
1018796
1018922
1019365
1019796
1020386
1020510
1020842
1020969
1021215
1021346
1021459
1021544
1021866
1022069
1022156
1022248
1022310
1022641
1022775
1022864
1023061
1023122
1023238
1023290
1023345
1023415
1023513
1023599
1023650
1023748
1023804
1023862
1023949
1024060
1024139
1024305
1024385
1024508
1024594
1024803
1024932
1024984
1025110
1025242
1025384
1025612
1025711
1025865
1025915
1026024
1026106
1026166
1026233
1026351
1026404
1026483
1026528
1026575
1026615
1026696
1026751
1026841
1026896
1026944
1026997
1027052
1027125
1027193
1027270
1027402
1027459
1027519
1027600
1027685
1027756
1027845
1027895
1027980
1028026
1028083
1028294
1028379
1028528
1028665
1028841
1028903
1029242
1029369
1029461
1029591
1029898
1029996
1030074
1030203
1030298
1030355
1030439
1030742
1030845
1031144
1031294
1031472
1031538
1031626
1031681
1031741
1031977
1032074
1032165
1032286
1032342
1032390
1032454
1032516
1032627
1032682
1032725
1032801
1032935
1032977
1033027
1033079
1033159
1033226
1033315
1033398
1033511
1033614
1033678
1033787
1033876
1034015
1034069
1034121
1034187
1034359
1034452
1034565
1034721
1034790
1034876
1035129
1035188
1035285
1035364
1035461
1035543
1035641
1035723
1035956
1036035
1036273
1036416
1036580
1036916
1036988
1037046
1037210
1037473
1037719
1037817
1038035
1038128
1038241
1038477
1038597
1038697
1038792
1038878
1038938
1039124
1039319
1039406
1039484
1039905
1039961
1040044
1040163
1040252
1040385
1040469
1040545
1040667
1040734
1040908
1040981
1041107
1041270
1041528
1041604
1041799
1041860
1041943
1042020
1042092
1042145
1042201
1042408
1042520
1042585
1042657
1042746
1042826
1042873
1043006
1043063
1043112
1043182
1043264
1043317
1043389
1043465
1043554
1043677
1043762
1043954
1044141
1044224
1044316
1044416
1044586
1044646
1044714
1044803
1044940
1045014
1045093
1045156
1045301
1045378
1045652
1045858
1045989
1046470
1046712
1046923
1047017
1047344
1047437
1047589
1047821
1047958
1048104
1048750
1048830
1048923
1049030
1049208
1049270
1049369
1049526
1049588
1049740
1049820
1049952
1050045
1050125
1050229
1050447
1050519
1050603
1050706
1050803
1050847
1050936
1051004
1051109
1051233
1051321
1051397
1051474
1051559
1051662
1051745
1051857
1051953
1052039
1052163
1052312
1052430
1052593
1052947
1053022
1053306
1053631
1053717
1054136
1054238
1054517
1054670
1054752
1054927
1055031
1055148
1055346
1055444
1055513
1055628
1055723
1055814
1055879
1056167
1056253
1056335
1056404
1056621
1056713
1056790
1056858
1056900
1056944
1057016
1057075
1057153
1057260
1057336
1057407
1057464
1057570
1057657
1057731
1057825
1057925
1058103
1058261
1058515
1058578
1058725
1058970
1059046
1059173
1059227
1059320
1059400
1059475
1059560
1059623
1059728
1059804
1059949
1060064
1060163
1060269
1060334
1060579
1060638
1060846
1061494
1061695
1061796
1061896
1061987
1062055
1062145
1062226
1062416
1062506
1062591
1062979
1063141
1063261
1063328
1063429
1063664
1063761
1063835
1063962
1064242
1064313
1064517
1064694
1065104
1065188
1065300
1065432
1065579
1065845
1065935
1066024
1066202
1066322
1066465
1066640
1066725
1066804
1067022
1067176
1067243
1067306
1067397
1067473
1067614
1067671
1067735
1067790
1067860
1067909
1067953
1068003
1068118
1068250
1068307
1068367
1068424
1068510
1068553
1068613
1068665
1068759
1068814
1069040
1069136
1069184
1069241
1069300
1069363
1069414
1069519
1069622
1069697
1069777
1069843
1069930
1070098
1070163
1070261
1070413
1070483
1070555
1070650
1070756
1070897
1071001
1071092
1071230
1071304
1071367
1071436
1071497
1071553
1071600
1071671
1071747
1071812
1071902
1071982
1072085
1072303
1072391
1072455
1072678
1072743
1072887
1073016
1073240
1073398
1073898
1073974
1074060
1074288
1074530
1074686
1075102
1075159
1075275
1075580
1075695
1075852
1076012
1076134
1076201
1076341
1076433
1076500
1076886
1076986
1077041
1077165
1077574
1077640
1077831
1077923
1078463
1079131
1079251
1079334
1079448
1079547
1079603
1079675
1079744
1079832
1079908
1079983
1080041
1080156
1080229
1080538
1080609
1080698
1080765
1080886
1081067
1081465
1081513
1081931
1081988
1082084
1082252
1082413
1082493
1082586
1082707
1082796
1082874
1082919
1082965
1083033
1083109
1083182
1083270
1083345
1083499
1083572
1083694
1083767
1083953
1084018
1084192
1084256
1084321
1084427
1084559
1084652
1084713
1084863
1085173
1085266
1085386
1085519
1085626
1085792
1085873
1085984
1086113
1086190
1086265
1086465
1086535
1086687
1086828
1086927
1086989
1087104
1087301
1087493
1088018
1088203
1088304
1088441
1088505
1088560
1088655
1088808
1089032
1089152
1089434
1089620
1089803
1089895
1090321
1090467
1090921
1091032
1091351
1091419
1091536
1091782
1091959
1092040
1092124
1092352
1092419
1092515
1092597
1092879
1092960
1093028
1093114
1093203
1093269
1093358
1093487
1093556
1093631
1093753
1093827
1093918
1093975
1094033
1094107
1094202
1094253
1094371
1094520
1094606
1094660
1094705
1094840
1094949
1095037
1095127
1095240
1095289
1095341
1095470
1095626
1095737
1095862
1095936
1096012
1096098
1096214
1096307
1096372
1096462
1096512
1096563
1096647
1096728
1096818
1096919
1097011
1097066
1097153
1097253
1097380
1097494
1097688
1097786
1097840
1097976
1098108
1098278
1098343
1098428
1098507
1098592
1098690
1098737
1098809
1098859
1098926
1099007
1099089
1099282
1099364
1099465
1099555
1099682
1099763
1099859
1099930
1100036
1100106
1100324
1100406
1100500
1100569
1100636
1100684
1100873
1100949
1101045
1101107
1101174
1101225
1101329
1101691
1101813
1101914
1102212
1102371
1102444
1102540
1102746
1102870
1102941
1103106
1103201
1103449
1103582
1103652
1103720
1103774
1103843
1103957
1104058
1104143
1104212
1104383
1104468
1104582
1104659
1104903
1104984
1105151
1105406
1105678
1105733
1105827
1105911
1105978
1106238
1106310
1106389
1106470
1106575
1106716
1106909
1107066
1107207
1107268
1107494
1107580
1107672
1107791
1108071
1108120
1108315
1108520
1108663
1108771
1108862
1109313
1109372
1109481
1109612
1110029
1110165
1110483
1110618
1110829
1110893
1111007
1111296
1111425
1111559
1111613
1111704
1111893
1111950
1112123
1112193
1112377
1112463
1112599
1112690
1112836
1112980
1113065
1113205
1113326
1113421
1113685
1113809
1113861
1113981
1114067
1114148
1114208
1114337
1114439
1114538
1114646
1114789
1114930
1115009
1115079
1115241
1115320
1115478
1115805
1116183
1116299
1116415
1116469
1116567
1116712
1116883
1116958
1117155
1117239
1117333
1117594
1117711
1117896
1117984
1118171
1118261
1118487
1118852
1118963
1119042
1119190
1119383
1119483
1119658
1120046
1120124
1120243
1120317
1120463
1120617
1120692
1120765
1120836
1120974
1121093
1121232
1121310
1121394
1121461
1121577
1121721
1121780
1121847
1121923
1121985
1122157
1122278
1122341
1122464
1122541
1122597
1122663
1122930
1123014
1123084
1123164
1123277
1123396
1123469
1123530
1123707
1123817
1123892
1124036
1124262
1124328
1124477
1124789
1124856
1124956
1125056
1125143
1125229
1125461
1125554
1125737
1125886
1125969
1126166
1126300
1126386
1126509
1126615
1126734
1126885
1127025
1127108
1127192
1127419
1127628
1127783
1127980
1128063
1128165
1128273
1128494
1128647
1128749
1128858
1128940
1129054
1129137
1129201
1129289
1129416
1129545
1129628
1129709
1129796
1129863
1129996
1130107
1130378
1130571
1130658
1130773
1130871
1130957
1131008
1131066
1131200
1131318
1131418
1131498
1131568
1131635
1131926
1132072
1132193
1132251
1132352
1132581
1132638
1132734
1132798
1132865
1132965
1133054
1133137
1133209
1133303
1133401
1133476
1133557
1133644
1133695
1133764
1133945
1134024
1134085
1134178
1134244
1134346
1134495
1134668
1134748
1134820
1134919
1135010
1135191
1135266
1135363
1135495
1135600
1135823
1135931
1136058
1136276
1136428
1136550
1136679
1136821
1136927
1137173
1137224
1137388
1137498
1137609
1137695
1137755
1137870
1138021
1138174
1138376
1138426
1138539
1138632
1138738
1138861
1138962
1139016
1139096
1139321
1139457
1139515
1139569
1139642
1139691
1139740
1139836
1139886
1139952
1140015
1140164
1140234
1140293
1140343
1140420
1140463
1140601
1140758
1140837
1140939
1141083
1141206
1141285
1141367
1141454
1141546
1141629
1141743
1141853
1141992
1142254
1142400
1142503
1142623
1142702
1142759
1142861
1142949
1143051
1143320
1143418
1143582
1143661
1143719
1143764
1143865
1143917
1144044
1144120
1144206
1144270
1144363
1144472
1144607
1144728
1144805
1145346
1145469
1145896
1146002
1146099
1146186
1146312
1146487
1146583
1146810
1146886
1146988
1147065
1147152
1147291
1147361
1147431
1147660
1147785
1147904
1148006
1148108
1148396
1148512
1148610
1148765
1148913
1149032
1149140
1149268
1149361
1149667
1149733
1149960
1150046
1150125
1150207
1150281
1150373
1150446
1150492
1150604
1150686
1150773
1150846
1150968
1151049
1151212
1151340
1151399
1151467
1151605
1151743
1151879
1152035
1152476
1152571
1152646
1152743
1152812
1152927
1153013
1153077
1153216
1153303
1153472
1153581
1153673
1153779
1153830
1153931
1154048
1154228
1154300
1154402
1154615
1154776
1154962
1155034
1155194
1155274
1155541
1155734
1155865
1155957
1156049
1156158
1156241
1156349
1156423
1156525
1156642
1156818
1156950
1157102
1157176
1157279
1157344
1157408
1157520
1157613
1157740
1157936
1158028
1158167
1158224
1158421
1158734
1158844
1158941
1159030
1159098
1159226
1159317
1159399
1159647
1159715
1159778
1159854
1159922
1160069
1160132
1160282
1160845
1160944
1161052
1161145
1161320
1161423
1161550
1161642
1161740
1161830
1162043
1162147
1162214
1162535
1162866
1163151
1163270
1163349
1163551
1164059
1164267
1164796
1164882
1165116
1165194
1165315
1165618
1165893
1165943
1166087
1166332
1166439
1166681
1167785
1167986
1168260
1168324
1168592
1168730
1169086
1169164
1169365
1169488
1169553
1169638
1169811
1169926
1170043
1170182
1170528
1170596
1170693
1170751
1170938
1171084
1171159
1171259
1171324
1171382
1171682
1171751
1171824
1171905
1171961
1172023
1172091
1172178
1172262
1172384
1172520
1172567
1172616
1172680
1172731
1172815
1172863
1172944
1173075
1173135
1173227
1173328
1173404
1173466
1173596
1173694
1173793
1173933
1173988
1174146
1174267
1174340
1174425
1174588
1174682
1174752
1174819
1175150
1175254
1175328
1175395
1175509
1175578
1175649
1175714
1175790
1175914
1175978
1176084
1176187
1176306
1176377
1176572
1176683
1176735
1176822
1176893
1177002
1177051
1177137
1177918
1178102
1178179
1178284
1178382
1178462
1178575
1178620
1178724
1178879
1178961
1179068
1179163
1179249
1179338
1179487
1179549
1179757
1179815
1179883
1179983
1180128
1180174
1180237
1180350
1180423
1180481
1180542
1180593
1180754
1180843
1180929
1180999
1181065
1181143
1181194
1181308
1181377
1181463
1181538
1181623
1181754
1181908
1181984
1182153
1182284
1182358
1182484
1182598
1182670
1182790
1182910
1182967
1183029
1183111
1183228
1183293
1183373
1183461
1183634
1183698
1183784
1183852
1183916
1184035
1184106
1184244
1184300
1184351
1184498
1184545
1184660
1184886
1185036
1185413
1185517
1185699
1185746
1185793
1185841
1185899
1185961
1186023
1186082
1186157
1186228
1186270
1186338
1186439
1186613
1186964
1187148
1187313
1187386
1187522
1187838
1188006
1188285
1189022
1189505
1189644
1190064
1190130
1190188
1190244
1190289
1190345
1190413
1190492
1190657
1190735
1190865
1190986
1191057
1191115
1191182
1191237
1191284
1191324
1191461
1191517
1191606
1191696
1191757
1191883
1191945
1192022
1192100
1192158
1192360
1192427
1192483
1192547
1192589
1192635
1192702
1192766
1192818
1192869
1192951
1193034
1193119
1193186
1193226
1193268
1193313
1193375
1193481
1193543
1193796
1193837
1193880
1193973
1194051
1194127
1194264
1194320
1194461
1194568
1194635
1194738
1194890
1195030
1195141
1195288
1195387
1195440
1195537
1195604
1195702
1195819
1195899
1195987
1196084
1196314
1196373
1196469
1196596
1196735
1196824
1196905
1196976
1197032
1197382
1197478
1197548
1197596
1197637
1197704
1197758
1197801
1197963
1198039
1198099
1198162
1198264
1198340
1198842
1198909
1199084
1199142
1199191
1199309
1199570
1199630
1199732
1199815
1199926
1199976
1200044
1200104
1200167
1200222
1200280
1200368
1200515
1200565
1200677
1200743
1200876
1200969
1201107
1201199
1201278
1201410
1201549
1201597
1201656
1201760
1201822
1201888
1201948
1202017
1202070
1202146
1202215
1202310
1202387
1202472
1202548
1202679
1202770
1202906
1203082
1203177
1203243
1203304
1203391
1203514
1203577
1203633
1203727
1203777
1203869
1204137
1204193
1204387
1205114
1205193
1205419
1205617
1205824
1205911
1206073
1206145
1206351
1206561
1206651
1206932
1207101
1207324
1207407
1207520
1207627
1207697
1207811
1207868
1208040
1208113
1208306
1208386
1208432
1208502
1208597
1208663
1208740
1208816
1208868
1208919
1208988
1209042
1209198
1209237
1209307
1209379
1209427
1209521
1209577
1209689
1209871
1209956
1210108
1210224
1210328
1210386
1210506
1210564
1210632
1210724
1210808
1210868
1211154
1211200
1211248
1211300
1211533
1211594
1211669
1211739
1211804
1211887
1212167
1212252
1212358
1212621
1212734
1213404
1213480
1213699
1213765
1213823
1213888
1213949
1213989
1214045
1214139
1214301
1214451
1214583
1214685
1214761
1214805
1214937
1214991
1215044
1215177
1215294
1215352
1215436
1215504
1215604
1215662
1215743
1215804
1215946
1216005
1216059
1216181
1216232
1216312
1216514
1216584
1216687
1216844
1216908
1216972
1217084
1217683
1217897
1218164
1218260
1218425
1218597
1218651
1218702
1218887
1219266
1219560
1219744
1219945
1220024
1220247
1220335
1220420
1220494
1220655
1220732
1220812
1220940
1221012
1221119
1221165
1221213
1221287
1221370
1221635
1221754
1221833
1221960
1222059
1222162
1222230
1222302
1222372
1222562
1222631
1222672
1222738
1222806
1222861
1222930
1223049
1223129
1223208
1223279
1223361
1223492
1223540
1223593
1223675
1223721
1223785
1223837
1223923
1223976
1224037
1224100
1224173
1224265
1224446
1224504
1224811
1224888
1224942
1225054
1225100
1225155
1225253
1225325
1225375
1225704
1225796
1226016
1226389
1226533
1226600
1226665
1226752
1226845
1226953
1227014
1227115
1227176
1227253
1227296
1227345
1227499
1227568
1227622
1227718
1227773
1227885
1227989
1228066
1228121
1228165
1228237
1228302
1228355
1228415
1228481
1228572
1228613
1228684
1228795
1228905
1229002
1229065
1229259
1229346
1229449
1229527
1229621
1229729
1229840
1229895
1230027
1230088
1230149
1230188
1230378
1230490
1230530
1230582
1230634
1230681
1230739
1230813
1230961
1231119
1231404
1231498
1231559
1231767
1231873
1231956
1232124
1232209
1232266
1232442
1232547
1232639
1232739
1232974
1233018
1233083
1233149
1233203
1233305
1233363
1233431
1233478
1233538
1233598
1233664
1233722
1233801
1233898
1233991
1234101
1234160
1234210
1234297
1234399
1234463
1234549
1234631
1234680
1234772
1234816
1234920
1235104
1235211
1235285
1235366
1235468
1235556
1235691
1235840
1235933
1235990
1236050
1236107
1236166
1236221
1236320
1236406
1236453
1236580
1236667
1236708
1236759
1236810
1237031
1237097
1237193
1237325
1237413
1237466
1237534
1237621
1237659
1237707
1237772
1237801
1237850
1237958
1238021
1238161
1238243
1238340
1238417
1238527
1238601
1238704
1238761
1238833
1238896
1238970
1239050
1239189
1239445
1239582
1239651
1239750
1240040
1240096
1240215
1240339
1240397
1240492
1240664
1241113
1241251
1241304
1241447
1241587
1241675
1241809
1242043
1242220
1242268
1242371
1242472
1242523
1242674
1242775
1242832
1242881
1242941
1242992
1243088
1243142
1243225
1243312
1243412
1243500
1243578
1243646
1243756
1243841
1243894
1243951
1244032
1244110
1244156
1244202
1244312
1244459
1244519
1244590
1244655
1244744
1245012
1245080
1245137
1245230
1245298
1245339
1245386
1245427
1245555
1245682
1245750
1245836
1245879
1245953
1246039
1246126
1246234
1246295
1246355
1246552
1246596
1246668
1246737
1246836
1246907
1246982
1247016
1247061
1247122
1247170
1247232
1247374
1247633
1248433
1248569
1248956
1249104
1249239
1249302
1249392
1249610
1249725
1250067
1250188
1250347
1250411
1250479
1250595
1250716
1250836
1250986
1251137
1251207
1251414
1251480
1251534
1251689
1251727
1251775
1251829
1251887
1251952
1251995
1252035
1252068
1252127
1252177
1252229
1252291
1252357
1252427
1252476
1252520
1252600
1252659
1252700
1252752
1252807
1252860
1252906
1252960
1253013
1253104
1253194
1253244
1253313
1253385
1253487
1253554
1253729
1254104
1254190
1254294
1254579
1254918
1255199
1255315
1255455
1255567
1255667
1255759
1255888
1256019
1256124
1256212
1256296
1256515
1256592
1256666
1256759
1256857
1257087
1257196
1257331
1257696
1257823
1257887
1258060
1258122
1258206
1258463
1258560
1258625
1258699
1258768
1258823
1259032
1259099
1259173
1259244
1259332
1259488
1259552
1259672
1259793
1259865
1259945
1260135
1260211
1260353
1260418
1260499
1260558
1260756
1260929
1261013
1261137
1261343
1261417
1261532
1261761
1261952
1262034
1262231
1262347
1262537
1262685
1262780
1263022
1263227
1263332
1263578
1263716
1263789
1263889
1264090
1264150
1264270
1264394
1264618
1264713
1264838
1264892
1264998
1265101
1265203
1265936
1266084
1266175
1266269
1266419
1266511
1266566
1266714
1266870
1268280
1268388
1268477
1268828
1269070
1269210
1269881
1270077
1270143
1270197
1270360
1270441
1270531
1270810
1270902
1271024
1271132
1271274
1271637
1271773
1272014
1272187
1272264
1272702
1273494
1273642
1273700
1273808
1273883
1273943
1274195
1274382
1274493
1274770
1275673
1275822
1275997
1276109
1276278
1276397
1276645
1277006
1277072
1277412
1277515
1277617
1277680
1277833
1277906
1278009
1278411
1278526
1278625
1279891
1279933
1279993
1280072
1280229
1280324
1280392
1280473
1280549
1280686
1280839
1280959
1281057
1281151
1281463
1281586
1281698
1281800
1281895
1281949
1282543
1282837
1282890
1283090
1283264
1283423
1283512
1283617
1283766
1283837
1283917
1284115
1284207
1284305
1284491
1284556
1284916
1284965
1285123
1285194
1285241
1285395
1285508
1285565
1285660
1285926
1285980
1286054
1286175
1286219
1286372
1286442
1286601
1286692
1286740
1286816
1286855
1287101
1287397
1287442
1287583
1287807
1288341
1288879
1289129
1289456
1289574
1289669
1289929
1290172
1290492
1290698
1290788
1291068
1291180
1291288
1291397
1291683
1291756
1291815
1292376
1292535
1292641
1292801
1292851
1293086
1293253
1293372
1293475
1293605
1293687
1293761
1293834
1293885
1294007
1294092
1294404
1294486
1294738
1294792
1294961
1295387
1295473
1295529
1295614
1295757
1295877
1295948
1296005
1296064
1296401
1296444
1296535
1296599
1296694
1296757
1296824
1296929
1297042
1297170
1297235
1297663
1297794
1297900
1297990
1298050
1298176
1298228
1298351
1298461
1298544
1298652
1298770
1298939
1299064
1299160
1299210
1299396
1299460
1299647
1299848
1300044
1300215
1300283
1300336
1300375
1300448
1300767
1300833
1300938
1301000
1301063
1301207
1301296
1301405
1301493
1301577
1301668
1301822
1301891
1301958
1302071
1302125
1302226
1302307
1302364
1302432
1302493
1302590
1302649
1302738
1302837
1303032
1303079
1303152
1303227
1303311
1303514
1303576
1303738
1303922
1303991
1304073
1304158
1304262
1304408
1304474
1304557
1304638
1304722
1304816
1304923
1305002
1305072
1305259
1305313
1305457
1305895
1305962
1306173
1306224
1306292
1306555
1306643
1306736
1306849
1306975
1307067
1307128
1307215
1307317
1307421
1307490
1307543
1307602
1307741
1307827
1307888
1308105
1308183
1308416
1308554
1308683
1308792
1308928
1309022
1309087
1309152
1309251
1309393
1309512
1309583
1309733
1309844
1310129
1310486
1310540
1310656
