1527
4402
7337
10393
12469
20427
29153
32797
37699
41263
43649
46894
53044
60632
63378
66652
70107
72783
78693
80850
82727
86800
92880
98901
105610
112679
115344
120416
123471
126017
134114
136341
138977
141952
144947
148391
150798
153334
156029
158895
161570
164975
167950
170776
173721
176466
179512
182587
185202
188427
191203
193799
196464
199230
202015
204242
207077
209513
212319
215184
217820
220466
222672
226067
228263
231458
234214
236940
240015
242730
246165
249040
252155
254711
257487
259843
262439
264925
267550
270785
273082
275667
278054
280270
282457
284793
291742
295056
297782
300418
302455
304931
308834
311939
318599
325667
328133
330759
335132
338207
340603
343289
346334
349329
352454
355220
358355
361370
364216
366851
369667
372562
374888
382436
384084
392690
394687
398291
401266
403822
411460
416212
419417
424559
430340
434523
437678
440923
443648
446094
448920
451635
454651
457546
459633
462328
464605
467031
469617
472133
474798
477714
480280
482446
487179
489774
492031
494607
497063
503063
504431
506727
509333
512099
515004
518049
520725
523880
527184
529391
531917
534163
536130
537867
542600
551266
553472
557366
558953
561735
562947
568299
