44
72
267
352
432
540
621
687
781
987
1018
1129
1195
1309
1527
1596
1726
1779
1885
1968
2036
2109
2110
2179
2246
2328
2391
2542
2689
2726
2831
2946
3064
3152
3208
3337
3488
3691
3762
4042
4192
4236
4306
4381
4450
4536
4597
4661
4785
5008
5094
5214
5370
5409
5543
5685
5882
5941
6063
6249
6402
6442
6639
6735
6811
6940
7024
7154
7319
7429
7499
7627
7702
7796
7797
7890
7972
8136
8194
8344
8409
8518
8600
8708
8817
8967
9224
9287
9405
9555
9607
9847
9920
9993
10113
10284
10383
10437
10460
10565
10634
10763
10780
10936
10958
11170
11213
11307
11340
11370
11456
11547
11743
11775
11912
11922
11936
12080
12162
12183
12285
12299
12323
12511
12586
12739
12800
12873
12962
13076
13172
13245
13319
13416
13502
13714
13796
13810
13883
13939
14110
14237
14354
14618
14705
14722
14758
14830
14892
14956
15055
15153
15254
15314
15331
15389
15459
15490
15643
15769
15908
15963
16018
16055
16160
16250
16322
16407
16509
16773
16971
17104
17191
17204
17280
17371
17417
17498
17514
17923
17966
17991
18010
18046
18232
18297
18345
18365
18374
18387
18421
18433
18463
18478
18503
18519
18560
18705
18775
18832
18918
18933
18985
19009
19079
19113
19162
19236
19268
19355
19399
19419
19486
19615
19687
19736
19788
19805
19818
19827
19833
19851
19879
19900
19952
20003
20047
20069
20086
20139
20254
20279
20306
20428
20564
20637
20716
20741
20824
20849
20878
20910
20939
20990
21227
21234
21256
21284
21441
21492
21505
21509
21517
21552
21555
21568
21572
21641
21710
21719
21757
21768
21794
21840
21897
21917
21995
22126
22327
22394
22402
22531
22624
22646
22673
22735
22831
22848
22889
22908
22981
23030
23098
23171
23311
23334
23434
23523
23543
23640
23744
23784
23811
23847
23913
23992
24091
24145
24161
24188
24266
24315
24354
24376
24640
24753
24846
24910
24968
25105
25119
25169
25189
25214
25243
25289
25308
25395
25411
25439
25497
25553
25593
25618
25753
25874
26137
26391
26403
26471
26520
26646
26727
26960
26997
27108
27113
27193
27194
27204
27238
27242
27272
27286
27319
27370
27385
27388
27392
27435
27456
27487
27493
27524
27545
27546
27554
27560
27605
27632
27643
27660
27707
27762
27824
27844
27854
27889
27915
27946
28006
28141
28199
28242
28277
28284
28306
28337
28363
28393
28435
28474
28550
28600
28634
28638
28640
28645
28673
28678
28714
28726
28768
28784
28806
28846
28859
28898
28920
28935
29068
29207
29246
29350
29450
29471
29485
29534
29559
29729
29752
29787
29815
29934
29954
29965
30009
30035
30043
30073
30199
30282
30304
30309
30364
30379
30462
30498
30563
30609
30704
30800
30822
30852
30933
31046
31072
31181
31210
31324
31382
31516
31574
31620
31656
31716
31769
31825
31855
31931
31998
32043
32091
32113
32195
32225
32297
32361
32388
32530
32831
32970
32985
33016
33082
33220
33260
33306
33363
33436
33470
33502
33515
33581
33620
33682
33705
33730
33751
33760
33807
33869
33975
34053
34090
34130
34268
34277
34303
34329
34356
34370
34404
34421
34429
34446
34485
34585
34771
34802
34848
34867
34913
35021
35036
35134
35162
35233
35373
35389
35497
35569
35605
35687
35707
35723
35782
35799
35896
35933
36131
36157
36227
36364
36511
36590
36707
36814
36861
36889
36971
37241
37336
37499
37527
37608
37751
37760
37767
37809
37823
37850
37865
37930
37976
38095
38176
38256
38277
38293
38302
38358
38616
38625
38654
38690
38727
38811
38883
38905
38927
39016
39136
39161
39258
39359
39366
39384
39408
39417
39481
39571
39636
39879
39897
40238
40504
40569
40654
40882
40912
40927
40942
40959
40995
41004
41010
41018
41062
41087
41115
41128
41220
41308
41381
41464
41494
41524
41543
41621
41644
41750
41790
41885
41916
41985
42038
42252
42306
42468
42481
42780
42838
42953
43033
43059
43090
43148
43165
43182
43210
43218
43255
43277
43309
43345
43399
43435
43490
43541
43674
43689
43762
43968
44198
44243
44340
44422
44464
44504
44615
44635
44757
44886
44895
44932
44982
45003
45035
45154
45192
45286
45314
45340
45376
45415
45452
45466
45515
45533
45597
45633
45772
45965
46012
46144
46154
46242
46288
46355
46408
46454
46538
46719
46865
46905
46963
47099
47152
47260
47307
47362
47462
47514
47536
47555
47598
47657
47674
47710
47740
47758
47780
47817
47833
47854
47915
47956
48042
48122
48236
48384
48590
48625
48909
48933
48992
49065
49170
49331
49537
49569
49611
49665
49699
49722
49794
49832
49858
49885
49959
49976
50056
50286
50414
50459
50503
50560
50648
50695
50836
51050
51145
51229
51272
51409
51475
51747
51772
51810
51859
51892
51954
51970
51978
52002
52141
52197
52330
52365
52441
52516
52604
52701
52803
52918
52959
52978
53035
53150
53297
53424
53519
53601
53651
53705
53773
53782
53813
53843
53911
54061
54090
54129
54168
54221
54313
54362
54505
54585
54739
54863
54946
55013
55102
55230
55262
55377
55391
55428
55464
55492
55502
55508
55535
55569
55649
55712
55756
55926
56063
56287
56455
56514
56576
56681
56795
56873
56915
56959
56995
57063
57082
57138
57168
57193
57228
57343
57444
57543
57622
57818
58077
58098
58206
58321
58355
58376
58432
58460
58481
58521
58581
58609
58626
58724
58757
59068
59125
59268
59318
59411
59451
59522
59576
59632
59732
60165
60468
60949
61061
61080
61101
61163
61232
61272
61319
61445
61527
61730
61900
61960
62209
62297
62335
62367
62403
62411
62423
62428
62454
62502
62656
62886
63091
63106
63310
63420
63464
63480
63499
63537
63592
63643
63664
63825
63908
63926
64041
64094
64187
64295
64322
64463
64532
64742
64807
64904
64925
65011
65066
65131
65225
65450
65629
65779
65865
65924
65944
65996
66059
66127
66159
66252
66301
66399
66425
66550
66575
66612
66727
66785
66802
66884
66925
66952
67039
67121
67194
67236
67352
67513
67609
67688
67772
67823
67830
67890
67985
68063
68148
68237
68306
68400
68537
68641
68764
68780
68882
68953
69108
69228
69270
69423
69447
69476
69534
69654
69844
69980
70087
70256
70324
70460
70487
70519
70534
70593
70694
70709
70755
70768
70780
70849
70987
71041
71099
71203
71240
71387
71523
71659
71810
71985
72056
72122
72173
72197
72236
72347
72404
72428
72455
72471
72529
72731
72822
72904
73011
73106
73242
73317
73415
73461
73498
73559
73574
73649
73688
73710
73812
73947
74023
74081
74158
74242
74300
74391
74445
74551
74596
74715
74779
74881
74996
75019
75048
75078
75094
75108
75127
75196
75240
75498
75686
75796
75828
75883
75909
75942
75992
76036
76058
76299
76336
76568
76766
76854
76928
76999
77044
77123
77133
77160
77194
77300
77429
77530
77654
77711
77794
77831
77967
78132
78330
78457
78518
78552
78589
78640
78672
78692
78717
78795
78831
78919
78998
79135
79186
79254
79400
79547
79638
79750
79830
79922
80038
80074
80163
80210
80262
80297
80396
80464
80512
80548
80644
80885
80952
81037
81086
81146
81207
81346
81446
81510
81609
81649
81787
81925
82049
82144
82229
82353
82443
82465
82504
82635
82673
82685
82717
82803
82837
83013
83058
83211
83436
83472
83705
83854
83980
84008
84076
84176
84258
84313
84377
84505
84527
84571
84609
84627
84721
84845
84965
85085
85173
85202
85401
85465
85549
85665
85703
85794
85937
86129
86213
86297
86398
86446
86575
86614
86750
86789
86850
86912
86935
86960
86987
87061
87223
87236
87377
87566
87600
87684
87744
87791
87854
87926
87979
88061
88126
88171
88404
88556
88597
88652
88743
88870
88892
88920
88956
89008
89031
89228
89314
89488
89667
89766
89892
89970
90132
90233
90253
90346
90422
90555
90626
90722
90904
90968
91070
91083
91122
91139
91156
91230
91291
91297
91315
91516
91820
91950
92231
92334
92401
92507
92605
92641
92748
92811
92830
92966
92981
93112
93170
93324
93472
93642
93725
93780
93866
93904
94044
94069
94239
94307
94397
94463
94608
94659
94839
94867
94971
95039
95068
95112
95147
95177
95367
95558
95653
95882
95926
96030
96069
96138
96235
96354
96452
96507
96588
96607
96663
96708
96774
96815
96874
96967
96990
97028
97151
97281
97357
97518
97609
97786
98006
98121
98140
98288
98352
98397
98483
98539
98601
98655
98704
98808
98825
98860
98944
98968
99088
99130
99309
99431
99587
99658
99736
99843
99953
99999
100146
100208
100260
100341
100383
100643
100685
100765
100903
101106
101226
101378
101525
101897
101944
101985
102078
102336
102636
102661
102860
102936
103014
103344
103380
103433
103610
103737
103804
103885
103999
104104
104159
104373
104404
104519
104604
104665
104919
104941
105077
105092
105168
105249
105314
105345
105415
105456
105511
105528
105576
105631
105731
105760
105846
105878
106052
106101
106152
106295
106403
106531
106652
106795
106879
106937
106994
107121
107276
107330
107530
107593
107629
107709
107739
107769
107793
107851
107946
108209
108455
108557
108599
108727
108823
108902
108973
109049
109066
109169
109183
109238
109399
109427
109566
109677
109805
109837
109935
110041
110091
110192
110331
110422
110504
110587
110632
110734
110834
110909
110958
111070
111108
111222
111289
111410
111456
111547
111614
111685
111805
111969
112150
112222
112408
112468
112541
112586
112647
112770
112798
112815
112890
112968
113013
113130
113186
113261
113307
113458
113498
113529
113614
113687
113894
114078
114194
114223
114584
114664
114718
114803
114988
115093
115119
115337
115373
115518
115623
115824
115849
115870
115927
115986
116023
116056
116102
116166
116413
116615
116720
116848
116941
117214
117281
117374
117497
117537
117588
117647
117657
117723
117757
117876
117986
118222
118325
118438
118528
118620
118719
118944
118999
119081
119218
119298
119365
119393
119458
119611
119740
119839
119970
120121
120251
120303
120370
120478
120490
120526
120544
120595
120684
120861
120976
120997
121181
121280
121346
121376
121401
121448
121508
121554
121593
121726
121832
121891
122121
122146
122205
122259
122331
122429
122490
122573
122644
122900
123062
123161
123301
123323
123456
123543
123687
123853
124068
124109
124222
124269
124408
124453
124551
124576
124616
124685
124818
124920
125000
125052
125082
125132
125395
125548
125671
125773
125827
125912
126026
126100
126258
126365
126402
126479
126528
126600
126723
126781
126994
127146
127311
127522
127573
127605
127670
127826
128025
128203
128331
128387
128445
128552
128684
128715
128816
128974
129068
129197
129264
129307
129366
129460
129551
129665
129704
129787
129941
130121
130200
130263
130333
130614
130674
130841
130941
131053
131178
131224
131295
131388
131446
131532
131606
131641
131650
131672
131756
131851
132010
132131
132288
132416
132561
132597
132673
132793
132887
133043
133165
133264
133400
133462
133573
133606
133767
133875
133904
133971
134079
134225
134248
134373
134424
134883
134964
135100
135122
135267
135401
135565
135639
135667
135796
135895
135964
136100
136155
136213
136292
136377
136471
136583
136679
136792
136896
136935
137016
137204
137396
137462
137561
137638
137772
137862
137969
138042
138122
138185
138270
138314
138395
138466
138502
138552
138604
138709
138776
138861
139067
139106
139127
139321
139612
139740
139761
139813
139913
140084
140121
140183
140374
140439
140476
140557
140595
140686
140724
140824
140941
141062
141220
141420
141447
141502
141712
141922
142021
142042
142129
142191
142277
142353
142370
142421
142446
142542
142570
142723
142860
142911
143146
143259
143333
143393
143507
143702
143742
143963
143993
144054
144200
144289
144389
144452
144532
144583
144777
144803
144857
144984
145021
145178
145202
145332
145392
145467
145538
145605
145642
145812
145899
145926
145967
146078
146149
146226
146283
146354
146411
146470
146581
146630
146719
146773
146863
146943
147043
147082
147195
147334
147463
147516
147592
147664
147760
147929
147957
147996
148207
148252
148305
148398
148525
148624
148692
148713
148732
148756
148805
148863
148893
148949
149040
149184
149288
149386
149621
149769
149827
149884
150044
150068
150109
150227
150323
150348
150406
150519
150555
150663
150728
150808
150840
150922
150938
151046
151271
151468
151509
151717
151750
151801
151843
151931
151962
152096
152117
152205
152237
152368
152571
152717
152814
152862
152942
153096
153226
153315
153366
153499
153688
153785
153879
153976
154025
154107
154133
154391
154487
154597
154769
154864
155166
155245
155322
155472
155527
155738
155897
155998
156046
156122
156161
156208
156343
156501
156533
156596
156615
156739
156801
156827
156949
157097
157118
157268
157316
157414
157489
157618
157703
157830
157945
158085
158119
158164
158296
158344
158462
158550
158657
158753
158866
158906
159023
159084
159194
159295
159442
159507
159566
159655
159703
159784
159882
159975
160032
160133
160213
160261
160513
160608
160698
160727
160786
160861
160898
160935
160947
161005
161112
161286
161545
161607
161645
161715
161772
161917
162012
162110
162298
162485
162518
162595
162615
162658
162718
162726
162778
162796
162867
162888
162935
163034
163063
163141
163553
163689
163723
163814
163840
163904
163966
164000
164142
164284
164559
164607
164705
164839
164898
165017
165086
165236
165342
165564
165633
165744
165846
165878
166016
166049
166080
166171
166275
166299
166400
166428
166479
166597
166674
166779
166831
166860
167271
167401
167513
167644
167690
167720
167959
168009
168212
168307
168466
168533
168633
168780
168868
168959
168991
169092
169252
169364
169412
169479
169623
169715
169771
169808
170036
170049
170146
170189
170277
170323
170454
170521
170561
170707
170720
170751
170812
170893
170916
170966
171052
171100
171135
171187
171276
171403
171436
171508
171665
171832
171897
172155
172309
172478
172503
172706
172737
172915
172977
173129
173189
173310
173341
173390
173468
173492
173607
173868
173882
173953
174035
174096
174163
174262
174278
174320
174551
174686
174868
174921
175027
175072
175108
175182
175251
175320
175502
175554
175673
175746
175903
175984
176080
176141
176217
176277
176429
176533
176634
176766
176875
177024
177088
177213
177243
177367
177440
177515
177591
177627
177737
177795
177811
177922
177995
178008
178070
178153
178294
178420
178466
178575
178764
178799
178958
179044
179094
179161
179235
179320
179382
179476
179529
179561
179589
179629
179654
179695
179754
179920
179964
179995
180070
180122
180265
180293
180488
180631
180712
180806
180865
180915
181001
181165
181280
181391
181465
181567
181699
181816
181890
181922
181949
181983
182048
182087
182120
182231
182283
182384
182532
182553
182682
182773
182868
182903
183012
183215
183517
183576
183651
183708
183760
183903
183951
183985
184019
184056
184148
184183
184217
184244
184328
184410
184532
184627
184752
184788
184829
184918
184961
185006
185145
185296
185389
185528
185631
185683
185854
185890
185893
186003
186035
186121
186154
186280
186346
186413
186560
186657
186737
186837
186941
186992
187116
187222
187319
187355
187404
187658
187693
187753
187893
188027
188161
188171
188181
188267
188282
188337
188427
188497
188551
188663
188747
188830
188894
189045
189172
189254
189365
189509
189584
189704
189756
189842
189893
189968
190088
190111
190170
190197
190341
190630
190663
190721
190860
190965
191086
191206
191243
191276
191376
191463
191554
191727
191763
191858
191953
192085
192143
192252
192268
192325
192366
192571
192582
192709
192760
192931
193031
193274
193312
193357
193430
193516
193593
193652
193727
193773
193798
193892
193987
194067
194138
194248
194279
194316
194391
194432
194508
194537
194600
194727
194807
194877
194920
195002
195046
195179
195393
195454
195490
195513
195581
195686
195819
195945
196040
196189
196209
196256
196323
196386
196475
196685
196814
196870
196998
197117
197193
197268
197389
197446
197541
197577
197665
197748
197838
197875
197924
198005
198078
198141
198220
198291
198420
198439
198654
198721
198860
198941
198999
199138
199410
199465
199505
199677
199762
199831
199922
200010
200067
200127
200243
200297
200358
200466
200613
200705
200828
200884
201246
201301
201403
201526
201606
201662
201681
201720
201902
201944
202006
202091
202166
202256
202332
202432
202479
202564
202594
202887
202976
203074
203124
203323
203389
203544
203613
203715
203923
203988
204045
204089
204113
204162
204335
204353
204382
204411
204493
204639
204668
204840
204910
205035
205111
205199
205266
205311
205358
205464
205502
205523
205677
205808
205841
205984
206002
206120
206159
206348
206400
206571
206655
206735
206799
206818
206876
207029
207048
207112
207161
207177
207216
207340
207464
207532
207576
207759
207932
208014
208316
208338
208437
208494
208539
208591
208779
208804
208829
208890
209064
209118
209429
209528
209674
209696
209734
209857
209925
210006
210061
210079
210090
210106
210137
210153
210196
210253
210300
210318
210339
210369
210400
210468
210628
210769
211006
211056
211200
211315
211358
211367
211384
211414
211503
211527
211756
211903
211927
212023
212082
212207
212542
212679
212759
212967
213218
213384
213644
213723
213931
214087
214148
214242
214355
214519
214605
214733
214995
215044
215108
215264
215383
215473
215504
215603
215648
215725
215774
215881
215893
215936
215954
216017
216050
216114
216165
216216
216338
216422
216463
216610
216637
216680
216785
216954
216982
217152
217203
217324
217384
217459
217691
217753
217909
217950
218124
218240
218308
218362
218415
218578
218728
218770
218888
218941
219018
219066
219133
219210
219365
219507
219578
219692
219759
219960
220034
220183
220232
220284
220402
220488
220585
220601
220648
220694
220763
220801
220851
220950
221131
221220
221240
221299
221355
221467
221483
221515
221544
221572
221603
221678
221755
221859
221951
222043
222093
222132
222159
222225
222339
222370
222705
222827
222896
223066
223111
223198
223262
223277
223370
223394
223467
223505
223525
223553
223597
223648
223756
223999
224050
224157
224369
224420
224577
224674
224795
224959
225087
225155
225215
225248
225300
225346
225427
225600
225829
226105
226177
226197
226246
226265
226293
226349
226404
226421
226538
226694
226888
227050
227095
227238
227283
227387
227481
227605
227708
228013
228084
228341
228376
228434
228654
228724
228762
228791
228814
228898
229046
229166
229326
229449
229610
229788
229866
230000
230105
230242
230381
230398
230527
230777
230836
230933
231003
231118
231176
231227
231246
231345
231412
231530
231591
231711
231791
231951
232107
232135
232236
232319
232586
232635
232701
232833
232890
232960
233139
233255
233329
233413
233506
233620
233644
233783
233853
233951
233977
234062
234180
234284
234399
234644
234788
234936
235069
235215
235413
235737
235828
235888
236044
236146
236259
236327
236478
236520
236652
236735
236945
237220
237292
237419
237451
237568
237595
237676
237911
237997
238052
238235
238359
238371
238599
238764
238834
238891
238968
239114
239277
239461
239489
239573
239912
239979
240047
240105
240172
240231
240390
240421
240521
240628
240725
240748
240836
240892
241105
241216
241353
241413
241622
241698
241779
241808
241865
241901
241953
241977
242064
242138
242260
242365
242425
242578
242615
242634
242705
242773
242977
243103
243238
243383
243478
243544
243606
243623
243686
243742
243788
243832
243930
244081
244168
244289
244360
244396
244470
244524
244691
244763
244967
245023
245295
245338
245370
245389
245419
245527
245604
245668
245848
245926
245934
246007
246070
246311
246434
246636
246727
246865
247134
247340
247388
247434
247485
247647
247787
247874
247886
248072
248180
248316
248346
248402
248605
248738
248825
248851
248867
248903
248912
248923
248969
249004
249138
249196
249329
249561
249663
249772
249852
249954
249986
250191
250441
250486
250649
250703
250785
250828
250947
251028
251048
251070
251165
251257
251302
251332
251363
251386
251469
251605
251649
251740
251906
252027
252312
252381
252455
252499
252720
252837
253075
253196
253262
253387
253412
253455
253511
253601
253638
253662
253693
253714
253777
253805
253943
254076
254118
254197
254263
254344
254397
254450
254551
254626
254666
254719
254837
255121
255231
255342
255395
255499
255525
255611
255680
255811
255876
256035
256052
256092
256220
256244
256265
256411
256452
256522
256574
256601
256722
256848
256887
256916
257025
257045
257116
257229
257358
257398
257481
257546
257615
257832
257970
258188
258389
258423
258497
258601
258709
258815
258871
258961
259129
259332
259382
259409
259535
259655
259682
259773
260069
260143
260164
260189
260247
260293
260422
260522
260698
260887
260931
261066
261159
261296
261388
261433
261657
261703
261894
262008
262097
262121
262159
262351
262455
262587
262662
262840
262880
263078
263337
263449
263504
263644
263782
263866
263888
263967
264036
264068
264132
264218
264318
264397
264476
264540
264708
264972
265070
265147
265292
265513
265624
265696
265765
265952
266001
266127
266204
266273
266362
266451
266568
266644
266698
266729
266757
266822
267003
267046
267114
267175
267267
267350
267455
267557
267653
267839
267899
268115
268210
268271
268344
268554
268599
268744
268829
268908
268953
269052
269075
269136
269191
269354
269496
269553
269591
269779
269877
269951
270065
270206
270321
270468
270568
270676
270776
270860
270974
271105
271262
271343
271418
271602
271646
271747
271786
271976
272172
272315
272369
272503
272610
272733
273044
273086
273170
273344
273427
273483
273544
273616
273654
273762
273967
273993
274117
274226
274321
274446
274533
274601
274721
274800
274875
274906
274996
275145
275221
275384
275411
275528
275684
275762
275946
276020
276060
276127
276177
276249
276434
276609
276753
276924
277028
277060
277091
277149
277270
277387
277412
277540
277663
277758
277787
277899
277984
278188
278273
278362
278468
278581
278703
278936
279004
279104
279158
279292
279389
279438
279485
279611
279900
279971
280077
280180
280281
280458
280683
280711
280795
280875
281003
281240
281263
281312
281388
281448
281504
281549
281659
281850
281951
282030
282250
282420
282503
282662
282695
282816
282872
282948
282994
283321
283431
283521
283642
283707
283886
283910
283963
284103
284144
284279
284411
284463
284552
284765
284813
284894
285036
285102
285172
285202
285265
285388
285530
285611
285661
285865
286021
286105
286268
286410
286487
286548
286700
286807
286949
287101
287177
287339
287753
287868
287908
287958
287995
288021
288189
288435
288603
288905
289007
289057
289116
289269
289474
289552
289696
289744
289952
290047
290125
290239
290991
291154
291652
291716
291724
291779
292009
292067
292165
292206
292284
292684
292718
292750
292859
292885
293000
293091
293134
293216
293301
293346
293413
293436
293482
293576
293595
293671
293679
293721
293734
293745
293852
293867
294039
294081
294463
294533
294615
294672
294857
295035
295067
295099
295131
295199
295237
295269
295330
295482
295495
295530
295642
295695
295705
295789
295812
295828
295849
295902
295950
295987
296012
296059
296117
296162
296182
296236
296278
296358
296630
296695
296802
296851
296923
296982
297051
297107
297176
297189
297346
297368
297415
297468
297655
297687
297733
297778
297859
297897
298017
298164
298290
298311
298482
298634
298737
298821
298898
298983
299107
299198
299208
299265
299340
299385
299431
299478
299497
299552
299580
299602
299705
299831
299913
299939
299955
299986
300065
300130
300137
300265
300344
300382
300430
300756
300791
300848
300914
301016
301151
301229
301264
301334
301349
301356
301409
301429
301525
301606
301705
301740
301864
302057
302148
302253
302411
302454
302513
302546
302663
302758
302993
303144
303174
303203
303250
303322
303457
303640
303671
303798
303860
303920
304163
304251
304300
304380
304498
304603
304713
304778
304827
304978
305021
305832
305966
305987
306010
306272
306398
306435
306510
306597
306652
306774
306822
306877
306908
306936
307078
307109
307163
307195
307237
307467
307622
307672
307695
307711
307757
307798
307814
307859
307889
307954
308115
308168
308215
308233
308243
308412
308499
308518
308567
308640
308656
308701
308855
309044
309152
309260
309536
309631
309799
309910
309979
310048
310356
310363
310432
310531
310846
310905
311129
311206
311263
311361
311401
311411
311436
311569
311649
311672
311853
312097
312206
312279
312427
312652
312831
312858
312910
313102
313215
313319
313338
313389
313436
313453
313586
313687
313843
314084
314099
314148
314207
314300
314358
314390
314439
314474
314622
314722
314857
314897
315001
315063
315110
315186
315330
315363
315448
315600
315674
315738
315839
315942
316007
316132
316215
316255
316313
316416
316490
316612
316760
316839
316876
316936
316965
317006
317042
317134
317163
317280
317439
317475
317735
317815
318132
318316
318409
318515
318670
318731
318791
318834
318872
318958
319016
319053
319084
319149
319224
319257
319272
319565
319634
319727
319792
319848
319885
319983
320036
320097
320153
320297
320352
320483
320544
320598
320681
320724
320754
320834
320888
320923
321000
321046
321068
321197
321241
321265
321320
321383
321425
321456
321505
321530
321558
321600
321644
321702
321780
321972
322012
322196
322270
322340
322453
322480
322531
322602
322621
322660
322708
322734
322842
322933
323026
323082
323159
323278
323392
323524
323526
323583
323618
323661
323862
323909
323970
324041
324088
324188
324242
324283
324333
324359
324422
324579
324627
324644
324692
324778
324868
324921
325163
325214
325296
325348
325602
325652
325695
325785
325963
326009
326058
326167
326272
326455
326503
326610
326718
326736
326791
326887
326927
327000
327068
327159
327185
327331
327411
327500
327663
327796
327997
328029
328115
328186
328336
328418
328495
328661
328710
328779
328837
328877
328924
328999
329121
329173
329304
329327
329357
329413
329537
329549
329685
329869
329972
330114
330195
330222
330315
330398
330425
330493
330541
330574
330638
330713
330813
330883
330937
330992
331042
331098
331154
331389
331527
331561
331658
331793
331970
332001
332112
332245
332358
332428
332486
332546
332666
332713
332834
332862
332916
332975
333044
333163
333231
333355
333500
333601
333802
333837
333966
334037
334119
334398
334428
334528
334664
334738
334784
334820
334845
334932
334984
335046
335140
335319
335409
335485
335518
335654
335797
335926
336106
336197
336287
336403
336457
336566
336691
336743
336827
336911
337044
337125
337203
337400
337485
337626
337775
337877
338036
338102
338180
338274
338595
338670
338826
338933
338991
339133
339211
339363
339438
339493
339633
339659
339713
339772
339838
339895
339971
340119
340173
340255
340300
340461
340519
340633
340662
340842
340927
340959
341022
341120
341250
341313
341398
341493
341577
341650
341873
341921
341999
342110
342170
342405
342510
342583
342662
342809
342930
342973
343131
343219
343291
343338
343450
343509
343606
343671
343746
343892
343989
344083
344154
344263
344334
344391
344521
344667
344776
344881
344903
344954
344980
345077
345205
345356
345579
345627
345767
345927
346003
346041
346211
346247
346318
346707
346934
347031
347042
347134
347204
347250
347317
347472
347594
347671
347739
347868
347912
347958
348089
348265
348331
348454
348648
348725
348752
348889
348944
349014
349132
349236
349251
349374
349417
349671
349721
349781
349890
349975
350077
350173
350278
350423
350492
350672
350694
350748
350846
350891
350921
351031
351075
351158
351256
351335
351449
351653
351695
351788
351824
351899
352067
352100
352150
352273
352328
352391
352526
352597
352641
352808
352884
353086
353141
353211
353304
353365
353437
353622
353665
353801
353986
354039
354137
354217
354397
354505
354619
354658
354686
354779
354867
354974
355013
355118
355208
355287
355342
355444
355573
355604
355747
355886
355968
356132
356187
356307
356402
356456
356517
356656
356730
356837
356883
357001
357124
357192
357237
357368
357417
357480
357583
357701
357764
357883
358042
358131
358249
358398
358586
358725
358785
358859
358907
358987
359010
359053
359129
359238
359456
359517
359564
359798
359879
359918
360032
360229
360374
360474
360649
360831
360900
360991
361028
361145
361251
361295
361476
361844
361907
362185
362220
362319
362378
362440
362484
362547
362643
362761
362782
362825
362874
362946
362996
363090
363241
363278
363382
363492
363582
363654
363822
363885
364050
364088
364120
364144
364176
364196
364210
364258
364349
364439
364505
364608
364666
364769
364832
364894
365044
365157
365244
365289
365439
365537
365613
365742
365881
365926
365949
365963
365992
366079
366131
366182
366367
366517
366561
366676
366748
366909
367091
367140
367187
367420
367533
367570
367620
367646
367793
367828
367853
367940
367954
367974
368151
368212
368344
368387
368458
368584
368756
368891
369106
369146
369240
369380
369524
369695
369872
369895
370005
370074
370132
370220
370290
370423
370584
370666
370846
370972
371048
371160
371243
371439
371458
371619
371634
371674
371749
371910
371955
372206
372280
372485
372542
372656
372751
372850
372892
372922
372974
372999
373164
373319
373368
373639
373747
373770
373849
373943
373976
374018
374061
374080
374134
374241
374342
374416
374485
374627
374763
374828
374954
375090
375328
375389
375561
375733
375862
375924
375974
375980
376025
376040
376072
376152
376220
376380
376435
376492
376692
376719
376978
377087
377115
377222
377273
377343
377420
377464
377568
377741
377892
378144
378490
378551
378617
378720
378781
378979
379036
379105
379126
379175
379319
379363
379441
379476
379603
379736
379923
379979
380083
380260
380513
380601
380773
380881
381006
381182
381251
381289
381369
381413
381489
381499
381535
381702
381742
381827
381904
382085
382207
382259
382435
382536
382636
382678
382828
382927
383042
383196
383337
383362
383428
383463
383528
383569
383660
383720
383853
384014
384054
384142
384284
384324
384430
384601
384665
384794
384893
384954
385063
385211
385273
385380
385487
385553
385622
385682
385908
386024
386118
386275
386408
386798
386836
386968
387053
387284
387378
387620
387676
387735
387830
387979
388040
388120
388177
388194
388262
388321
388552
388669
388716
388832
389052
389093
389215
389441
389541
389619
389883
390017
390148
390197
390232
390292
390357
390467
390531
390640
390727
390763
390870
391010
391141
391244
391343
391420
391542
391717
391838
391957
392080
392218
392296
392484
392554
392708
392846
392936
393019
393088
393245
393315
393353
393456
393564
393740
394066
394361
394395
394452
394525
394588
394626
394728
394906
394954
395051
395212
395235
395314
395355
395457
395574
395699
395812
395944
396058
396162
396355
396459
396491
396526
396667
396688
396782
396891
396997
397061
397157
397464
397481
397604
397861
398019
398165
398317
398410
398488
398592
398637
398709
398827
398873
399014
399176
399389
399472
399539
399765
399865
400011
400119
400216
400253
400294
400371
400395
400495
400599
400717
400780
400818
400952
401098
401211
401394
401540
401838
401871
401933
401956
402096
402304
402424
402528
402678
402729
402806
402876
402959
403061
403409
403438
403662
403799
404057
404122
404199
404248
404836
404853
404901
404919
404947
405075
405393
405616
405683
405901
406350
406375
406590
406606
406667
406703
406735
406806
406846
407002
407061
407143
407233
407362
407371
407553
407601
407616
407724
407797
407920
408024
408078
408096
408145
408260
408282
408365
408492
408519
408585
408738
408819
408933
409106
409148
409178
409239
409285
409337
409422
409484
409556
409666
409824
409862
409897
410090
410178
410263
410499
410544
410597
410625
410651
410684
410731
410750
410799
410834
410877
410927
410930
411078
411282
411407
411781
411918
411966
411988
412080
412100
412197
412288
412312
412357
412467
412515
412529
412644
412654
412783
412964
413420
413444
413717
413777
413803
413853
413914
414102
414137
414217
414435
414523
414612
414735
414836
414892
414937
415110
415354
415487
415523
415576
415900
415923
416184
416231
416311
416356
416641
416884
416944
417089
417237
417339
417475
417532
417624
417686
417874
418058
418241
418602
419055
419107
419193
419220
419283
419408
419577
419592
419677
419801
419822
419841
419859
419896
419967
420076
420131
420193
420378
420687
420796
420899
420927
421008
421036
421093
421180
421222
421417
421534
421562
421572
421868
421934
422062
422294
422321
422601
422767
422782
422818
422991
423008
423152
423230
423304
423364
423555
423704
423734
423817
423886
423972
423987
424246
424406
424443
424546
424619
424769
424812
424932
424977
425142
425202
425321
425529
425770
425841
425982
426090
426209
426244
426276
426456
426513
426632
426753
426882
426932
427009
427155
427347
427418
427528
427695
427781
