2535
5960
8446
11431
15145
27176
32098
35702
39007
42721
45716
48352
58855
61281
64785
68549
71624
74620
79272
81898
85512
89945
96984
99620
108955
114436
119128
122124
124909
130071
135252
137778
140514
143769
146644
149370
152026
154631
157127
160452
162429
166113
169008
172353
174220
177285
181098
183944
186450
189306
192800
194787
197063
200458
203473
205769
207916
210372
213347
216273
219318
222043
223231
227335
230011
232447
235682
238617
241522
244148
247313
250118
252734
255919
258785
261480
263277
266123
268689
271894
273860
276975
279002
281169
283425
289296
293659
296145
299080
301476
303064
306508
310132
313477
322462
326736
329341
332227
335951
339206
342137
344347
347802
351067
353822
356907
359423
362938
365753
368419
371354
374200
377285
383744
389505
393618
397702
399729
402884
409293
415204
417910
422931
425398
432276
435961
439385
442211
445485
447592
450497
453013
455899
458884
460791
463197
465903
468039
470545
472871
475827
478742
481038
486130
488157
490972
493109
495671
499878
503802
505000
508454
511030
513426
516232
519337
522542
524718
528712
530699
532845
535481
537208
538566
547262
552614
556348
558005
560970
562078
566511
