44
102
327
442
552
690
801
897
1021
1257
1318
1459
1555
1699
1947
2046
2206
2289
2425
2538
2636
2739
2770
2869
2966
3078
3171
3352
3529
3596
3731
3876
4024
4142
4228
4387
4568
4801
4902
5212
5392
5466
5566
5671
5770
5886
5977
6071
6225
6478
6594
6744
6930
6999
7163
7335
7562
7651
7803
8019
8202
8272
8499
8625
8731
8890
9004
9164
9359
9499
9599
9757
9862
9986
10017
10140
10252
10446
10534
10714
10809
10948
11060
11198
11337
11517
11804
11897
12045
12225
12307
12577
12680
12783
12933
13134
13263
13347
13400
13535
13634
13793
13840
14026
14078
14320
14393
14517
14580
14640
14756
14877
15103
15165
15332
15372
15416
15590
15702
15753
15885
15929
15983
16201
16306
16489
16580
16683
16802
16946
17072
17175
17279
17406
17522
17764
17876
17920
18023
18109
18310
18467
18614
18908
19025
19072
19138
19240
19332
19426
19555
19683
19814
19904
19951
20039
20139
20200
20383
20539
20708
20793
20878
20945
21080
21200
21302
21417
21549
21843
22071
22234
22351
22394
22500
22621
22697
22808
22854
23293
23366
23421
23470
23536
23752
23847
23925
23975
24014
24057
24121
24163
24223
24268
24323
24369
24440
24615
24715
24802
24918
24963
25045
25099
25199
25263
25342
25446
25508
25625
25699
25749
25846
26005
26107
26186
26268
26315
26358
26397
26433
26481
26539
26590
26672
26753
26827
26879
26926
27009
27154
27209
27266
27418
27584
27687
27796
27851
27964
28019
28078
28140
28199
28280
28547
28584
28636
28694
28881
28962
29005
29039
29077
29142
29175
29218
29252
29351
29450
29489
29557
29598
29654
29730
29817
29867
29975
30136
30367
30464
30502
30661
30784
30836
30893
30985
31111
31158
31229
31278
31381
31460
31558
31661
31831
31884
32014
32133
32183
32310
32444
32514
32571
32637
32733
32842
32971
33055
33101
33158
33266
33345
33414
33466
33760
33903
34026
34120
34208
34375
34419
34499
34549
34604
34663
34739
34788
34905
34951
35009
35097
35183
35253
35308
35473
35624
35917
36201
36243
36341
36420
36576
36687
36950
37017
37158
37193
37303
37334
37374
37438
37472
37532
37576
37639
37720
37765
37798
37832
37905
37956
38017
38053
38114
38165
38196
38234
38270
38345
38402
38443
38490
38567
38652
38744
38794
38834
38899
38955
39016
39106
39271
39359
39432
39497
39534
39586
39647
39703
39763
39835
39904
40010
40090
40154
40188
40220
40255
40313
40348
40414
40456
40528
40574
40626
40696
40739
40808
40860
40905
41068
41237
41306
41440
41570
41621
41665
41744
41799
41999
42052
42117
42175
42324
42374
42415
42489
42545
42583
42643
42799
42912
42964
42999
43084
43129
43242
43308
43403
43479
43604
43730
43782
43842
43953
44096
44152
44291
44350
44494
44582
44746
44834
44910
44976
45066
45149
45235
45295
45401
45498
45573
45651
45703
45815
45875
45977
46071
46128
46300
46631
46800
46845
46906
47002
47170
47240
47316
47403
47506
47570
47632
47675
47771
47840
47932
47985
48040
48091
48130
48207
48299
48435
48543
48610
48680
48848
48887
48943
48999
49056
49100
49164
49211
49249
49296
49365
49495
49711
49772
49848
49897
49973
50111
50156
50284
50342
50443
50613
50659
50797
50899
50965
51077
51127
51173
51262
51309
51436
51503
51731
51787
51887
52054
52231
52340
52487
52624
52701
52759
52871
53171
53296
53489
53547
53658
53831
53870
53907
53979
54023
54080
54125
54220
54296
54445
54556
54666
54717
54763
54802
54888
55176
55215
55274
55340
55407
55521
55623
55675
55727
55846
55996
56051
56178
56309
56346
56394
56448
56487
56581
56701
56796
57069
57117
57488
57784
57879
57994
58252
58312
58357
58402
58449
58515
58554
58590
58628
58702
58757
58815
58858
58980
59098
59201
59314
59374
59434
59483
59591
59644
59780
59850
59975
60036
60135
60218
60462
60546
60738
60781
61110
61198
61343
61453
61509
61570
61658
61705
61752
61810
61848
61915
61967
62029
62095
62179
62245
62330
62411
62574
62619
62722
62958
63218
63293
63420
63532
63604
63674
63815
63865
64017
64176
64215
64282
64362
64413
64475
64624
64692
64816
64874
64930
64996
65065
65132
65176
65255
65303
65397
65463
65632
65855
65932
66094
66134
66252
66328
66425
66508
66584
66698
66909
67085
67155
67243
67409
67492
67630
67707
67792
67922
68004
68056
68105
68178
68267
68314
68380
68440
68488
68540
68607
68653
68704
68795
68866
68982
69092
69236
69414
69650
69715
70029
70083
70172
70275
70410
70601
70837
70899
70971
71055
71119
71172
71274
71342
71398
71455
71559
71606
71716
71976
72134
72209
72283
72370
72488
72565
72736
72980
73105
73219
73292
73459
73555
73857
73912
73980
74059
74122
74214
74260
74298
74352
74521
74607
74770
74835
74941
75046
75164
75291
75423
75568
75639
75688
75775
75920
76097
76254
76379
76491
76571
76655
76753
76792
76853
76913
77011
77191
77250
77319
77388
77471
77593
77672
77845
77955
78139
78293
78406
78503
78622
78780
78842
78987
79031
79098
79164
79222
79262
79298
79355
79419
79529
79622
79696
79896
80063
80317
80515
80604
80696
80831
80975
81083
81155
81229
81295
81393
81442
81528
81588
81643
81708
81853
81984
82113
82222
82448
82737
82788
82926
83071
83135
83186
83272
83330
83381
83451
83541
83599
83646
83774
83837
84178
84265
84438
84518
84641
84711
84812
84896
84982
85112
85575
85908
86419
86561
86610
86661
86753
86852
86922
86999
87155
87267
87500
87700
87790
88069
88187
88255
88317
88383
88421
88463
88498
88554
88632
88816
89076
89311
89356
89590
89730
89804
89850
89899
89967
90052
90133
90184
90375
90488
90536
90681
90764
90887
91025
91082
91253
91352
91592
91687
91814
91865
91981
92066
92161
92285
92540
92749
92929
93045
93134
93184
93266
93359
93457
93519
93642
93721
93849
93905
94060
94115
94182
94327
94415
94462
94574
94645
94702
94819
94931
95034
95106
95252
95443
95569
95678
95792
95873
95910
96000
96125
96233
96348
96467
96566
96690
96857
96991
97144
97190
97322
97423
97608
97758
97830
98013
98067
98126
98214
98364
98584
98750
98887
99086
99184
99350
99407
99469
99514
99603
99734
99779
99855
99898
99940
100039
100207
100291
100379
100513
100580
100757
100923
101089
101270
101475
101576
101672
101753
101807
101876
102017
102104
102158
102215
102261
102349
102581
102702
102814
102951
103076
103242
103347
103475
103551
103618
103709
103754
103859
103928
103980
104112
104277
104383
104471
104578
104692
104780
104901
104985
105121
105196
105345
105439
105571
105716
105769
105828
105888
105934
105978
106027
106126
106200
106488
106706
106846
106908
106993
107049
107112
107192
107266
107318
107589
107656
107918
108146
108264
108368
108469
108544
108653
108693
108750
108814
108950
109109
109240
109394
109481
109594
109661
109827
110022
110250
110407
110498
110562
110629
110710
110772
110822
110877
110985
111051
111169
111278
111445
111526
111624
111800
111977
112098
112240
112350
112472
112618
112684
112803
112880
112962
113027
113156
113254
113332
113398
113524
113795
113892
114007
114086
114176
114267
114436
114566
114660
114789
114859
115027
115195
115349
115474
115589
115743
115863
115915
115984
116145
116213
116255
116317
116433
116497
116703
116778
116961
117216
117282
117545
117724
117880
117938
118036
118166
118278
118363
118457
118615
118667
118741
118809
118857
118981
119135
119285
119435
119553
119612
119841
119935
120049
120195
120263
120384
120557
120779
120893
121007
121138
121216
121375
121444
121610
121679
121770
121862
121915
121970
122027
122131
122323
122366
122537
122756
122820
122934
123024
123101
123194
123296
123379
123491
123586
123661
123924
124106
124177
124262
124383
124540
124592
124650
124716
124798
124851
125078
125194
125398
125607
125736
125892
126000
126192
126323
126373
126496
126602
126765
126866
126992
127204
127298
127430
127473
127542
127589
127636
127740
127831
127867
127915
128146
128480
128640
128951
129084
129181
129317
129445
129511
129648
129741
129790
129956
130001
130162
130250
130434
130612
130812
130925
131010
131126
131194
131364
131419
131619
131717
131837
131933
132108
132189
132399
132457
132591
132689
132748
132822
132887
132947
133167
133388
133513
133772
133846
133980
134049
134148
134275
134424
134552
134637
134748
134797
134883
134958
135054
135125
135214
135337
135390
135458
135611
135771
135877
136068
136189
136396
136646
136791
136840
137018
137112
137187
137303
137389
137481
137565
137644
137778
137825
137890
138004
138058
138208
138280
138489
138641
138827
138928
139036
139173
139313
139389
139566
139658
139740
139851
139923
140213
140285
140395
140563
140796
140946
141128
141305
141707
141784
141855
141978
142266
142596
142651
142880
142986
143094
143454
143520
143603
143810
143967
144064
144175
144319
144454
144539
144783
144844
144989
145104
145195
145479
145531
145697
145742
145848
145959
146054
146115
146215
146286
146371
146418
146496
146581
146711
146770
146886
146948
147152
147231
147312
147485
147623
147781
147932
148105
148219
148307
148394
148551
148736
148820
149050
149143
149209
149319
149379
149439
149493
149581
149706
149999
150275
150407
150479
150637
150763
150872
150973
151079
151126
151259
151303
151388
151579
151637
151806
151947
152105
152167
152295
152431
152511
152642
152811
152932
153044
153157
153232
153364
153494
153599
153678
153820
153888
154032
154129
154280
154356
154477
154574
154675
154825
155019
155230
155332
155548
155638
155741
155816
155907
156060
156118
156165
156270
156378
156453
156600
156686
156791
156867
157048
157118
157179
157294
157397
157634
157848
157994
158053
158444
158554
158638
158753
158968
159103
159159
159407
159473
159648
159783
160014
160069
160120
160207
160296
160363
160426
160502
160596
160873
161105
161240
161398
161521
161824
161921
162044
162197
162267
162348
162437
162477
162573
162637
162786
162926
163192
163325
163468
163588
163710
163839
164094
164179
164291
164458
164568
164665
164723
164818
165001
165160
165289
165450
165631
165791
165873
165970
166108
166150
166216
166264
166345
166464
166671
166816
166867
167081
167210
167306
167366
167421
167498
167588
167664
167733
167896
168032
168121
168381
168436
168525
168609
168711
168839
168930
169043
169144
169430
169622
169751
169921
169973
170136
170253
170427
170623
170868
170939
171082
171159
171328
171403
171531
171586
171656
171755
171918
172050
172160
172242
172302
172382
172675
172858
173011
173143
173227
173342
173486
173590
173778
173915
173982
174089
174168
174270
174423
174511
174754
174936
175131
175372
175453
175515
175610
175796
176025
176233
176391
176477
176565
176702
176864
176925
177056
177244
177368
177527
177624
177697
177786
177910
178031
178175
178244
178357
178541
178751
178860
178953
179053
179364
179454
179651
179781
179923
180078
180154
180255
180378
180466
180582
180686
180751
180790
180842
180956
181081
181270
181421
181608
181766
181941
182007
182113
182263
182387
182573
182725
182854
183020
183112
183253
183316
183507
183645
183704
183801
183939
184115
184168
184323
184404
184893
185004
185170
185222
185397
185561
185755
185859
185917
186076
186205
186304
186470
186555
186643
186752
186867
186991
187133
187259
187402
187536
187605
187716
187934
188156
188252
188381
188488
188652
188772
188909
189012
189122
189215
189330
189404
189515
189616
189682
189762
189844
189979
190076
190191
190427
190496
190547
190771
191092
191250
191301
191383
191513
191714
191781
191873
192094
192189
192256
192367
192435
192556
192624
192754
192901
193052
193240
193470
193527
193612
193852
194092
194221
194272
194389
194481
194597
194703
194750
194831
194886
195012
195070
195253
195420
195501
195766
195909
196013
196103
196247
196472
196542
196793
196853
196944
197120
197239
197369
197462
197572
197653
197877
197933
198017
198174
198241
198428
198482
198642
198732
198837
198938
199035
199102
199302
199419
199476
199547
199688
199789
199896
199983
200084
200171
200260
200401
200480
200599
200683
200803
200913
201043
201112
201255
201424
201583
201666
201772
201874
202000
202199
202257
202326
202567
202642
202725
202848
203005
203134
203232
203283
203332
203386
203465
203553
203613
203699
203820
203994
204128
204256
204521
204699
204787
204874
205064
205118
205189
205337
205463
205518
205606
205749
205815
205953
206048
206158
206220
206332
206378
206516
206771
206998
207069
207307
207370
207451
207523
207641
207702
207866
207917
208035
208097
208258
208491
208667
208794
208872
208982
209166
209326
209445
209526
209689
209908
210035
210159
210286
210365
210477
210533
210821
210947
211087
211289
211414
211746
211855
211962
212142
212227
212468
212657
212788
212866
212972
213041
213118
213283
213471
213533
213626
213675
213829
213921
213977
214129
214307
214358
214538
214616
214744
214849
215008
215123
215280
215425
215595
215659
215734
215896
215974
216122
216240
216377
216503
216646
216716
216863
216954
217094
217225
217402
217497
217586
217705
217783
217894
218022
218145
218232
218363
218473
218551
218833
218958
219078
219137
219226
219331
219398
219465
219507
219595
219732
219936
220225
220317
220385
220485
220572
220747
220872
221000
221218
221435
221498
221605
221655
221728
221818
221856
221938
221986
222087
222138
222215
222344
222403
222511
222953
223119
223183
223304
223360
223454
223546
223610
223782
223954
224259
224337
224465
224629
224718
224867
224966
225146
225282
225534
225633
225774
225906
225968
226136
226199
226260
226381
226515
226569
226700
226758
226839
226987
227094
227229
227311
227370
227811
227971
228113
228274
228350
228410
228679
228759
228992
229117
229306
229403
229533
229710
229828
229949
230011
230142
230332
230474
230552
230649
230823
230945
231031
231098
231356
231399
231526
231599
231717
231793
231954
232051
232121
232297
232340
232401
232492
232603
232656
232736
232852
232930
232995
233077
233196
233353
233416
233518
233705
233902
233997
234285
234469
234668
234723
234956
235017
235225
235317
235499
235589
235740
235801
235880
235988
236042
236187
236478
236522
236623
236735
236826
236923
237052
237098
237170
237431
237596
237808
237891
238027
238102
238168
238272
238371
238470
238682
238764
238913
239016
239203
239314
239440
239531
239637
239727
239909
240043
240174
240336
240475
240654
240748
240903
240963
241117
241220
241325
241431
241497
241637
241725
241771
241912
242015
242058
242150
242263
242434
242590
242666
242805
243024
243089
243278
243394
243474
243571
243675
243790
243882
244006
244089
244151
244209
244279
244334
244405
244494
244690
244764
244825
244930
245012
245185
245243
245468
245641
245752
245876
245965
246045
246161
246355
246500
246641
246745
246877
247039
247186
247290
247352
247409
247473
247568
247637
247700
247841
247923
248054
248232
248283
248442
248563
248688
248753
248892
249125
249457
249546
249651
249738
249820
249993
250071
250135
250199
250266
250388
250453
250517
250574
250688
250800
250952
251077
251232
251298
251369
251488
251561
251636
251805
251986
252109
252278
252411
252493
252694
252760
252793
252933
252995
253111
253174
253330
253426
253523
253700
253827
253937
254067
254201
254282
254436
254572
254699
254765
254844
255128
255193
255283
255453
255617
255781
255821
255861
255977
256022
256107
256227
256327
256411
256553
256667
256780
256874
257055
257212
257324
257465
257639
257744
257894
257976
258092
258173
258278
258428
258481
258570
258627
258801
259120
259183
259271
259440
259575
259726
259876
259943
260006
260136
260253
260374
260577
260643
260768
260893
261055
261143
261282
261328
261415
261486
261721
261762
261919
262000
262201
262331
262604
262672
262747
262850
262966
263073
263162
263267
263343
263398
263522
263647
263757
263858
263998
264059
264126
264231
264302
264408
264467
264560
264717
264827
264927
265000
265112
265186
265349
265593
265684
265750
265803
265901
266036
266199
266355
266480
266659
266709
266786
266883
266976
267095
267335
267494
267580
267738
267887
267993
268098
268249
268336
268461
268527
268645
268758
268878
268945
269024
269135
269238
269331
269440
269541
269700
269749
269994
270091
270260
270371
270459
270628
270930
271015
271085
271287
271402
271501
271622
271740
271827
271917
272063
272147
272238
272376
272553
272675
272828
272914
273306
273391
273523
273676
273786
273872
273921
273990
274202
274274
274366
274481
274586
274706
274812
274942
275019
275134
275194
275517
275636
275764
275844
276073
276169
276354
276453
276585
276823
276918
277005
277079
277133
277212
277415
277463
277522
277581
277693
277869
277928
278130
278230
278385
278491
278609
278706
278781
278858
278994
279062
279113
279297
279458
279521
279694
279742
279890
279959
280178
280260
280461
280575
280685
280779
280828
280916
281099
281148
281242
281321
281367
281436
281590
281744
281842
281916
282129
282332
282444
282776
282828
282957
283044
283119
283201
283419
283474
283529
283620
283824
283908
284249
284378
284554
284606
284674
284827
284925
285036
285121
285169
285210
285256
285317
285363
285436
285523
285600
285648
285699
285759
285820
285918
286108
286279
286546
286626
286800
286945
287018
287057
287104
287164
287283
287337
287596
287773
287827
287953
288042
288197
288562
288729
288839
289077
289358
289554
289844
289953
290191
290377
290468
290592
290735
290929
291045
291203
291495
291574
291668
291854
292003
292123
292184
292313
292388
292495
292574
292711
292753
292826
292874
292967
293030
293124
293205
293286
293438
293552
293623
293800
293857
293930
294065
294264
294322
294522
294603
294754
294844
294949
295211
295303
295489
295560
295764
295910
296008
296092
296175
296368
296548
296620
296768
296851
296958
297036
297133
297240
297425
297597
297698
297842
297939
298170
298274
298453
298532
298614
298762
298878
299005
299051
299128
299204
299303
299371
299451
299580
299791
299910
299960
300049
300135
300277
300323
300385
300444
300502
300563
300668
300775
300909
301031
301153
301233
301302
301359
301455
301599
301660
302025
302177
302276
302476
302551
302668
302762
302807
302930
302984
303087
303155
303205
303263
303337
303418
303556
303829
303910
304047
304289
304370
304557
304684
304835
305029
305187
305285
305375
305438
305520
305596
305707
305910
306169
306475
306577
306627
306706
306755
306813
306899
306984
307031
307178
307364
307588
307780
307855
308028
308103
308237
308361
308515
308648
308983
309084
309371
309436
309524
309774
309874
309942
310001
310054
310168
310346
310496
310686
310839
311030
311238
311346
311510
311645
311812
311981
312028
312187
312467
312556
312683
312783
312928
313016
313097
313146
313275
313372
313520
313611
313761
313871
314061
314247
314305
314436
314549
314846
314925
315021
315183
315270
315370
315579
315725
315829
315943
316066
316210
316264
316433
316533
316661
316717
316832
316980
317114
317259
317534
317708
317886
318049
318225
318453
318807
318928
319018
319204
319336
319479
319577
319758
319830
319992
320105
320345
320650
320752
320909
320971
321118
321175
321286
321551
321667
321752
321965
322119
322161
322419
322614
322714
322801
322908
323084
323277
323491
323549
323663
324032
324129
324227
324315
324412
324501
324690
324751
324881
325018
325145
325198
325316
325402
325645
325786
325953
326043
326282
326388
326499
326558
326645
326711
326793
326847
326964
327068
327220
327355
327445
327628
327695
327744
327845
327943
328177
328333
328498
328673
328798
328894
328986
329033
329126
329212
329288
329362
329490
329671
329788
329939
330040
330106
330210
330294
330491
330593
330827
330913
331215
331288
331350
331399
331459
331597
331704
331798
332008
332116
332154
332257
332350
332621
332774
333006
333127
333295
333594
333830
333908
333984
334065
334257
334427
334544
334586
334802
334940
335106
335166
335252
335485
335648
335765
335821
335867
335933
335972
336013
336089
336154
336318
336406
336569
336831
336963
337102
337212
337344
337406
337641
337921
337996
338189
338273
338385
338458
338607
338718
338768
338820
338945
339067
339142
339202
339263
339316
339429
339595
339669
339790
339986
340137
340452
340551
340655
340729
340980
341127
341395
341546
341642
341797
341852
341925
342011
342131
342198
342252
342313
342364
342457
342515
342683
342846
342918
343027
343123
343234
343317
343400
343531
343636
343706
343789
343937
344251
344391
344532
344615
344749
344805
344921
345020
345181
345276
345465
345512
345582
345740
345794
345845
346021
346092
346192
346274
346331
346482
346638
346707
346766
346905
346955
347056
347199
347358
347428
347541
347636
347735
347982
348150
348398
348629
348693
348797
348931
349069
349205
349291
349411
349609
349842
349922
349979
350135
350285
350342
350463
350789
350893
350944
350999
351087
351163
351322
351452
351658
351877
351951
352116
352239
352406
352528
352603
352857
352933
353154
353298
353417
353471
353539
353761
353895
354057
354162
354370
354440
354668
354957
355099
355184
355354
355522
355636
355688
355797
355896
355958
356052
356168
356298
356407
356516
356610
356808
357102
357230
357337
357512
357763
357904
358006
358105
358322
358401
358557
358664
358763
358882
359001
359148
359254
359338
359399
359457
359552
359763
359836
359934
360025
360147
360260
360395
360527
360653
360869
360959
361205
361330
361421
361524
361764
361839
362014
362129
362238
362313
362442
362495
362586
362671
362864
363036
363123
363191
363409
363537
363641
363785
363956
364101
364278
364408
364546
364676
364790
364934
365095
365282
365393
365498
365712
365786
365917
365986
366206
366432
366605
366689
366853
366990
367143
367484
367556
367670
367874
367987
368073
368164
368266
368334
368472
368707
368763
368917
369056
369181
369336
369453
369551
369701
369810
369915
369976
370096
370275
370381
370574
370631
370778
370964
371072
371286
371390
371460
371557
371637
371739
371954
372159
372333
372534
372668
372730
372791
372879
373030
373177
373232
373390
373543
373668
373727
373869
373984
374218
374333
374452
374588
374731
374883
375146
375244
375374
375458
375622
375749
375828
375905
376061
376380
376481
376617
376750
376881
377088
377343
377401
377515
377625
377783
378050
378103
378182
378288
378378
378464
378539
378679
378900
379031
379140
379390
379590
379703
379892
379955
380106
380192
380298
380374
380731
380871
380991
381142
381237
381446
381500
381583
381753
381824
381989
382151
382233
382352
382595
382673
382784
382956
383052
383152
383212
383305
383458
383630
383741
383821
384055
384241
384355
384548
384720
384827
384918
385100
385237
385409
385591
385697
385889
386333
386478
386548
386628
386695
386751
386949
387225
387423
387755
387887
387967
388056
388239
388474
388582
388756
388834
389072
389197
389305
389449
390231
390424
390952
391046
391084
391169
391429
391517
391645
391716
391824
392254
392318
392380
392519
392575
392720
392841
392914
393026
393141
393216
393313
393366
393442
393566
393615
393721
393759
393831
393874
393915
394052
394097
394299
394371
394783
394883
394995
395082
395297
395505
395567
395629
395691
395789
395857
395919
396010
396192
396235
396300
396442
396525
396565
396679
396732
396778
396829
396912
396990
397057
397112
397189
397277
397352
397402
397486
397558
397668
397970
398065
398202
398281
398383
398472
398571
398657
398756
398799
398986
399038
399115
399198
399415
399477
399553
399628
399739
399807
399957
400134
400290
400341
400542
400724
400857
400971
401078
401193
401347
401468
401508
401595
401700
401775
401851
401928
401977
402062
402120
402172
402305
402461
402573
402629
402675
402736
402845
402940
402977
403135
403244
403312
403390
403746
403811
403898
403994
404126
404291
404399
404464
404564
404609
404646
404729
404779
404905
405016
405145
405210
405364
405587
405708
405843
406031
406104
406193
406256
406403
406528
406793
406974
407034
407093
407170
407272
407437
407650
407711
407868
407960
408050
408323
408441
408520
408630
408778
408913
409053
409148
409227
409408
409481
410322
410486
410537
410590
410882
411038
411105
411210
411327
411412
411564
411642
411727
411788
411846
412018
412079
412163
412225
412297
412557
412742
412822
412875
412921
412997
413068
413114
413189
413249
413344
413535
413618
413695
413743
413783
413982
414099
414148
414227
414330
414376
414451
414635
414854
414992
415130
415436
415561
415759
415900
415999
416098
416436
416473
416572
416701
417046
417135
417389
417496
417583
417711
417781
417821
417876
418039
418149
418202
418413
418687
418826
418929
419107
419362
419571
419628
419710
419932
420075
420209
420258
420339
420416
420463
420626
420757
420943
421214
421259
421338
421427
421550
421638
421700
421779
421844
422022
422152
422317
422387
422521
422613
422690
422796
422970
423033
423148
423330
423434
423528
423659
423792
423887
424042
424155
424225
424313
424446
424550
424702
424880
424989
425056
425146
425205
425276
425342
425464
425523
425670
425859
425925
426215
426325
426672
426886
427009
427145
427330
427421
427511
427584
427652
427768
427856
427923
427984
428079
428184
428247
428292
428615
428714
428837
428932
429018
429085
429213
429296
429387
429473
429647
429732
429893
429984
430068
430181
430254
430314
430424
430508
430573
430680
430756
430808
430967
431041
431095
431180
431273
431345
431406
431485
431540
431598
431670
431744
431832
431940
432162
432232
432446
432550
432650
432793
432850
432931
433032
433081
433150
433228
433284
433422
433543
433666
433752
433859
434008
434152
434314
434346
434433
434498
434571
434802
434879
434970
435071
435148
435278
435362
435433
435513
435569
435662
435849
435927
435974
436052
436168
436288
436371
436643
436724
436836
436918
437202
437282
437355
437475
437683
437759
437838
437977
438112
438325
438403
438540
438678
438726
438811
438937
439007
439110
439208
439329
439385
439561
439671
439790
439983
440146
440377
440439
440555
440656
440836
440948
441055
441251
441330
441429
441517
441587
441664
441769
441921
442003
442164
442217
442277
442363
442517
442559
442725
442939
443072
443244
443355
443412
443535
443648
443705
443803
443881
443944
444038
444143
444273
444373
444457
444542
444622
444708
444794
445059
445227
445291
445418
445583
445790
445851
445992
446155
446298
446398
446486
446576
446726
446803
446954
447012
447096
447185
447284
447433
447531
447685
447860
447991
448222
448287
448446
448547
448659
448968
449028
449158
449324
449428
449504
449570
449625
449742
449824
449916
450040
450249
450369
450475
450538
450704
450877
451036
451246
451367
451487
451633
451717
451856
452011
452093
452207
452321
452484
452595
452703
452930
453045
453216
453395
453527
453716
453812
453920
454044
454395
454500
454686
454823
454911
455083
455191
455373
455478
455563
455733
455789
455873
455962
456058
456145
456251
456429
456513
456625
456700
456891
456979
457123
457182
457392
457507
457569
457662
457790
457950
458043
458158
458283
458397
458500
458753
458831
458939
459080
459170
459435
459570
459673
459782
459959
460110
460183
460371
460489
460591
460668
460810
460899
461026
461121
461226
461402
461529
461653
461754
461893
461994
462081
462241
462417
462556
462691
462743
462824
462880
463007
463165
463346
463599
463677
463847
464037
464143
464211
464411
464477
464578
464997
465254
465381
465422
465544
465644
465720
465817
466002
466154
466261
466359
466518
466592
466668
466829
467035
467131
467284
467508
467615
467672
467839
467924
468024
468172
468306
468351
468504
468577
468861
468941
469031
469170
469285
469417
469543
469678
469853
469952
470162
470214
470298
470426
470501
470561
470701
470775
470888
471016
471125
471269
471503
471575
471698
471764
471869
472067
472130
472210
472363
472448
472541
472706
472807
472881
473078
473184
473416
473501
473601
473724
473815
473917
474132
474205
474371
474586
474669
474797
474907
475117
475255
475399
475468
475526
475649
475767
475904
475973
476108
476228
476337
476422
476554
476713
476774
476947
477116
477228
477422
477507
477657
477782
477866
477957
478126
478230
478367
478443
478591
478744
478842
478917
479078
479157
479250
479383
479531
479624
479773
479962
480081
480229
480408
480626
480795
480885
480989
481067
481177
481230
481303
481409
481548
481796
481887
481964
482228
482339
482408
482552
482779
482954
483084
483289
483501
483600
483721
483788
483935
484071
484145
484356
484754
484847
485155
485220
485349
485438
485530
485604
485697
485823
485971
486022
486095
486174
486276
486356
486480
486661
486728
486862
487002
487122
487224
487422
487515
487710
487778
487840
487894
487956
488006
488050
488128
488249
488369
488465
488598
488686
488819
488912
489004
489184
489327
489444
489519
489699
489827
489933
490092
490261
490336
490389
490433
490492
490609
490691
490772
490987
491167
491241
491386
491488
491679
491891
491970
492047
492310
492453
492520
492600
492656
492833
492898
492953
493070
493114
493164
493371
493462
493624
493697
493798
493954
494156
494321
494566
494636
494760
494930
495104
495305
495512
495565
495705
495804
495892
496010
496110
496273
496464
496576
496786
496942
497048
497190
497303
497529
497578
497769
497814
497884
497989
498180
498255
498536
498640
498875
498962
499106
499231
499360
499432
499492
499574
499629
499824
500009
500088
500389
500527
500580
500689
500813
500876
500948
501021
501070
501154
501291
501422
501526
501625
501797
501963
502058
502214
502380
502648
502739
502941
503143
503302
503394
503474
503510
503585
503630
503692
503802
503900
504090
504175
504262
504492
504549
504838
504977
505035
505172
505253
505353
505460
505534
505668
505871
506052
506334
506710
506801
506897
507030
507121
507349
507436
507535
507586
507665
507839
507913
508021
508086
508243
508406
508623
508709
508843
509050
509333
509451
509653
509791
509946
510152
510251
510319
510429
510503
510609
510649
510715
510912
510982
511097
511204
511415
511567
511649
511855
511986
512116
512188
512368
512497
512642
512826
512997
513052
513148
513213
513308
513379
513500
513590
513753
513944
514014
514132
514304
514374
514510
514711
514805
514964
515093
515184
515323
515501
515593
515730
515867
515963
516062
516152
516408
516554
516678
516865
517028
517448
517516
517678
517793
518054
518178
518450
518536
518625
518750
518929
519020
519130
519217
519264
519362
519451
519712
519859
519936
520082
520332
520403
520555
520811
520941
521049
521343
521507
521668
521747
521812
521902
521997
522137
522231
522370
522487
522553
522690
522860
523021
523154
523283
523390
523542
523747
523898
524047
524200
524368
524476
524694
524794
524978
525146
525266
525379
525478
525665
525765
525833
525966
526104
526310
526666
526991
527055
527142
527245
527338
527406
527538
527746
527824
527951
528142
528195
528304
528375
528507
528654
528809
528952
529114
529258
529392
529615
529749
529811
529876
530047
530098
530222
530361
530497
530591
530717
531054
531101
531254
531541
531729
531905
532087
532210
532318
532452
532527
532629
532777
532853
533024
533216
533459
533572
533669
533925
534055
534231
534369
534496
534563
534634
534741
534795
534925
535059
535207
535300
535368
535532
535708
535851
536064
536240
536568
536631
536723
536776
536946
537184
537334
537468
537648
537729
537836
537936
538049
538181
538559
538618
538872
539039
539327
539422
539529
539608
540226
540273
540351
540399
540457
540615
540963
541216
541313
541561
542040
542095
542340
542386
542477
542543
542605
542706
542776
542962
543051
543163
543283
543442
543481
543693
543771
543816
543954
544057
544210
544344
544428
544476
544555
544700
544752
544865
545022
545079
545175
545358
545469
545613
545816
545888
545948
546039
546115
546197
546312
546404
546506
546646
546834
546902
546967
547190
547308
547423
547689
547764
547847
547905
547961
548024
548101
548150
548229
548294
548367
548447
548480
548658
548892
549047
549451
549618
549696
549748
549870
549920
550047
550168
550222
550297
550437
550515
550559
550704
550744
550903
551114
551600
551654
551957
552047
552103
552183
552274
552492
552557
552667
552915
553033
553152
553305
553436
553522
553597
553800
554074
554237
554303
554386
554740
554793
555084
555161
555271
555346
555661
555934
556024
556199
556377
556509
556675
556762
556884
556976
557194
557408
557621
558012
558495
558577
558693
558750
558843
558998
559197
559242
559357
559511
559562
559611
559659
559726
559827
559966
560051
560143
560358
560697
560836
560969
561027
561138
561196
561283
561400
561472
561697
561844
561902
561942
562268
562364
562522
562784
562841
563151
563347
563392
563458
563661
563708
563882
563990
564094
564184
564405
564584
564644
564757
564856
564972
565017
565306
565496
565563
565696
565799
565979
566052
566202
566277
566472
566562
566711
566949
567220
567321
567492
567630
567779
567844
567906
568116
568203
568352
568503
568662
568742
568849
569025
569247
569348
569488
569685
569801
