640
963
1695
1740
2204
3032
3662
4355
4554
4780
5194
5441
6474
6902
7544
7938
8637
9077
9424
9766
10676
11345
11721
11815
12393
13730
14715
15456
16487
17026
17483
18095
18169
18797
19562
20079
20754
21396
21701
22180
22383
22688
23136
23484
23883
24385
25090
25572
26046
26346
26789
26819
27142
27498
27801
27953
28459
28778
29201
29473
29894
30497
30891
31110
31672
33190
34075
34498
34930
35443
35880
36221
36459
36874
37325
38125
38257
38416
38775
39116
39447
39516
39724
39817
40464
40751
41049
41434
42084
42186
42592
43013
43228
43631
44317
45648
46153
47185
47747
48151
48200
48464
48958
49482
49668
50451
50599
50977
51219
51645
52453
52892
53216
53428
53907
53929
54468
54980
55311
55481
55974
56118
56295
56668
56892
57437
57669
58006
58190
58585
59301
59570
59964
60499
60705
62484
62732
63012
63371
63791
64093
64224
65143
65628
66203
66762
67208
67412
67718
67780
68658
69008
69206
69810
70838
71008
71501
72953
73841
74247
74887
75124
75554
76313
76613
76830
77589
78121
78403
78676
79205
79689
80087
80411
80701
81037
81139
81370
81450
82364
82804
82933
83128
83371
83822
84251
84662
85039
85484
86249
86703
87013
87550
87882
88588
89083
89465
89518
89922
90194
90490
90809
90866
91277
91413
92221
92414
92814
93233
93668
94246
94634
94994
95317
96094
97340
99142
99768
100949
101123
101388
101804
102325
102592
103394
103808
104720
105139
105344
106077
106910
108161
108728
108987
109783
110353
110986
111029
111747
112018
112734
113188
113441
114449
115051
115470
115743
115910
116221
116762
118187
118401
118768
119274
119583
119931
120680
121141
121529
121651
121726
122945
123024
123394
123655
123702
124342
124597
124720
124994
125220
125524
125990
126371
126641
126992
127346
127577
128640
128785
129022
129215
129639
129790
130212
130534
130880
131113
131542
132726
133242
133510
133771
133886
134575
134969
135256
135638
136291
136857
136995
137511
138681
139044
139440
139664
139961
140225
140624
140868
142069
142372
142687
143183
143599
144054
144451
144737
145251
145348
146417
146780
147007
147172
147629
147961
148454
148868
149158
149761
150495
150688
151559
152361
153031
153243
153329
154084
154356
154578
155072
155704
155783
155957
156077
156394
156669
156823
157032
157294
157690
157824
158259
158535
158939
159152
159298
159701
159768
160075
160250
160542
161090
161325
162426
162650
162853
163134
164170
166079
166401
167409
167521
168118
168483
168670
169009
169463
169799
170055
170703
171057
171432
172536
172943
173109
173518
173935
174176
174311
174727
175188
175499
176229
176791
177380
177906
178137
178497
178709
179070
180500
180550
181265
181840
182185
182481
182852
184112
185253
185590
185842
186612
186976
187314
187800
189295
190749
191055
191704
192057
192572
193315
193777
194017
194491
194865
195119
195570
196140
196856
197293
198202
198465
199105
200266
200716
201594
202267
203303
204509
204872
205309
205532
206007
206227
206767
207320
207951
208196
208669
209366
209628
211502
211783
212996
213676
213975
214898
215405
215789
216254
216777
217149
217529
217703
218343
218819
219042
219312
219458
219869
220158
220846
221260
222885
222965
223362
224123
224330
224626
225298
225777
226390
226598
226873
227506
228245
228674
229133
229423
229963
230255
230376
231072
231352
231577
231787
232183
232622
232998
233654
233998
234482
235195
235444
235940
236240
236629
237035
237474
238281
238587
239707
240355
240876
240966
241462
242212
242463
242769
243089
243406
243940
244676
245721
245844
246123
246272
246628
247111
247423
247874
247948
248182
248444
248564
248721
248914
249173
249362
249641
249771
249872
250074
250232
250352
250737
250796
251341
251717
251962
252191
252279
252735
252941
253231
253355
253502
253855
254032
254263
254464
254623
255066
255302
255440
255808
256251
256311
256522
256757
256901
257487
257508
257722
257983
258505
258651
258864
259533
260110
260568
260654
260885
261333
261802
262478
263310
263657
263956
264020
264746
264922
265253
265597
266223
267468
267940
268783
269419
269630
270012
270186
270490
271055
271308
271553
272110
272910
274109
274717
277108
277770
279124
280094
280609
282418
283612
285505
286954
287665
288138
288495
288714
288899
289677
291112
291386
291951
292491
293085
293509
294367
295367
296049
296198
296509
296971
297395
297756
298163
298604
298714
299093
299150
299695
301242
301701
302041
302536
303045
303626
304137
304217
304615
304934
306055
306703
306963
307220
307499
307959
308043
308128
308316
308526
308643
308799
308996
310262
310431
310968
312033
312177
312393
312493
313285
314002
314235
314401
314752
315303
315464
315499
315837
316374
316683
316721
317587
318670
318807
319118
319184
319719
319915
319978
320740
320865
321187
321877
322067
322293
322673
322964
323256
324195
324725
325359
325692
325962
326312
326542
326606
326872
327832
328399
328816
329464
329810
331227
331489
332112
332644
333593
333849
334377
334663
335088
335293
335573
335858
336996
337419
337778
338296
338827
339230
339578
339876
340168
340693
341010
341453
342388
342907
343129
343760
344089
344227
344479
345064
345946
346469
347115
347585
347888
348138
348411
348731
349169
349217
350023
350741
351178
352034
353170
353587
353864
355388
355654
356642
356929
357390
357845
358012
358471
358737
358973
359162
359628
359731
360946
361199
361265
361351
362170
362750
365510
365549
365618
366577
367309
367676
368100
368458
368594
369127
369179
369310
369496
369671
371175
371248
371353
371565
371723
372157
372220
372425
372495
372708
372840
373011
373150
373403
373556
373627
373729
373813
373849
374020
374222
374683
374845
375029
375219
375342
375510
375591
375859
376052
376085
376344
376546
376724
376782
376979
377110
377308
377678
378092
378356
378390
378504
378710
378739
378805
379064
379313
379374
379901
379946
380089
380283
380438
380539
381518
381609
381751
381852
382184
382303
382394
382558
382717
383220
383293
383539
383850
383933
384048
384070
384253
384388
384606
384642
384742
384851
384953
385143
385578
385750
385776
385860
386016
386177
386366
386473
386531
386579
386657
386818
386829
387180
387197
387607
387767
388105
388524
388538
388826
388886
388940
389091
389148
389482
389886
390090
390272
390444
390662
390731
390866
391015
391040
391117
391408
391582
391590
391653
391815
392135
392316
392432
392532
392590
392993
393057
393325
393668
393714
393849
394024
394347
394395
394473
394558
394659
394681
394822
395250
395265
395634
396032
396116
396662
396920
397108
397238
397515
398027
398174
398385
398626
398684
398957
399072
399114
399262
399521
399680
399833
400768
400871
400970
401153
401184
401378
401411
401724
401822
401827
401887
401962
402114
402340
402378
402680
402755
402759
402774
402804
403279
403344
403381
403402
403720
404119
404341
404551
404678
404797
404874
404876
404962
405005
405136
405344
406084
406184
407359
407537
407793
407981
408046
408053
408155
408327
408460
408521
408615
408723
408855
409091
409425
409530
409540
409634
409737
409915
409980
410109
410433
410686
410819
410945
411118
411239
411265
411392
411516
411526
411633
411808
411983
412171
412309
412537
412623
412805
412978
413068
413164
413360
413543
413752
413913
414079
414266
414577
415304
415663
415777
416090
416112
416332
416511
416934
417176
417283
417521
417905
418108
418273
418417
418562
418612
418934
418983
419074
419201
419275
419311
419664
419702
419905
420009
420140
420276
420632
420992
421198
421375
421467
421649
421707
421761
421827
422136
422228
422552
422575
422728
422806
423049
423237
423322
423430
423544
423767
424773
425126
425300
425367
425554
425579
425610
425684
425761
425833
425934
425956
426188
426200
426237
426463
426634
426708
426997
427367
427377
427896
427988
428196
428685
428826
429081
429358
429435
429519
429816
429915
430306
430723
430773
430903
430979
431064
431140
431243
431431
431767
431905
432285
432621
432848
433156
433315
433391
433573
433889
433998
434292
434470
434684
434694
434999
435215
435823
435994
436004
436084
436666
436854
436876
437105
437441
437557
437694
438134
438307
438402
438651
438705
438916
439159
439212
439676
439850
440268
440457
440643
440736
441144
441454
441531
441841
441861
442132
442234
442478
442595
442925
443403
443703
444471
444797
445513
445689
445855
446273
446502
446695
446800
446946
447063
447501
447520
447762
447774
448464
448770
448785
448951
449131
449292
449313
449482
449798
449815
450314
450873
451506
451602
451647
451758
451850
452124
452555
452837
452920
453170
453497
453638
453941
454056
454530
455268
456375
457321
457761
457938
458171
458367
459367
459850
460193
460625
460787
461348
461352
461543
461790
462154
462215
462350
464142
464667
465091
465263
465479
465495
465572
465708
465834
466073
466154
466251
466587
466663
466842
467026
467285
467519
467697
467859
468052
468210
468282
468842
468912
468917
469107
469208
469349
469628
469685
469781
470003
470256
470593
470911
471184
471254
471327
471589
471755
471839
471962
472061
472306
472505
472616
472714
472872
473098
473131
473287
473903
474383
474808
475010
475271
475594
475793
475869
476054
476280
476494
476703
476920
477189
477386
477811
478109
478179
478507
478815
479118
479138
479651
479688
480328
481181
481340
481879
481959
482576
482771
483136
483405
483640
483898
484674
484854
485044
485743
485987
486279
486502
486599
486693
487208
487976
488381
488759
489198
489607
489817
491773
492821
493008
493248
493464
493780
494061
494435
494634
495393
496050
496257
496389
496609
496880
497542
498005
498883
500094
500262
500810
501185
501794
501828
503316
504445
504735
506285
506489
507597
507935
508396
509637
510047
510373
511156
512469
512820
512848
512970
513483
513487
513931
514522
514877
515031
515368
515646
515760
516067
516341
516782
517662
518491
518759
519206
519469
520505
521256
521751
522120
522383
523231
525153
525740
526433
526711
527024
527414
528285
528630
530200
530291
531885
532188
533366
534026
534411
534752
535883
536210
536775
537409
537857
538108
538599
538859
539212
539437
540226
540380
540659
540761
541069
541616
541803
541963
542325
542621
543069
543967
544414
545117
545446
545773
546601
546941
547501
548630
548807
549244
549572
551054
551614
552059
554052
554446
554858
555125
555803
556227
556711
556952
557101
557445
557675
557800
558714
559197
560371
560537
561101
561522
563636
564071
565590
565959
566516
567249
567903
568373
568940
569342
569883
570171
570615
571818
572215
572618
572781
572818
573145
573499
574016
574993
575333
575650
576260
576965
578435
578763
579158
579457
579624
579983
580148
580525
580701
581105
582212
582525
582876
583541
583837
584021
584252
584595
585068
585311
585991
586115
586867
587521
587939
589525
589890
590214
590917
592875
593023
593630
594183
594569
594907
595069
595862
597278
597469
597597
598032
598498
599014
599169
599287
599680
600101
600313
600648
600806
601092
601305
601937
602511
602820
603239
603414
603900
604122
604408
604520
604824
605132
605524
605588
606148
606398
606720
607406
607986
608483
609033
609517
610184
610569
610934
611156
611398
611818
612049
612432
612984
613326
613991
615128
615261
617433
617870
619143
619285
619949
620258
621528
621794
622209
622485
622892
623572
624345
624691
624976
625363
625673
626349
627002
627360
627607
627937
628510
628982
629576
630334
630463
630830
631118
631459
631741
631958
632050
632280
632989
633329
633772
633951
634496
635911
636384
637575
638083
638319
638578
638939
639093
639658
640034
640315
641415
641920
643044
643261
644087
644760
645276
645559
645810
646222
646738
647179
647577
647662
648020
649436
649596
650129
650381
650670
653260
653374
653725
653916
654123
654498
654886
654982
655775
655805
656059
656516
656850
656934
657390
657569
657751
657878
658309
659315
659600
659702
659795
660063
660195
660362
660701
660810
661137
663968
664618
664793
665053
665313
665707
666079
666372
666661
666826
667134
668731
668804
669249
669905
670324
670566
671551
672791
673246
673450
673934
675411
676006
676270
677710
678230
678811
679139
679403
679770
680617
681371
682293
683047
684316
685801
686559
686717
686846
687181
687500
688003
688423
689452
689907
693736
694163
695230
695863
696548
