640
993
1755
1830
2324
3182
3842
4565
4794
5050
5494
5771
6834
7292
7964
8388
9117
9587
9964
10336
11276
11975
12381
12505
13113
14480
15495
16266
17327
17896
18383
19025
19129
19787
20582
21129
21834
22506
22841
23350
23583
23918
24396
24774
25203
25735
26470
26982
27486
27816
28289
28349
28702
29088
29421
29603
30139
30488
30941
31243
31694
32327
32751
33000
33592
35140
36055
36508
36970
37513
37980
38351
38619
39064
39545
40375
40537
40726
41115
41486
41847
41946
42184
42307
42984
43301
43629
44044
44724
44856
45292
45743
45988
46421
47137
48498
49033
50095
50687
51121
51200
51494
52018
52572
52788
53601
53779
54187
54459
54915
55753
56222
56576
56818
57327
57379
57948
58490
58851
59051
59574
59748
59955
60358
60612
61187
61449
61816
62030
62455
63201
63500
63924
64489
64725
66534
66812
67122
67511
67961
68293
68454
69403
69918
70523
71112
71588
71822
72158
72250
73158
73538
73766
74400
75458
75658
76181
77663
78581
79017
79687
79954
80414
81203
81533
81780
82569
83131
83443
83746
84305
84819
85247
85601
85921
86287
86419
86680
86790
87734
88204
88363
88588
88861
89342
89801
90242
90649
91124
91919
92403
92743
93310
93672
94408
94933
95345
95428
95862
96164
96490
96839
96926
97367
97533
98371
98594
99024
99473
99938
100546
100964
101354
101707
102514
103790
105622
106278
107489
107693
107988
108434
108985
109282
110114
110558
111500
111949
112184
112947
113810
115091
115688
115977
116803
117403
118066
118139
118887
119188
119934
120418
120701
121739
122371
122820
123123
123320
123661
124232
125687
125931
126328
126864
127203
127581
128360
128851
129269
129421
129526
130775
130884
131284
131575
131652
132322
132607
132760
133064
133320
133654
134150
134561
134861
135242
135626
135887
136980
137155
137422
137645
138099
138280
138732
139084
139460
139723
140182
141396
141942
142240
142531
142676
143395
143819
144136
144548
145231
145827
145995
146541
147741
148134
148560
148814
149141
149435
149864
150138
151369
151702
152047
152573
153019
153504
153931
154247
154791
154918
156017
156410
156667
156862
157349
157711
158234
158678
158998
159631
160395
160618
161519
162351
163051
163293
163409
164194
164496
164748
165272
165934
166043
166247
166397
166744
167049
167233
167472
167764
168190
168354
168819
169125
169559
169802
169978
170411
170508
170845
171050
171372
171950
172215
173346
173600
173833
174144
175210
177149
177501
178539
178681
179308
179703
179920
180289
180773
181139
181425
182103
182487
182892
184026
184463
184659
185098
185545
185816
185981
186427
186918
187259
188019
188611
189230
189786
190047
190437
190679
191070
192530
192610
193355
193960
194335
194661
195062
196352
197523
197890
198172
198972
199366
199734
200250
201775
203259
203595
204274
204657
205202
205975
206467
206737
207241
207645
207929
208410
209010
209756
210223
211162
211455
212125
213316
213796
214704
215407
216473
217709
218102
218569
218822
219327
219577
220147
220730
221391
221666
222169
222896
223188
225092
225403
226646
227356
227685
228638
229175
229589
230084
230637
231039
231449
231653
232323
232829
233082
233382
233558
233999
234318
235036
235480
237135
237245
237672
238463
238700
239026
239728
240237
240880
241118
241423
242086
242855
243314
243803
244123
244693
245015
245166
245892
246202
246457
246697
247123
247592
247998
248684
249058
249572
250315
250594
251120
251450
251869
252305
252774
253611
253947
255097
255775
256326
256446
256972
257752
258033
258369
258719
259066
259630
260396
261471
261624
261933
262112
262498
263011
263353
263834
263938
264202
264494
264644
264831
265054
265343
265562
265871
266031
266162
266394
266582
266732
267147
267236
267811
268217
268492
268751
268869
269355
269591
269911
270065
270242
270625
270832
271093
271324
271513
271986
272252
272420
272818
273291
273381
273622
273887
274061
274677
274728
274972
275263
275815
275991
276234
276933
277540
278028
278144
278405
278883
279382
280088
280950
281327
281656
281750
282506
282712
283073
283447
284103
285378
285880
286753
287419
287660
288072
288276
288610
289205
289488
289763
290350
291180
292409
293047
295468
296160
297544
298544
299089
300928
302152
304075
305554
306295
306798
307185
307434
307649
308457
309922
310226
310821
311391
312015
312469
313357
314387
315099
315278
315619
316111
316565
316956
317393
317864
318004
318413
318500
319075
320652
321141
321511
322036
322575
323186
323727
323837
324265
324614
325765
326443
326733
327020
327329
327819
327933
328048
328266
328506
328653
328839
329066
330362
330561
331128
332223
332397
332643
332773
333595
334342
334605
334801
335182
335763
335954
336019
336387
336954
337293
337361
338257
339370
339537
339878
339974
340539
340765
340858
341650
341805
342157
342877
343097
343353
343763
344084
344406
345375
345935
346599
346962
347262
347642
347902
347996
348292
349282
349879
350326
351004
351380
352827
353119
353772
354334
355313
355599
356157
356473
356928
357163
357473
357788
358956
359409
359798
360346
360907
361340
361718
362046
362368
362923
363270
363743
364708
365257
365509
366170
366529
366697
366979
367594
368506
369059
369735
370235
370568
370848
371151
371501
371969
372047
372883
373631
374098
374984
376150
376597
376904
378458
378754
379772
380089
380580
381065
381262
381751
382047
382313
382532
383028
383161
384406
384689
384785
384901
385750
386360
389150
389219
389318
390307
391069
391466
391920
392308
392474
393037
393119
393280
393496
393701
395235
395338
395473
395715
395903
396367
396460
396695
396795
397038
397200
397401
397570
397853
398036
398137
398269
398383
398449
398650
398882
399373
399565
399779
399999
400152
400350
400461
400759
400982
401045
401334
401566
401774
401862
402089
402250
402478
402878
403322
403616
403680
403824
404060
404119
404215
404504
404783
404874
405431
405506
405679
405903
406088
406219
407228
407349
407521
407652
408014
408163
408284
408478
408667
409200
409303
409579
409920
410033
410178
410230
410443
410608
410856
410922
411052
411191
411323
411543
412008
412035
412210
412266
412380
412566
412757
412976
413113
413201
413279
413387
413578
413619
414000
414047
414487
414677
415045
415494
415538
415856
415946
416030
416211
416298
416662
417096
417330
417542
417744
417992
418091
418256
418435
418490
418597
418918
419122
419160
419253
419445
419795
420006
420152
420282
420370
420803
420897
420910
421195
421214
421568
421644
421809
422014
422367
422445
422553
422668
422799
422851
423022
423480
423525
423924
424352
424466
425042
425330
425548
425708
426015
426557
426734
426975
427246
427334
427637
427782
427854
428032
428321
428510
428693
429658
429791
429920
430133
430194
430418
430481
430824
430952
430987
431077
431102
431182
431364
431620
431688
432020
432125
432159
432204
432264
432769
432864
432931
432982
433330
433759
434011
434251
434408
434557
434664
434696
434812
434885
434900
435046
435284
435309
436054
436184
437389
437416
437597
437883
438101
438196
438233
438365
438567
438730
438821
438945
439083
439245
439511
439875
440010
440050
440174
440307
440515
440610
440769
441123
441406
441569
441725
441928
442079
442135
442292
442446
442486
442623
442828
443033
443251
443419
443677
443793
444005
444208
444328
444454
444680
444893
445132
445152
445323
445519
445736
446077
446834
447223
447367
447710
447762
448012
448221
448674
448946
449083
449351
449765
449998
450193
450367
450542
450622
450974
451053
451174
451331
451435
451501
451884
451952
452185
452319
452480
452646
453032
453422
453658
453865
453987
454199
454287
454371
454467
454806
454928
454955
455282
455335
455518
455626
455899
456117
456232
456370
456514
456767
457803
458186
458390
458487
458704
458759
458820
458924
459031
459133
459264
459316
459578
459620
459687
459943
460144
460248
460567
460967
461007
461556
461678
461916
462435
462606
462891
463198
463305
463419
463746
463875
464296
464743
464823
464983
465089
465204
465310
465443
465661
466027
466195
466605
466971
467228
467566
467755
467861
468073
468419
468558
468882
469090
469334
469374
469709
469955
470593
470794
470834
470944
471556
471774
471826
472085
472451
472597
472764
473234
473437
473562
473841
473925
474166
474439
474522
475016
475220
475668
475887
476103
476226
476664
477004
477111
477451
477501
477802
477934
478208
478355
478715
479223
479553
480351
480707
481453
481659
481855
482303
482333
482562
482785
482920
483096
483243
483711
483760
484032
484074
484794
485130
485175
485371
485581
485772
485823
486022
486368
486415
486944
487533
488196
488322
488397
488538
488660
488682
488964
489425
489737
489850
490130
490487
490658
490991
491136
491640
492408
493545
494521
494991
495198
495461
495687
495715
496717
497230
497603
498065
498257
498848
498882
499103
499114
499380
499774
499865
500030
501852
502407
502861
503063
503309
503355
503462
503628
503784
504053
504164
504291
504657
504763
504972
505186
505475
505739
505947
506139
506362
506550
506652
507242
507342
507377
507597
507728
507899
508208
508295
508421
508673
508956
509323
509671
509974
510074
510177
510469
510665
510779
510932
511061
511336
511565
511706
511834
511853
512022
512278
512341
512527
513173
513683
514138
514370
514661
515014
515243
515349
515564
515820
516064
516303
516550
516849
517076
517531
517859
517959
518317
518655
518988
519038
519581
519648
520318
521201
521390
521959
522069
522716
522941
523336
523635
523900
524188
524213
524994
525204
525424
526153
526427
526749
527002
527129
527253
527798
528596
529031
529439
529908
530347
530587
532573
533651
533868
534138
534384
534730
535041
535445
535674
536463
537150
537387
537549
537799
538100
538792
539285
540193
541434
541632
542210
542615
543254
543318
544836
545995
546315
547895
548129
549267
549635
550126
551397
551837
552193
553006
554349
554730
554788
554940
555483
555517
555538
555991
556612
556997
557181
557548
557856
558000
558337
558641
559112
560022
560881
561179
561656
561949
563015
563796
564321
564720
565013
565891
567843
568460
569183
569491
569834
570254
571155
571530
573130
573251
574875
575208
576416
577106
577521
577892
579053
579410
580005
580669
581147
581428
581949
582239
582622
582877
583696
583880
584189
584321
584659
585236
585453
585643
586035
586361
586839
587767
588244
588977
589336
589693
590551
590921
591511
592670
592877
593344
593702
595214
595804
596279
598302
598726
599168
599465
600173
600627
601141
601412
601591
601965
602225
602380
603324
603837
605041
605237
605831
606282
608426
608891
610440
610839
611426
612189
612873
613373
613970
614402
614973
615291
615765
616998
617425
617858
618051
618118
618475
618859
619406
620413
620783
621130
621770
622505
624005
624363
624788
625117
625314
625703
625898
626305
626511
626945
628082
628425
628806
629501
629827
630041
630302
630675
631178
631451
632161
632315
633097
633781
634229
635845
636240
636594
637327
639315
639493
640130
640713
641129
641497
641689
642512
643958
644179
644337
644802
645298
645844
646029
646177
646600
647051
647293
647658
647846
648162
648405
649067
649671
650010
650459
650664
651180
651432
651748
651890
652224
652562
652984
653078
653668
653948
654300
655016
655626
656153
656733
657247
657944
658359
658754
659006
659278
659728
659989
660402
660984
661356
662051
663218
663381
665583
666050
667353
667525
668219
668558
669858
670154
670599
670905
671342
672052
672855
673231
673546
673963
674303
675009
675692
676080
676357
676717
677320
677822
678446
679234
679393
679790
680108
680479
680791
681038
681160
681420
682159
682529
683002
683211
683786
685231
685734
686955
687493
687759
688048
688439
688623
689218
689624
689935
691065
691600
692754
693001
693857
694560
695106
695419
695700
696142
696688
697159
697587
697702
698090
699536
699726
700289
700571
700890
703510
703654
704035
704256
704493
704898
705316
705442
706265
706325
706609
707096
707460
707574
708060
708269
708481
708638
709099
710135
710450
710582
710705
711003
711165
711362
711731
711870
712227
715088
715768
715973
716263
716553
716977
717379
717702
718021
718216
718554
720181
720284
720759
721445
721894
722166
723181
724451
724936
725170
725684
727191
727816
728110
729580
730130
730741
731099
731393
731790
732667
733451
734403
735187
736486
738001
738789
738977
739136
739501
739850
740383
740833
741892
742377
746236
746693
747790
748453
749168
